0.002402097426715798
0.0011693448335967503
0.003278503160950144
0.0012660165203613452
0.011681707317828357
0.0012817440401555464
0.0026396871983104335
0.0028682992517279422
0.05217980839371405
0.22778004183914077
0.062188175031867465
0.006691123825300482
0.017598189299102052
0.011306148222223256
0.007133684783943249
0.015175839508560978
0.005681994168993939
0.00250906949305903
0.005968316334219308
0.0
0.0042036704967526465
0.0017904177378585628
0.0008492696513534226
0.005840194666757432
0.30747294229757105
0.153921618164189
0.017326562353529633
0.01916507563744219
0.011598494095013501
0.005914148018901629
0.010999978786265489
0.02011758122086895
0.03063466678341763
0.1337292316024606
0.03651055990078368
0.003928346138184754
0.010331863641615879
0.006637818229962378
0.004188172839675752
0.008909706662690543
0.01962058651510092
0.07072808046833995
0.13102227498796526
0.023613337120648715
0.010154142997309932
0.002102301732829856
0.007577627172345095
0.00405727835864469
0.18051678268212662
0.09036709080350736
0.010172391975790233
0.01125177964629638
0.006809453938757267
0.003472185112291192
0.006458066733386109
0.011810993872179562
0.03245854606713025
0.0714251371109022
0.025482528170512785
0.015850650440495426
0.009857098798484409
0.004967165629266222
0.0011634108208525597
0.014190572617581252
0.022672338026228464
0.08172900168352804
0.15140124915258316
0.02728611403714107
0.011733500536514787
0.0024292900461033522
0.008756237972596512
0.004688340297212602
0.01875515982852827
0.06764973931626114
0.14544430373541048
0.058787729726479186
0.015506306817583356
0.0030152813619132948
0.0012520274072090653
0.008640827677459923
0.03750709122316471
0.08253447729005162
0.02944603577472533
0.018316032726438145
0.011390254605547375
0.005739749833284144
0.0013443656933211452
0.01639774931926335
0.06364049687633988
0.07593541750788096
0.007748167260491144
0.006089207598461603
0.006817735410287189
0.0052634403110100305
0.0
0.002082157121137396
0.02172941786374944
0.0783778686727464
0.16850936385844856
0.06811049098844554
0.017965350519181134
0.0034934550965610676
0.0014505782385671843
0.01001111998025089
0.005291739174321001
0.0015733730149212139
0.028828031995136814
0.12903842468835847
0.11862106088080597
0.025969552024632185
0.023056591228584944
0.007841207974065203
0.0737328267167929
0.0879775183348304
0.008976898390667907
0.007054855174565219
0.007898915443486072
0.0060981348580602885
0.0
0.0024123527902095393
0.008487729935733962
0.05347255214774555
0.02170814458145388
0.011840232131455918
0.0004720119044763642
0.0
0.0
0.0
0.007404385644831082
0.0022015182876321685
0.04033718579882786
0.18055505532671964
0.16597871728497898
0.03633750112760492
0.03226158498894235
0.01097169113002497
0.0024216701163953854
0.0
0.009750679222992468
0.06082307668691717
0.10631080616000914
0.04210517603682263
0.028783329870397084
0.013943989402851844
0.011876327162594064
0.07482065621007328
0.030374791504242875
0.016567264927011275
0.0006604554862896506
0.0
0.0
0.0
0.03534405659441002
0.058177452070399926
0.029745506501643013
0.0
0.0
0.0
0.0
0.0022468406630472906
0.004654316695733912
0.0
0.018740268872736082
0.1168986062111536
0.20432351900347587
0.08092383123457715
0.055319976022998936
0.02679958027455541
0.004654316695733912
0.0009461244248433055
0.001892248849686611
0.047062078694657984
0.10178693933936939
0.018985288467464657
0.013409492333453734
0.009788152049453444
0.06792933174035524
0.11181386129072267
0.057169226558294296
0.0
0.0
0.0
0.0
0.004318304107514313
0.013579978853349424
0.00814845103534377
0.009420570199969846
0.007503200111136806
0.00810793698192231
0.0009461244248433055
0.0017951447719339042
0.003082589161504639
0.009110195428471905
0.0018519105968602236
0.003703821193720447
0.09211765382691733
0.19923416691812584
0.037161134385859385
0.02624726758845878
0.019158983774321285
0.0128632599249088
0.011519129791330705
0.07439558419971154
0.05785023256265197
0.2331916641603609
0.0
0.0
0.0
0.02658097189259292
0.015949490811262998
0.018439492019962554
0.014686499398298858
0.015870190031277966
0.0018519105968602236
0.003513753094994046
0.006033751358762741
0.010900992524838744
0.004838026440268983
0.02562002197158747
0.005237994151379423
0.04132328086753111
0.010393758033391485
0.015115808208443918
0.005237994151379423
0.010685746126303014
0.009569152552669609
0.06180177733458602
0.04805725003776362
0.19371659567902239
0.0
0.0
0.0
0.004212700254112628
0.0024806214056668297
0.018453087805960583
0.21761802362718013
0.2210772590480758
0.0015384161248532759
0.007534187073835198
0.0
0.00905565457941095
0.004019037366487981
0.021283022510378908
0.004351297885562811
0.03432800791044287
0.008634285577015684
0.012556979331229994
0.004351297885562811
0.0173116617370435
0.007692080460234255
0.0
0.0
0.006415299674970949
0.015514292197837976
0.04837773993963917
0.009363645233389587
0.0032014958390034426
0.0018851802001892209
0.01402366184726147
0.16538162107650953
0.16801051160707103
0.0011691391566645
0.00572570254520464
0.0
0.006881961380265229
0.0018851802001892209
0.0
0.13585802965241314
0.23348412838091898
0.05839019955953962
0.025983259044868742
0.008275645960214937
0.013156220398845902
0.005845695658664173
0.0
0.0
0.004875389649507811
0.011790286258314436
0.03676528681715332
0.007116022846233987
0.018384769580996465
0.005668594072587328
0.019726789268138197
0.00535055477963597
0.01897199207550789
0.0030543194815120475
0.01583086851343082
0.0033068248948626426
0.0038202307804811072
0.0010464783263922997
0.0
0.07541585864488841
0.1296088723415959
0.03241285809528777
0.014423511045131173
0.004593876030202134
0.0
0.0
0.04688655765740741
0.1475020607175754
0.10728435567649612
0.09475343113122471
0.05691968618300284
0.03141491817092681
0.010205529901225432
0.0031466810639550953
0.010950495563417638
0.0029701349560650797
0.010531501717190054
0.0016954767183313853
0.008787839372389332
0.0018356444552626364
0.02731930046228538
0.009261563392271755
0.021686647518675883
0.032742377319336026
0.0015629948938503725
0.005498401705413237
0.07897532171579107
0.026747022935615084
0.0
0.0
0.032549972947133035
0.10240009772278375
0.07447983066781709
0.06578050882953089
0.03951525422176816
0.021809123716688902
0.0016615571936881065
0.0015345281205992897
0.06595764569153631
0.2020240653699058
0.10596484870836992
0.01981767452094755
0.0
0.0
0.018965830195501684
0.006429638961114397
0.015055483390459303
0.022730683360390275
0.0010850752124537573
0.0038171458026711384
0.05482689951613459
0.018568538968718105
0.0028863035297554073
0.002979259721444572
0.010962257241132709
0.03618478667461145
0.04440951552694146
0.016589192721171365
0.008561831239959062
0.002452192315205637
0.0014309428559419032
0.0013215446689135697
0.0568031135224152
0.17398431674069195
0.091257552744025
0.017067098192501278
0.0
0.0
0.006710681544956189
0.0007760377522787543
0.00552310134077228
0.00834328427086744
0.046633876993816985
0.16537573513917153
0.06315084625742952
0.01681287734098972
0.002485701624760726
0.002565756045347915
0.009440760597218876
0.031162551721067282
0.038245736722467887
0.014286710623251358
0.007373499566033821
0.002111842486174335
0.006057963620617914
0.00994868531403453
0.014335239807427251
0.006898051644750108
0.000884819163508366
0.019359645396434352
0.1623072862972861
0.01734451788988566
0.005327186385191438
0.0006160473747172778
0.004384441441526749
0.006623206611398973
0.03701969061501278
0.13128135477335803
0.05013146967892551
0.013346681803747967
0.008799038811689952
0.009062262491352351
0.005058802981841073
0.004866107086553909
0.0020148718374090853
0.018608398709913022
0.30218311529778186
0.011160120278855613
0.004809034835812861
0.007897633139112811
0.011379841796840824
0.005475927677402562
0.0007024020689435081
0.015368400167272799
0.12884550697091918
0.013768717669244045
0.009753211447690133
0.0010758804889443772
0.010099502001924552
0.004354942367418248
0.008515979176250656
0.016489947219249415
0.1314333414524209
0.019546759018232728
0.008145728769915905
0.008389408647483955
0.004683197548324579
0.004504808916148073
0.0018652718603617898
0.01722676442022559
0.27974665741827753
0.010331504926472342
0.008435995701137917
0.00045979631999023727
0.0013965014906159006
0.0018581303947643587
0.004179262383552999
0.01330981702758277
0.06518265026215224
0.015362182857350746
0.009029056103602297
0.0009959986356853237
0.00934963531580328
0.00403159709745516
0.007883685714379371
0.01526560347702758
0.12167469353275202
0.018095453458154602
0.011170216859580598
0.003700447188113504
0.00045979631999023727
0.005078656281792881
0.0010895702478093312
0.009517676782689185
0.2705458354520458
0.06703423535733062
0.016208076469687294
0.0008834065567242205
0.002683097971100396
0.003570025471317935
0.008029615791574853
0.02557214818773658
0.12523540994732116
0.02951535815264511
0.0031851676661807855
0.001095731003982301
0.0017325028118438776
0.0
0.008085425614151225
0.004170599568671124
0.0052537369813213325
0.0
0.021461334910193395
0.007109668274118818
0.0008834065567242205
0.009757621067475578
0.0020933910496430987
0.018286310066135444
0.5197996472391166
0.12879285993615133
0.012002502764227976
0.005330139013353135
0.004933987598244021
0.005207629760703785
0.01034937977941068
0.001095731003982301
0.006995052608295714
0.010680722561456999
0.005082384323177772
0.0022442922463513735
0.005338491464550885
0.0
0.003760065286424506
0.0016014784197575047
0.0007596478690075002
0.005223890228646602
0.2750259178831948
0.13767856775086101
0.015498123768003308
0.017142622303939984
0.010374527464783371
0.005290039426693149
0.009839172318000211
0.01799461181694658
0.01189969618743301
0.004003696305527883
0.0033229795809769412
0.0005662081238203606
0.0021776645897671086
0.0008007392098787524
0.005187592608602836
0.024436651335403327
0.3011186491149424
0.06798786400470865
0.016179503367658967
0.006092762736849921
0.00896741198296253
0.015508411480344639
0.005887765963996637
0.013008341651855626
0.17944477163528805
0.08983043976102446
0.01011198254233594
0.01118496019661306
0.006769015538865439
0.0034515653076296
0.006419715070030788
0.01174085349122997
0.03226578880970918
0.07100097413354804
0.025331198464242383
0.01575652028750179
0.009798561754755008
0.004937667782324053
0.001156501827497844
0.01410630094831602
0.1964693642019074
0.04435969825751988
0.010556558848446414
0.003975314131689814
0.005850922007014899
0.010118694914049662
0.003841560922633163
0.008487486979545038
0.12249506698455075
0.0273955535795773
0.002234143537296336
0.0
0.0
0.0
0.012342408026438304
0.058566260523284445
0.05492484264960757
0.12086229644819685
0.0431203494816104
0.026821733775061724
0.016679724328029912
0.00840520675318428
0.0019686697038129907
0.024012627260521974
0.09319422442753955
0.11119872861739628
0.01134630422479905
0.008916947657080374
0.009983793262150117
0.007707705968392472
0.0
0.003049080814339458
0.2085187602001239
0.04663442380198046
0.003803098785724214
0.0
0.0
0.0
0.021010018467776847
0.09969514964560122
0.02187020745706043
0.004371599821807846
0.00816526602197961
0.003069499623470047
0.011237561700797892
0.0019886566728819963
0.014039568362660676
0.013403699518357664
0.17811137157104046
0.21252130368228717
0.021684882514501163
0.0170419335230868
0.019080872471725734
0.014730849364641493
0.0
0.0058273564612922844
0.020503231568549725
0.1291700051188978
0.052438887505510484
0.02860164296634531
0.0011402070346096845
0.0
0.0
0.0
0.041798004872597355
0.008354934493041614
0.015605331117358791
0.005866380575956431
0.02147705547138861
0.003800690115365615
0.026832207604057624
0.02561694482684378
0.025052568210004216
0.001370358296906199
0.0032707031733579793
0.00673777668920152
0.0039000010937504936
0.025701311494710728
0.041832369175085454
0.041930332519550716
0.026365270774609734
0.16610075097339194
0.06743158821474879
0.0367790832818334
0.0014662014183516113
0.0
0.0
0.0
0.07846328327159456
0.12915308376179344
0.06603458480950389
0.0
0.0
0.0
0.0
0.004987953064750905
0.03221529943939769
0.0017621547820581233
0.004205823579597703
0.008664161365769373
0.0050150428489394985
0.03304952365948276
0.05379258078206349
0.05391855263650886
0.008436179491759925
0.011015647479040627
0.007425569879310206
0.0026319120588249663
0.058827263852715264
0.08684291730752627
0.04567228455244631
0.009742661134708865
0.10592224113596291
0.17435141012793215
0.08914400371565433
0.0
0.0
0.0
0.0
0.006733533765986053
0.021175267853713063
0.012705883796255875
0.014689499849248099
0.01169974370572338
0.012642710212386304
0.001475292291346671
0.0027991701454319617
0.004806682829385545
0.011388499195214726
0.01487067606519738
0.010024217322205544
0.003552974233547406
0.07941441356217147
0.1172344062656422
0.061655726549820405
0.013152196275607554
0.0
0.0
0.0023788372849243566
0.02623008830561915
0.19728639721899485
0.0
0.004665283785455413
0.0
0.03542231376389343
0.02125459784441996
0.0245728212879957
0.019571511225469598
0.02114892010164585
0.0024678916365334955
0.004682494873500632
0.008040692968904202
0.014526872046401603
0.006447246972672794
0.034141733439336935
0.006980251627868576
0.05506819790329321
0.013850921619136732
0.020143616392880714
0.006980251627868576
0.0
0.0
0.003979355599275846
0.04387809516437125
0.3300237197431223
0.0
0.007804158473349784
0.0
0.001103674675874041
0.004935783273066991
0.026288208444487662
0.09233975954329102
0.19434549704775403
0.0
0.0
0.0
0.016059393659141573
0.00712740339566138
0.0377435373393824
0.00771663771620903
0.06087765249144342
0.015312133411316892
0.022268680025452577
0.00771663771620903
0.030700684118537176
0.013641216886690056
0.0
0.0
0.01137696033105793
0.027513209957731783
0.08579359594795609
0.016605587544101037
0.0012201075382829668
0.005456486871034545
0.029061499726513524
0.1020812012496189
0.21484809895771934
0.0
0.0
0.0
0.01137696033105793
0.008184730015655511
0.08186274442321355
0.09672796453151154
0.07636685681116684
0.005456486871034545
0.006901970394651494
0.0
0.0310721824783386
0.013806284534027628
0.0
0.0
0.011514628992974228
0.027846137795193168
0.0868317545783329
0.016806526015450855
0.0434208988542821
0.013388008415738695
0.04659046270653018
0.012636867537410655
0.04480779295849192
0.007213650227766946
0.037389130033353514
0.007810014080191178
0.011514628992974228
0.00828377060265004
0.08285333717888782
0.09789843617415125
0.07729094573175896
0.005522513931377588
0.006985488751151662
0.0
0.013735608124822584
0.07255926059033695
0.10825833954593479
0.039917532820364504
0.0476750454009261
0.005522513931377588
0.007945137637653983
0.012901520741853315
0.02353431293476325
0.007256357835580965
0.025252230102158872
0.006849236266126819
0.02428601547241427
0.003909829283634262
0.02026506842975499
0.004233061042908373
0.06299927318433952
0.021357492775823314
0.050010176262296896
0.07550508023780543
0.0036043215103308732
0.012679508818125476
0.1821198853339164
0.061679580965655824
0.007444758364945091
0.039327429650379525
0.05867648316590818
0.02163547355688828
0.025840078562394626
0.002993226176265868
0.004306298589115331
0.006992679435128079
0.028062454168484307
0.0852990481822371
0.06736356289384399
0.04479358798780782
0.014873395833530173
0.0
0.0
0.006849236266126819
0.04697676727652973
0.015925675282066912
0.03729116691327401
0.056301992122169534
0.002687640098405029
0.009454749314121498
0.13580162178579527
0.045992710300946045
0.007149131243350746
0.0073793759170023175
0.02715258978561798
0.08962667518594916
0.10999863724749424
0.04109003601396812
0.021206936341540923
0.006073874252867246
0.020925374405888705
0.06360507562748413
0.050231094059171234
0.03340130531707604
0.011090668500873101
0.0
0.0
0.0051072807959916195
0.013310796671866023
0.002495411217031971
0.02874378187907603
0.028274521505560677
0.055639346517803015
0.005825573011958644
0.013458344866232461
0.0077812077176160396
0.005631050079700486
0.00581240348388119
0.0213868773242323
0.07059491276209708
0.08664099370333217
0.03236477869762884
0.016703752737411925
0.004784118367879965
0.013723568504319918
0.022537518048209762
0.032474715571668485
0.015626684183258407
0.0020044485514925446
0.04385688598608797
0.3676871143085327
0.03929186346153218
0.010484317619668965
0.001965523509674358
0.022640187979707998
0.02227057262733332
0.04382461812195134
0.004588542615412342
0.01060053471561605
0.006128908373195765
0.007203468512546114
0.005274052904794799
0.006761423666826352
0.00810999110265429
0.019033910009877267
0.015956859202207224
0.021837652698114694
0.012197247395134772
0.006974320903424898
0.011453572238552003
0.016503658474322558
0.007941484761504398
0.001018661248939274
0.02228808029016747
0.18685868230517194
0.019968134715691484
0.01414463167714831
0.001560299735770881
0.014646840859138458
0.0063157715889496065
0.012350330910426229
0.023914608131164687
0.19061169901957267
0.028347760968553445
0.0036608044772319273
0.0026802749888340345
0.0034361571774582486
0.0041214994814233056
0.009673037768129236
0.0081092797876828
0.011097900494776734
0.006198644138757037
0.015548806093031997
0.0033249335966982945
0.009786406236009121
0.004368830229455902
0.004458563024363295
0.010658789631801993
0.1398624976759025
0.1981147816567847
0.007962463160376014
0.0008783423597584147
0.008245172685917037
0.0035553487538036396
0.006952394175918766
0.013462293722844947
0.10730138939086312
0.015957856488827197
0.009850690838252343
0.003263317236506631
0.0004054810621608677
0.004478719933067461
0.0009608604553207127
0.008393363590275326
0.23858653919766937
0.05911555132587652
0.008752917610687335
0.0018717108991376883
0.005509079409440437
0.0024593535236537892
0.002509866968615528
0.006000171776444009
0.07873304944813324
0.1115251133061756
0.0927496322027723
0.008678313362529331
0.0019400096807718654
0.004436929593532461
0.007953388917083595
0.003341431147314751
0.06904882069530122
0.10512028313189531
0.014417078191504867
0.004776060941807874
0.0005934459089556418
0.006554875849127827
0.0014062770360927673
0.01228419216049602
0.3491857421508111
0.08651916294941674
0.008062919737739125
0.003580626799249287
0.00331450421408844
0.0034983287743585046
0.006952401522911542
0.0007360790755735246
0.004699065590723806
0.0071749876209777725
0.13574466214167788
0.012701233281234953
0.0028393207866552576
0.006493713175096274
0.011640262778299274
0.0048903853458985725
0.10105709978529488
0.1538498534072907
0.012320717854182813
0.016398635060132054
0.006115480054513543
0.0018802321933661741
0.006354091899574337
0.0011041185741184286
0.00912653043289045
0.003727704027817785
0.011761471578794779
0.003957190130393565
0.003284380481902593
0.0005596311578970196
0.002152369251892535
0.0007914379754469299
0.005127334519084889
0.024152799839191833
0.29762091213309055
0.06719812990173846
0.015991565332457915
0.006021990363205955
0.008863248230181026
0.015328268720924012
0.0058193747938937905
0.012857239228269462
0.15896160201077505
0.017738899221954166
0.0011465428893095938
0.0
0.004510427759877602
0.00039571898772346496
0.0017925364265087966
0.0
0.27023861733998444
0.013067929554352981
0.00380062180500893
0.002238524462815468
0.010212524492084835
0.012995627368063218
0.008107535112651446
0.013305322407761477
0.2147050267717621
0.04847702460206582
0.01153638512233433
0.004344290167262319
0.0063939860102801204
0.01105788004782088
0.004198122410024579
0.009275268572129413
0.13386467016454784
0.02993832187844624
0.002441509646736629
0.0
0.0
0.0
0.013487991150727817
0.06400219486968596
0.19495131963307452
0.009427261494192915
0.0027417851808372905
0.0016148813309970434
0.007367359802660051
0.009375102381005133
0.005848811264432951
0.009598517736172658
0.08512968830944374
0.0
0.0
0.0
0.0
0.001098238131427445
0.009973493545686496
0.10915070636173432
0.24600332812383582
0.05501770415963659
0.004486766358930805
0.0
0.0
0.0
0.024786903883640528
0.11761694049534821
0.02580172554273801
0.005157464509947048
0.009633102625853155
0.0036212910642849866
0.013257692380963965
0.0023461493803009614
0.01656340436381794
0.015813227968184906
0.1564429705054038
0.0
0.0
0.0
0.0
0.0020182340498920144
0.0183283057601725
0.20058643553260258
0.003867435869841737
0.0026230747324369414
0.013022623685557842
0.010490559078980513
0.01590717811964659
0.007903365188678294
0.01875776071452579
0.00994605559765772
0.04255570517207589
0.008506389960516603
0.015888219358008677
0.0059727243675514055
0.021866384373861104
0.0038695877588635613
0.027318612919316906
0.02608132026357066
0.025506712815549046
0.0013951996953203956
0.003329993390235853
0.006859916859068203
0.003970699013560505
0.026167216302270105
0.042590692419184575
0.042690431610503426
0.006378699764722437
0.004326330608121909
0.021478677199768516
0.01730245283463179
0.026236275595525212
0.013035301777764382
0.030937843026563685
0.01640438384393735
0.015941367439695795
0.034777607043102385
0.25026799734961436
0.21849099179945264
0.020581223755527723
0.006789809513098252
0.004752776984235782
0.007727959877547738
0.016948683500201168
0.0009270813619365038
0.0022127117844234242
0.004558272973974297
0.0026384474291949
0.017387574416022757
0.028300634859821244
0.028366909491070423
0.004438330192326785
0.005795405472584957
0.00390664174734142
0.001384666455430631
0.030949415140408734
0.04568863693004754
0.024028492954619955
0.00512567888225032
0.010592709191876335
0.02310900110611613
0.1662979117686237
0.14518274833895956
0.013675797818471357
0.004511688091536626
0.0031581220769360398
0.005135069619279383
0.0
0.0
0.07309059963889775
0.21835915345887907
0.11422928617734947
0.0
0.0
0.0
0.005106339331496378
0.006667666808069476
0.00449462693041709
0.0015930713750394432
0.03560758415214426
0.052565193135405676
0.027645000109024223
0.005897140262864
0.0
0.0
0.0010666155551333177
0.011760964222562852
0.08845865222626259
0.0
0.002091805221909586
0.0
0.0
0.0
0.08409140093812982
0.25122419589849915
0.13142183468561738
0.0
0.0
0.0
0.0
0.0
0.0
0.013141798203314283
0.27716573228691815
0.0
0.0
0.0
0.0
0.0
0.0017341346014478761
0.019121317804321306
0.14381865038882974
0.0
0.0034009177883678656
0.0
0.0004809624062054758
0.0021509293013750076
0.011455948265079948
0.04024007609235467
0.08469241882465259
0.0
0.0
0.0
0.0
0.0
0.0
0.021366317863950823
0.45062411135969915
0.0
0.0
0.0
0.0
0.0
0.0
0.0030418733819371525
0.1760702121599997
0.030164368327446765
0.011637145802451974
0.0
0.0007252689402905185
0.003243501352539425
0.01727503719841242
0.06068016328960979
0.12771222877106692
0.0
0.0
0.0
0.00676281041148686
0.004865251855891547
0.04866169909961493
0.05749803696070452
0.04539477675115185
0.003243501352539425
0.004102740616691839
0.0
0.0
0.0
0.0
0.004587003590615305
0.26550569138548175
0.04548646457418509
0.017548274657759537
0.0
0.0021758068208715554
0.0
0.003077055376060084
0.05694467853857918
0.19904960471363092
0.011716991363177436
0.011448982240087922
0.0022935017953076525
0.006269574579786815
0.004510411722935158
0.04511262820054489
0.05330450049348928
0.04208397412571353
0.0030069412554941683
0.0038035131421368267
0.0
0.007478870538498962
0.039507629468815315
0.05894534110315314
0.02173460814161408
0.025958478811449935
0.0030069412554941683
0.004326030217416174
0.007024720165371368
0.0020171174858743227
0.0
0.0028526347764495728
0.05279150047045519
0.18453220863762476
0.01086242948307167
0.010613967219155631
0.0021262285469562463
0.0020171174858743227
0.0
0.009691720483863795
0.23775338074050803
0.10871821881297483
0.02208485259256292
0.01786407775403283
0.009999521651888138
0.0044939230729135245
0.023739446579812203
0.03541922902136282
0.013059947555655527
0.015597997888585579
0.0018068186389108036
0.0025994362261108897
0.004221032022070439
0.01693950348531696
0.05148956378875636
0.04066306181107862
0.027039015735533054
0.008978114994786684
0.0
0.0
0.00413444458226018
0.001212050772089882
0.0
0.005823586071514692
0.14286186635708284
0.0653268845148036
0.013270403347232155
0.010734213245424328
0.00600853843347013
0.0
0.0
0.0
0.29980176457326463
0.15585827014374976
0.038513886090019586
0.006170696028768181
0.004235787877763851
0.011400103880916687
0.034651923327251255
0.02736580379491322
0.01819696713602052
0.006042174948285911
0.0
0.0
0.002782436791521894
0.007251696521823269
0.0013594952495456203
0.0156595572913459
0.015403905139011303
0.030312209371545336
0.003173761014450662
0.007332080495394882
0.004239187054872967
0.0
0.0
0.0
0.20176336707742615
0.1048909415720975
0.025919431621156522
0.004152812141542003
0.002850639740762862
0.0005437980998182481
0.0013594952495456203
0.0006079847675409669
0.04440141439714793
0.33963719515901225
0.08137312585254536
0.002839768197292012
0.004488376076429266
0.008655301148175844
0.001622632822391376
0.018690548314566492
0.01838541332153745
0.03617929953187263
0.0037880594244040283
0.008751243869531536
0.00505970437027458
0.005946804699098531
0.004353980661247069
0.005581875726179425
0.006695182066099586
0.01571339491410487
0.013173143621196896
0.018028017399708014
0.01006940587011977
0.0006490531289565504
0.001622632822391376
0.0007256634693322322
0.05299554550521108
0.40537578984123196
0.09712332934819388
0.0033894205120976266
0.005357125259013975
0.018093106179846313
0.006775228625989887
0.005360607051321238
0.008364823108043457
0.1066461359170737
0.05907496656666454
0.030952238558825517
0.016799910951296026
0.004196277981887097
0.003072324400551258
0.003938771053124958
0.004724359805015611
0.011087933173381394
0.009295441052275442
0.01272121354228095
0.007105332742787654
0.017823162383738645
0.0038112785672759068
0.01121788428346208
0.005007868137314642
0.00511072633525036
0.01221787301771362
0.160320476862207
0.22709344389278785
0.012767142512338372
0.004780843519176326
0.0037826359662388033
0.005902518210491104
0.0752533258860836
0.04168540821964255
0.021841006006840163
0.01185461772996749
0.070927377205691
0.012043598534071422
0.0067223010137624495
0.0007241538297651584
0.0
0.014754867480051649
0.02768512741485388
0.1905304161231138
0.009545808190121975
0.002041261442780344
0.0060081241119484576
0.0026821361804930956
0.0027372254293668978
0.006543702503926599
0.0858651505342172
0.121627711736084
0.10115143750821844
0.009464445851898316
0.0021157471283650944
0.004838852681672942
0.008673853501285281
0.0036441175653041578
0.0753036675801306
0.11464269450487712
0.03798759858978145
0.006450363804684384
0.003600359728090991
0.00038784551306042845
0.0
0.00790247722613729
0.014827723067955744
0.1020451235048366
0.07398983298532348
0.00856960329756323
0.010337922031712132
0.0
0.002503448715022744
0.012615049431751247
0.03568128775764242
0.12621527090692342
0.1362957857545272
0.012752800314981667
0.0028508484350009905
0.006520077664199581
0.011687522269580013
0.004910240320654367
0.10146739182226364
0.15447448413463136
0.012370739994498042
0.01646521355285175
0.006140308916354415
0.0018878659400126685
0.006379889526006344
0.001108601297843853
0.009163584165579431
0.0037428385139849072
0.09969707473273964
0.011547051073308464
0.01392975958712166
0.0
0.0033732541831890763
0.016998058722527205
0.0480784976611542
0.1700678699804138
0.044957707327903045
0.007092462075776443
0.0057951249484118495
0.007700526935273966
0.007816190518094053
0.00119171060118002
0.013509193281285302
0.06002711421517572
0.14514893375036242
0.016197511068095877
0.0010469162098093775
0.0
0.004118502656131337
0.0003613337334694218
0.0016367773583384013
0.0
0.2467567429423121
0.0119324164901824
0.0034703739494776264
0.0020440121063308335
0.00932512645931372
0.011866396865851564
0.007403046157431237
0.012149181539831709
0.05641852906109206
0.0
0.002742330059467256
0.0023635882347767105
0.003283137425080491
0.003839535531483413
0.009288494506041224
0.1842113165827984
0.04563835165656734
0.01769864445080547
0.006181754613159725
0.001463290145013098
0.0018486775445402885
0.012081292900552498
0.031906040483893096
0.14757753867829548
0.2245180330418148
0.010857019134985853
0.003157609894528503
0.0018597975161892268
0.008484708565799007
0.01079694946466935
0.006735853869544727
0.011054248446732978
0.09804062987966787
0.0
0.0
0.0
0.0
0.0012647991588038239
0.011486093849722627
0.1257047243567551
0.04152523989019686
0.016103571445381964
0.005624630030143732
0.0013314125531500435
0.0016820672905615084
0.01099247820461069
0.029030539819010746
0.13427725747275493
0.1227110269810577
0.03280721365786852
0.009285121498714742
0.009648979364573153
0.002662825106300087
0.0023789939509934886
0.011935170442361797
0.05404281691481779
0.11132662665628146
0.0
0.0
0.0
0.0
0.001436198685383325
0.013042634296786235
0.14273962677077257
0.002752112081533957
0.0018666103084474862
0.009267049586464281
0.007465203135867246
0.011319731873920763
0.005624126049548824
0.013348239407802252
0.00707772816283115
0.13934023785950986
0.03725309018317334
0.010543396710265305
0.01095656285207904
0.0030236784160188324
0.0027013838214306387
0.013552567599236221
0.061366440724769385
0.03978959872058637
0.1507234018717562
0.1290936375501943
0.025994161400137362
0.01921637010165967
0.006831654926931548
0.005327327101072495
0.017020389443520502
0.0030721610011115556
0.0020836823588554214
0.01034473433183512
0.008333347356479774
0.012636127372659739
0.006278167532017468
0.014900534326819172
0.007900812101445845
0.007677810393816846
0.016749872546235268
0.12053609820860282
0.10523139963614066
0.009912495541265583
0.003270163005081392
0.0022890709135900394
0.003722002575706757
0.04441681509247626
0.16825134422838753
0.14410620898560372
0.02901707726437886
0.02145108231796283
0.0076261224898488056
0.005946853207721607
0.01899972643663907
0.014659772478219023
0.009532625740891632
0.08187803637517822
0.0938874264949785
0.012447130921137025
0.0009318510857734808
0.0007907018304184233
0.011118507294843519
0.008311323457796619
0.018131941460906794
0.13048179743527227
0.11391427443909999
0.010730397403896915
0.0035399913648349497
0.002477947201718131
0.004029113214669072
0.0
0.0
0.05734884289932879
0.17133044261794939
0.08962735864600818
0.0
0.0
0.0
0.01586938262793073
0.010319183708739878
0.08863397368491688
0.10163428506235203
0.013474171137441045
0.0010087401734483541
0.0008559443818216457
0.012035919846332194
0.0012104882081380248
0.004657351656889856
0.020576815734746564
0.04959970630493657
0.060319288412158785
0.006529630893111265
0.0008559443818216457
0.002495485406248944
0.0
0.0
0.06547644810450287
0.1956117729260579
0.10232954669077911
0.0
0.0
0.0
0.0
0.0
0.0
0.010232654688346231
0.21581074264398545
0.0
0.0
0.0
0.0013820412816417905
0.005317401862877659
0.023493007696373597
0.05662908668575375
0.06886787174332824
0.0074550246648370025
0.0009772507179450296
0.0028491511325630537
0.0011800572211830588
0.0015451690945000927
0.002314071046567758
0.009778447483306535
0.14139589503154817
0.08575284694391729
0.0006515004969358153
0.0009497170075760937
0.0
0.0
0.0
0.011739872698451247
0.24759856779727646
0.0
0.0
0.0
0.0
0.0
0.0
0.0016713785920503114
0.09674300878183627
0.01657402302297953
0.006394111103467431
0.0
0.0013538736501442746
0.0017727646460768058
0.002654921946385738
0.011218763081417237
0.16222279147604363
0.09838380530889067
0.0007474632077358147
0.0010896054941827958
0.009636339751166088
0.008402316317789213
0.0059913734461466885
0.016089270641071067
0.08671394032410347
0.13859409885912727
0.05369646982886868
0.020710901761549688
0.0
0.0
0.0
0.0022699978706459505
0.13139238768474085
0.022510158469869875
0.008684219517098963
0.0
0.0010767545201883816
0.0
0.0015227607769496216
0.028180553268294536
0.09850486705031114
0.005798457515753101
0.005665826239864939
0.0011349989353229752
0.013087681522313942
0.011411681494901606
0.008137237744749263
0.02185178766151047
0.1177713181365851
0.18823282216890036
0.07292834355572943
0.02812869754434432
0.005383772600941908
0.014571539210696462
0.02089563733680919
0.07255692217509051
0.05985098005463555
0.02734224964243264
0.018168207534364652
0.012939680351692346
0.0009945263345243086
0.0
0.0014064725668317991
0.02602849750923794
0.09098237576305773
0.005355648470394119
0.005233145806900068
0.0010483228160846417
0.0009945263345243086
0.0
0.004778438199832135
0.11722272000737195
0.053602793297492755
0.010888789399329885
0.008807764492049248
0.004930197514567767
0.004972631672621543
0.013458758898040945
0.019299906541827547
0.06701598971930361
0.05528035842469497
0.02525421236195943
0.016780761543371478
0.011951519709277244
0.016575438908738475
0.05783774509739117
0.19359374115718833
0.15153933152793558
0.0026795067929872873
0.0026727092215765975
0.007457213734614086
0.021355531845036985
0.0006888848100311336
0.0
0.003309910836208644
0.08119739860104971
0.03712938390469424
0.007542406225385925
0.006100929616716958
0.0034150309150571506
0.0
0.0
0.0
0.17039622958941233
0.08858407361486012
0.021889867746164315
0.003507195291999373
0.0024074650952733696
0.011481413500518893
0.040062834598646395
0.13409779406603176
0.10496770169670683
0.0018560308198848022
0.0018513223033504804
0.0051654351308739735
0.014792470533441208
0.00022962827001037786
0.004881964084096903
0.05282090363512173
0.16011345491555956
0.024538558852746497
0.0022615761964795067
0.003317478931781391
0.011392362293710708
0.0
0.0
0.0
0.1404241721260231
0.07300246743071329
0.018039522139721424
0.0028902927990250506
0.0019840010177494334
0.0003784750377474525
0.0009461875943686312
0.00042314796230779673
0.030902695312134163
0.23638221667418285
0.056634432685520084
0.0019764345922196674
0.0031238400897669427
0.00018923751887372624
0.004023244918682655
0.043529904868102154
0.13195009893664816
0.020222318418462993
0.0018637734288827707
0.0027339468347594904
0.00938848851003831
0.0005677125566211787
0.00648635446981962
0.01601796150547495
0.03989034554476594
0.13622283124374282
0.015006967510733356
0.0030850673474670342
0.0017136187014207248
0.00033139812701156755
0.0008284953175289189
0.0003705143752469554
0.02705883961859607
0.2069796315521842
0.049589914907064145
0.0017305942445259134
0.0027352788204837958
0.009238105838056716
0.003459344045283097
0.002737056578571374
0.004270970413847666
0.054452136688343755
0.03016291332719878
0.015803812396221677
0.008577817092063242
0.0004970971905173513
0.005679544244779721
0.01402555495614986
0.034928554015234106
0.11927864886167933
0.01314031423255722
0.002701328855768115
0.001500468911880425
0.0028607190113727025
0.011377290204009181
0.00976727915725397
0.004210035503569023
0.08477384158024617
0.13685279226724634
0.12708973548297905
0.012989760087728189
0.008840081624798974
0.0033102980486092496
0.0026191303704909347
0.004086955457901199
0.052106063884512346
0.028863342824643774
0.01512290441511088
0.008208241449676417
0.049110739018168564
0.008339093418484975
0.0046545802720302535
0.0005014104728484226
0.0
0.010216399853036401
0.019169425414006982
0.13192493378275535
0.0027374648017096746
0.010887099134341988
0.009346455487295614
0.00402864593102352
0.08112135673201978
0.13095648344277913
0.12161406840733663
0.012430095679248927
0.08276266085771788
0.006339569363957784
0.00242040637127601
0.004244432371304942
0.0019372315373122843
0.014985778253626836
0.039313582014104356
0.12780086635118276
0.040365370860731185
0.0068541138905464085
0.0038257184199984536
0.00041212207542821745
0.0
0.008397120002139866
0.01575584040259008
0.10843247290471973
0.07862110686774335
0.009106003750617047
0.010985007534844141
0.0
0.002660148036835813
0.013404668040165919
0.037914700233595104
0.13411551157687776
0.06802474500957502
0.005210653995225272
0.0019893938222776152
0.003488607383766587
0.0015922600842513423
0.01231719393635152
0.0323128372651044
0.10504279653946476
0.1544901280651521
0.006278121360355354
0.005344041367506057
0.0017780192946985158
0.010289392674260118
0.0007599155234245378
0.0013032444165846304
0.11892857784988371
0.09649595390254785
0.011176292895928183
0.013482496277807572
0.0
0.00326494414239515
0.016452277013330914
0.04653477051810587
0.16460725037246582
0.04351418399694461
0.006864733948858216
0.005609052335592916
0.007453274774244776
0.007565224576041172
0.0011534465935426424
0.013075433713838252
0.05809973524036013
0.18961412361252256
0.007705479272920339
0.0065590321733786944
0.0021822596340151635
0.012628730384715285
0.0009326855883822469
0.0015995426439118128
0.1459675018974628
0.07230306178863533
0.003363051466614419
0.002751222622220162
0.0
0.0014395883795206314
0.0011534465935426424
0.0027372117357648156
0.053713787162930564
0.050008634161798876
0.0
0.002430764909632822
0.0020950531910197343
0.0029101293693065775
0.0034033132543612866
0.00823319805384347
0.16328246221161172
0.040453228216379644
0.015687843164817004
0.005479425112142996
0.001297040932337792
0.0016386432001433404
0.010708697424760074
0.028281090142970658
0.13081076846704218
0.027661464963142646
0.0035384121798146943
0.002754615756173435
0.0014618293294393434
0.004665247753828937
0.0
0.01972664508853205
0.02806285993194928
0.1334208411313065
0.05374400976176521
0.009127674185422208
0.0029688917057096816
0.0038029668619197344
0.0022684772263978008
0.006377517833022562
0.23369807113962862
0.02869228916594873
0.011126927375668047
0.003886395640412947
0.0009199531194803177
0.001162241596315698
0.007595365231629576
0.020058948372921645
0.09278024425641843
0.08478843901446641
0.022668479784576714
0.006415649655162717
0.006667060968622201
0.0018399062389606354
0.0016437901995615524
0.008246728073880983
0.03734143702390605
0.09463149230086716
0.038119050988315493
0.006473991784780672
0.002105747874235598
0.0026973329373634583
0.0016089644118889076
0.0045233864859266434
0.16575519260902077
0.12200722673198036
0.08511365809793246
0.06997010855339612
0.045590588785736276
0.006972851794289823
0.004462285056948503
0.0021271686794582436
0.012006967152394866
0.08236028878615868
0.0220193054985055
0.00623191987600889
0.006476131334803381
0.0017872154617022545
0.001596715744662408
0.008010560326389261
0.03627206223780501
0.02351856787137819
0.08908857265986697
0.07630379732672506
0.01536445374686303
0.011358282541401447
0.004038008555983423
0.0031488406022748524
0.01006029709260729
0.1185132141179033
0.08267619432639943
0.06796632198728589
0.044284976843170835
0.006773164998860414
0.004334495247326521
0.0020662513518754783
0.011663114613401943
0.03972170508214047
0.02938020905378923
0.06971271363416691
0.07932529718511792
0.023792450247130385
0.0011882941742512045
0.006391777827757078
0.01457467333273784
0.031466634651708965
0.11919592990786933
0.10209055781581501
0.02055684918059973
0.015196798076983405
0.0054026478417607575
0.004212986834493154
0.013460160279826293
0.010385564649083415
0.006753290411201129
0.0580056505909513
0.0665135791874258
0.008818041553451074
0.0006601602930057745
0.0005601645584991211
0.007876791845403273
0.05314559918777064
0.039309209189200604
0.09327202670257634
0.10613316928196409
0.03183307518935006
0.0015898765113764425
0.008551870113047824
0.019500163591482843
0.008986770449628829
0.009535367521243345
0.04836626269541452
0.061187527305930946
0.03131388192473145
0.005650319261013498
0.003027796082261389
0.007441108313894576
