0.3317950960402917
0.02836017281638423
0.0016716142899216903
0.0
0.0
0.0005572047831110363
0.0
0.02267657422446774
0.07273754622449405
0.06906904987109702
0.012121180368358785
0.000788006559281149
0.0007475686524786254
0.0
0.0
0.0
0.22595680777553642
0.11166874427887576
0.0109968568187091
0.0
0.0
0.0
0.0
0.0
0.05744687218664064
0.03825990795993416
0.004933701487118725
0.0018154413733067858
0.0010274348140256366
0.0005572047831110363
0.0010572216793409627
0.0057554740508896935
0.16870706753648443
0.16019837712589857
0.028113799559793155
0.0018276981107601597
0.001733906650529816
0.0
0.0
0.0
0.08833757339675935
0.02492839605750362
0.010758469521973896
0.009706209156604147
0.006357657718609325
0.0012923777313828357
0.00548602365321803
0.024357751440927198
0.1332419616663909
0.08873982160760181
0.011443200289205003
0.004210724808198964
0.0023830266974388045
0.0012923777313828357
0.0024521141902027633
0.013349215086402723
0.006357657718609325
0.022951719281652745
0.09819161831752957
0.045450401125166066
0.02471599011165529
0.007253407076189687
0.0008173714197006744
0.005343345412057448
0.12312013764019533
0.034743851746574475
0.014994573627170348
0.013527989974982339
0.008860959875689155
0.001801246265349817
0.007646123402642046
0.03394851810727504
0.006444334455046659
0.02269237242118283
0.11300370221371554
0.1032564693515253
0.05318782266269437
0.005403738603993318
0.009210548131227325
0.006642667750701176
0.008860959875689155
0.031988866440153724
0.13685417311690906
0.06334631377295472
0.034447811813815794
0.010109406940236397
0.0011392081288526847
0.007447266177856696
0.004833250841284994
0.009185692994718553
0.01939201837368927
0.03471017278309099
0.033748432491463004
0.023143347877558042
0.022306991048249077
0.0
0.006642816375549996
0.023391284883028468
0.11648415345283472
0.10643671123441441
0.054825978047571285
0.005570170750478002
0.009494227895945742
0.0068472582265093115
0.0008303520469437495
0.02846239241581604
0.0807452874504131
0.14333118513395515
0.08295120148894226
0.04988846475280518
0.030388903937572695
0.0
0.0049821122816624975
0.009468607235042939
0.019989281764671667
0.035779226818546186
0.03478786546031476
0.02385615013288129
0.022994033977940594
0.0
0.017841634655400958
0.011557924064221525
0.021862418625299224
0.007097386323047703
0.015911436115125313
0.003713447298966238
0.023867024303478968
0.0
0.0008947903437269639
0.030671176143635175
0.0870114113381382
0.15445419913740868
0.08938851221725648
0.05375998853555797
0.032747191868641716
0.0
0.006263532406088747
0.002000812063560228
0.042086088211693046
0.1759589045293216
0.09560288549504034
0.0156938673902035
0.009593359344424957
0.007378630021611302
0.019226209491163715
0.012454860422467913
0.0235590207171001
0.007648168955490176
0.017146220621778136
0.004001624127120456
0.02571919098514183
0.0
0.014316645499631422
0.0
0.007062510748584212
0.0
0.02530948777788789
0.006002435977346041
0.03404713029833926
0.0
0.00633892168386864
0.0020248942853267303
0.042592645788017885
0.17807678528276216
0.09675358322019915
0.01588276229030344
0.009708827164429548
0.007467440863843644
0.0009055602405526628
0.0
0.003841966547502602
0.007481102303210274
0.18075427885778003
0.0868492668087029
0.033803701828417854
0.00924202807043563
0.014488963848842604
0.0
0.007147516708500843
0.0
0.025614118436890976
0.006074682640077805
0.0344569291781494
0.0
0.02374571473477367
0.04180252596234708
0.010989483256003444
0.003733720431921822
0.08529215807537101
0.03627857533236937
0.02004037553508051
0.008610311507210434
0.0008293071324556516
0.0
0.0035184520231977116
0.006851152712818206
0.165533783359515
0.0795360851631964
0.030957245884163553
0.00846379893234931
0.02091688741158887
0.0018543871496227526
0.0037087742992455053
0.005864086968959157
0.13662047914561004
0.05612850666126852
0.03190776781492537
0.026042250918812165
0.021746196125822344
0.038282525427661945
0.010064108866621126
0.0034193208205546125
0.07811009347238074
0.033223721549548224
0.018352866683048127
0.007885276346979065
0.023722051751369988
0.006698883661357411
0.012409743812382572
0.01738921757811439
0.06400899971210397
0.04789725437767925
0.03201389245277844
0.006041820270740075
0.019513057524156635
0.0017299305776536183
0.0034598611553072365
0.005470520737639014
0.1274512414819958
0.052361460750586224
0.029766288673290592
0.024294433977579175
0.01452163727217209
0.006919722310614473
0.021646971364677702
0.019944678546384514
0.16068217931994697
0.10391726985013454
0.04299611593104873
0.004705920023100239
0.022129954199545106
0.0062492903298450595
0.011576868016075144
0.016222146069105173
0.05971305715180183
0.044682646204950986
0.029865290791646407
0.0056363255284458845
0.01083107847134499
0.0062492903298450595
0.013701115825231968
0.024272627304576997
0.0630240650393622
0.0232865460193079
0.01828443639533609
0.004892982557260027
0.012956397130662692
0.006173867905517364
0.01931371459155697
0.01779490639017414
0.14336276881664545
0.09271636466865114
0.03836170416859305
0.004198684180141634
0.0
0.0
0.0
0.04417894546437624
0.26216849758984534
0.017916071214440717
0.0
0.0
0.009663631682705322
0.005575699611602523
0.012224317026916096
0.021656359601084207
0.05623090565713825
0.020776564816542692
0.0163136163511184
0.0043655838509856935
0.0
0.005575699611602523
0.014616339819300392
0.023169156365151336
0.08879444292850919
0.0400181592756606
0.013793973614634223
0.008082744134404282
0.0
0.0
0.0
0.03211421667036929
0.19057349258221712
0.013023411645854206
0.0
0.0
0.002702049586189627
0.04997804931463735
0.020740197845653972
0.03543717682653717
0.06516948228001816
0.01733414282238304
0.024071914803171602
0.0477760784026429
0.0
0.0040530443525475714
0.010624796471505962
0.01684194359460456
0.06454576833732364
0.029089690218255596
0.010027008402971506
0.005875445728615704
0.02275342188597639
0.09742655252676706
0.05092206121096379
0.05377076449035922
0.04003363046826477
0.035725912014211235
0.051576935968078816
0.007812169299616545
0.0017355777339084766
0.03210184965442637
0.013321822723666112
0.022761971270648284
0.04185959538035096
0.011134048935549819
0.01546184776121814
0.03068748194440925
0.019094384551596264
0.0457127786577719
0.047539741897730484
0.043079331422881874
0.04647661113474219
0.05784435945616435
0.0348665512435633
0.06500163627989204
0.014614954735606783
0.06257892383661641
0.03270820641271197
0.034537982597242646
0.02571436068507596
0.022947431361863578
0.03312884489868082
0.00501790461553222
0.06437673474191873
0.018283185677978635
0.019843024914896368
0.011344369407968059
0.0043458001956091525
0.009853933554141079
0.02706922379837567
0.08495511598772819
0.012948697709009043
0.03099973977578894
0.032238679667031346
0.02921388948639765
0.03151772640258414
0.039226670162904764
0.0236444610711913
0.044080317776406856
0.02837737453338278
0.020072748820184613
0.02100072898881478
0.02750094224135975
0.0848653332410428
0.0615881770531816
0.04410294521658149
0.03875898081727594
0.043656546007736004
0.012398589955183314
0.01345638193056335
0.007693089545053081
0.0029470681751819533
0.006682362895355384
0.018356768464337744
0.05761160370402879
0.022966059733480773
0.020889891216091968
0.010499006347758735
0.03412286344219853
0.04557898132878426
0.06399996536781365
0.0514359066286738
0.017567222541156276
0.019921411575416634
0.014091419564781991
0.0147428778190105
0.019306140829110027
0.05957694324366958
0.04323597384996713
0.030961036311305222
0.027209480151037375
0.06576387631185374
0.017396974113132915
0.011366754469628594
0.047279684963561885
0.01821013717244428
0.056986154603148514
0.07495148587149707
0.09275144137581721
0.01612257425992871
0.014665067770518661
0.007370485466883707
0.023954844940432936
0.031997239391219394
0.04492909128731302
0.03610890304524458
0.012332496442460442
0.02473754582989725
0.01025464705587927
0.0013198642583338769
0.005318069996275011
0.0213381652699508
0.012942953737496593
0.0732554700622286
0.049600592568745876
0.05566267622979456
0.014724833628197957
0.009620843680597698
0.040017619762767444
0.01541309646534947
0.04823319504790701
0.0634390873071935
0.07850500518957863
0.09738889174397296
0.018844477024002555
0.018704597762621063
0.15575757677151372
0.05533480906972006
0.007533254195618775
0.01346518907520568
0.027010053250873564
0.02093790818715902
0.00867955374490811
0.00111713574380156
0.0045012250641418535
0.018060665693226965
0.010954941888327002
0.06200357613956928
0.041982040594258765
0.010288376288354929
0.008496623812140537
0.005498022831958063
0.004291468096236186
0.012182531520342686
0.007402947419602331
0.03564478281626503
0.028302827728374086
0.10557781565095045
0.020429010800421598
0.020277369821588502
0.16885441893982053
0.059987624527054896
0.008166686245980503
0.014597406587443136
0.029281187738945218
0.04840870262107949
0.0024265628529993124
0.0020960494547520737
0.19455511376325163
0.1344575790642033
0.008816721541932101
0.00419996290884206
0.023627352982283162
0.011153472184231615
0.009211060588428608
0.005960322893119974
0.004652315263300027
0.013206897049387892
0.008025422652874821
0.038641966673028626
0.03068266487889071
0.0039129019602588706
0.0014090614713427325
0.0017408024279104402
0.004656354404119561
0.008571967653093685
0.006786880619063955
0.004602498119095691
0.0010256654567733668
0.2949809621333956
0.14578075319745779
0.014356121582530182
0.0
0.0
0.0
0.0
0.0
0.07499545508716518
0.049947353090453915
0.0064408239162016155
0.002370013314787091
0.001341290457031503
0.0007274169105393899
0.001380176464831636
0.00751362744844479
0.012472187475931188
0.09028788369557932
0.08082367255657716
0.02683258293138817
0.008383364932415602
0.0
0.0025407580439302784
0.001341290457031503
0.05243411672518581
0.10375322418201435
0.016750068709803553
0.0
0.0
0.0
0.0025676523262484403
0.0019787879633251077
0.1361041482189191
0.0906460523543013
0.011689013046507801
0.004301175892614842
0.002434216779620291
0.0013201394523698954
0.0025047883490990014
0.013635971176070426
0.006494227326262967
0.023444747915153562
0.1003008842425021
0.046426726640645746
0.02524691725836844
0.007409218383182172
0.0008349294731594315
0.005458126455451241
0.09515911045807021
0.18829466646807974
0.03039855990881695
0.0
0.0
0.0
0.004659857485766208
0.0035911676239738623
0.02780363145002696
0.05402002403594233
0.03381006608815509
0.006913234671381774
0.025611806305184417
0.007402920844022202
0.022118493487510386
0.02196442251693454
0.009723556389333006
0.03510291785826257
0.15017664994384275
0.06951294923675547
0.03780123658834632
0.01109353724936689
0.001250107734995708
0.008172242470642056
0.005303758030545276
0.010079901620398705
0.021279792122395124
0.03808913786709002
0.03703377410416461
0.025396305962607012
0.024478531488342507
0.0
0.04162930625160913
0.08088210089942581
0.050622509440923676
0.010350919945168355
0.03834757090100839
0.011084108186591652
0.03311716819692267
0.0328864836681728
0.039756472672912636
0.04188204391242875
0.02330119940530561
0.025083191951678976
0.020474518970033263
0.00441979835878773
0.036141128061120874
0.02552594904244186
0.007311335077461828
0.013895343239670488
0.029334613247725384
0.052506627970979325
0.051051788203606806
0.03500930878690027
0.033744138568303536
0.0
0.02618290434268627
0.01696145145993872
0.032083473662694394
0.010415535951084727
0.02335030493581908
0.00544954749317249
0.03502526681844078
0.0
0.05480508189392924
0.05773522378079818
0.03212116306547052
0.03457767494573359
0.028224528320793633
0.00609277923121819
0.04982125802318072
0.03518802433004681
0.002437111692487276
0.002724773746586245
0.01301005714606433
0.17960132778336652
0.10192459357982193
0.01089909498634498
0.01851410796419061
0.0
0.029946986071234628
0.01939984747187118
0.03669582741159559
0.011912884299205157
0.026707169209338844
0.006232980143707948
0.04006053582998
0.0
0.022299787358569738
0.0
0.011000655699346312
0.0
0.039422376953857655
0.009349469883269197
0.053032239000541645
0.0
0.0027874734198212172
0.003116490071853974
0.014880396576325046
0.20542100261715676
0.11657737981629959
0.012465960287415897
0.02117571550001953
0.0
0.0013937367099106086
0.003116490071853974
0.04102011215578378
0.033273573868090184
0.17078527579817857
0.04225764735938939
0.01685143740168586
0.00881476503070912
0.02241309627984665
0.0
0.011056551857035574
0.0
0.03962268859517458
0.009396976091734323
0.05330170461012027
0.0
0.03673243967868479
0.06466466815083653
0.016999721225906934
0.005775722570346479
0.13193913455805165
0.05611962389463874
0.031000620267813202
0.01331936105465504
0.0014008185174904156
0.0031323254752384944
0.04122854215488167
0.03344264242024264
0.1716530641344308
0.0424723654802845
0.0169370623524196
0.008859554315058743
0.012607366657413742
0.0031323254752384944
0.024674464014777315
0.008859554315058743
0.0672634583881644
0.025058603801907955
0.04250397345731603
0.004429777157529372
0.0327268228200053
0.05761308412397399
0.015145927398679652
0.005145888780344762
0.11755137196105783
0.04999986398918489
0.02762004962615416
0.011866904924486136
0.03570037629119948
0.010081449528395714
0.01867597830166003
0.026169811003484214
0.09633000550272469
0.0720827195944254
0.048179138090118055
0.009092605454617165
0.011232552436843617
0.0027907501309313945
0.021983751121731294
0.007893433348544804
0.05992848022582187
0.022326001047451156
0.03786897959002095
0.003946716674272402
0.0350692993552794
0.011163000523725578
0.019988125995810395
0.007893433348544804
0.06868520118008677
0.02124445005212129
0.022492451921788545
0.011509778137945495
0.0359066245882423
0.010139692102087223
0.018783873206993998
0.026320999296553595
0.09688652343483288
0.07249915604992098
0.048457478718884124
0.00914513527602298
0.017573803589904045
0.010139692102087223
0.02223053956373495
0.03938318663188562
0.10225874952058697
0.037783235262606386
0.029667137470552142
0.007939035310066978
0.035271901793178476
0.011227491436345848
0.02010360144385853
0.007939035310066978
0.06908200948428743
0.02136718353843307
0.02262239536740791
0.011576272455006158
0.026718938865927022
0.007332818943720669
0.026172838891564836
0.037502062813741376
0.09853210424398601
0.002806872859086462
0.012658486025636606
0.003969517655033489
0.014822450842877935
0.008552223027657391
0.018750128747507734
0.03321735928711375
0.08624913100165951
0.03186789612731374
0.025022453708244855
0.006696100819685017
0.0
0.008552223027657391
0.02241910552759483
0.03553774528762536
0.13619633991059796
0.06138139554175171
0.021157728537687045
0.012397624572362414
0.022535824751198693
0.0061847936206288956
0.0220752221284443
0.031630744005955815
0.08310592889753478
0.002367429154603662
0.01067667485302084
0.0033480504098425084
0.0162039961893143
0.04950478693239084
0.07951101154419292
0.05454876014903442
0.06997972447009443
0.012369588250957126
0.0
0.01313620347994427
0.0
0.004490827698168393
0.011772417504301354
0.018661100201901176
0.07151758012877833
0.03223176832031647
0.011110060277906404
0.006510072953079751
0.02521109771952695
0.10794993159876308
0.05642232925240076
0.05957873083061959
0.04435780142699816
0.039584791396349184
0.0571479392981519
0.008655988738797542
0.008508823340160317
0.025995284223639135
0.04175174709514754
0.028643907225736776
0.03674680652552813
0.006495350899139572
0.0
0.006897905520673594
0.016368841357217757
0.042739059451138935
0.07681034700625172
0.06659510469337003
0.06340166972934741
0.011456099327155139
0.005503670228155088
0.006882234409343242
0.017923736836354457
0.07674660528486495
0.040113246652916885
0.04235727870051905
0.03153601514149783
0.028142661283669948
0.040629116435761975
0.006153943233201112
0.07895143520949414
0.022422444307945943
0.02433542648923305
0.013912700758998808
0.005329676380023507
0.012084834679442803
0.03319761521699472
0.10418870050662454
0.01163736732397669
0.030385176510667848
0.05460803259601005
0.04734554379157095
0.04507518299507056
0.008144671517100403
0.0039128140274164004
0.004892899141937331
0.02075997877019572
0.02466208571777513
0.02633531374605539
0.02660547668429758
0.0382797995480461
0.020138958339119408
0.041747251449388734
0.017443504798839722
0.052310566749026816
0.014856357791784566
0.016123835473708763
0.009218087800199044
0.00353126439422098
0.008007005185814877
0.021995623792134447
0.06903193029847225
0.027518613140799064
0.025030886516895976
0.012580220438317977
0.04088702586422551
0.054614085702737944
0.07668665449885047
0.06163202710812637
0.02104956647672778
0.013754864015899643
0.01634026889678074
0.017448893537073178
0.017627894417507225
0.025362908274992737
0.013343396755980591
0.027660325334643753
0.011557479857021605
0.0
0.00519820834501247
0.04703238443101363
0.030244847099226695
0.011700219023213021
0.029627658696852334
0.1425573800980408
0.0754691847758099
0.02133993977714792
0.019410775103605876
0.009755620501780696
0.03170678206583219
0.042351745486494424
0.05946842525614644
0.04779396912561032
0.016323369155637587
0.03274276984144455
0.013573114757006458
0.0017469805586108353
0.007039030592851976
0.02824332854507769
0.017131374236127112
0.09696139675163344
0.06565165346818307
0.0
0.004031069896730006
0.03647234132760357
0.023454060434086373
0.009073203219119648
0.022975447530505993
0.11054939035317389
0.05852431043330794
0.024283770995475268
0.0
0.0014826155404868181
0.002957572225575629
0.0006092470823988831
0.0037446536888461972
0.045392303913549495
0.1452094781905278
0.038145041020139735
0.01581256019830463
0.002035217099600666
0.008200409189771565
0.032903231190099635
0.019957901427792083
0.11295918074040147
0.07648360314996971
0.018743540760705845
0.015479295302553967
0.010016392496329955
0.00781827034029811
0.022194345319443812
0.013486816852308698
0.06493827800402109
0.051562578029972064
0.028290381211842425
0.0
0.0017272341613989504
0.003445545823121208
0.0007097675322534824
0.004362488856591918
0.05288163778341499
0.1691677744098389
0.03563268171504416
0.02376331358273381
0.00352505929552136
0.02091591864532258
0.011396682551258839
0.028112580127375962
0.05840115542385005
0.04693081492457112
0.03537396329476233
0.02921347843782269
0.01890355216416248
0.014755120794787304
0.04188653396412599
0.025453150521960604
0.12255551348948053
0.09731206957648822
0.012410023357021219
0.004468930207923002
0.005521068253112728
0.014767931192906607
0.02718655357863482
0.021525033813606237
0.014597122478081457
0.0032529647827427865
0.06724818918549165
0.044847587399270944
0.0066527087770441905
0.03947380849124119
0.021508520476315098
0.05305579080509934
0.1102182535684994
0.08857072128097453
0.010386300671542207
0.007831332257912672
0.017951167791497157
0.005228456004195105
0.019080545502783826
0.0032197980130607494
0.009574285627345159
0.005968952712873955
0.015491035773468706
0.11214174249209449
0.10038675295197796
0.033327313503493175
0.010412528381305231
0.0
0.00315573942632014
0.0016659450070474421
0.06512560683581635
0.1288663204043366
0.020804362834696156
0.0
0.0
0.0
0.00318914337332594
0.002457746500935266
0.02546435611157941
0.053255116015930234
0.057949225142690984
0.0077805808853310034
0.0202948569357531
0.005617875449075677
0.014237957247363707
0.005118158551784921
0.2168589487853133
0.038184671303061614
0.013949217919930723
0.0020602640580170083
0.006514557479620141
0.0018069711355987229
0.010585538311783209
0.023296949997038914
0.06801502461466116
0.1345837126155033
0.021727386799811056
0.0
0.0
0.0
0.003330635606717389
0.0025667889618154996
0.019872660309112573
0.03861084079919126
0.024165762648889557
0.004941238143962531
0.01830605212561987
0.005291241595290226
0.015809204938450092
0.015699082630605085
0.2264802964021048
0.039878804740014616
0.01456810072528314
0.00215167147650536
0.006803587849047254
0.001887140745967512
0.011055185261466422
0.024330562193298443
0.0468182083850399
0.1987262875867136
0.019444482188670818
0.009436920474212622
0.009367073270404714
0.005152810412610187
0.0
0.010978696367840084
0.021517168985954818
0.04180597731975709
0.026165535489588998
0.0053501370470632964
0.019820920346132042
0.005729104094793291
0.01711745327012096
0.016998218086196552
0.02054914717094258
0.02164780289381055
0.012043819374482385
0.012964887684395562
0.01058277747704033
0.0022844855399483223
0.018680464073410116
0.013193737982406629
0.050692523586216134
0.21517134824641504
0.021053558134145053
0.010217847504671479
0.010142220282943041
0.005579217411061967
0.0
0.011887208925117108
0.013492785421961417
0.14583369837390006
0.13130259116285792
0.07807513080824771
0.010508633483762284
0.010230381743685561
0.006545919396762736
0.01281471385391077
0.021453804361850997
0.022600827386376653
0.012574037378786445
0.013535654868816404
0.011048674463652305
0.002385057902102744
0.019502854219966333
0.01377458008945151
0.0009540231608410975
0.0010666303355354408
0.005092871155422599
0.07030610330717944
0.03989904247483464
0.004266521342141763
0.007247467506146185
0.0
0.014086792815836233
0.15225389201080541
0.13708306624984123
0.08151231620232928
0.010971266349672623
0.010680764834194072
0.006834097441531523
0.013378869774394272
0.009002161512132687
0.004104947826188424
0.012048349123400838
0.14175056808217218
0.1442855509802085
0.0010666303355354408
0.0026983849395781656
0.012533580994251645
0.0009827274679769442
0.0010987227270080205
0.00524610363849949
0.0724214481601017
0.04109951057312916
0.004394890908032082
0.007465526712455264
0.0
0.0004913637339884721
0.0010987227270080205
0.014461695192619691
0.011730642798390997
0.06021057652404547
0.014897989877449249
0.005940996707546315
0.0031076571557034183
0.009273015323169034
0.004228456026005771
0.012410855536151974
0.14601550840010344
0.14862676295555444
0.0010987227270080205
0.002779572979088766
0.012910686889724694
0.004010647013493583
0.0017716371217629237
0.011343823004303267
0.0879320204084676
0.2990773059032541
0.013871781862378606
0.0
0.0
0.00045769437537778997
0.0010234357512903386
0.013470747005201948
0.010926832521415797
0.056084811122743855
0.013877145787694103
0.0055339061251226
0.0028947134319875657
0.004119249378400109
0.0010234357512903386
0.00806197466268326
0.0028947134319875657
0.021977227020010114
0.008187486010322709
0.013887473173521585
0.0014473567159937828
0.003735828374637047
0.0016502405239789447
0.010566518497827514
0.08190671873538162
0.27858384989860396
0.012921255875646872
0.0
0.0
0.0
0.0
0.0
0.0064727759291575305
0.21720690565738288
0.1095781904381195
0.1115089279554202
0.0
0.005491678700653812
0.0013644185628381897
0.010748019960244314
0.003859158462777226
0.029299481152582935
0.010915348502705518
0.018514426689687512
0.001929579231388613
0.01714564213246251
0.005457674251352759
0.009772343945364385
0.003859158462777226
0.033580707367416314
0.01038657015084652
0.01099672757718066
0.005627216414506035
0.0
0.0
0.0
0.008629340551861682
0.28957473264142586
0.14608686175706387
0.1486608720017244
0.0
0.015749761088932137
0.009183609874913162
0.022055753097792032
0.008760112929266121
0.023608148297100787
0.038032729199391074
0.09776753030869036
0.012941615648305519
0.028032155853530156
0.00892298894551499
0.01597723003981841
0.006309505975703217
0.054902558639838145
0.01698145517110107
0.017979028078434985
0.009200180800129694
0.021234734177998413
0.0058277187513560745
0.020800724135594344
0.02980456443170831
0.0783078643998117
0.0022307472363787477
0.010060264264202652
0.0031547529878516085
0.02574996923940818
0.015014683108553282
0.03605990977343984
0.014322289537513152
0.038597988186432175
0.06218136271687805
0.1598443864542694
0.021158810154034237
0.024749705758657925
0.021094392422466527
0.056129935820202245
0.045605455355393495
0.06933013256044851
0.013384482942569973
0.0430119556967687
0.02403678942978051
0.013515121256073168
0.003709126985562896
0.013238889950313663
0.018969500578742464
0.049840053272913146
0.0014197879351155935
0.006402985328618541
0.0020078833484033073
0.009717814890261852
0.02968887118771816
0.047684119577458196
0.03271382857835892
0.04196804297697647
0.007418254576659829
0.0
0.007878006899501373
0.015752270387588328
0.013425798930330619
0.035724623738951085
0.029026182004444234
0.044126059709517405
0.008518727307926542
0.027375515597693745
0.015298525567924142
0.009690137140515798
0.01451274221461702
0.08219823233447304
0.3379775145887063
0.04672817994879139
0.010257830144123998
0.020596600811855582
0.002617959495836998
0.005412302614093803
0.016535111746139815
0.026557501655897906
0.018219851060251837
0.02337395302109632
0.004131570635030633
0.0
0.004387628064283017
0.010411912355638025
0.027185512490255956
0.0488576181772691
0.042359894524615437
0.04032861056057529
0.007287009479093473
0.0035007811976024384
0.004377659964884513
0.0053968875893177165
0.008082820419285089
0.04578001461867428
0.18823538072807347
0.0260250944625551
0.005713062198746671
0.01147120393568731
0.0014580632768698976
0.0
0.0
0.0
0.1592954530656776
0.2592807005457616
0.006333948963283901
0.0
0.0
0.007695028542932827
0.020091726420795198
0.03610871409325854
0.03130650607772672
0.02980526523471995
0.005385537643705054
0.0025872875527545272
0.0032353536248122226
0.013727213788139389
0.016307421450514642
0.017413817517426107
0.017592458567686077
0.025311923387780818
0.013316573665692544
0.027604722146234075
0.011534246842866629
0.0
0.0
0.0
0.11772890668216653
0.1916240094213695
0.004681168684209761
0.0
0.0
0.016024900799017163
0.014569667154946078
0.032699144567765424
0.014329263439084174
0.18561651767729498
0.11636297960533556
0.022627657662576378
0.004711653214142086
0.011710336454579811
0.013911445894224843
0.01485528419932588
0.015007678329367858
0.021592957154901067
0.011360029825003075
0.023548885378830164
0.009839572207788189
0.0
0.004425544928014987
0.04004147516919584
0.02574924296887727
0.009961094576850908
0.0252237936558696
0.12136760371471329
0.06425142005446303
0.013670434722149918
0.012429011964764099
0.02789480739320373
0.012223929677773965
0.1583447236326027
0.09926629417058012
0.019303078432184588
0.004019391352568475
0.0039507855020116545
0.00590654957778193
0.01319813028920589
0.014234358492467045
0.038152022697047525
0.07072033399505326
0.04522404929248409
0.04861544891278694
0.0
0.003865334223193595
0.034972796985719604
0.022489757010233497
0.00870016244206109
0.02203082206659186
0.10600420058008521
0.05611810903854013
0.023285354385233936
0.0
0.001421658451799901
0.0028359729386875526
0.0005841981554047413
0.003590693892270857
0.04352601921613348
0.13923925408419302
0.003450672551701417
0.005158864861921216
0.011527435721213572
0.012432492251483688
0.033322522178325785
0.061768150976465486
0.03949933133320139
0.042461428256881734
0.019648302793903134
0.0015729899997555042
0.004407960467268539
0.002220579135742168
0.002372888826653715
0.0015209111765314624
0.013039567103657945
0.2769313196372651
0.02650849995059577
0.0
0.0016184436094818372
0.0032285267065878358
0.0006650625331906085
0.004087715707098107
0.049550866143234486
0.15851267277050465
0.03338834264585463
0.02226657153245432
0.003303031990323949
0.019598520932765116
0.010678857827498523
0.026341897740342693
0.054722734701779664
0.043974858302320924
0.02236800973799048
0.001790722384592452
0.005018107858513585
0.002527950441992978
0.0027013427540534866
0.0017314348401547756
0.014844496596637656
0.31526399604972605
0.04673569589585279
0.013665817629466424
0.004275233891819929
0.004981848879767704
0.0018940988674699118
0.01595225084999558
0.03852165200123494
0.0492804544666839
0.07254509659778008
0.04838007683869963
0.007176719651682347
0.04258302394106953
0.023202672287958682
0.05723481205435829
0.11889976442206489
0.09554713084303516
0.011204393674189442
0.008448179230113087
0.01936511922849033
0.005640283410983033
0.02058345411829205
0.003473410373007128
0.010328419011769322
0.006439106485806213
0.10154578827979231
0.029692640648048902
0.009289088079329592
0.010824397965831997
0.004115435940136748
0.03466052781175197
0.08369858292090514
0.10707495629801654
0.011263690802191983
0.007121999600848651
0.016836678224801033
0.0
0.010793617075935385
0.004967881651366048
0.012482536501890506
0.004579899485395445
0.017158322565789395
0.03588421615201768
0.0390471878840754
0.005242689663730289
0.013675024815249544
0.003785421420722139
0.009593781286191446
0.003448703552117119
0.14612330185110733
0.02572949044600584
0.009399223744825956
0.0013882414746031239
0.004389621246219893
0.0012175683326064912
0.007132718380556473
0.015697886924636893
0.02164968638373291
0.050491301942122355
0.010491096690124617
0.0016560720036746252
0.01740340788389751
0.02211869914307506
0.0038800141733867427
0.008235352534437048
0.40163025978052114
0.0335291695596799
0.02669776761585783
0.0
0.0021780524151887365
0.0
0.005554002397583923
0.055571369247876166
0.11538662876910423
0.020317356129391295
0.007422120409427112
0.0010962283334873231
0.0034662753356795237
0.0009614558623828261
0.005632368810899541
0.012395875456455995
0.023852826565397223
0.10124658408128641
0.00990652733837895
0.004807899215869321
0.004772313632909671
0.0026252412754785713
0.0
0.005593399436017799
0.31714833363781325
0.026476392142173705
0.02108195860502625
0.0
0.0017199045072709537
0.0
0.004385731808098165
0.04388206995301284
0.04189637949778275
0.01598250380722397
0.10925730385999452
0.07232216692418118
0.010440553836629464
0.001982091998369654
0.002304962007583576
0.011636271577952682
0.03201381831520652
0.1358870295277983
0.013295940649883676
0.006452870964900721
0.006405110151967818
0.003523439748171096
0.0
0.007507121758425884
0.00852109049828787
0.09209826604975206
0.08292144482912571
0.04930673945202568
0.006636510855848145
0.00646078670517421
0.004133940460027329
0.00809286837698509
0.05623078160693549
0.02145074805720594
0.14663853215858608
0.0970664296629542
0.014012678653391362
0.0026602437638096337
0.003093580323988971
0.015617498544318749
0.003462527403051206
0.005096289305346335
0.021049645725478128
0.08967448101742365
0.054879794845220244
0.00104035999844988
0.002666907999294003
0.0021021532547097375
0.009453707318224954
0.10217824255302914
0.0919970360573454
0.05470326640575938
0.007362864090930279
0.007167907272956239
0.004586392221502528
0.008978617116706812
0.00604138935524195
0.0027548481625812448
0.008085698978434374
0.09512941663587783
0.09683065457470802
0.0007158202112233978
0.0018108977525388393
0.008411340176432355
0.00384149430831145
0.0056540682805123026
0.023353488603480906
0.09948917895224572
0.060886281897274526
0.0011542253814708712
0.0029587959047054167
0.002332229849227975
0.0023447698223847367
0.00391984265624002
0.03520025753943837
0.059970290818982724
0.1707256100155776
0.014904098347573934
0.0060445363313417644
0.0010123226483460578
0.005922654029169073
0.002700705352768542
0.007926785515275685
0.09325977678331926
0.09492757919440625
0.0007017517343894358
0.0017753070096667922
0.008246026676534849
0.0025615912263935426
0.0011315406447369902
0.007245274237253933
0.05616198364991039
0.191020002567578
0.008859875873783616
0.0
0.0
0.002298686546989628
0.0038428034573777265
0.03450844414834017
0.058791655969219425
0.16737022936019877
0.014611178478804684
0.005925739155715518
0.0009924268176563782
0.0
0.004714194876489406
0.02264378970079343
0.024859286474891707
0.14532742278952387
0.022593105992035067
0.0035945615093122764
0.005485218521338642
0.0024471148917964486
0.0010809726133811464
0.0069214862615278785
0.05365213041271167
0.18248340644585773
0.00846393209299392
0.0
0.0
0.0
0.0
0.0
0.004239923459824858
0.14227908783064705
0.07177803548410637
0.07304274468831216
0.0
0.0
0.004503519674108775
0.021631849146178172
0.023748336387687
0.13883280705771975
0.021583430469069926
0.0034339222075259386
0.005240086626633101
0.004256683463218725
0.0
0.004212226194671367
0.0012361394570440981
0.12295069411696541
0.04783340308205451
0.04171564558814552
0.012432038593753728
0.0
0.0
0.0
0.004985335758131565
0.16729288415639615
0.08439718554781017
0.08588424069847689
0.0
0.009098939445812367
0.005305547790469051
0.012742032132133438
0.005060885471963357
0.013638880651594876
0.021972238054291816
0.056482179826241034
0.0074766198960097155
0.0050050423035486145
0.0
0.004952769093265909
0.0014534626145099898
0.1445664049543299
0.056242896146039736
0.0490495881811781
0.014617689950108741
0.002250875747729525
0.0033302831314399642
0.0004985335674085089
0.024858917159516186
0.07205468750389325
0.0938173297829394
0.05296409921367737
0.0
0.012412620205524104
0.0072377390900935056
0.017382465994489973
0.006903974868856509
0.018605931665435265
0.029974157719975705
0.07705204004692119
0.010199479152808891
0.01193044911721822
0.010168426966725978
0.02705710321511151
0.021983839722811847
0.03342017989499029
0.00645191075254485
0.02073365856856027
0.011586792022081616
0.003070606849598307
0.0045431162536698376
0.0006800911104859415
0.033912116819688476
0.09829579318996097
0.12798402387741817
0.07225273362706497
0.0
0.013161524197265654
0.011499621361108742
0.06374870163301115
0.07207784930003382
0.142249442558243
0.01573076743464228
0.015709437974750627
0.001982789260691672
0.008317067396118115
0.007088709868659503
0.01886230340306563
0.015325582029951032
0.023298191530432204
0.004497816975323273
0.014454043933178064
0.008077493915411486
0.005116311597774448
0.0076626068580287945
0.04339998116755626
0.17844930908636622
0.02467208931597917
0.005416048769314771
0.010874833460078162
0.0013822607809182786
0.009175286085945894
0.008016724680728674
0.044441097119435516
0.0502475912269264
0.09916627523348412
0.010966381203349532
0.010951511808769436
0.0013822607809182786
0.014249269081629577
0.12520441008742086
0.07843076061892454
0.11252455975631398
0.04375690290765674
0.011140305929719067
0.0034515842738340567
0.0
0.0036472232243244043
0.005462379911267892
0.03093818979250746
0.12720970019643657
0.017587790623422504
0.003860894411534877
0.00775225363003892
0.000985360943307461
0.0
0.0
0.0
0.10765206173654374
0.17522221410010028
0.004280490445326292
0.0
0.0
0.010157759966530126
0.08925344430884866
0.05591029517342157
0.08021446305745511
0.03119262567563996
0.007941498819310474
0.002460502665575809
0.0
0.0019118811043780611
0.004255101282873415
0.01201726643642937
0.09763343687819269
0.10841857476827069
0.01081150298022817
0.0032227819670587288
0.0
0.0
0.0
0.0
0.09020277067697828
0.14682049689549387
0.003586667006617059
0.0
0.0
0.012278126864776473
0.01116314066149891
0.025053774148624627
0.010978945616603706
0.14221761375144545
0.08915621031771588
0.017337096492409103
0.0036100239640557666
0.0016019848578647307
0.0035653931660470364
0.010069391250324872
0.08180806177852586
0.09084503983658798
0.009059069638495709
0.002700402184845631
0.0
0.003437363978300858
0.005195217081910435
0.0015250441686145025
0.04406418410936064
0.14655384571412766
0.027814885593023288
0.016029621734942854
0.003325372193231472
0.009360771528013736
0.008510712620762107
0.01910084969007213
0.00837028340457583
0.10842587018755499
0.0679721690677345
0.01321770014367126
0.0027522609849491655
0.0027052834231085826
0.00404448448350495
0.009037363093803985
0.009746915910430606
0.026124433864564835
0.048425445303498425
0.030966973735857786
0.0332892200763059
0.0026206260298389968
0.003960802871463338
0.0011626846822607665
0.03359427415588669
0.11173178786882482
0.02120590477535125
0.01222088909764779
0.0025352441532225894
0.008294195764078334
0.0
0.002595355596443815
0.0037206293622156065
0.05493955694771279
0.138542899163055
0.15236220235753015
0.04846201424104956
0.0023409254603033833
0.003499757777822566
0.00782017631852497
0.008434163836314365
0.022605894763994615
0.04190332032095492
0.026796222764532893
0.028805700047768796
0.013329347126640334
0.0010671114932115685
0.002990346586421796
0.0015064339364551562
0.0016097603541211788
0.0010317813825154124
0.00884600151620779
0.18786934059409494
0.00717710161937888
0.0
0.002245803135582347
0.0032195207082423576
0.04754008638729107
0.11988340934066433
0.13184147569898552
0.04193496401353015
0.06538422224696777
0.004990639982323468
0.019354752284769385
0.013468006489691178
0.043661063140171236
0.004231259896990656
0.005793675784951586
0.12881756589480983
0.018864605206559453
0.0015102492897483965
0.004232143348632898
0.002132008508068064
0.00227824313292691
0.0014602476967330138
0.012519467358334715
0.2658855611645806
0.03941568617218827
0.011525399775147131
0.0036056225153508568
0.004201563456758462
0.0015974343616421075
0.01345371885859187
0.032488172413190915
0.04156187022463898
0.09253623059765564
0.007063095596515741
0.02739217136848304
0.01906084543627928
0.061792127642308334
0.005988368876938016
0.008199606877929892
0.1823114441530829
0.04060617086291042
0.01946888115837826
0.008366021086138918
0.00733131653823145
0.0024765853914350297
0.00041806769862141863
0.022303875920188343
0.03795295799589903
0.11478802145030376
0.03356475467237734
0.01050044575719775
0.012235970067660681
0.004652115631542903
0.039180486727542416
0.09461342409606174
0.12103822904463053
0.01273254955537036
0.00805075480529759
0.01903229089024583
0.0
0.012201175148939125
0.005615725823983359
0.014110340684787852
0.005177148252779143
0.1182550011095668
0.05669809573423614
0.0243638789819422
0.021350568816007942
0.007212416290145493
0.0012175143608408295
0.0649542868889083
0.11052820284553909
0.016490057023773718
0.006833240055007903
0.0067326371068818095
0.004498185191731242
0.030624804208826475
0.010773199120483254
0.006285146868758168
0.005688635842752669
0.014192504051253744
0.033099694594425313
0.006877463702595003
0.001085641990591617
0.011408845953695913
0.01449996649523883
0.002543552636221534
0.005398705188465076
0.26328968410942416
0.02198012785850253
0.01750178586107355
0.0
0.001427827506528489
0.0
0.003640939648327207
0.036429944951849716
0.05233390542619817
0.03333983001277488
0.012143048094195343
0.0066884186086901614
0.001278312138417239
0.0008923921915803056
0.0015474162439116017
0.03340853506102069
0.07400347437488972
0.17706153694928062
0.10775518063970996
0.040663802317275705
0.0023202196981087944
0.0035810140474923048
0.011149050564548565
0.008456950631312127
0.23529725075721028
0.01964324456497949
0.015641030944229906
0.0
0.001276023737800712
0.0
0.0032538422168802744
0.03255678596524218
0.031083571524506536
0.01185766660956553
0.08105968247892668
0.053656933495030465
0.007746008266740756
0.0014705446899710224
0.0017100869402757331
0.008633129740745654
0.0661355727847521
0.1582367079816808
0.09629886505098657
0.036340508071759925
0.002073538573926157
0.0032002877862381436
0.009963705776262507
0.007557824531059821
0.03728505253668534
0.015841437943111925
0.003249876607944386
0.011455315653125306
0.012358033667805867
0.003727601514665469
0.007540608281755493
0.023849057142336857
0.05775656075155022
0.022032797658629814
0.150617456295342
0.09970025280731686
0.014392901944594833
0.0027324274386300368
0.003177522254114137
0.016041267392785784
0.0035564804292808985
0.005234573208127111
0.021620811722671055
0.09210772930297938
0.056368915999909015
0.001068589369324043
0.0027392725030345503
0.002159193571475039
0.06927956783415337
0.029435065794543757
0.0060386141789979435
0.021285187061798536
0.022962532530780785
0.00692627754084204
0.014011247066170846
0.04431406849829297
0.06513657239429921
0.04086825776335991
0.08084009642926077
0.015377573701632103
0.007260417191871413
0.0
0.004489687578920077
0.02046770242739908
0.0035378307548211583
0.005207123855260298
0.02150743527980822
0.09162472955058827
0.056073325470465465
0.0010629858395801545
0.002724908150002403
0.0021478710693541105
0.0021594197790847577
0.0036099857998752177
0.03241773739745286
0.055229741919941615
0.1572300426013658
0.013725954869396442
0.005566726074639023
0.000932300274758164
0.06479500552932348
0.0406539504676559
0.08041618253132754
0.015296935905580997
0.007222344603040189
0.0
0.004466144299704077
0.0203603727246775
0.01755580336032879
0.02214477672829969
0.0974971276897465
0.061686726607915576
0.002966547082504411
0.015317222272093126
0.07668861947935247
0.018173744663441935
