0.0191351720123308
0.02305837556296226
0.05764234695305033
0.05357993011100348
0.05181861390064102
0.020207336973865498
0.00908339334352875
0.0018609628367408876
0.01929802537543354
0.03725706483886825
0.040900192013680156
0.05865353500882751
0.03402261853586977
0.02036849877706835
0.021584911335037368
0.006404801280901141
0.021068300588228752
0.08029028743393261
0.06907965309901447
0.05186744220418747
0.028234381788981112
0.02582686463671402
0.0
0.01609555581957964
0.053652610105253566
0.13907498168148344
0.02474107252431502
0.0034623603315923636
0.0030381700134540315
0.0016321723991289186
0.0018248241909331459
0.005235077168399454
0.019603325975027678
0.037846482875850636
0.04154724542470882
0.059581451676887574
0.03456086665383455
0.02069073458972241
0.021926391162354945
0.006506127174784028
0.004144984562253397
0.04583720111403551
0.212179247726322
0.07761005181877417
0.01353942388434206
0.008468503372027505
0.0
0.00387062564003964
0.05450141062842919
0.141275189965485
0.02513248377646785
0.0035171359194922404
0.003086234782192352
0.0016579938602577556
0.001853693461690505
0.005317897672950586
0.017181947376229714
0.04049919696529692
0.07872890924138182
0.00986735093018286
0.0059318190774096165
0.0016579938602577556
0.0018776042857847443
0.0
0.004364228615266693
0.048261705620649006
0.22340221792998935
0.08171514366164212
0.014255575687391093
0.008916434835789269
0.0
0.004075357802554169
0.0
0.04544722198595786
0.08898942237464005
0.06291905684091767
0.08964978530898252
0.01219862889171997
0.01701349881892522
0.0056019605374521934
0.018090766148615645
0.04264135405975625
0.0828931817235
0.010389272780058632
0.006245575627461967
0.001745691483333209
0.001976917942419159
0.0
0.01216414744449599
0.014239056041697538
0.020364800952777387
0.029738456517712442
0.013487957159064395
0.00368768889158735
0.010079753527025113
0.02544464114256754
0.0
0.044489320697502895
0.0871137723651
0.06159289777150506
0.08776021668180176
0.01194151565526356
0.016654901489372032
0.005483886759073455
0.01866344489541405
0.07163865842917927
0.17259498260723874
0.08581880217038482
0.0330845978692158
0.004996026292937896
0.016104366422013433
0.002324351459896098
0.011907760981234515
0.013938936264674889
0.01993556747668458
0.029111652401417273
0.013203668461610344
0.0036099626459267457
0.009867300301747029
0.024908338735739013
0.007369350199764586
0.008821260350949878
0.009834661478687227
0.01874782247001173
0.030616991479449174
0.03463704611984592
0.030870979859047503
0.012356470092412392
0.019343361279832442
0.07424848195836709
0.1788826833613425
0.08894521372054524
0.03428988233246626
0.005178033427879432
0.016691054605913226
0.002409028466182247
0.01911661742259003
0.00507339456118881
0.06319955190199048
0.08488156084360542
0.07414443154036117
0.004427882217249265
0.01867532774322804
0.006839289028340122
0.007637818425829758
0.009142622215141675
0.010192941930770909
0.01943081276151255
0.031732380104921576
0.03589888686236208
0.03199562137763307
0.012806620989874597
0.011419004603261507
0.004966029870263562
0.012137406778951578
0.039538391366170246
0.058050760370174946
0.013765991768868393
0.0036860149892902986
0.001252394240351663
0.027414152097567535
0.00727549268141174
0.09063120791923777
0.12172425528042305
0.10632669360392291
0.006349796822859666
0.026781321397361085
0.009807870582825019
0.006294378585277738
0.013278950028266071
0.01905231095234066
0.0993794346991128
0.11899358563102318
0.04321127408360801
0.010235420306101913
0.0017959937907501612
0.016375403769220902
0.0071215265323871235
0.017405627164721733
0.05669996164303044
0.0832475923427152
0.019741096648179444
0.005285923409803077
0.0017959937907501612
0.021592304210150255
0.007905374191321039
0.012854871087619874
0.0041376831138364
0.018266343342842366
0.0053796339991991435
0.011841805534218795
0.0017959937907501612
0.008068930268201116
0.017022637002422746
0.024423660960288075
0.12739712392831937
0.15254102240778672
0.05539367431699759
0.013121055811424764
0.002302331908280949
0.010981175336824628
0.02431169832195626
0.06503758657082165
0.10084088479707598
0.07254417419103792
0.010518425084541936
0.007374524726277914
0.011307952209847318
0.02767974544921658
0.010134108114024667
0.016478999000048636
0.005304205342136405
0.02341610830863475
0.006896295006708184
0.015180323491932659
0.002302331908280949
0.01201903216672065
0.050091461711521894
0.03751302739847428
0.006223061771054994
0.027870367721979806
0.01925561577307778
0.026303735094665225
0.010143791980995706
0.0121565563498663
0.026913925107881296
0.07199894927059096
0.11163448909654793
0.08030901195526124
0.01164427516454319
0.008163864307661908
0.012518310110177545
0.04876806321373853
0.0478821149309227
0.07311888751736798
0.01764646640068992
0.021294313489042704
0.021333854484673984
0.02374115260531171
0.010212335694763472
0.013305501216761842
0.05545305108654882
0.04152827155890752
0.006889153370936379
0.03085350022302018
0.021316659739674337
0.02911918151583925
0.011229542834524502
0.007253910254569646
0.005406745364520131
0.047323621619353565
0.04429260545394645
0.048087059073513905
0.004708286674923495
0.031346544355008193
0.0025487642916742497
0.04125032644690909
0.040500949631982884
0.061847401368126574
0.014926213011014303
0.018011734011991205
0.018045179649778323
0.020081385863179115
0.00863807486772903
0.07540652117140352
0.01881311599147781
0.03062365348418372
0.08163615057882898
0.04352829673057185
0.03211366893566323
0.058474157639683555
0.010791595026758536
0.006135699191213398
0.004573280064953201
0.04002854966564278
0.037464773332329636
0.04067430104740033
0.003982490784901885
0.02651438466931643
0.002155864968575775
0.04661501402977837
0.01989932617684451
0.026187259519074167
0.030025335327230753
0.03914023321393909
0.030911745503712024
0.04779382550006292
0.023208619962969166
0.06731452527970176
0.01679425005059842
0.027337379640312392
0.07287564306785856
0.03885720472360973
0.028667499120931007
0.052199201096926585
0.009633531489747682
0.048920018032904064
0.035140229550156665
0.00272167608055214
0.021076288042538815
0.03715729651930128
0.07831155866452975
0.02404008834166002
0.021801543733581112
0.041612681391157244
0.0177638972620874
0.02337706229539376
0.02680326797363085
0.03494003140848098
0.027594556038721456
0.04266499269373148
0.020718065373326655
0.035842111689115205
0.02048431127994074
0.032884691060348206
0.0019245156078338199
0.0352573689340949
0.028162571892394572
0.016462731223543935
0.010658431452150986
0.05426117346419877
0.03897688855940969
0.003018832450569999
0.023377426408314174
0.041214181698346106
0.08686172327429895
0.026664818535514362
0.024181866521788255
0.09509102777552982
0.0860529596676302
0.04337836170906549
0.01888429855048409
0.013583729369341694
0.01764545166009022
0.016319398444186627
0.04154778336026178
0.03975540316395943
0.022720816801578055
0.03647508724837268
0.002134636891609292
0.039106817383783535
0.03123740055907897
0.01826015505583758
0.011822133783606548
0.06142276827439135
0.0015094162252849994
0.00452824851491496
0.014452804289803814
0.026118791473002237
0.003018832450569999
0.020237022749570437
0.03613887964535337
0.05512866704693178
0.04988888092700398
0.025148442662177566
0.010948101325206162
0.00787511620366325
0.010229884482457667
0.009461110099256875
0.02408717172363281
0.011849523939025242
0.0
0.009904158130476142
0.009977428943804233
0.041298601546481184
0.15220259025965022
0.1723809994805301
0.06472625757447838
0.035609619756062194
0.0008750784008287546
0.0026252351091818793
0.008378959132378802
0.015142271489402446
0.0017501568016575091
0.011732338110971022
0.02095138006206838
0.02410053589720303
0.003161178291658816
0.004036256599183187
0.0
0.009504010708717033
0.026208162508637934
0.11589706311234012
0.06492031875083447
0.00535466578415659
0.0
0.0044755769881586905
0.004508687239602052
0.018662370722435158
0.068778628282209
0.07789702307931201
0.0292490633846575
0.014552568224913603
0.013233702121424985
0.014858929376246076
0.013484183883844213
0.05469157141816137
0.17162344546767158
0.05997621054344987
0.056914161429496436
0.010890759461110178
0.0014285006995273845
0.001823938684704691
0.0
0.004294754896154189
0.01184317207786183
0.05237257138137273
0.029336757434343736
0.016119112406975552
0.004434980577033441
0.0007908760546810041
0.003593232856165031
0.028243574388227374
0.09152434055530058
0.09729738194623344
0.03774503227263758
0.01289910086156596
0.01173008473816612
0.013170653162852387
0.011952106684223522
0.048477497930066546
0.1521235357967273
0.05316169470142226
0.05044755656762297
0.017397949867699054
0.008649084007775863
0.01421761216859167
0.024717890811205966
0.0249023213033346
0.035311842530264724
0.06469879450881398
0.01678995566824645
0.014287653802614713
0.003931076693686484
0.0007010164694409596
0.003184968612716511
0.025034530613035406
0.08112531629228234
0.08624242291076584
0.03345642987430178
0.00990555081921335
0.0016167021996186131
0.011964981993388957
0.0060175698159811745
0.013925053476306647
0.035114099021079655
0.09997697897655297
0.012867766477816787
0.01548269507136552
0.0076969488564647736
0.012652465119348763
0.021996819691251543
0.02216094713691058
0.03142453533098214
0.05757642219240313
0.014941631965260098
0.06106889621323395
0.03199714658949504
0.04467721141995209
0.0
0.007962875845829906
0.009585742690368907
0.05988993634063291
0.11071395346276842
0.008815097411708907
0.0014387273999664268
0.010647815929275377
0.0053551251291087615
0.012392112775677736
0.031248560432885767
0.08897100471154586
0.011451217306670229
0.12211564709855592
0.04825249840961637
0.0013303216669734456
0.0043879860949028
0.008886629119687557
0.008316862122460933
0.021817268846318166
0.10474471906351933
0.01705075381680716
0.06497960854429624
0.055906747381410896
0.04197675956005645
0.02285032392800761
0.020901899939032333
0.0
0.013026269426669642
0.04342151103753209
0.11255455867441189
0.020023159201153825
0.002802117493617146
0.0024588166822507615
0.0013209309240482222
0.0014768456481933662
0.0042367922195034255
0.06815991956993853
0.05365031670421072
0.05017651595760682
0.049561877208606664
0.027106684307279843
0.012769263670314116
0.027234835641388518
0.03339393280158019
0.1251430813699742
0.09137605665065994
0.003973785143923588
0.0
0.0
0.0
0.004623258304590266
0.027843000120449615
0.0698603240124813
0.18108761648758964
0.032215009476224944
0.004508291658849232
0.003955959293099152
0.0021252291812772434
0.0023760784236649974
0.006816521815010784
0.022023951252422947
0.05191217969622828
0.10091531660069043
0.012648045714395869
0.007603450955727991
0.0021252291812772434
0.002406727500438758
0.0
0.20134113262133957
0.14701379044778554
0.006393373032793121
0.0
0.0
0.0
0.007438302247770601
0.04479625336421086
0.022393639992271924
0.009533380193565205
0.0183981529617396
0.0064778438063282096
0.0192501672035042
0.0017134145027006007
0.005745753345401258
0.006924256755134084
0.039759607929432214
0.09371651289217221
0.18218136137931004
0.022833384115059325
0.013726430168934973
0.0038366539245983577
0.00434483988425556
0.0
0.0267341763867737
0.03129437862676864
0.04475744668808936
0.06535872288975414
0.029643625040966883
0.008104745995318465
0.02215312745560518
0.05592184142024306
0.040427003129496694
0.017210511156424163
0.03321399234862603
0.011694383401769268
0.0347521247125508
0.00309320920970002
0.010372748180108912
0.012500288010606913
0.02760626842192847
0.023613626348883213
0.04769953334088131
0.019583146058671713
0.026873394321235887
0.010766516649817238
0.02098075634269745
0.015244545454906331
0.024195186086793465
0.0283222981471701
0.0405067556868449
0.0591514935726662
0.02682831944312912
0.007335024453565721
0.02004920718103729
0.05061084882152307
0.014973662949990415
0.017923775598757283
0.019982888886705522
0.038093395903641566
0.06221016758989761
0.07037845130475875
0.06272624245216173
0.02510691084016208
0.02498445405488465
0.02137100000499353
0.04316942735542077
0.017723301297915873
0.02432118225672216
0.009744002212006253
0.018988178151034436
0.013796744988655052
0.05303469643824115
0.046782919909077965
0.05915248282327166
0.03139656915149235
0.017081360586162095
0.002799441858665285
0.018304785173266627
0.028953830994769447
0.012291861620614271
0.014713605489497697
0.016403929071720707
0.03127082215425027
0.051068250565285606
0.05777358468669072
0.05149189578917067
0.020610232432710807
0.018377083167331158
0.007992040209110533
0.0195332379276574
0.06363079197210118
0.09342352405609988
0.022154188075643174
0.005932058560942311
0.0020155305924524605
0.043536117507611063
0.03840404179332986
0.0485582008762848
0.02577340525568848
0.014022068034932866
0.0022980584013807337
0.015026375783689537
0.023768164487406623
0.015601558020601656
0.04830158529846931
0.04344975069798511
0.0683744358655662
0.0299111515272404
0.03368790145682922
0.03607333659446021
0.024530396197832167
0.022383900221277068
0.009734571530001108
0.023792135280119406
0.07750442687424579
0.1137929682175734
0.026984539975862802
0.007225445176792368
0.0024549834847887504
0.029514996381091313
0.01080603016598521
0.017571606528780735
0.00565589021636585
0.024968667188670187
0.00735354024621968
0.016186824902353607
0.0024549834847887504
0.019003218021586013
0.05883294187689397
0.0529232455122151
0.08328234334933411
0.0364327801747921
0.041032987553453526
0.04393852711154732
0.029878840721403312
0.019816040337116276
0.005207806237600686
0.04984773779368107
0.02348043369939257
0.07815858795590458
0.03348186187499765
0.026296144197730763
0.0
0.04079521917650187
0.014935945217722494
0.02428723115426505
0.007817493115557213
0.03451134593936441
0.010163961472139854
0.022373205171260728
0.003393244167931228
0.017714001468343437
0.0738262627140859
0.05528779798580812
0.00917173062031478
0.04107616386262863
0.028379490240704058
0.03876721483281859
0.014950217584362728
0.027389456475792055
0.007198157646659285
0.06889885272182522
0.032454330224472236
0.10802971767361375
0.04627816571588504
0.03634616627398886
0.0
0.02412922509570631
0.01439631529331857
0.06699301746245956
0.043144516013861274
0.021634889822220588
0.029918220623103262
0.024526333972808397
0.011210736771824046
0.018270461755900733
0.07614541027950623
0.05702458591712749
0.009459847558065927
0.042366513420044945
0.029270991764416446
0.039985032024051056
0.015419857512467387
0.009960713822632323
0.0074242775824118565
0.06498247641042568
0.0608204336561231
0.06603079128274983
0.006465188362963604
0.04304353744271837
0.003499838131402075
0.024887210554795647
0.014848555164823713
0.0690975082985991
0.04449983992700978
0.02231451926863663
0.03085805918419217
0.02529679404528978
0.01156290620225606
0.013280951763509765
0.0292946069669035
0.07785921494134128
0.02662565000817659
0.01634700382997284
0.012930377781402424
0.030125428505228948
0.0
0.008089248680269192
0.0060293698528933355
0.05277326714770965
0.049393208302833745
0.05362461975641392
0.00525047876729121
0.034956317855602326
0.0028422722999302324
0.061456800434596115
0.02623508633617549
0.0345250391035948
0.03958512251028539
0.05160211900946716
0.04075375743302519
0.06301093450035035
0.030598028448847403
0.01078566490702559
0.023790600248708306
0.06323066428030323
0.02162309931047019
0.013275652881172469
0.010500958391750054
0.024465323180429106
0.0
0.04276282807748349
0.024725622704496037
0.051478409147867436
0.027796070885660117
0.07010661617543419
0.004494027044593995
0.0391064732461562
0.011131168608240719
0.052455653582298575
0.022392617103727693
0.02946839858773365
0.033787367040401084
0.044044318280998425
0.03478484019614491
0.053782164523271045
0.02611654966193985
0.045181452662212004
0.025821886512722516
0.04145342008143456
0.002425984595640838
0.04444434410860118
0.035500863337491
0.020752407612555805
0.013435687614773994
0.03649965634346819
0.021104234031414627
0.04393872733583206
0.023724975186088768
0.059838591432032365
0.0038358183988374266
0.03337882217947388
0.009500864352699668
0.0260835651120945
0.0
0.0027660479590384413
0.002425984595640838
0.02039967397956762
0.04235730385699435
0.07862818420901455
0.06966861355634553
0.04611882557862893
0.026357609373356912
0.04231344805724352
0.00247631613926339
0.04536642434286865
0.03623739449886765
0.021182954744182757
0.013714435838689797
0.071254363209961
0.0017510199389093133
0.005253059630027141
0.016766182886249408
0.030299478621813633
0.0035020398778186266
0.02347624846285755
0.041923425605756647
0.02662471697992995
0.0
0.0028234347469688237
0.00247631613926339
0.020822902998677378
0.04323608457581785
0.08025947151833594
0.07111401797838295
0.050326344673814284
0.020507690810845195
0.007253203594375636
0.03520232227786757
0.08042969485229881
0.011962015830483194
0.05766439108601972
0.06130316278813813
0.04681395846701072
0.0011504162131582836
0.0034512485168128396
0.011015344940693568
0.01990669019936413
0.002300832426316567
0.015423843130322168
0.027543597566364098
0.031683615108872125
0.004155822787951515
0.005306238878447787
0.0
0.01249438678749612
0.03445439293035906
0.15236333148617667
0.08534708111139748
0.03306429674228083
0.013473507342200132
0.004765338661708879
0.023127847598644207
0.05284213098972025
0.007859017848771981
0.03788537694697992
0.04027604187836045
0.11010914585114871
0.009928989330774645
0.002300832426316567
0.0027705690507441863
0.005375131260963096
0.005999836616868646
0.07973601437872473
0.11707446398839244
0.016118723645544734
0.0021142334550103147
0.0026994961839122596
0.0
0.006356394844974641
0.017528329267702612
0.07751332748807754
0.04341947753314564
0.02385687786304528
0.006563933998343345
0.0011705255826100433
0.005318116483008933
0.04180152650987069
0.13545938256368653
0.1440036956675637
0.05586403284062555
0.056016931360987766
0.0050512744379823974
0.0011705255826100433
0.001409499412121677
0.002734544497409051
0.0030523571257070623
0.040564903214215235
0.059560467594834174
0.08714023112892955
0.013107368835669316
0.0027845403446256243
0.0
0.014140404340759945
0.02491560746046561
0.02058263336939642
0.08798030234319841
0.018102963817738755
0.004980813514500128
0.0008882127154849061
0.0040354681288602475
0.03171963767759515
0.10278865136507134
0.10927220683510701
0.04239048256994862
0.012550684006787409
0.0020484189936347975
0.015160056304456148
0.007624474259691837
0.017643536351330386
0.044490808137776276
0.1266743762148093
0.01630391624693474
0.06612334020622093
0.009946071952081898
0.0021129518035499116
0.0
0.010729955093809482
0.018906344029721904
0.015618417015796521
0.06676079909264925
0.024731710107526318
0.005973144611998604
0.012883522194942076
0.011279710500183626
0.014662136254251857
0.0415109915052518
0.08361580797798583
0.05847013629299327
0.009976711214697122
0.0016283164116906157
0.01205093711755573
0.0060607993804720085
0.014025089539983653
0.0353663548742877
0.10069520267688922
0.012960207107143342
0.13820749663865314
0.054610995152582165
0.0015056254598411261
0.00496621512370389
0.010057669048725036
0.009412820724820562
0.024692250193855524
0.11854750600637164
0.019659576279265605
0.004748134747501143
0.010241288865018518
0.008966396905926422
0.011655133626191496
0.03299765767823284
0.06646735498469974
0.046478714957981976
0.17327054028723357
0.04130016950955708
0.0027446834112728052
0.0027658241478151257
0.005750998832458816
0.0013586284576943897
0.006906899205108764
0.009923599348756116
0.05996864035789114
0.04720276326354054
0.04414643472086513
0.043605661634256755
0.02384907454079648
0.011234687269465082
0.023961824985853288
0.02938073810751348
0.11010371619135785
0.08039472336793216
0.0034962261349349663
0.0
0.0
0.0
0.004067647325568246
0.02449690186319374
0.08934561139349056
0.029214275164970667
0.020672693381559297
0.017021395483448967
0.02938114852008517
0.009542228104604568
0.037287524654680756
0.043728107332818664
0.09094313538944357
0.004342001933899788
0.0
0.0
0.0022203510960259617
0.0032585811467384404
0.017759922001519875
0.0993736519968123
0.2054533455012166
0.15001641586628808
0.006523951969094007
0.0
0.0
0.0
0.0075902229303925015
0.04571117684584731
0.022851010096455942
0.009728090972780263
0.018773918810427365
0.006610147982764491
0.019643334682416292
0.0017484094642111465
0.005863105227770928
0.0070656785174998925
0.16969973459985574
0.008102168158811736
0.0
0.0
0.004143171335588696
0.006080506828861713
0.03313998398302311
0.18543106412443927
0.01440688349657012
0.01965273181310558
0.017833582349167452
0.005532221712176523
0.013716191616164176
0.007425969687648028
0.007256360727850768
0.0
0.05323347179614457
0.022662457993931035
0.04373552299348878
0.01539893093230965
0.04576090502716182
0.004073076223253323
0.01365862801963308
0.016460130055270108
0.03635138391851955
0.031093952431284773
0.06280979459836294
0.02578669633400202
0.035386349912798806
0.014177134490649106
0.02762704169421502
0.020073713550304996
0.0335621236456393
0.04578279648357452
0.04154492510402702
0.012887805276093362
0.03195309513529268
0.017299460560290338
0.01690434131875006
0.0
0.0457872480336679
0.007578043835213769
0.08583021237937623
0.03967531715822928
0.06024271968004621
0.012676372806690034
0.04775024803524835
0.032234654601362954
0.02811063291982078
0.02404504556914301
0.048571000314087336
0.01994092869984853
0.02736436926309822
0.010963220118795351
0.02136407322118509
0.015523062181486186
0.059670660816302824
0.05263663098631346
0.06655393499046264
0.03532506367441798
0.019218665180911608
0.0031497219149335524
0.020595170723023103
0.032576677998587995
0.035407414605403635
0.005860123757034687
0.06637275761041132
0.030681040345323714
0.04658587367164012
0.009802676660739747
0.03692540832442469
0.024927153937995907
0.045123264885970536
0.014112942450282252
0.023673508307003672
0.008076242144941638
0.04143199904002026
0.027786564411178737
0.045457403988390446
0.052165649109937776
0.040938986581923055
0.03611306293892386
0.04566147943185368
0.02423590233439247
0.013185586772467077
0.002160968580676817
0.014129982915354252
0.02235028345963028
0.014670852869478874
0.04542017216105573
0.040857771952258794
0.06429558428028442
0.02812681288839059
0.031678262203173546
0.03392139509334112
0.023067044520374207
0.030958275146076478
0.0096826405757803
0.016241975967235762
0.005540967106464384
0.028425762838178895
0.019063871122342122
0.03118752208323671
0.03578993059124245
0.01263584589995111
0.0
0.014663200559206753
0.05633172186709343
0.17315820529484796
0.039087319546880314
0.03530659357278788
0.011111251683684492
0.013693286742428692
0.04239367996019619
0.03813528715586618
0.06001136264228644
0.026252632853583535
0.029567437674487742
0.03166110340337924
0.021530013130659418
0.01427898801810515
0.0037526267408746605
0.03591914623591244
0.016919466540727172
0.05631930102826931
0.024126268235408557
0.01894840349201695
0.0
0.011793878834483778
0.0
0.013686144330209688
0.052578158003724215
0.1616201169762608
0.0364828056903131
0.032954001651558214
0.010370873235905465
0.0005594085774540624
0.006529736440294301
0.01828566147360655
0.046445802801846486
0.1497872120184842
0.017092364345209422
0.00204199887503993
0.006262116848429004
0.019018098487827054
0.004998101045782542
0.04784049540815398
0.022534935993016137
0.07501133920436895
0.032133631939668915
0.025237264947721782
0.0
0.01675432952496442
0.009996202091565085
0.04651716273464056
0.02995775602507706
0.01502236693802007
0.020773967051650383
0.01703006539952597
0.007784268966275224
0.0007450729286604155
0.008696916795756904
0.02435456282890434
0.06186088614345145
0.19950068917857305
0.022765217541666726
0.0027197260525956314
0.008340475866685957
0.006797379307991288
0.0043524325427091535
0.008125850729120598
0.12451126354949088
0.11022634100108197
0.010764196165219023
0.01019990810100361
0.005428141815482217
0.01938914964291158
0.011568225271285676
0.053832546857916184
0.03466897399090571
0.017384815078275544
0.02404092358582277
0.019708248304891863
0.009008439020068962
0.010346935450078436
0.02282286787267614
0.060658624889014974
0.02074353456413568
0.012735637960499214
0.010073809967211462
0.023470145039302677
0.0
0.007866349076272792
0.005036904983605731
0.00940373862935682
0.14409215943806664
0.1275607607619331
0.012456995663246621
0.011803966504277352
0.006281782496071203
0.008693807916973322
0.015616395252047091
0.06625220267551717
0.0686254344234024
0.1275022919036718
0.030942028319044655
0.0038560752274786505
0.0035551255609231696
0.008317041110588933
0.01834540587156634
0.04875842507647094
0.01667400271135654
0.010237120449634776
0.008097498243977461
0.01886569816784597
0.0
0.03297526876565636
0.019066420317235315
0.03969602698407984
0.021434104087388446
0.05406060858385815
0.003465433796078722
0.03015578070356749
0.008583465898642107
0.006988229336299042
0.012552721715249215
0.05325463718005212
0.055162280859414846
0.10248849126135313
0.02487172388540904
0.0030995782613315124
0.002857669846899393
0.016261126119079435
0.005587844107500448
0.02596303200959807
0.10010266361651618
0.16249573263003883
0.004649367226752508
0.058086187746532965
0.026845526278974095
0.022961956108941178
0.013276686524992068
0.027641880215912257
0.014925396386812246
0.037644494434509304
0.002413115698601256
0.020998637429373787
0.005976999569825654
0.01640918675048854
0.0
0.0017401224612360812
0.00152618839152553
0.012833447365850794
0.026647005739040122
0.04946503873196685
0.043828567359590224
0.011323251582323435
0.0038910321566101402
0.018079064213127098
0.06970535963438403
0.11315206881428806
0.0032375343762544055
0.04044766103500957
0.01869357913410658
0.017018620342634905
0.004571471796015762
0.014021073583125728
0.19939405345344619
0.15963940098245952
0.011689070437084231
0.015321229141320086
0.00152618839152553
0.013491619077407023
0.0
0.0014307271744797595
0.0012548307683931956
0.010551649264693546
0.021909144947351192
0.04067011183238635
0.03603580997129314
0.025502012750378562
0.010391920890116133
0.003675436627550322
0.017838173572741502
0.04075636958985451
0.006061546536041958
0.029220442021962487
0.031064327226512697
0.013992694846928009
0.0037586601354950237
0.011528114507819516
0.16394161736345272
0.13125537667103807
0.009610743548971117
0.012597101277197927
0.0012548307683931956
0.0036041521989540475
0.0017745986956794408
0.011001043643728113
0.061837045590367505
0.20359136459106186
0.07241191605975782
0.007986109930216239
0.0
0.02689598010147178
0.01095995442447904
0.0038763399331037725
0.018813227259951597
0.04298415643607128
0.006392877166729108
0.0308176627026134
0.03276233664880004
0.0895677116282214
0.008076684695572295
0.0018716001624767243
0.0022537049748673674
0.004372372549294079
0.0048805358697687875
0.06486084590931213
0.09523361341587892
0.0038011590212347
0.0018716001624767243
0.011602372480687496
0.06521712478195035
0.2147198867976176
0.07637002900579995
0.008422639258859034
0.0
0.026105749768770312
0.004316332399288248
0.008134067069652234
0.002646842326350647
0.033823238858569214
0.029870080444349842
0.03297485107026776
0.03550388699229773
0.06256444441586981
0.005641690309093738
0.0013073419227237787
0.001574248097519008
0.0030541704633613906
0.003409130473392576
0.04530631312211451
0.06652216523976529
0.09732557664964935
0.014639417565965663
0.0031100100520037644
0.0
0.015793198947194168
0.027827856688586103
0.02298842492947872
0.09826383919837405
0.01823527363434628
0.003015025543988547
0.005681772792929842
0.0018488606730503894
0.023626060207000765
0.020864717359478167
0.023033448096460202
0.024800019157540286
0.05675604772944424
0.004185536443002165
0.0014616526830625374
0.006108340369146532
0.005361828292568909
0.015754883422492212
0.08715338750846101
0.23278494382884918
0.07320351475489022
0.011011050298226285
0.00233919668977923
0.0
0.011878867939510023
0.020930745933650963
0.017290763244841714
0.07390922972410922
0.027379864660854538
0.006612720687942434
0.014263028820853013
0.012487488554811367
0.016232088461940068
0.045955792155504806
0.09256899324760198
0.06473084196133651
0.04268910928057259
0.0031481547740055808
0.0010993833012288537
0.004594393372570074
0.004032903683080003
0.01185004888521397
0.06555249409290068
0.17508939229442363
0.07159752537541748
0.0014749774461587492
0.010041861451025251
0.008455488219368862
0.017386534869674564
0.017938440854330773
0.03403206633762791
0.040222757184423454
0.02702315991837044
0.006526570195259971
0.014077210151345141
0.01232480161517921
0.01602061689308774
0.04535708032074841
0.09136300485768832
0.06388752886981458
0.23816980858649878
0.05676933568958176
0.0037727170562851103
0.003801776151774253
0.00790506158079322
0.001867508920863475
0.009493909691053223
0.013640528583014344
0.07066475316606284
0.001455761447225996
0.009911036129303696
0.00834533016032705
0.01716002317868564
0.017704738934881236
0.03358869674433255
0.03969873530114573
0.08615160159955061
0.03148198786135869
0.0025548180994466947
0.003801776151774253
0.0044362454185000125
0.005556062218844518
0.008673694421053505
0.046813842310650444
0.09199387508595663
0.030080205824736025
0.02128544584308485
0.017525921032615535
0.030252025417731688
0.009825066129220678
0.038392751830193916
0.04502423768755704
0.09363875076186728
0.004470701775949355
0.0
0.0
0.0022861637878909945
0.003355167671865634
0.018286337970744315
0.10231915352135712
0.060975912684240824
0.016883453225184506
0.0022704511018914403
0.0016922944315073568
0.00981772205933733
0.013405691642912412
0.044100569067843425
0.10484717120813519
0.11829035282224225
0.0031328255733778132
0.0
0.0
0.0
0.0
0.001794949243216454
0.1140524601030321
0.1513678621369023
0.0072269286440832
0.0
0.0
0.003695603820558292
0.005423657977803432
0.029560025763090712
0.16539980935427506
0.01285057492914366
0.017529738668796997
0.015907103454233497
0.004934601550285662
0.0122344952777589
0.006623776746399682
0.006472489853085962
0.0
0.1912173931458976
0.0050642400249014
0.0
0.0
0.0
0.0
0.0029015511994695403
0.18436680238456066
0.02322136084831908
0.02348991162520567
0.0897498022955364
0.013457846878006755
0.013408669438927162
0.0029015511994695403
0.004361822861298051
0.0066318262737042775
0.014930006598781435
0.020366335003930737
0.018481131066019257
0.005733100200913074
0.014214235256933593
0.007695611369754672
0.007519843800759725
0.0
0.02036831526218169
0.0033710692940700365
0.038181303743733644
0.017649441770591693
0.02679878698523571
0.005639045122732749
0.021241549723935188
0.014339486112057138
0.026978954063123145
0.027290960715987498
0.10427277751385251
0.015635545008834895
0.015578409861651373
0.0033710692940700365
0.005067636620226706
0.007704963441271886
0.010016720374031545
0.0232275512989168
0.22038069786185582
0.28473909868587105
0.012127704424509276
0.0
0.0007106838106292336
0.006367322475969425
0.012279419735201682
0.0020323121615853333
0.023018312937106114
0.010640296008943586
0.016156149860708787
0.0033996038001407303
0.01280586545960695
0.0086448273453415
0.01564891183195733
0.004894419600444757
0.008210058496112782
0.002800870051826067
0.014368767455933889
0.009636481262656465
0.01576479248391353
0.018091236209107953
0.0060387671861725205
0.014003163646524285
0.1328606247374301
0.1716602901506894
0.007311413395565281
0.0
0.00042844902474247165
0.003838659421036349
0.0
0.005820655827709411
0.04379232105113594
0.299319175046458
0.13038806962003202
0.0035395446334382523
0.002606153770682092
0.0
0.013403890695924441
0.004192257330658502
0.00703222868597868
0.002399052178918762
0.012307398142609671
0.008254014267892731
0.01350314690039876
0.015495834809793479
0.005470895794236613
0.0
0.006348672095607194
0.0243897387388984
0.07497167222408188
0.01692349319627564
0.015286566155965386
0.004810797835482401
0.0
0.004985614037001962
0.037509795632661436
0.2563783059550397
0.1116823618157542
0.0030317551718238626
0.0022322702469098643
0.0
0.0
0.0
0.020406447647857547
0.08446608069429787
0.18777993748875305
0.05210528146926525
0.014632158632853502
0.0
0.00651091208885659
0.0
0.00755555350533654
0.029026223633511143
0.08922377346682417
0.020140646172312707
0.018192539599608478
0.0057253296283005005
0.0003088263090261895
0.003604797075060034
0.01009475644205694
0.02564080428357461
0.08269131667147239
0.009435986515053632
0.0011273030143446423
0.0034570553812250985
0.0
0.0
0.024285709631139893
0.10052306725896583
0.22347686942387768
0.06201048599187446
0.017413729325474494
0.0
0.0
0.0
0.002489837308514989
0.03935195068587672
0.10650149712023237
0.0855941501465582
0.025616484023246178
0.0
0.00044119133753233825
0.005149837292338735
0.01442143679655414
0.03663062506865583
0.11813336991798583
0.013480313657994004
0.0016104726513464626
0.004938772517067918
0.004025035339827996
0.0025772719168438997
0.004811683278057758
0.07372874357682976
0.06526999565666364
0.006373966790246847
0.0060398263373755545
0.0032142479692472132
0.0
0.0
0.0035569982876312817
0.0562184608311212
0.15214875349135842
0.12228037730069602
0.03659588098154334
0.0
0.011668479528351228
0.013651018978653255
0.022820597698496196
0.05340129499542028
0.08383595402810656
0.04504291514244271
0.034293757023119785
0.0036381568835797636
0.0038012939304204623
0.00243400796947052
0.004544214123786602
0.06963035148608317
0.061641803706212424
0.006019654295383736
0.005704087854801411
0.003035576153944491
0.004201150870193853
0.007546386247428074
0.032015372501973643
0.03316220076388339
0.061613549516896356
0.01495226607713838
0.0018633898922274293
0.0017179605285229831
0.011019858625701505
0.012892193783775985
0.02155205909908055
0.05043285372777829
0.07917572798545139
0.042539094811209356
0.032387454871109306
0.0034359210570459662
0.02372398387238532
0.058425251172732486
0.11390615387620154
0.1716756840612423
0.05842809947984626
0.006521864324772797
0.0
0.0
0.0028932017798180038
0.005196961212974855
0.022047990078483532
0.02283777499005224
0.04243133289687447
0.010297160031458948
0.0012832585925290785
0.0011831059184385885
0.006732280348212145
0.002313427298842447
0.010748973281323713
0.04144357470288868
0.0672749734208123
0.0019248878203805173
0.024048303752451497
0.011114335359178773
0.016337968924403725
0.04023565111134982
0.07844362111938227
0.11822769760576125
0.04023761265176235
0.004491404868612474
0.0
0.0
0.004397309764077203
0.03004894704054278
0.13249843827642105
0.19943181031007853
0.046703865649182434
0.012075703610192614
0.0012832585925290785
0.0018148017009489675
0.005195439541221163
0.0017853195414445878
0.008295204288120537
0.031982861022435236
0.05191748396780771
0.0014854756155655005
0.018558571799221612
0.00857716173611288
0.007808641574579708
0.0020975251815189425
0.006433279308026785
0.09148783298373332
0.07324723381540778
0.005363287948468023
0.007029828766251875
0.0007002599438011829
0.0033934946023677815
0.023189391937303364
0.10225177648078498
0.1539056396154776
0.036042335994828506
0.00931906943553279
0.000990317112240867
0.0014005198876023658
0.0
0.005282753235202308
0.11168896912732615
0.13257677166892012
0.0829389343176238
0.00990665712348872
0.0033216245246090264
0.00182605445768193
0.007151557552023347
0.0019210219740759872
0.0058919297012388246
0.08378928609337338
0.06708360259006947
0.004911976310502734
0.006438280528380575
0.0006413342502201277
0.0018420541689101544
0.0009069835969933507
0.005622547880240142
0.03160443325780762
0.1040539636500113
0.03700916734186722
0.004081638698443092
0.0
0.0
0.0048382184575708745
0.1022905306910855
0.12142065986717707
0.0759597628359445
0.009073028629900325
0.003042115421366644
0.0016723950539302348
0.0
0.003810410561818115
0.03850589221405139
0.06452873810185408
0.13387535965894118
0.06322247037648797
0.012368252919035615
0.0024421280228298383
0.0020073809940584033
0.0009883865877865943
0.006127179071859273
0.034440973409183534
0.11339294604515208
0.040330789605359726
0.004447971230246471
0.0
0.01378637032250549
0.0022794425526441956
0.004295577098669362
0.001397789713743617
0.017861953804851692
0.01577430237462334
0.01741392268794399
0.018749499183116476
0.0
0.004152400005629889
0.041961847536481585
0.07032027864461361
0.1458908522278094
0.06889677164394638
0.013478320159319063
0.0026613122788818216
0.013509926613262575
0.001288698380028817
0.006269636169388923
0.0027337422253064804
0.04470901653988006
0.1479968542695914
0.10414756969829335
0.038688006033077885
0.012379245658448449
0.0020467881438988576
0.0038571431715007966
0.0012551224028152957
0.01603884916170828
0.01416427671809563
0.0156365469509679
0.016835806012100177
0.038529559332856324
0.0028414042409937103
0.000992261371766912
0.0041467239544274274
0.0036399448093343205
0.010695401457530142
0.05916517709397503
0.1580289971529541
0.01213101755290683
0.0011571656246589215
0.0056297172144911594
0.0024547191017129286
0.04014572987288111
0.13289135376626884
0.09351760614763813
0.034739262004095654
0.032461142783629965
0.02102633430288819
0.0005613077861423058
0.003648500822841179
0.0
0.001984522743533824
0.009950589201931415
0.24744752942209494
0.034139226435639096
0.0025176343684717227
0.0008791960313234449
0.0036742166403539805
0.003225183526901276
0.009476691104206757
0.052423474674766345
0.14002204568690865
0.057257791793167354
0.0011795652303476405
0.008030652025524486
0.0067620016395207524
0.013904315663880099
0.014345684521157646
0.027216037962677925
0.03216684157918656
0.02876228856593572
0.018630443750380962
0.0004973483720811315
0.0032327646071823564
0.0
0.0017583920626468897
0.00881674807121596
0.21925159239172934
0.12331788990755495
0.06503364318724153
0.004012829394393266
0.004278352673059401
0.012784954604597129
0.023819939376595965
0.012095254724727082
0.0664867743524405
0.08464395716716776
0.0017437464091191247
0.01187167972750983
0.009996239100653084
0.0205546924293488
0.02120716618847097
0.0402333565341551
0.04755210907656144
0.10319448026003142
0.03770988948071366
0.0030602231535611767
0.004553859786274394
0.0053138424796323495
0.006655186233578363
0.010389561785228837
0.056074757015867706
0.18230032742069846
0.09613896617337986
0.0059321491231296075
0.006324671089528322
0.018899945597707107
0.035212918018220164
0.01788036511334607
0.09828712397432489
0.03271467333945507
0.014238612574849404
0.009985234307676278
0.0
0.0021639046799926034
0.0017437464091191247
0.004305417511669679
0.009116865112792534
0.060695929962908124
0.01680592957738018
0.002260025885602309
0.0016845239336275922
0.009772642085648445
0.013344136811466654
0.04389807275747451
0.10436574510024067
0.117747199740433
0.0031184405975589647
0.0
0.0
0.0
0.0
0.001786707385872354
0.11352876612702395
0.03602014895982355
0.013279500938118288
0.002524025977301507
0.0
0.004810821250402392
0.008781806944721623
0.08247112331583575
0.05430839463372839
0.19226634680336877
0.007569473842628367
0.002292059587405246
0.0
0.0017006670264691943
0.0
0.010696683301872019
0.09427048652941848
0.1226410215066446
0.0032480495607157467
0.0
0.0
0.0
0.0
0.0018609667102054033
0.11824726090217226
0.014893474742851102
0.015065715045168397
0.05756279411855442
0.008631453767071534
0.008599912853012526
0.0018609667102054033
0.002797540550782814
0.004253451714202215
0.20025734136604637
0.007884077127729709
0.0023873224142327617
0.0
0.0017713503321406699
0.0
0.011141260002501596
0.09818856661884762
0.06279181827881508
0.04825258129900163
0.15655864812838088
0.03213300848549217
0.004278754713922084
0.0041018509237747795
0.002776572184557407
0.007813884849794974
0.015798355112294646
0.01598106019003104
0.061060127233058294
0.009155873568926812
0.009122416328794871
0.0019740331552981515
0.0029675102570355977
0.004511877973017676
0.00586559824221696
0.013601606012996361
0.12905068582610085
0.16673772396324527
0.007101749784185842
0.0
0.00041616273138720994
0.003728581224998582
0.06660685034508554
0.05118425536071806
0.16607065589043732
0.03408530834108105
0.0045387183028858065
0.004351066398564455
0.0029452679192686747
0.008288631752834893
0.015538889609782731
0.023284869612698628
0.05644098167404965
0.07719987427841424
0.02365693428408351
0.007261252176928118
0.010259393357051512
0.001213312425014751
0.0046306490354003456
0.010737909615195811
0.1018802190605749
0.13163258865534347
0.005606539935023799
0.0
0.0003285433933742092
0.002943561822677062
0.0
0.004463396826375011
0.033580839098702665
0.2295240082080737
0.09998421369782959
0.0027141945429056745
0.0019984515170492993
0.0
0.012267315491341376
0.018382448739058636
0.04455783818688606
0.06094613176664683
0.01867617852424143
0.00573246052668316
0.008099369917750678
0.0009578603543106412
0.007944119683359762
0.0025973636103566716
0.02431569752469076
0.00731496426232873
0.08404173458692303
0.030658486332914372
0.04032082121825684
0.0031617965021857614
