0.11532631295468457
0.04303649372420294
0.018335731206784094
0.00482186245942527
0.012141595679105914
0.023934067252987887
0.03774192417165491
0.10879906875160872
0.015622594263347717
0.021697616309296026
0.013092693845889678
0.011906403699119513
0.01886722246672995
0.04391623009851734
0.048705515786048835
0.025981002477477238
0.03352161371388489
0.0248076639182631
0.008982001724446487
0.04110612879996719
0.02098423406477701
0.03406075135255776
0.0652156671576692
0.024785231013477543
0.009853246397774844
0.019706645506683253
0.011212620185041098
0.02083359835968986
0.03074389679524922
0.015414768839965867
0.05097236466246898
0.023872828885978945
0.02562545327853244
0.03559019991281799
0.021475704276920814
0.01952985442519919
0.030947557087311964
0.07203498238439711
0.0798907593798552
0.04261615925582911
0.020173166061313866
0.012207864117812939
0.02978421003158854
0.027058157151371293
0.04135324765162372
0.02790846955863751
0.03759661096622619
0.01054966468834086
0.016162098365469627
0.03232444722019554
0.018391854120912803
0.03417296720317827
0.0504286469741461
0.02528456106900631
0.08360902978955798
0.03915816098989968
0.029786204083857064
0.009951681745831817
0.014634758862664198
0.012954447346166938
0.03842139122055859
0.025117879206334723
0.01717007600835939
0.018089073753112445
0.018397078490985527
0.011133058326099114
0.0271619461257459
0.02467590062076642
0.037712421569910747
0.02545134975209215
0.03428652700515481
0.009620850229215069
0.031343333178908486
0.05179744061523389
0.04116826818675218
0.10687675700430485
0.052741397919483284
0.028496612948242583
0.014439924421558196
0.06068047603847663
0.027163764617498146
0.009075514950847125
0.013346284201238765
0.01181391081154122
0.03503869188748662
0.022906448788531764
0.015658386743156668
0.0164964740117527
0.01726804693167774
0.057347675300752673
0.11639242969967131
0.027324365678905612
0.02573065461636593
0.005110518972995598
0.009588433949928215
0.013754452859143021
0.020180643288135222
0.033350175819775556
0.026506502366065953
0.06881341230000271
0.03395794990454028
0.01834776083149705
0.009297255087572866
0.03906958569137664
0.03866576181787716
0.03159252306441717
0.015793575873912308
0.010017322463649671
0.02285796550488767
0.04581807172521234
0.04613673278350053
0.011785958739181356
0.01111816326048773
0.036923736605877965
0.0749401504875373
0.01759300051762274
0.016566877537214555
0.003290446482592727
0.00617358607429656
0.008855909012275105
0.012280294740384803
0.03833599911214262
0.14404855669923797
0.1263475415296199
0.01588174051159189
0.0
0.001517958620998583
0.013934452949108101
0.03571574043199616
0.02918215755518572
0.0145885980227832
0.00925304641921985
0.021114006924819764
0.042322361694052096
0.04261671036606879
0.010886743808476932
0.015334711508149504
0.011193140027137173
0.025555854573493603
0.033241025441937765
0.036285866881895994
0.00972202354170591
0.012155025693345558
0.024166922852619007
0.011343364226001209
0.035411137117631296
0.1330583084049041
0.11670780001045668
0.014670036100467448
0.0
0.0014021452971613208
0.012871317703149603
0.0
0.0
0.06639928631375318
0.1814141182575125
0.05136598918935723
0.0020222026875223813
0.0
0.0
0.017580551816009597
0.012832427797964
0.029298629145578698
0.038109329274874724
0.04160010200172197
0.011145859414478888
0.013935186124187905
0.027706281870264235
0.0026241656650596397
0.019418801638282746
0.05828800368156805
0.044220122359911324
0.028410257996299922
0.03535047547635093
0.006217217706820505
0.0
0.0
0.0
0.07612377272077298
0.2079830653799344
0.05888877883644367
0.0023183637404308242
0.0
0.0
0.0
0.0
0.015258458832423202
0.1568756603728524
0.08801617737414782
0.007797899254634913
0.0
0.0
0.0027480803860483716
0.020335769426933634
0.06104039916077173
0.046308223807649554
0.029751807899076117
0.03701974672846583
0.006510798561003869
0.0
0.005806464992438731
0.018798585351931026
0.017639764954340612
0.07475610590606971
0.08417401308499882
0.014710633209526189
0.011772866883456424
0.0
0.0
0.0
0.0159789726681588
0.16428342579858562
0.09217235554804538
0.008166120866289284
0.0
0.0
0.0
0.0
0.0
0.10624435724998946
0.1740374227828431
0.007743653782210747
0.0
0.0
0.005563133887575719
0.0180107944069234
0.01690053661120016
0.07162330722923825
0.08064653885904577
0.014094155776738794
0.01127950220978887
0.0
0.006559648071769552
0.017952443525678815
0.03937036828379282
0.03873174975883283
0.06338342941232306
0.03505881896150388
0.010509770165251215
0.008096161392957378
0.0
0.0
0.0
0.10179198272112103
0.16674404920211758
0.007419141048050513
0.0
0.0
0.004943262521272029
0.0
0.0
0.0032418018289042385
0.1452731890462756
0.11911088850607982
0.013694913682230817
0.0
0.0058049899035967955
0.01588709520255469
0.03484098352347306
0.034275835203154324
0.0560914493839025
0.031025458664378735
0.009300668119829195
0.007164734240282098
0.049989490527904745
0.04208928356726674
0.026926637673171324
0.016361818441327974
0.06885573929406139
0.039848548326033975
0.03262949086873365
0.023495289009225172
0.0043745622803010465
0.0
0.0
0.002868847029650808
0.12856015847957594
0.10540771358785907
0.012119375122899487
0.0
0.009910602658115409
0.019828579666261836
0.014160358256587945
0.009275111619404213
0.05734649145309187
0.11335979799023921
0.019648683420865436
0.008551841096223815
0.050289138944504416
0.04234157634007877
0.027088042085537056
0.0164598949157401
0.06926847631209017
0.04008740962034995
0.03282507948486111
0.023636125134475057
0.02375089361987683
0.04158353425147773
0.05542231791449053
0.035540228462841446
0.009846737513835274
0.012809083607639118
0.01857032880329412
0.024131266479756695
0.009970009072597569
0.01994743669876348
0.014245238676157375
0.009330708755546023
0.057690239412512924
0.11403930249438837
0.01976646211420987
0.008603102783759217
0.04391545337198425
0.023282203602779057
0.009493795336375854
0.025530325494009635
0.027768101723707514
0.0301625965407484
0.04311055564646279
0.019493967204890536
0.02936090579604853
0.05140565451409431
0.06851318865426538
0.04393490689521861
0.012172558101147939
0.015834616716183664
0.022956680423125608
0.029831123543854022
0.061290727901769565
0.021040614400921392
0.025180764245240576
0.013377298271690805
0.03420678311355814
0.042843388309203874
0.02982044681045666
0.03548038306844766
0.05428837794829372
0.028781510188464338
0.011736250221971304
0.03156064330753212
0.03432698709755314
0.03728706674244814
0.053293361648161265
0.024098484202508028
0.031220314982237346
0.0037737309627542946
0.02043163839156164
0.019367212490522496
0.010411866040703328
0.019501095531347372
0.05227123370386149
0.030399731371346456
0.06608013887271408
0.02268478070302003
0.02714845222450898
0.014422633859917409
0.03687978681139911
0.04619127796601137
0.032150691204704505
0.038252909056288496
0.022409518795886353
0.01419516379385968
0.030322544144756384
0.02305247988294749
0.0674418172398546
0.06795402056223672
0.054630327477627215
0.029678746448617663
0.03365994858117122
0.004068619750881847
0.022028217783207127
0.020880614976578532
0.011225475327955887
0.02102495997350185
0.05635583881031922
0.03277524251190658
0.019129624298314284
0.020536533577521887
0.010883263523879774
0.01902563656406717
0.03997916793496256
0.03599974998442088
0.037295104086363724
0.021636223358862602
0.017017360147904788
0.01077953600159196
0.023026360316437643
0.017505612505274295
0.051214026657745826
0.05160298406844801
0.041485226262663745
0.022537472654128934
0.02441024961131965
0.016100172735517372
0.043845141298927456
0.037438837165447506
0.048189500608711654
0.07195973759361546
0.04540505552008878
0.03788787912286067
0.014526670971546352
0.015595050980852926
0.008264542253554098
0.014447704674198966
0.030359415807166407
0.02733752189412817
0.028321189034534306
0.01643013437690875
0.03392226799536644
0.06562459204826496
0.08585496313118095
0.03387623998621085
0.029350453995062156
0.004767139224540339
0.018220207492336618
0.012696381833858726
0.015564430423129884
0.010265770417444971
0.027956479839640697
0.023871700841366146
0.030726524361383598
0.045882870797156194
0.028951110240718506
0.02415801836840947
0.01814749235861995
0.03760335098930047
0.03608293368843105
0.015020785969503955
0.03908262380746374
0.07964904491228868
0.03860063952190706
0.013778844707667952
0.021629470751655427
0.04184346384183835
0.05474272575713354
0.02160012243455812
0.018714396877022473
0.0030396168805797074
0.01161754411876053
0.008095449855086558
0.14707500566981338
0.07747368096952433
0.00921431114374145
0.028645900185224338
0.005751753370713201
0.011158451577095739
0.02198089553435692
0.032074352575448585
0.015443245948180459
0.031999892124362
0.03070603962633121
0.012782465338900867
0.03325873127987223
0.0677801519797243
0.03284856982516996
0.011725591806144327
0.03086968789836634
0.03171171186088775
0.004940332094930787
0.014855056686856697
0.023387906922145815
0.01927523610005712
0.051127089165185345
0.05887591485935723
0.12515864123288098
0.06592894963556371
0.007841241667103835
0.02437723478402883
0.004894656527848502
0.009495676245544711
0.018705415006668717
0.027294796750032966
0.03828182721599269
0.03552922501835865
0.0368528665313078
0.024871332004168717
0.018961025642352965
0.02626989003803541
0.022336127770565636
0.041613268548327566
0.03803396167973795
0.028147026180909012
0.010191069926130556
0.04663942914337508
0.02380892403064105
0.03864567269294896
0.07399435500821167
0.02812157358043872
0.011179592937041603
0.0223593591416786
0.012721952173521602
0.02363801123736726
0.03488233599303096
0.017489752503127173
0.05783376005836374
0.0270863529061005
0.005737214789799048
0.015214948165082894
0.019125153027555956
0.03684653565518173
0.08296247837057372
0.0802854148916062
0.04835386697754042
0.03045995211856419
0.02857511720097593
0.008689294189859049
0.01910787947617547
0.016940318229499547
0.0436867910576433
0.021766768957991133
0.027833308145545452
0.01964137176671479
0.014813722744741782
0.029627675080858968
0.016857453874370237
0.03132197627225165
0.0462214730893797
0.023175114327914047
0.07663367455463317
0.03589126405378623
0.02730119313339129
0.009121430329964257
0.013413806507380485
0.011873680444086121
0.03521596169867592
0.023022338441741407
0.015737606574490602
0.016579933943497382
0.03786397823226791
0.011513907143217535
0.02531924287351643
0.02244707646089918
0.05788797624206237
0.028842452691113823
0.03688103066534211
0.026026156526188126
0.009594236707581406
0.12553275434794026
0.04869633433857135
0.059948669112476004
0.0368829216305285
0.014522138082367865
0.01564401102898875
0.015588202246704786
0.019765569315793485
0.00660375034033153
0.0097113529439853
0.008596329570817301
0.025495718395038655
0.016667756022916775
0.011393742101048675
0.012003571858940479
0.012565002803646263
0.041728731905093505
0.0846923344189382
0.019882429826703466
0.018722774421072275
0.003718642037390977
0.006976973130783557
0.010008354704011742
0.006946053593675833
0.09088344034429667
0.03525526401323713
0.043401750573419884
0.02670256719167181
0.01051376492881178
0.011325980621422945
0.011285576073926646
0.0
0.050899861351017324
0.3051616750682856
0.09531650410955803
0.0037740891674246674
0.0
0.0
0.0
0.009465935006213838
0.03143663955178033
0.06380357773589605
0.014978571150860919
0.014104936431406348
0.0028014656572223537
0.005256152762411809
0.007539865818399766
0.010455366515685864
0.032639031060414055
0.12264204468914044
0.1075715105357987
0.01352161503173387
0.0
0.001292380522919596
0.011863706519957662
0.0
0.038345775715561865
0.22989573720950365
0.07180737219244886
0.0028432371504231112
0.0
0.0
0.0
0.0
0.0578434585820188
0.08257534567081783
0.037806855246162514
0.029509088393807913
0.0
0.0
0.0
0.01102754553450172
0.034425230400172244
0.1293537371669244
0.1134584549349808
0.014261597165316272
0.0
0.0013631071701807368
0.012512958169426342
0.0
0.0
0.06455061643925142
0.17636323843860552
0.04993587205918743
0.0019659011006213666
0.0
0.0
0.0
0.061008992121825464
0.08709435322482602
0.03987586825558769
0.03112399890105681
0.0
0.0
0.0
0.0
0.0
0.028309339421844024
0.0919657308510725
0.047498086670094426
0.0039050230190892958
0.0
0.0
0.0
0.0
0.07168985020294222
0.19586883661859625
0.055458729678367576
0.002183327800594733
0.0
0.0
0.0
0.0
0.014369711181244154
0.14773824510603195
0.08288956715969999
0.007343701047410925
0.0
0.0
0.0
0.0
0.031440324112260026
0.10213704891141001
0.052751327657885407
0.004336914668212568
0.0
0.0
0.0
0.0
0.02671310503199244
0.1538148478525613
0.041822690931551325
0.00944138448968062
0.0
0.0
0.0
0.0
0.015380971147265811
0.15813523714307648
0.0887228716577665
0.007860509685943004
0.0
0.0
0.0
0.0
0.0
0.10226823885106409
0.16752419782916225
0.007453853127613074
0.0
0.0
0.0
0.0
0.028593024074641336
0.16463947723105798
0.044765938188015185
0.010105816365715389
0.0
0.0
0.0
0.0
0.008166582758563594
0.11706493801625499
0.046272169102484974
0.022828485922346247
0.010217274075898515
0.0
0.0
0.0
0.0
0.10113029190203826
0.16566014255697437
0.007370913502169765
0.0
0.0
0.004911129230032355
0.0
0.0
0.003220728749766479
0.14432885204761284
0.11833661749503965
0.013605890967382146
0.0
0.0
0.0
0.008075712532983505
0.1157623470011941
0.04575729494168453
0.02257447151671983
0.010103585642493869
0.0
0.007944043582632131
0.001433205555575022
0.010900125731316107
0.058413397066900574
0.11745559624284245
0.028263676301841817
0.01311746149141401
0.0016341057340260943
0.003671075198065637
0.0
0.0
0.002407498739935779
0.10788599613245885
0.08845676852737963
0.010170420393847548
0.0
0.008316847557508564
0.016639883572688113
0.011883186627738806
0.007783551826113675
0.048124422280494066
0.09513005329325418
0.01648891700680477
0.007176592704490016
0.0059381824428922985
0.0010713229325400348
0.00814785751988204
0.04366408684498126
0.0877982040473143
0.02112713313332287
0.009805318754032013
0.001221496065409078
0.0
0.00902156868383848
0.07534757551137405
0.05107037303835878
0.22910731803069162
0.032544042504072376
0.0
0.0
0.0062293139927272825
0.012463263136657795
0.008900499886105655
0.005829875799485336
0.03604516435234536
0.0712523546946051
0.01235018926644575
0.005375263769722901
0.027438605741989596
0.014546842999665468
0.00593177315109172
0.015951481355801937
0.01734965568831713
0.01884574861668791
0.026935701418854523
0.01217993301700709
0.0
0.006757149707264841
0.05643529031950693
0.03825167975989115
0.17160124821048667
0.024375468944059786
0.0
0.0
0.0
0.0
0.0
0.06516579610367995
0.2537891648318423
0.07860036982238089
0.0023325460722464814
0.00506538967505559
0.02780144209352686
0.014739204211091995
0.006010212374590427
0.01616241690227895
0.017579080092369238
0.019094956711820942
0.027291887579361875
0.012340995226195663
0.015988132486607493
0.001932552911002204
0.010463178917592512
0.009918079281740896
0.005331986361645757
0.009986641683998395
0.026768449010563765
0.015567906121347352
0.0
0.0
0.0
0.06602752063610023
0.25714516387542186
0.07963974739440487
0.002363390660874807
0.005132372215134117
0.008896873775031516
0.004657836795910555
0.004402402092085196
0.09288606759080574
0.15611768083033106
0.07708395508293174
0.0040686823334584255
0.004600952048695012
0.020876617294516075
0.0025234446586048275
0.01366237001911269
0.012950602306743117
0.006962278976916161
0.013040128149359285
0.03495309199053841
0.02032790374013753
0.01186460058014405
0.012737195691788114
0.006750031924603096
0.011800105171722206
0.024795931779832813
0.022327811978400385
0.023131218192225363
0.013419246725002774
0.011617155979569992
0.006082003404086931
0.005748467729425307
0.12128664099513414
0.2038517680743712
0.10065292060608255
0.005312710789688584
0.006007725742295666
0.006028896250085254
0.014104896432125334
0.007966615527445996
0.010365837114080085
0.015528583990034216
0.13144576807039132
0.08923369621921994
0.012643430042620163
0.013563960021479903
0.014561536394095995
0.0077168348441712005
0.01349022697539094
0.028347437832830263
0.02552581075076241
0.026444288342293624
0.01534127717716249
0.03167417282516575
0.06127552174287598
0.08016518649303488
0.03163119518236806
0.027405341897058875
0.0044512115669961185
0.01701271863961099
0.011854967731369462
0.006892411350674701
0.01612513206998661
0.009107668967939802
0.011850529586293736
0.017752733520883492
0.15027266455841032
0.10201458362719584
0.01445434074868753
0.01205539651632301
0.09831917305184946
0.05223695304770723
0.008576309538251186
0.02553016504005294
0.02152602230977468
0.025188447539097547
0.017635432735730643
0.020596428342107762
0.039844983471823525
0.0521281653746504
0.020568481726261426
0.017820580941115167
0.0028944421242267124
0.011062680067426674
0.00770880410121249
0.1400505749758838
0.0737734703178532
0.008774227597752511
0.027277746979314704
0.0054770446074046625
0.0106255141864228
0.020931068770329898
0.030542453489721455
0.00783913480092098
0.0639329656245605
0.033967569293627466
0.005576825820183088
0.016601229579446278
0.013997498164865403
0.016379024565268924
0.01146760575654076
0.07435078328706754
0.06298347810578836
0.06608926979413147
0.029458307362745476
0.04935127588276485
0.01872317302333367
0.03029226012220722
0.008912705859526525
0.11047500898459545
0.05819415448735601
0.00692130591296401
0.021517293614383436
0.004320414623904629
0.008381641956222876
0.016510892660437565
0.024092566733621673
0.0337905969893388
0.03136093053148061
0.03252928220576376
0.021953423267889752
0.01673651501456038
0.0231879022446103
0.019715649609385825
0.03673119307999577
0.05864955179987587
0.049682768605671196
0.05213268617818435
0.023237368151688614
0.038929384242003456
0.014769255380273166
0.0238952086397418
0.007030540646318655
0.08571643037231039
0.06667610891900316
0.015491463358671064
0.0
0.01651584711029415
0.00879676272444772
0.04091002991830405
0.03114764385476063
0.006708382081945999
0.017790459201537805
0.022362564168357635
0.04308373463906225
0.09700595563626838
0.09387573211623058
0.05653896998970368
0.03561606188640991
0.033412171453188366
0.010160174855515498
0.022342366635788608
0.019807891361379268
0.05108187458309855
0.025451339754487493
0.03254479263646301
0.022966165857856026
0.025097628491243525
0.0069251908928738195
0.018008880018362552
0.008907252245442029
0.05166823315360645
0.025263967399584464
0.0439775404619118
0.014979794115206798
0.044556915002912784
0.012594930695370725
0.0266936228065901
0.014173427448440756
0.04039119823820129
0.015033045346127467
0.04727836062778574
0.013700840920053553
0.02774199854248658
0.008435954437382813
0.018550781816564686
0.01644641666127566
0.0424130856690122
0.02113215034115796
0.027021817218651
0.019068719931830375
0.007029459480598597
0.09197473828006408
0.035678597424657614
0.04392290426907702
0.027023202681983008
0.010640010699443812
0.01146197920626829
0.011421089494487812
0.03699543661208376
0.010457522926434993
0.02216361322195488
0.011768142761016556
0.03353665786802789
0.012481880223370097
0.03925504253636372
0.011375755968673986
0.16866251257101827
0.17207829691760096
0.05496985508625578
0.0
0.0003472188333705234
0.0
0.0
0.005944713878780357
0.005137666137435663
0.06722216689138008
0.026076645341762926
0.032102214764007576
0.019750621470608718
0.007776532864775913
0.008377290259452731
0.008347404933537719
0.0
0.03764821139609195
0.2257136060494734
0.07050109373591419
0.002791514613822513
0.0
0.0
0.0
0.12327145236167537
0.12576796857585323
0.04017617056274041
0.0
0.0002537740558020466
0.0
0.0
0.004344851161892299
0.015785665164067257
0.07563932135464396
0.07672733270039171
0.024542178921495877
0.0020459918523830067
0.0
0.0
0.0
0.0
0.04140608697546702
0.24824332570022015
0.0775381966591337
0.0030701510804101704
0.0
0.0
0.0
0.0
0.06245984681011168
0.08916554381992993
0.04082415617833483
0.03186415864068409
0.0
0.0
0.0
0.017361319449476362
0.08318929910972599
0.08438591086740972
0.026991869130240202
0.0022502135811865317
0.0
0.0
0.0
0.012137213757309489
0.02313574180995843
0.0745781866354662
0.062402054909253345
0.009040095962364686
0.0030229689122720556
0.004405902588788817
0.002527400168312721
0.0
0.08204191742722741
0.11712023895396804
0.0536231230345727
0.041854035922224905
0.0
0.0
0.0
0.0
0.0
0.03806901911489548
0.12367103002704961
0.06387311065158734
0.005251284522842241
0.0
0.0
0.015942406837805262
0.030389133437371436
0.09795953308083902
0.08196600692471535
0.011874297558451046
0.00397071364327376
0.005787217145772781
0.0033197768887371715
0.007046985359076214
0.0013218239652706442
0.0395876794816769
0.0991196268046382
0.06745761912459172
0.006255412091848606
0.001338222409906435
0.0011593163334052323
0.0
0.0
0.040823305845910866
0.13261860695269806
0.06849431879475983
0.0056312140198014
0.0
0.0
0.0
0.0
0.034685305816860995
0.1997190154626553
0.05430416356719274
0.012259050678194971
0.0
0.0
0.00755683349069169
0.0014174576929822827
0.04245184101888367
0.1062909140938448
0.0723381658153273
0.006707990039013797
0.001435042562157496
0.0012431926629873115
0.0023587922026652884
0.013601320992404676
0.047160304372313624
0.029857722905314313
0.062044724316910466
0.030112557477044673
0.018080148892007278
0.008807507118373959
0.0
0.0
0.035726863167035355
0.20571633345151946
0.05593485124246141
0.012627174990186101
0.0
0.0
0.0
0.0
0.010204110764773363
0.1462721470539901
0.057816880426878686
0.028524097022028187
0.012766440929676399
0.0
0.0024296238501990315
0.014009752041752187
0.04857647068535692
0.03075431383969154
0.06390785157296036
0.031016800782217354
0.018623073670302373
0.00907198579485707
0.0008098746167330105
0.0020246865418325263
0.004398179760743255
0.033319248391122235
0.09926644274516447
0.0642563759536934
0.01194590238507051
0.0
0.0
0.0
0.00964608030284164
0.13827298713992228
0.054655058565492916
0.02696420460177561
0.01206828475581311
0.0
0.009488807583772851
0.001711900445080351
0.013019716549581197
0.06977221100525374
0.14029549822992904
0.03375970728868505
0.015668225732258227
0.0019518667943379956
0.0007655851419418833
0.0019139628548547082
0.00415765725563491
0.0314971243472415
0.0938378757512983
0.06074239850067677
0.011292618862399906
0.0
0.0027416666942231024
0.007455874776774605
0.10857637685441464
0.11734706724555802
0.012605041147057445
0.01217854292939825
0.003248102525802857
0.004365066143488258
0.006616119470761723
0.0011936313142307789
0.009078063751107555
0.04864902988858049
0.09782175150085438
0.02353912804616868
0.010924750283350783
0.0013609490748276109
0.0
0.01005152280179623
0.08394968767121333
0.056900860269556784
0.255263525884287
0.03625945739107624
0.0
0.0
0.001911641082174422
0.005198646705255031
0.07570543238749393
0.08182084098404953
0.008788929212287824
0.008491551155330932
0.002264756048035493
0.0030435646258107104
0.004303322644638948
0.009471230643746893
0.031651631618162694
0.07003283302456617
0.045406847536299665
0.008859112895636258
0.0005968156571153894
0.0008440247943724106
0.0
0.0070823871022057654
0.05915165263223137
0.040092822433383475
0.17986081701604165
0.02554871718677756
0.0
0.0
0.0
0.0
0.0
0.06830237804757644
0.2660046299924555
0.08238358917224078
0.002444816961746162
0.005309198708989603
0.0030321571562842635
0.006673508390320902
0.022302004577473986
0.049345720357464755
0.03199404485113875
0.006242205101283416
0.00042052130763640505
0.0005947069350065846
0.0052791248243352264
0.00646656709206547
0.015216242812432277
0.03548769324816226
0.04347304657593971
0.018658688735831857
0.016475827107114586
0.0021566909534218763
0.0
0.0
0.0
0.06058525117225974
0.23595016428053595
0.0730755002262995
0.002168589936860154
0.004709340238249371
0.008163555546465103
0.004273918049337522
0.004039537361704827
0.08523000229567364
0.1432497966668301
0.07073036720232721
0.003733324206905638
0.004221721985261176
0.0046826642438316975
0.005735943647850152
0.013497039474191666
0.03147812521939426
0.03856125542498749
0.016550541517280273
0.014614309956528397
0.001913017772572869
0.0005004438315831125
0.0
0.002271051864751222
0.02277314953360789
0.06573879328227257
0.06296210483338406
0.017164438425347164
0.0014258382810057202
0.0074482295162405406
0.0038994188725589023
0.00368557563406725
0.07776178102233472
0.13069763017553576
0.0645326666416843
0.0034061941997332802
0.00385179645327453
0.0038653697238124752
0.009043220743013598
0.00510772008402179
0.00664595827837811
0.009956004535309194
0.08427520911732099
0.057211339091259854
0.008106215410688808
0.00045659277950670123
0.0
0.0020720524819945233
0.02077766771703106
0.059978476008419594
0.05744509300579267
0.015660416124040708
0.001300900166542142
0.010349436335485228
0.0
0.0
0.0024775972293891897
0.012647586086011462
0.11507662434745569
0.12734558594307574
0.09491744746310185
0.00442055507995458
0.010342103925636996
0.005841344962504279
0.007600521225088333
0.01138599139779133
0.09637970760798596
0.06542863780736288
0.009270515959229612
0.0077319158128717445
0.06305852883385157
0.033502981236572096
0.005500549338638642
0.016374167909876298
0.013806048773246116
0.016155002082722077
0.011310758717194093
0.011835932041805185
0.0
0.0
0.0028334559954216474
0.014464166410072811
0.13160514845690588
0.14563630831547497
0.10855049698725605
0.03173919032754257
0.018402550030509054
0.013977615352287661
0.011312121199856843
0.01637296876577838
0.04469848268500591
0.044530926532515544
0.025931083435025908
0.008609840705333233
0.0702185462842585
0.03730709678970464
0.006125112422805211
0.018233382359352478
0.015373664636883977
0.01798933122047315
0.012595045415442858
0.08166059350621147
0.06917570973457067
0.07258684787413176
0.03235450598606697
0.05420325517372644
0.020563945042807067
0.033270448956443634
0.00978896008970251
0.0353430352127565
0.020492078311411435
0.01556471184325003
0.012596562601994543
0.018232047057738274
0.04977379798255447
0.04958721656896238
0.028875443434161693
0.03841823926648356
0.03424773890662852
0.030979636264895343
0.039816473069055405
0.016553130785625935
0.015514192192809693
0.024290149298789542
0.009659012913676707
0.065856997252893
0.0557882857612346
0.05853927378912869
0.026093009129073332
0.043713417620488346
0.016584249685740713
0.026831691657498928
0.007894524029967782
0.09625012547101829
0.07486993825452694
0.017395209827629952
0.0
0.018545480133987054
0.00987779720048144
0.045937464912583055
0.03497537888740356
0.030983241355468986
0.027619848818758234
0.024984214941294155
0.03211087802501967
0.013349639549127509
0.012511764472358453
0.019589329772885685
0.007789725247016228
0.04568775194150084
0.036577240276030355
0.04410384815353958
0.024937437884015326
0.005158279647778826
0.025052047875671574
0.02434640170357726
0.02604530664357585
0.026697589046413027
0.0073666681531449636
0.019156936603956416
0.009475084869652895
0.054962055716559516
0.02687453197227014
0.046781085429396636
0.015934748074990415
0.04739739479125507
0.013397850872259849
0.028395327156067508
0.01507697595928806
0.042966115783884984
0.01599139404374526
0.050292331136749475
0.014574262289422615
0.039210532685287576
0.028052208467462526
0.031007539349609068
0.019922055117489443
0.036224554842423484
0.007179787873912329
0.028687381152429275
0.03146285204750755
0.09103908090943359
0.04313907256850591
0.015091308419433154
0.002395568429445398
0.016822656368731693
0.01836754318604551
0.08655774180565334
0.06949919547482725
0.028882395764015446
0.008164204656903715
0.01730316782983929
0.009187407630704787
0.026182121738506137
0.009744623594269489
0.030646473676112607
0.00888107064250152
0.13167508981467865
0.13434179804620974
0.04291505264120175
0.0
0.0002710742913316934
0.0
0.0
0.004641047509483597
0.05547618759214209
0.026287515849838492
0.009196141355163816
0.001459779714976836
0.010251167204096828
0.011192569841621125
0.052745408609074014
0.042350497908694856
0.17009375721063816
0.08534732038121581
0.006145679206443924
0.005269788291926382
0.004616228882827058
0.004541720265473184
0.010056629334246897
0.052133733540769236
0.11687518952015719
0.11924216743825704
0.03809152450753706
0.0
0.00024060632286656089
0.0
0.0
0.004119407155950021
0.014966584496295695
0.07171457664474246
0.07274613366624375
0.023268743555253216
0.0019398301952537444
0.0
0.0
0.0
0.15097570951474543
0.07575452774424611
0.005454922590097614
0.004677479287971917
0.004097378071343392
0.004031244007669124
0.008926293204191553
0.04627405226414768
0.01810086954736774
0.019749061041159408
0.07841260788616325
0.09366687106202463
0.01521990657842813
0.0029380684672205893
0.001614036247570272
0.006901901007003068
0.014970446893471271
0.07173308388521196
0.07276490711861533
0.023274748474372154
0.001940330803436533
0.0
0.0
0.0
0.010465766413507866
0.01994965849888166
0.06430783015580706
0.05380850526833844
0.007795160783159626
0.00260666798358741
0.00379915425870814
0.0021793453031253985
0.018105540803353533
0.019754157642698958
0.07843284367444908
0.09369104348815996
0.015223834349937761
0.0029388266888009536
0.0016144527787464687
0.006903682167090872
0.008120890882669351
0.005167664842372791
0.12891959525964986
0.23433769351496359
0.02935810392237762
0.0
0.003681175148275183
0.004154580940659018
0.009476092490138774
0.018063159601774688
0.058226690938758645
0.04872021336352285
0.007058027251724663
0.002360173725230187
0.0034398949601394985
0.001973259945273694
0.004188695328042016
0.00078568601830456
0.023530732596081655
0.0589162452535991
0.04009649512100813
0.003718187858919946
0.0007954331775411866
0.0006890922376052548
0.007352955346602876
0.004678995122723142
0.11672857583510982
0.21217802595016028
0.0265819145117257
0.0
0.0033330723044261
0.0037617114405152315
0.0013254954092971167
0.009950593752967207
0.023679990504862903
0.17129233824002313
0.10304032650510296
0.018611916582783078
0.015445729701112352
0.0
0.00449586593121069
0.0008433029202854969
0.025256317475972605
0.0632367644543692
0.04303690105333148
0.0039908546245528516
0.0008537648702976311
0.0007396256046054754
0.001403340898781351
0.008091976056444222
0.028057572790796566
0.017763567155327755
0.036912916317575886
0.017915178550570014
0.010756611950616366
0.005239942264331764
0.001422698283338907
0.010680303040850441
0.02541652095092122
0.18385376052899047
0.1105966075817848
0.019976788743473483
0.016578415116761516
0.0
0.011831688116948671
0.0
0.0
0.0
0.09204067758682836
0.15504996873846694
0.07994709074623627
0.02401067826693773
0.0018745173193022858
0.010808884197956703
0.037477997099354295
0.023727744494703246
0.049306551959926004
0.023930259925153533
0.014368180543981928
0.006999270480297111
0.0006248391064340952
0.0015620977660852381
0.0033933088589999803
0.025706657501809185
0.0765866148935344
0.0495754474878612
0.009216571081023412
0.0
0.015804217144289832
0.0
0.0
0.0
0.1229436442468488
0.20710851654785148
0.10678959500274696
0.03207234414578431
0.0028117759789534286
0.0018217033220305058
0.003572198621427782
0.007449107728232094
0.019301777782932107
0.04262306365708835
0.059633825894777566
0.04290888731358607
0.0007439560429606042
0.0018598901074015105
0.004040196276593095
0.030607276330593524
0.09118679412545887
0.059026321114170784
0.010973582927986163
0.0
0.0026642098875867878
0.007245233471576545
0.10550890718532449
0.11403181046539226
0.012248927022453003
0.011834478114086423
0.0031563380345880237
0.004241745506102501
0.003347802193322719
0.002168985873244073
0.004253188898872231
0.00886917712418713
0.022981394848098642
0.05074856143071762
0.0710021902957825
0.051088873415487734
0.04624319787178309
0.06023561861970254
0.11611769356753344
0.02339368477300696
0.01869199632721662
0.015562138653986686
0.006587636057454596
0.039337717305461345
0.0017680320197779949
0.0048081064589538
0.07001817955281556
0.07567417759217417
0.008128674577976685
0.007853636584923565
0.002094619773162666
0.002814921568109501
0.003980042225553706
0.008759719175840128
0.029273852032660613
0.06477172539227799
0.04199572875366276
0.008193585821296926
0.0005519808093288172
0.0007806187447277318
0.030688068126756687
0.03997376593599945
0.07705841842518149
0.015524596591274331
0.012404446126437216
0.010327399340671124
0.00437170942818385
0.02610542964542052
0.0047483183749686105
0.040652412928412325
0.14591532216193967
0.19293027240766786
0.031106124708525786
0.01865259023120595
0.008758816113657917
0.009314392398206587
0.0029090624734502595
0.0064025879345674525
0.02139662334605034
0.04734246146172164
0.030695201618239173
0.005988794008941193
0.00040344965391912946
0.0005705639708491703
0.005064811329882651
0.006204047709264725
0.01459851804211831
0.03404702044667524
0.04170819712906905
0.01790121303333555
0.015806967741439932
0.002069137051958616
0.0034706050875361774
0.02971335533727811
0.10665132778676742
0.1410151409576067
0.02273585428391963
0.013633410702495052
0.006401927875161903
0.006808005506736429
0.0010975017316972634
0.006450276710409253
0.06945246104522051
0.08108681266598662
0.21989409827359804
0.03583718139486986
0.0011553039907483598
0.0014878487504315114
0.004801404816330816
0.005881392733478185
0.013839290404593054
0.0322763312011008
0.03953907175069976
0.01697022156961821
0.014984892052651048
0.001961527085581059
0.0005131338268447003
0.0
0.0023286400206714276
0.023350619254353007
0.06740576352469825
0.0645586652495005
0.017599685357248446
0.0014619939490104882
0.0010404237704595292
0.006114816060629654
0.0658404349637001
0.07686971685960181
0.20845802810152014
0.03397339094110658
0.0010952198974870618
0.001410469944683835
0.0
0.024807619911008418
0.06658894826293563
0.05065830500840873
0.11145611856687242
0.029976434216135838
0.007685039552110017
0.006552182209860956
0.000399525560390694
0.0
0.0018130771360908926
0.018180772256685743
0.05248207005054476
0.050265321759206685
0.013703100024202192
0.0011383072430791
0.009055912702189063
0.0
0.0
0.0021679348993726673
0.0110668283542778
0.10069377987089224
0.11142930609230517
0.08305419641002768
0.0
0.019315191726591473
0.0518460983836639
0.039442513118614984
0.08677963895543021
0.02333962614072816
0.005983565247610636
0.00510152348613123
0.0038620804171100418
0.00196669999546844
0.0039590216239741224
0.015539765812206348
0.0343425350385134
0.07313005204415998
0.008851700656376471
0.17108968452991677
0.009214409358006544
0.0
0.0
0.0022058781131469693
0.01126052007176036
0.1024561232034754
0.11337954268981827
0.08450781161321042
0.024709325073570983
0.014326597061674587
0.010881734471761282
0.008806616587075938
0.012746544681134153
0.03479828337022073
0.034667838976484296
0.020187646990790665
0.00392967457914985
0.0020011211943612535
0.004028312451784036
0.015811742916493822
0.03494359835867806
0.07440997479407296
0.009006623191351211
0.17408409754322957
0.0413237286031718
0.007118789095734465
0.004753393252870724
0.0022058781131469693
0.013357172612176824
0.006305062895127808
0.02667317195507148
0.09589861273374294
0.03798688700396901
0.0220249975308037
0.016729037177471196
0.01353885418498749
0.019595903613376542
0.053497149532851694
0.05329661081192698
0.031035484086751414
0.04129213309276315
0.036809656560508656
0.03329708201727637
0.04279496240959149
0.01779139524747261
0.01667473838164892
0.0261071849423283
0.010381559758888003
0.0635290443732265
0.01094407217435465
0.007307630291179518
0.0033912072620012014
0.02053465261396319
0.009693089998897484
0.04100600749222745
0.14742975596895197
0.046974634627946536
0.03532886209045705
0.019929479470008553
0.027535684795855487
0.010100769630123034
0.006075886488688949
0.02903644794845923
0.048328871771170595
0.04131543825257335
0.03683043182360233
0.033315874793514944
0.04281911576189679
0.01780143665920005
0.01668414955548933
0.026121919761571192
0.010387419081018841
0.06092356421271514
0.048774906883882946
0.05881146501693556
0.03325349866574097
0.006878447023416217
0.03340632844810865
0.032465365541198936
0.03473081612269899
0.04700114697509437
0.03534880159745904
0.019940727610252094
0.027551225856260596
0.010106470475121938
0.006079315701350096
0.02905283603522237
0.048356148445822957
0.024580036396909952
0.014669769885397668
0.03354177039188056
0.035570088639372256
0.0372388758734117
0.039032552124853785
0.030364309070058926
0.027045480517598013
0.032166076547166446
0.023012426077548262
0.025436810365829027
0.016342913651016998
0.029716551246589548
0.005889886990271262
0.02353348539008792
0.025810322840424785
0.07468325076887548
0.03538882579202972
0.012380045578889184
0.001965187213700584
0.013800344331622338
0.015067681044981249
0.07100701668649352
0.057013161732652994
0.04763833160646458
0.044740664281502585
0.012732209074272678
0.0015046288563186803
0.010789750567680924
0.022658058915361625
0.02743513941273081
0.013769750531664859
0.1312102471321901
0.04891396374021511
0.017196615284220954
0.00595385109899157
0.02554307360130039
0.009290289644115447
0.03415670180879432
0.08325227108057665
0.048530727442396254
0.02299639398845221
0.008044810737723064
0.0012770194663397241
0.008967750365364367
0.009791292082959178
0.04614183418413868
0.03704833659744429
0.1487985048924279
0.07466207977035436
0.005376257732580354
0.004610025857487643
0.0040382902187015065
0.003973109867313719
0.00879756808088005
0.04560673908637437
0.08526314368569969
0.03178530953011134
0.011174717767348184
0.0038689360993668753
0.016598419728970797
0.006037023160317262
0.02219573423422313
0.05409905481050325
0.13157968950757717
0.08222068474457288
0.042381032662230284
0.007854030615490669
0.003435357720848244
0.0027679934315868395
0.0015184149076550412
0.018559413487757744
0.14862736242040786
0.07457620624019158
0.005370074162125558
0.004604723578261805
0.0040336455284120274
0.0039685401450252405
0.008787449447294215
0.04555428392176329
0.01781932012101851
0.019441874870212008
0.07719294135516465
0.09220993255714074
0.01498316900319554
0.002892368370363032
0.0015889307697134717
0.006794545597134184
0.1314283514726538
0.08212611758982533
0.04233228758443653
0.00784499720338866
0.0034314065009549786
0.002764809789125113
0.0015166684836500687
0.018538067144890702
0.00788534132541131
0.002562074025124013
0.04603220771011009
0.03626539905344252
0.06459453012065758
0.013242457931392056
0.009032810380037925
0.0019568024117870425
0.013259776242749094
0.014467157487925687
0.05744108770355443
0.06861558492484086
0.011149329325720153
0.0021522795001241903
0.001182360849265414
0.005055981579391804
0.00594741671433708
0.0037845917032587467
0.09441557173106414
0.17161958402671965
0.021500704847766738
0.0
0.002695945915487744
0.003042649443827992
0.005867668399386736
0.0019064996902116457
0.03425365109614079
0.026985938494670646
0.04806631286090169
0.009854025175021116
0.0067215271777517375
0.0014561028117432407
0.0008987325438077926
0.0
0.03977183456913257
0.18811712612315615
0.1279683730471869
0.021433328686222976
0.007632025151313579
0.0027366065696993623
