0.3715839699768572
0.012637521718203558
0.00999690249151759
0.0013406373411003704
0.005411602080379409
0.003359998647819668
0.002058867418490452
0.016860532894580064
0.012149066871996708
0.016819446292470352
0.011226455307576272
0.012360340294423606
0.011314543386466805
0.0018973209164316939
0.0014957488704672812
0.0019229729973019461
0.3224973776430941
0.04485807231567984
0.003561144076710854
0.003778387518424262
0.002228042844412421
0.0
0.007752519454586644
0.049307187654869994
0.030797445801191183
0.026429725319292236
0.006197371052342059
0.0
0.0014732056111952463
0.0006639647902983434
0.0013021420968650503
0.00671725060205691
0.023656268566332964
0.032750279739492384
0.021859789282755906
0.024067653315015116
0.022031311529993672
0.0036944016876789567
0.002912473637717975
0.0037443505866969306
0.023915007323893026
0.15629238043680999
0.13625235115350712
0.0071556439966015606
0.001434289067590577
0.0008017919754014049
0.0028030806041102157
0.002267810165834101
0.05996778655563726
0.05146310304116638
0.012067319701511066
0.0
0.002868578135181154
0.0012928506825565869
0.002535488814039671
0.013079612281655332
0.11214504128651334
0.16405946193295903
0.01708961026725843
0.0
0.0007171445337952885
0.0038995667579089753
0.007090847143950568
0.0860842468239334
0.021536698251406083
0.1407493541972957
0.12270227364329411
0.006444026692616815
0.0012916513231893258
0.0007220550510710816
0.0025243187395881405
0.0020422800867906897
0.0029459679850307352
0.006925446974438541
0.26256445518988814
0.008278762325235972
0.0019374769847839888
0.0
0.0009133353939246795
0.0010211400433953449
0.10099239702787384
0.14774401191205702
0.015390075970930629
0.0
0.0006458256615946629
0.003511761106273755
0.006385673782902628
0.07752330672273514
0.01201134623216098
0.0011642787584065454
0.010442500880493059
0.0020422800867906897
0.017783676691007513
0.005935388233345679
0.013165013368920616
0.0026628073541344823
0.0056535523940263
0.013290496543407186
0.5038825648370094
0.015887618874759857
0.003718176063472088
0.0
0.0017527649754204488
0.001959650874112823
0.011230816489234432
0.009162757995785963
0.11773722097446335
0.02883250671875528
0.014630984182775923
0.0013856824253842346
0.007153277067699028
0.001959650874112823
0.023050751261169605
0.0022343457211177467
0.020040009311885768
0.003919301748225646
0.034128323336136426
0.011390493218736359
0.025264732416456617
0.005110144091277618
0.018767731163061303
0.0147054876973229
0.018459442184562493
0.01925581529032027
0.02928853919364215
0.013974035823935584
0.00938762308431086
0.012784709956525954
0.015109195056302139
0.012326966427127444
0.1583958422609198
0.03878934077441339
0.019683554984193483
0.0018642051600869325
0.009623544166289293
0.0026363842137039463
0.010222217505184115
0.01088202664262715
0.01732911315914756
0.03369539533295838
0.09830095754698676
0.04836127972123446
0.06749549266790936
0.010545536854815785
0.025248859793831707
0.019783787067475175
0.024834108264919122
0.025905495781937276
0.039402856596854156
0.018799740267324856
0.01262948499175114
0.01719970018712025
0.064629459025977
0.022789727097860764
0.06036141971736527
0.058040083277464294
0.033881408193493744
0.003728410320173865
0.009814873701748147
0.007688466107516679
0.008356992412594806
0.00889640765714187
0.014167108762315911
0.027547072148886326
0.08036420238117173
0.039536905518667315
0.05517974156038147
0.008621316405930566
0.012181105109683791
0.003048095654483138
0.011662153830104782
0.02361590567349449
0.0683229747737992
0.13335640634151213
0.07857880707527153
0.0
0.05283666664657501
0.01863133672760746
0.04934740689440911
0.04744963950631607
0.027699143660116717
0.003048095654483138
0.008023975719014819
0.006285568947483665
0.023945973314917438
0.018978761981726367
0.03658428615901886
0.03833767284150684
0.039886522574389384
0.01864835244005334
0.028239213455142544
0.00862131575593009
0.007910399006265554
0.001979430652565125
0.007573392499112231
0.015336148493059124
0.04436888007198204
0.08660153366252557
0.05102900860018081
0.0
0.020110012108977657
0.005161723371929915
0.015237050633538326
0.055092000579265964
0.09392070719363843
0.12373661443103752
0.06743160553314327
0.028172943002574523
0.015550494130766233
0.01232479143464972
0.02375780343994995
0.024896451218280484
0.02590227288039787
0.01211022376721919
0.01833852052353559
0.005598674912852903
0.03989679621694626
0.002213070715448434
0.007329710234451297
0.006729448656087084
0.03229038882660286
0.03886306297035844
0.06038273757223425
0.05015353611432024
0.015550505299762108
0.003991415132727271
0.011782381599054492
0.042601090558265484
0.07262623448745047
0.09568203480223014
0.05214295911569794
0.02178534240045781
0.031024720480909925
0.06379687009777185
0.045303953158073625
0.013775390444252057
0.024278755775214208
0.007196066221666591
0.026221284042199443
0.04994893405948425
0.030851067500759055
0.0017113051798693692
0.005667858240407094
0.0052036928880934
0.024969247152034364
0.030051710730485022
0.046692268286202876
0.03878231524283234
0.039641837697080635
0.06626704470231302
0.05166767606362161
0.011313134438584711
0.0174357911709641
0.025591060187888114
0.008722087938488459
0.01772352681103213
0.038174490685464746
0.07849911249990954
0.05574442931441649
0.016949983949938137
0.029873891588028428
0.00885442829759032
0.03226408321859956
0.06145986453531299
0.026575516845251147
0.06802077925175498
0.01844478830511751
0.0324624837527995
0.011056031945281328
0.012652078439323512
0.021866348480548893
0.02436981660196985
0.04877745683004865
0.08153854866471083
0.0635746974688774
0.013920291256609449
0.02145393857969598
0.03148862177097849
0.010732127787275609
0.021807984042197796
0.01198034680831881
0.02777919141365521
0.011712723447691399
0.00828366409256767
0.04664934771375555
0.03325092578566353
0.014449973033893773
0.015331494538093455
0.044120501665110536
0.11292765900714546
0.03062191858270359
0.05389400615645781
0.018355152928604887
0.021004899024156937
0.03630237071827031
0.04045861234709274
0.026701551212250093
0.013857183273765285
0.031085436384575373
0.0035650714003782813
0.029947341354320957
0.02046234262225311
0.03184041910909143
0.02664442695722685
0.019889694502761287
0.046118834420358995
0.0194453879255105
0.013752485700185235
0.0774469462048809
0.055202972534285265
0.023989752034366787
0.025453248350180594
0.011943722097619553
0.008774435463396612
0.02823728098584682
0.021064015613595274
0.038322589813826954
0.019764254780926697
0.03505579347918148
0.013748798414604432
0.03879184662251076
0.020131629203973368
0.04516072758615762
0.005179313436229385
0.0435073102433024
0.029727563399969886
0.046257561767036076
0.03870885686204058
0.025848382999962553
0.02146314833756812
0.02351584298747956
0.014582521078751895
0.12784083217354264
0.04193002044848891
0.03414944948379897
0.012602695297801251
0.017351764773133833
0.012747444970127544
0.041022945233877436
0.030601670159218552
0.05567481883050101
0.02871338574959614
0.05092883754449958
0.019974168358371208
0.026409420206652195
0.014163850562658733
0.015432735055738016
0.01678537070101091
0.03096690570044179
0.01786034925839828
0.047779299026792094
0.0041880317842970605
0.022684685570954898
0.018836179091017088
0.020637635402867997
0.012797702103988014
0.11219382972583743
0.036798020590265094
0.02996974797078448
0.01106019591931872
0.0017828503817820893
0.001993287352953957
0.001260665573223768
0.002818934001050873
0.11528904172535855
0.19948119663564118
0.08864672367577472
0.004800471504285207
0.023177054963167163
0.012430274516141744
0.01354385464807517
0.014730935259853698
0.027176729736670593
0.01567434245750651
0.041931380203743505
0.0036754401305521375
0.035419036038795225
0.009193941051235267
0.023736392441609945
0.0
0.030448748229474753
0.02929542200193192
0.03005733849380607
0.008456801578087963
0.0006366077001665588
0.0007117490567361609
0.0004501496140393636
0.001006565166470404
0.04116660178395025
0.07122934549883629
0.031653349862216865
0.0017141186693430744
0.015915192504163973
0.0
0.0
0.0025662476875119543
0.01618424221387105
0.09412796982913461
0.1853257918566878
0.13287086575266374
0.01264718077589634
0.0032829079365837544
0.008475624402873267
0.0
0.010872425292323672
0.01046060365840512
0.01073266345128922
0.0030196953476321086
0.09690014108305053
0.007703509533496487
0.002498109646438138
0.0
0.0009549115502498383
0.0035587452077912533
0.022787665306142485
0.2105466121831076
0.011199432539644222
0.0
0.0
0.0018058542395128802
0.011388761325512628
0.06623732938946542
0.13041273005099288
0.09350048999355479
0.006803527527724255
0.006254362115900803
0.0023914416034918665
0.0011421225043168047
0.005525152787112452
0.003689488534595794
0.13567214325101906
0.10866799686677356
0.06818809089853602
0.005420916857670902
0.0017579058785873018
0.0
0.0006719659523786533
0.0025042692301718997
0.01603555346662394
0.14816048118666564
0.018960930144021088
0.0005008538567149912
0.0016152051164914681
0.0
0.0006719659523786533
0.007963630306917525
0.04318869694005692
0.09966841477769448
0.005120202567947009
0.004706911353883726
0.0017997524650848504
0.0008595391957602712
0.004158122587671159
0.0027766373535299486
0.10210421776673628
0.08178142211427565
0.020726293985566215
0.004080833485238335
0.0025998441502910895
0.0
0.007686964637867073
0.003736164780062177
0.08947536375381
0.14688878509484546
0.014269627457001655
0.000376932876786061
0.0012155719737327343
0.0
0.0005057085138439944
0.005993273369072249
0.032502973799641996
0.07500851157115243
0.03789552861124415
0.0012837871157483167
0.002875656761708636
0.000907774552102689
0.008003877415719184
0.005161008060555395
0.07988730955989051
0.2556111873002648
0.3501108621704677
0.04869899559657448
0.003866063135528227
0.004101907808855573
0.0024188165711947706
0.0
0.008416320436696661
0.053529061560780855
0.03343444334619131
0.028692741584728957
0.006728014156837718
0.0
0.0015993472271292543
0.0007208160478112487
0.0014136365868575177
0.007292407823247298
0.2048333407210118
0.031282266946476574
0.005218038182973099
0.0006321975085669497
0.010030521373019526
0.0
0.003530368697650104
0.1028506241018513
0.04454446262969124
0.0035762491719940346
0.004122486186533129
0.0
0.0003998368067823136
0.00188653069539025
0.004870713283932726
0.03119867374566896
0.06045855309990077
0.05188426864835713
0.012166076669686623
0.0
0.0028920541088532288
0.0013034311608128312
0.0025562388392574697
0.013186653686523912
0.11306281793843977
0.16540209770144568
0.017229468838924924
0.0
0.0007230135272133072
0.003931480173624733
0.0071488774757105834
0.08678874620194717
0.08054848502541367
0.006466829676950719
0.007454574536546389
0.0
0.0007230135272133072
0.0034113598076349295
0.008807572318819061
0.05641567451171208
0.12922331101260434
0.0
0.0
0.0
0.0033338605816325543
0.010564093420765157
0.010824030524541568
0.1434929542568107
0.13549228231865554
0.19821465736033808
0.020647460400245433
0.0
0.000866445350784826
0.004711409385753985
0.00856707574481159
0.10400594569364971
0.016114527059555794
0.0015620065556825457
0.014009750427272948
0.0027399408097704605
0.023858736041453193
0.0079629687169554
0.017662296970913073
0.0035724456137723286
0.15485870295046383
0.0
0.0
0.0
0.003995233688439843
0.012659804118682986
0.012971307688929602
0.17195916591684074
0.00833789545624221
0.01071617877250831
0.008144168681982498
0.0031561932117713945
0.02670485354091689
0.006405583487944076
0.015576246100558296
0.004526163410079956
0.043120533879819845
0.004179741444218754
0.037488405071671796
0.007331751659838348
0.0638431045480227
0.021307945375896503
0.04726217977821875
0.00955943426407513
0.035108382295001725
0.027509232705134452
0.03453167287709538
0.03602143054697461
0.05478942669939669
0.02614092175810742
0.01756122022538651
0.023916075991532573
0.02231120418108001
0.028675203939549476
0.021792814661982057
0.00844559296195674
0.07145897224355005
0.017140570045343983
0.041680158854010475
0.012111468239101622
0.04622079723572654
0.039101749806458364
0.08321853331345054
0.03978806109970717
0.02467511690381021
0.002592165664947617
0.044871886455220014
0.006242761431525014
0.026302911184480172
0.020609690828715898
0.025870845233079063
0.0269869594233592
0.04104778773951045
0.01958456352407424
0.013156721719564937
0.017917727379199624
0.0673275123923247
0.023741118318539475
0.06288129740349142
0.0604630533042894
0.035295838219843084
0.0038840583817091995
0.01022461027436336
0.008009432616846394
0.03462824103804587
0.029294709271280264
0.06234664053313615
0.0298088880460112
0.018486394586172242
0.0019420291908545998
0.03361764817855937
0.0046770255063184095
0.05183403239808529
0.027783582522490573
0.09318939576669744
0.040805251019193994
0.030233753036266943
0.03247949543592635
0.023998888542120893
0.021568785303089172
0.05631544137275047
0.01985802696823918
0.052596448190955304
0.050573731489348246
0.029522859784111895
0.003248782768163284
0.008552275585497099
0.006699411829367222
0.02552258009291157
0.02022832675759985
0.03899300151035746
0.04086183145721812
0.0425126577084423
0.0198761629979602
0.030098487862287446
0.009188944587603406
0.043356071075639366
0.02323930674213742
0.07794736159685826
0.034131154409527124
0.02528872798196842
0.02716715731869135
0.020073636358782995
0.018041000195278715
0.014821913807510287
0.0187545058840799
0.06495765235049425
0.05243745968195474
0.04760913285242174
0.01956528853083003
0.057959730395139464
0.0
0.021733865067451365
0.01722552040936069
0.033204661531707966
0.034796071873108465
0.03620184021092152
0.016925633814596698
0.025630499406874546
0.007824886083312796
0.05576103102004696
0.0030930580025185553
0.01024423609175899
0.009405291422886248
0.045130074184873865
0.05431625256425322
0.08439283406446972
0.07009617684158279
0.012621665739166028
0.01597048177760527
0.05531497388370048
0.04465334888003927
0.04054176598236154
0.016660907298040505
0.04935586273676446
0.0
0.016183669913138053
0.0094732665121708
0.015901447720899277
0.04139049267842921
0.0758928004993362
0.03918613429487922
0.01605590475629879
0.024814552914597908
0.04442799264950303
0.0024644156624538892
0.008162166973218544
0.007493731922786679
0.03595770321098008
0.043276855279193505
0.06724058258784742
0.05584962064916786
0.057087401393010405
0.09542981859108166
0.07440556578196221
0.016291814008313154
0.025108927007559907
0.03685316347294981
0.01256050082578018
0.025523289230248897
0.01289445253772991
0.007547891552044567
0.012669590026170482
0.03297816541117129
0.060468121213944306
0.031221827404687513
0.01279265475269834
0.019771169117983274
0.017459683277869023
0.006855333536410918
0.058122827498748746
0.04931398173862843
0.043792556518129244
0.017719543831070387
0.008258021446246773
0.0
0.05679495060852177
0.09494094495820359
0.07402439645997028
0.016208353320469382
0.024980297481222283
0.03666436986340444
0.012496155134253938
0.02539253698411442
0.013949542462252015
0.032345224757828896
0.013637930161482023
0.009645240313249372
0.05431704667493756
0.03871634173680431
0.01682509827467874
0.017851514442003977
0.01737023975886238
0.006820214620122322
0.05782507237092841
0.049061353097390514
0.04356821336717164
0.01762876908274191
0.008215716755696005
0.0
0.03457029898803485
0.02468425765852027
0.07109497483797184
0.06341439296328533
0.03796566785950654
0.0
0.017542421796243903
0.011447835551681015
0.017371277764655555
0.040279305586467945
0.016983228920314817
0.01201115728646335
0.0676406776565898
0.04821321761350283
0.020952189388144755
0.022230379005688767
0.010431417841676734
0.007663423671064722
0.02466189972177166
0.01839690730352876
0.033470215051544745
0.01726172111709582
0.030617057778475176
0.012007936881946183
0.04305017657413507
0.030739151291938265
0.08853412640046016
0.078969545949137
0.04727840814082674
0.0
0.02184546787193365
0.01425591783461586
0.0073881443082296884
0.0027308648865246353
0.019329461910691206
0.08670471301168395
0.08918340653925119
0.04392432364215581
0.010977585636052148
0.0148959117943055
0.01370579985913645
0.010068942943857656
0.032403175374898396
0.02417162588597079
0.04397638707424187
0.02268010911325129
0.04022763468555936
0.015777182174369048
0.020860254416809755
0.011187732405587314
0.012189998004152453
0.013258416904410281
0.024460117880583332
0.014107520217707075
0.03773987939745307
0.0033080396253499225
0.009707254445742513
0.0035880728914444277
0.025396905804527824
0.11392098959301099
0.1171777355039305
0.05771200022130025
0.014423407627594146
0.019571681325660024
0.026054683467355524
0.0
0.04707431547940667
0.03556794112547323
0.10871327142469939
0.04487423806676836
0.028828365968709146
0.007265294124667718
0.02788033962559996
0.014952731298269928
0.01629228855987905
0.01772026164239306
0.03269166234345324
0.01885511303389192
0.05044045168415024
0.004421291629855552
0.04260656738063987
0.011059653584700178
0.028553182611436346
0.0
0.0366276665935876
0.03524029762138182
0.03615682867304284
0.010172927514651878
0.03482284584803591
0.0
0.06291619828715461
0.0475375927132721
0.1452984641782805
0.05997573053247858
0.038529953566195235
0.00971027791072311
0.029738718322670662
0.024517090073074142
0.02040468982779898
0.025606812151189248
0.053519962311359894
0.012516740340967234
0.031170283956236493
0.020062003613063678
0.018628671334739094
0.004835560909303991
0.012484175260524043
0.0
0.01601454434558344
0.015407951461149852
0.01580868207098617
0.004447861792984648
0.14272911192716495
0.011346888272288863
0.0036795918700180978
0.0
0.001406537451987176
0.00524185555775157
0.03356510316379813
0.31012473914162964
0.01300252152679039
0.010719493287859266
0.008921447651332775
0.011195947404851555
0.023400284252868
0.0054726361762740755
0.013628438311955376
0.008771616551159461
0.12451231716453326
0.011760629360710081
0.0054119826110462605
0.0
0.0009376916346581172
0.0
0.013640805823044054
0.15290231356036152
0.08664969077507503
0.006888604201186982
0.002233850497705408
0.0
0.0008538975240064859
0.0031822881613567675
0.020377102965937095
0.1882742237059247
0.024094511404226745
0.0006364576458436892
0.0020525141859531015
0.0
0.0008538975240064859
0.010119745170285072
0.05488183032434344
0.1266531619631334
0.0755904218440069
0.007139783073447718
0.003285570920994355
0.0
0.000569265016004324
0.0
0.008281223014214321
0.09282575929961548
0.027389344629944887
0.0010262570929765508
0.001038988825994427
0.001173569866614545
0.00234713973322909
0.0016596784037559383
0.07175423266747642
0.1781666252331304
0.013499443778909511
0.0003565884389013497
0.0011499631345015578
0.0
0.0004784135866002022
0.0056697946138550715
0.030748670123153386
0.07096002947138036
0.03585016914429232
0.0012144964572729133
0.0027204471104169637
0.0008587786588655572
0.007571879049566146
0.004882449690148088
0.07557550099340042
0.2418149221216794
0.015345441614070534
0.0005749815672507789
0.000582114781583266
0.0006575165675368801
0.0013150331350737603
0.0009298688372092596
0.04020177929914227
0.09982150292496757
0.012886290220771937
0.0062270239967096505
0.004986231831618409
0.0017829421564858525
0.00918782187314095
0.018810427594480098
0.08980724912635339
0.20353202397753178
0.21959072418704667
0.03353602313378006
0.005593975958217551
0.0006777446886664115
0.010753178386496256
0.0
0.003784716961777031
0.11026058038264701
0.047753704416213454
0.003833902931950467
0.004419494033370734
0.0
0.00042864337245541946
0.002022447322997464
0.0052216277563086185
0.033446407393306156
0.16031750057011418
0.009806279171400912
0.008816968390627688
0.0065219500085454424
0.020912930058165847
0.02004658624675709
0.036100201458708056
0.114603459302274
0.10499834462526554
0.011997146602977363
0.0012123865207464804
0.0010928304632279538
0.001500251803593968
0.0
0.0027578822672298057
0.017991837253373912
0.08552911805239996
0.006866699462940532
0.007915520513707097
0.0
0.0007677203277379885
0.0036222977454431877
0.009352179527320127
0.05990407993143026
0.13721370202346983
0.0
0.0
0.0
0.003540006434220693
0.01121731331155554
0.011493323359765351
0.15236569403442185
0.1880569460012794
0.021487450673033322
0.002171440962030532
0.001957310471372517
0.0026870211470829595
0.0
0.004939496126889629
0.032224221999852205
0.10103832563668387
0.06293446427624162
0.002259535152002463
0.0
0.013527286998521643
0.004494313209467066
0.006560489478742737
0.0658735518013779
0.1858666525314822
0.0
0.0
0.0
0.0047952145898371434
0.015194725052014456
0.015568602171932375
0.20639120651354523
0.010007424110383545
0.012861920179017501
0.009774906684166352
0.003788169833775426
0.0320520683657118
0.007688197936127266
0.018695137351391927
0.005432454397549376
0.13686428604822637
0.08524963638023837
0.0030607164502279606
0.0
0.018323764428553962
0.006087897486570138
0.008886694261578572
0.08923085947777334
0.004764095602163364
0.0025998425319911783
0.017055954407332548
0.02934139651740973
0.009930888905291577
0.011437744125078805
0.02780751481262216
0.02124136328831913
0.013217171396893258
0.016987208858556008
0.012910077119566847
0.005003174585316091
0.04233234012486723
0.010154084481100355
0.024691352333656408
0.007174841406363133
0.0273812293683234
0.02316390119134218
0.04929871150274705
0.023570472433345573
0.014617554781404475
0.0015356005711161024
0.02658213377310713
0.0036982158004878565
0.006292115476513492
0.0034337072128887087
0.022526423408537978
0.03875225657643763
0.013116088549555217
0.015106247404676202
0.036726402853130294
0.028054246146527115
0.008038102230760376
0.03326632039288185
0.1304441876610834
0.05691665732672495
0.17631107814264804
0.08946585549200413
0.039231362368391025
0.0
0.01570333609136073
0.013284667415829421
0.028273173026126655
0.013517839008396676
0.008383274997572795
0.0008806782027916735
0.015245048900087864
0.0021209539159927596
0.02350587865041463
0.012599396362447933
0.042259853749645145
0.018504508223294483
0.013710508273003803
0.014728915406006154
0.010883100073780055
0.009781088341295796
0.0046099106496793356
0.019078479005645098
0.07481069941937202
0.032642120891487894
0.10111569789146023
0.05130932503408182
0.022499474377345265
0.0
0.006973018583882966
0.001420050899139902
0.01070396538968442
0.2365932114446344
0.16611789875841898
0.017484042770338673
0.006647492278396613
0.004611887838773316
0.019632997739811753
0.010523491760754468
0.03529702613932805
0.015455664241585804
0.011451534398643118
0.012302146504567974
0.009089976270548812
0.008169534445127925
0.006711830501773452
0.00849263234648383
0.029414875705776212
0.023745337201362297
0.021558918382048285
0.008859780325445139
0.02624599571909182
0.0
0.005824128514107886
0.0011860801507515466
0.008940356215911568
0.19761158706847046
0.13874794383866984
0.014603332949086598
0.005552236647613028
0.0038520229284560122
0.0
0.0
0.0
0.18469625439829893
0.17122287125633195
0.020811023281858344
0.0
0.0
0.007558800210802762
0.009564322453302488
0.03312675560367764
0.02674177481028681
0.024279450556423863
0.009977801044580271
0.029557992848862905
0.0
0.009691995500355651
0.005673302588499603
0.009522979681820068
0.024787731766030205
0.0454503017484203
0.023467596614410873
0.00961548014062361
0.014860815654450413
0.0
0.0
0.0
0.20800317980489205
0.19282958277993492
0.023437178148102415
0.0
0.0
0.0
0.0
0.010990103267422077
0.12184376997706552
0.14483922603597274
0.009622382379494195
0.004557002181651273
0.0
0.011161589395556231
0.006533543480004219
0.010966945767442827
0.0285462868827645
0.052341915140322076
0.02702598009883392
0.011073472038531974
0.01711415594569179
0.015113306683925484
0.0059340571365177125
0.050311801385248295
0.042686761149103546
0.03790735070037347
0.015338245027484375
0.007148240247734555
0.0
0.0
0.0
0.012656528790301732
0.14031889829506242
0.1668011473307393
0.011081420861473618
0.005247978832055691
0.0
0.0
0.006664414648875275
0.06231062122667683
0.18154205393838116
0.07417273889075883
0.0
0.0
0.0
0.011529442507143021
0.004526896199516044
0.03838121157952668
0.03256432022306484
0.02891826584601176
0.011701040540184497
0.005453156393045222
0.0
0.0229459282180568
0.016384099094556952
0.04718906798756008
0.04209110570408482
0.025199593725132086
0.0
0.011643727797865057
0.007598465171270517
0.0
0.005084061823458732
0.04753471493974469
0.13849243698186986
0.05658393272386211
0.0
0.0
0.0
0.0
0.05434753267885857
0.1996463510302623
0.18628965250072127
0.005894579727866535
0.0
0.0
0.0
0.017726023953048894
0.012656926764492343
0.036454160473285944
0.03251591920059207
0.019467009472612228
0.0
0.008994929117110965
0.005869911835876708
0.0030420879401211257
0.0011244408326111122
0.007958957014692396
0.03570089467671872
0.03672150328598334
0.018085956318007707
0.004520049890996651
0.0061334310397928435
0.0
0.04198416629301816
0.15422936770613394
0.14391114672076613
0.004553638469377521
0.0
0.0
0.0
0.0
0.0
0.05066263123781215
0.25846173533233585
0.09428228731984034
0.004942503271031862
0.0
0.0
0.002955026179288528
0.001092260369466678
0.007731178980089462
0.034679167884122945
0.03567056761304206
0.01756835287117096
0.004390690217539713
0.0059578978807322235
0.007931415846720642
0.0
0.014330090489669206
0.010827386647443234
0.03309386447956794
0.013660355665353464
0.008775764210137574
0.0022116587608394613
0.0
0.0
0.04921271329632067
0.25106479802190884
0.09158401491254649
0.004801053370119472
0.0
0.0
0.0
0.0
0.0021010047814650702
0.10823769083043064
0.28063403227607536
0.011488701792794228
0.0
0.0
0.008202146921654363
0.0
0.014819234026856165
0.011196968835848763
0.0342234909772088
0.014126638463372077
0.009075316285566548
0.0022871515562343987
0.007004635347975073
0.005774736957121209
0.0048061052961825374
0.006031409275847702
0.012606051671791709
0.0029481836063838494
0.007341825240660436
0.004725389242889522
0.0
0.0
0.0021727205121642875
0.11193227789447698
0.2902131988069161
0.011880857322912114
0.0
0.0
0.0
0.0038670357350015444
0.0
0.08568829976251005
0.1845840387618127
0.15876310295121412
0.0057288612531600554
0.0
0.007818971122056366
0.006446088805787048
0.005364847226669243
0.006732601000677231
0.014071589610069237
0.0032909296966471217
0.008195361598159923
0.005274747391569776
0.07487457030883508
0.0070721683605087056
0.003254456119273002
0.0
0.0005638739991838693
0.0
0.008202798710404255
0.09194668678385086
0.0
0.0043166045394037395
0.0
0.0956501385236078
0.20604316955462484
0.1772203770154093
0.0063948797439791465
0.0
0.03176764162198179
0.015746199280580953
0.013724938441156447
0.0
0.023769002128851396
0.16370003175751233
0.0039369786774854304
0.014619987102355646
0.07066557696010894
0.006674614031079182
0.0030715103727633245
0.0
0.0005321764294710122
0.0
0.007741687213261453
0.08677800278988117
0.02560488212155373
0.0009593946933415861
0.0009712969322425271
0.0010971097885715793
0.0021942195771431586
0.0015515475255803801
0.06707932205010086
0.16655876578009687
0.02998185785400657
0.01486104364274137
0.012953405805012735
0.0
0.02243285326744834
0.15449781073625427
0.003715665660271928
0.013798140269466163
0.012557145048001511
0.0031087722033557967
0.0020883114553813527
0.0
0.0010643528589420245
0.0011899826897918764
0.1074959277450227
0.17877428390619277
0.015494531854271321
0.0005805678607005445
0.0005877703785216493
0.0006639047383993065
0.001327809476798613
0.0009389030749836642
0.040592363883342995
0.10079132915887934
0.013011488318854063
0.006287523298505844
0.005034676087585025
0.0018002645171620584
0.009277087115838993
0.018993182267748616
0.09067978083190842
0.20550946060702174
0.007598827560357394
0.0018812416204026128
0.0012637202629340826
0.0
0.0006440822183352125
0.0007201058222209401
0.06505005837334557
0.10818342469060976
0.10299880656529607
0.0214445049799549
0.014174524973945408
0.0021516970801935572
0.008013196400009184
0.02379601047642447
0.015967384771619294
0.11454156462751941
0.13289499185599374
0.008128902870781558
0.0073088149347398865
0.005406362313462978
0.017335747250808938
0.016617592630432325
0.029925216908908574
0.0950003944452935
0.08703824663087778
0.009945019691724502
0.0010050062920638843
0.000905900447513179
0.0012436318587275136
0.0
0.002286143060738422
0.014914311018813485
0.07993927722252335
0.011851196076193601
0.0018968263129538973
0.0016854467547210462
0.002526268349392027
0.0018291391485063572
0.051366149952153536
0.23474444846884782
0.1073346421386111
0.041139636941314096
0.007751310775508623
0.0014650358254263785
0.0007394773072495117
0.000794527261693737
0.0025762717897458236
0.022403836057310313
0.1736681513744018
0.019843382100382268
0.0020052975745545156
0.0018075508427469167
0.0024814291906806113
0.0
0.004561560630002485
0.029758651212779923
0.09330758371014032
0.058119161780489904
0.002086651416805823
0.0
0.012492274154703394
0.004150439977794757
0.006058526973402582
0.060833371003128835
0.2141657213948586
0.0820862663526752
0.015466256102561464
0.002923198402399895
0.001475485340116945
0.0015853269809087069
0.005140456942574172
0.04470256401497791
0.025486554797288445
0.030833634106268555
0.028123835993564845
0.01628972053663247
0.01446785234936445
0.009862081566115647
0.020794281904801176
0.015422277525825388
0.0893264650141285
0.055639413914768475
0.0019976210653896774
0.0
0.011959271110197482
0.003973354755615996
0.005800030139114892
0.05823781701906762
0.00310935622007816
0.001696825005862534
0.011131816477764803
0.019150088786161003
0.006481538946143655
0.007465009900898437
0.018148978603258807
0.01386348440058239
0.024399129791025122
0.02951806732889081
0.02692388712740014
0.015594693311593017
0.013850558071783304
0.00944129993462014
0.01990706029676432
0.014764261157253688
0.005539982437811306
0.028022838680154847
0.3436423796861255
0.14675235064649503
0.005090475017587602
0.0
0.0028796073933242176
0.005691903372937023
0.002352836053010742
0.0012839799517545077
0.008423396127872962
0.014490787200092415
0.004904551756728826
0.005648739863737608
0.01373325156742397
0.010490437122454349
0.003005719904047049
0.012439409013317883
0.04877751986280443
0.021283074647158267
0.06592871074087113
0.03345432726096044
0.014669941156297113
0.0
0.004192080125319681
0.0212047576693271
0.260032663689977
0.11104685247561258
0.003851939855263523
0.0
0.0021789861353869564
0.004307038022733542
0.0013828887120207881
0.0028815912460486716
0.05032809963132369
0.25755954463959385
0.014579545723261833
0.0042830211949769145
0.0012839799517545077
0.0
0.002770674938742036
0.011466656876296269
0.044963155640649025
0.019618754716585318
0.06077313669425839
0.030838224815829905
0.013522763135661938
0.0
0.004190963622926381
0.0008534871360811959
0.0064333586709373
0.14219860891918634
0.09984113227844313
0.01050835966528785
0.003995313935751845
0.0027718632802714374
0.0012747478872885934
0.0026562530455267984
0.04639248127387658
0.23741858800811366
0.01343943655538067
0.003948092259376991
0.001183573715362979
0.0
0.001183573715362979
0.0005293102645581639
0.015647972899754465
0.1921228953981504
0.02307101147281936
0.0005293102645581639
0.004581248030802013
0.0012747478872885934
0.0040897112034583875
0.0008328671438101372
0.006277930662167574
0.13876313333565043
0.09742900057910912
0.01025448085924674
0.0038987883538269424
0.0027048958978712055
0.0
0.0
0.0
0.12969396863750787
0.12023294011612233
0.014613529709223175
0.0
0.0
0.0011549789307068563
0.0005165222879117965
0.015269922585215246
0.18748126408265933
0.022513622781011607
0.0005165222879117965
0.004470566457532287
0.00124395036208613
0.0018764032570282372
0.002066089151647186
0.002980312137382988
0.01734710820363616
0.07204233951023642
0.12339523069576055
0.012599027639702685
0.005734597456970442
0.0
0.0
0.0
0.14743089711070198
0.13667597969124679
0.0166120739277122
0.0
0.0
0.0
0.0
0.0077896923766988795
0.08636183510232232
0.10266082014387062
0.006820263362712666
0.0032299646592252344
0.0
0.002133019896232176
0.002348647206481898
0.0033878991960865535
0.019719496223349127
0.08189483948659293
0.14027074467514405
0.014322068845279414
0.006518860179326749
0.0
0.0
0.0
0.0
0.08965055607813195
0.07366706297443315
0.05160736102743564
0.006897581725992854
0.0
0.0
0.009561667813999229
0.10600716165966576
0.1260137900521815
0.008371716047904307
0.003964707157737195
0.0
0.0
0.005034786401791651
0.04707400198938821
0.1371501493648124
0.056035513518634346
0.0
0.0
0.0
0.0
0.0
0.0
0.0
0.11004399084148117
0.09042462152953393
0.06334684593932387
0.008466622556384501
0.02050995207865114
0.06707966641467268
0.08379428769394623
0.004247680414733601
0.013306639317617396
0.01804292017153354
0.01713885169999197
0.004384014767483337
0.0
0.0043178982607915755
0.04037127597829122
0.11762175078547349
0.04805678474832083
0.0
0.0
0.0
0.0
0.046157408186808926
0.16955982476635031
0.15821596874073907
0.005006271843039242
0.0
0.0
0.0
0.01758960149288794
0.05752839382487477
0.07186307029215895
0.0036428659354148397
0.011411946839705998
0.015473842862637071
0.014698501990278175
0.0037597880484194243
0.02435158358372402
0.140832129667685
0.014770471174810094
0.00222861045780479
0.007672421115140775
0.003006194995932507
0.012032840414296055
0.009830200170279258
0.0
0.04069160405447502
0.14948112391870197
0.13948056894869693
0.004413446067022408
0.0
0.0
0.0
0.0
0.0
0.04910288598560925
0.25050450029121835
0.09137962817204236
0.004790338927754808
0.0
0.0
0.02146795143431682
0.1241552652911665
0.013021401945076611
0.0019647059465217414
0.006763878961594835
0.002650211554122505
0.010607952158135918
0.00866614112053961
0.004933550052854096
0.0033920206404231307
0.015185675250785834
0.02033900471623348
0.025836151505553098
0.004405383556308792
0.0037427363704265557
0.003023561204940809
0.0
0.0
0.0478382737345737
0.24405292308452103
0.08902620647468418
0.004666966926841732
0.0
0.0
0.0
0.0
0.002042326771299737
0.1052147694268956
0.27279633159880645
0.01116783904820115
0.0
0.0
0.0048064897444281334
0.0033046613992799173
0.014794578259704306
0.019815187143768252
0.02517075856463495
0.004291925825586989
0.0036463446783409847
0.0029456913921024237
0.007464304550635085
0.004625527142079903
0.016800834956965462
0.06320679699817235
0.04491869798355542
0.0005308775623623265
0.0054272397154632055
0.0014441431250518904
0.0
0.0
0.0017593373693761672
0.09063597376497767
0.2349970568642541
0.009620398091425234
0.0
0.0
0.0
0.0031312911344148152
0.0
0.06938519107564432
0.14946496586463892
0.12855673720406538
0.004638884582819989
0.0
0.00643003368358117
0.003984603672871595
0.014472873387298272
0.05444872070432145
0.038694661920285194
0.0004573179704406336
0.004675229144599777
0.0012440393977769515
0.0
0.0011925393058695739
0.012653186959483724
0.10224954398067095
0.048158110174158344
0.014726432585914884
0.003775864102571508
0.0006467452744614178
0.0
0.003006935131852973
0.0
0.06662962967021491
0.143529118675699
0.1234512387834982
0.004454656059088975
0.0
0.02212925385619101
0.010968760139532522
0.00956075526597426
0.0
0.016557423062017143
0.11403300257963973
0.002742488775754805
0.010184243760115907
0.0
0.0011451788355045184
0.01215067867060081
0.09818880864582519
0.046245560425471274
0.014141587482164073
0.003625909548409523
0.0006210604519535887
0.016831374622188425
0.0
0.0009819827845050976
0.03816285437240444
0.0981175933171784
0.09859124537718258
0.0371167436288978
0.006831664690541947
0.01903049173117101
0.009432803315154399
0.008221961536311384
0.0
0.014238885084824692
0.09806494727635454
0.0023584577369394626
0.008758142860333901
0.007970441530566247
0.0019732420852015624
0.0013255213895437014
0.0
0.0006755804920353746
0.0007553219633217189
0.06823127419413196
0.11347403980731562
0.014474475174506927
0.0
0.0008444756150442184
0.032818905205371125
0.08437817472018279
0.08478550122427275
0.031919281477270474
0.005875025848063971
0.021157991456548935
0.015396039341904082
0.005036242157932098
0.054243224241411356
0.16315394646845016
0.03068670220851659
0.03063973134499182
0.07007895632656964
0.005436327800001864
0.0013458715885157249
0.0009040865241704606
0.0
0.0004607871465973762
0.0005151756990388627
0.0465378952105251
0.07739622388763734
0.0736870617276645
0.015341756034574916
0.01014069125211941
0.0015393599290584397
0.005732774169466207
0.017024062232573894
0.011423333012599346
0.08194494309738057
0.014431042082968191
0.01050103891526438
0.003435024665285082
0.03699719103069187
0.11128095369183882
0.02093020464007916
0.020898167643108475
0.04779812724454946
0.07989077852216538
0.008750525342528652
0.0043117643448587735
0.0029692505240081018
0.008625997468508579
0.022762263496748043
0.0024742731201915424
0.25451290050339453
0.06155363176629085
0.009125478545840487
0.001460565474806151
0.001297802188190893
0.0019452389003774848
0.001408446029391221
0.03955218497417299
0.18075436559190333
0.08264819582463223
0.03167772028055134
0.0059685469491248845
0.0011280847019881613
0.0005694011185923
0.0006117898509194445
0.0019837417923415624
0.01725106259073702
0.0781879811587624
0.004561627728186541
0.000886289671565679
0.002962050668594201
0.0017386943194060281
0.0009898967301014872
0.0017875730639776285
0.2486479604569359
0.10701436688842016
0.015506255688536606
0.029523279398418267
0.03658596575190141
0.004336343181412444
0.0027530544269847475
0.0029772710036661105
0.022604958178799657
0.1152830943430692
0.04418615045662925
0.008325318588768647
0.001573526122726503
0.0007942378199399412
0.0008533643886350666
0.0027670524433957805
0.024062907318460842
0.013719137133801573
0.016597412165035522
0.01513875711303712
0.008768580598313787
0.007787888633486134
0.005308651973811379
0.011193337323146056
0.008301645395981685
0.14927061904943234
0.021629136844588507
0.04118099578878242
0.05103249138502918
0.006048614311526264
0.0038401398853415234
0.004152891791235321
0.03153087009760253
0.021567910610294897
0.09332141763645513
0.1745689217093549
0.0898055212225485
0.008634145222781758
0.002234137005721802
0.014287413138451907
0.0022334682354778744
0.013414014062329761
0.016228274271821972
0.014802060714164135
0.00857356131841945
0.007614680619239013
0.005190583892719505
0.010944389781420304
0.00811701107701633
0.003045739867050337
0.015406236015034625
0.18892574255733235
0.08068066820875437
0.0027986122478423654
0.0
0.0015831340871119198
0.003129262090080121
0.021088225403677305
0.09124588494765484
0.17068638849636986
0.0878081844947861
0.008442115878354698
0.0021844482579072536
0.013969651216716294
0.0021837943615747786
0.004477779596547785
0.004215855949197419
0.04724056563351321
0.09035237537690054
0.050118606268516636
0.019502412031946498
0.0043400015930890766
0.0016895008679992482
0.003166547752238576
0.016017317352552036
0.196419396123378
0.0838808301816523
0.0029096179285248627
0.0
0.0016459283799215114
0.003253382846219556
0.0010445847912583953
0.0021766512113959046
0.03801605074279303
0.1945512902342015
0.011012868637651267
0.003235241391458396
0.0009698726428416209
0.0
0.00465538868563978
0.004383075956063613
0.04911434116208715
0.09393616121137112
0.052106537968588336
0.02027596632630285
0.00451214578040027
0.0017565141507469805
0.0
0.0008674804763010224
0.054629982729825506
0.08630093591257887
0.061767443862854675
0.0022116499305712013
0.0008229641899607557
0.004359583153224274
