0.03378424578995976
0.04430761568570332
0.053549846314572574
0.016690722749820076
0.021204931329561968
0.010913087035130404
0.019118698636555242
0.014988163206287658
0.03134620814918853
0.06291217687202635
0.03355478229801036
0.026669100106516127
0.010581528795707368
0.01732738466209273
0.028175191104019823
0.034566986141980664
0.032356711111770436
0.09666388822192656
0.0315940248929127
0.0026323316422400874
0.011143335181222421
0.007784867730129004
0.020106460982430817
0.033690364792482046
0.08103955829668187
0.04668245756889712
0.05586065754904329
0.04143914022622955
0.010906632776359768
0.015650954340733134
0.03066113810001698
0.02209660703430285
0.03075187225634481
0.06171933834323142
0.03291857100886976
0.0261634439407781
0.010380899031031635
0.016998850933713908
0.027640978886671184
0.033911583087364555
0.0417266670003035
0.04838323682166519
0.0715399677651852
0.019200823300201276
0.019508211841303212
0.014075976722110264
0.005516677639856829
0.020349732783319377
0.07950301780008703
0.04579734062054726
0.05480151847801957
0.04065343854621088
0.010699838917970099
0.015354206361593696
0.03007979139289541
0.02167764705649484
0.0313617467051776
0.10932457489057883
0.07214273116609342
0.0016565322552688478
0.004554814532840154
0.0
0.0
0.0016057730436664303
0.05152426601270264
0.059743826760400826
0.08833785669118416
0.023709258335329626
0.024088823014216575
0.01738107596787791
0.0068120170302661456
0.02512793665517394
0.02544114289998257
0.027704838216092216
0.09655071161027098
0.17134530412084573
0.02750112186609534
0.007025584920610609
0.005933267673039358
0.0
0.03872561831619136
0.13499445039180444
0.0890821515041605
0.002045493079484962
0.005624304371755189
0.0
0.0
0.001982815388952454
0.006277916183277842
0.007699154106890947
0.01846613062049296
0.015584760097939455
0.013832418988702418
0.004771648048589199
0.0013429320155038953
0.0013429320155038953
0.03088429113229444
0.033632305459024604
0.1172077959753865
0.20800473773618697
0.03338500387015942
0.008528713152385322
0.0072026939552351735
0.0
0.0
0.0
0.0
0.07013961633621793
0.19005322526615617
0.08327723840455072
0.016840790718012772
0.0
0.0076210802270454785
0.009346392881971638
0.022416970668824487
0.018919129143842726
0.016791873572285777
0.005792545094881506
0.0016302531494263048
0.0016302531494263048
0.0009596239930186345
0.0
0.009979829462669032
0.011118164512500611
0.03684592447141556
0.03538978364380825
0.0216723975343732
0.0007290713815577078
0.0
0.0
0.0
0.06875066390879914
0.1862896619283298
0.08162812584202582
0.01650729791652225
0.0
0.0030011329864484356
0.0
0.004681767070927075
0.01688666830024885
0.18046114358771648
0.1020908782004902
0.0033595390676657514
0.001374625612933661
0.0009406208654833576
0.0
0.009782202086280861
0.010897995050579774
0.03611627639364819
0.0346889710579186
0.02124322596578267
0.0007146338137740179
0.007740872041334941
0.0027306119320496744
0.014489814512446934
0.0328639676837408
0.07757022101709096
0.07037378032136155
0.00779483517410109
0.007020178398872838
0.002623855384523776
0.0
0.004093214060692268
0.014763816114230095
0.1577750620975635
0.08925685788889971
0.0029372056193499255
0.0012018190571650145
0.0010639891620919666
0.0
0.003923463574069313
0.01732874029174489
0.11224867544114557
0.13930167971982693
0.0019835885103675344
0.0014383883113983096
0.006767753671123501
0.0023873419982738614
0.012668274948464325
0.028732581646055036
0.06781873479564
0.06152697106702187
0.006814933005432773
0.006137659668989974
0.0006247959649574614
0.010760723799814732
0.03186363974649052
0.07180732517591404
0.12574922016601572
0.013435768765832566
0.002963667447282539
0.0
0.000975852664616051
0.0
0.0035984599464826284
0.01589329853218667
0.1029504556357466
0.1277625000172088
0.001819276175274264
0.0013192381242594809
0.0003624225858065692
0.0008104015503432214
0.003209205862209411
0.009761098674961742
0.057331983661868396
0.05830084028026085
0.004115886885758801
0.000975852664616051
0.0005730404302674608
0.009869349583035428
0.02922418654137667
0.06585910092739283
0.11533267061773902
0.01232280479767663
0.002718169393549269
0.0
0.0
0.006965875218007079
0.002481978414373403
0.18145975057441371
0.15709947355561799
0.026501393959324375
0.0004052007751716107
0.0
0.0003520578572651355
0.0007872253124159651
0.003117427510368141
0.009481946265607973
0.05569237710678927
0.05663352591601508
0.003998178851136187
0.0009479447792874629
0.002177357629063933
0.0012737572574022542
0.0012753586939835706
0.04301932297875981
0.05677770439549413
0.014333095616367942
0.013618994740366241
0.002230383066908779
0.0
0.0067666619004168845
0.0024109976490509894
0.17627028079643506
0.15260667023382068
0.025743494851721324
0.00039361265620798254
0.0
0.0037251729867576674
0.00039361265620798254
0.0010361678273819622
0.34810530731158806
0.01500774469635287
0.0007872253124159651
0.0010361678273819622
0.0
0.0021271389204173406
0.0012443792426277745
0.001245943743578481
0.04202712269984984
0.05546817997166971
0.014002516228235192
0.013304885418224268
0.002178941376342063
0.008598985952251222
0.014523643713001298
0.053956413666563056
0.08036123660049432
0.04724035508022725
0.02156008559125296
0.004109949163581202
0.0031154638308136025
0.003639255370660507
0.00038453434999045146
0.0010122695896567072
0.3400765853538964
0.014661605160849649
0.0007690686999809029
0.0010122695896567072
0.0
0.0024912859263322654
0.0012400859876471582
0.004197962366705489
0.2448844878616274
0.019026991023601895
0.0007690686999809029
0.0007690686999809029
0.0
0.008248933043763765
0.01393240612384805
0.051759922168564045
0.0770898410245675
0.045317265103613856
0.020682404116906472
0.0039426387776315035
0.0029886375769600003
0.003478854041099023
0.0
0.0020136954866591455
0.030709627974033465
0.1604792101275768
0.07110632442987987
0.02412164439170571
0.001409490289638033
0.002389869097740033
0.0011896037901926106
0.004027069084131697
0.23491557667891036
0.0182524283502168
0.0007377609694240805
0.0007377609694240805
0.0
0.0009898101927344357
0.0005948018950963053
0.0006999014677260174
0.027385753035431417
0.1684166010072407
0.012863492371475452
0.007788906512944563
0.0017295587413563855
0.003474391113633512
0.0
0.0020111121713523193
0.030670231425479897
0.16027333570282065
0.07101510405543456
0.024090699388553172
0.0014076820927859427
0.008330136421290041
0.006449168549258238
0.0423875710206815
0.08569137007628241
0.018893397042047236
0.06374622387851936
0.047499896794353895
0.026420678755195492
0.0009885403920924399
0.00059403883988249
0.0006990035831219026
0.027350620595857463
0.1682005439190722
0.012846990146107897
0.007778914336097749
0.0017273399373712735
0.001875782457078598
0.0014178224213973914
0.015213835893009004
0.08688308094039873
0.03593642584818493
0.04312136898639575
0.002483475788294066
0.0005210065393328368
0.007144074218874955
0.005530922476633325
0.0363523402276629
0.07349045403115213
0.016203315754840308
0.054669903532100224
0.04073676239208729
0.022658847393874793
0.01008895394026881
0.02150747388924337
0.02070545022989162
0.023207577161406343
0.016590461004684195
0.040922535537487786
0.03375946336040875
0.03802676935963474
0.0016087046374875372
0.0012159499071060038
0.013047658198688663
0.07451248661622811
0.030819722563531653
0.036981658508132335
0.002129873324403992
0.0004468245413124408
0.003815054769255153
0.005535970847414105
0.010009717265246602
0.021876398433783653
0.03962478838677169
0.28926350883878793
0.007516197789742801
0.0
0.008593505989431326
0.01831950138527704
0.017636358696638578
0.019767604700891454
0.014131318950929997
0.034856740978911414
0.028755424229831527
0.032390203403192264
0.021931435003939487
0.008294932586826599
0.00850669012688875
0.009149450910200791
0.02964689487063833
0.026493337840527653
0.05039396232711262
0.05006504143323866
0.0032495634536249245
0.0047153945707579265
0.008526014270724181
0.018633741622860158
0.03375135404004022
0.24638705959478432
0.006402099871434671
0.0
0.009664399629980924
0.003551858670722452
0.003660729951314691
0.007135640973977788
0.0028972488219274764
0.11260021503805775
0.12363004884639256
0.03626207315554486
0.0219824525017494
0.008314228483561389
0.008526478619745701
0.009170734610591997
0.02971586028005462
0.026554967360210863
0.05051119012648801
0.050181504087926536
0.008454474729477317
0.012519992335942288
0.026152023893295955
0.019023806263283514
0.03680114653156846
0.05806024313264686
0.042830679446494074
0.03479160165223472
0.009686881218024208
0.0035601211005143077
0.003669245640426704
0.007152240095179698
0.0029039884805681856
0.11286214870646877
0.12391764041279608
0.03634642697176634
0.025944547694003815
0.010859857852512632
0.012160872081890447
0.0062000426258286894
0.00935292284187772
0.0679222377308116
0.0995726054745804
0.024296682605736974
0.012906607341642732
0.01911302951051266
0.0399236989145152
0.029041756636590435
0.056180657368240336
0.08863480987892314
0.06538534675185466
0.053112884677106766
0.017978066579282144
0.02045911801339705
0.03028974728312
0.020248839675409972
0.020477880796790714
0.004370152437248629
0.005855217469652964
0.00792745020766241
0.039606965596043785
0.01657866698681367
0.018564796266486553
0.009464989633716208
0.014278178890985928
0.10369013808756078
0.15200761276912192
0.03709133354002646
0.012260786267499024
0.008457141960670508
0.0020167097784420255
0.0024604387518380824
0.0033578567874522547
0.018504319519024103
0.04573213903978974
0.024022426857500657
0.027760954370956874
0.08293431866355558
0.02710659561218411
0.002258450754065363
0.009560601460315343
0.0066791509524411884
0.01725065764460959
0.02890518373496741
0.06952917657005926
0.04005195614652116
0.04792653863966175
0.035553368728305744
0.00935751887141472
0.013427984933764445
0.0263062105668256
0.01895813506858862
0.08323204833778117
0.10851519644613812
0.0135402575090757
0.006010958621324011
0.012558113895569132
0.009872700398633394
0.01087274761029431
0.019732029028153457
0.11364838770713002
0.05845163769890932
0.033316775634282196
0.027430900523014355
0.008439260603781336
0.010233221971303897
0.003394877439372067
0.017183911684277204
0.0845420703858215
0.048700063234851314
0.05827494302252204
0.0432301308566889
0.011378015073523285
0.01632738518435034
0.031986305822043995
0.023051617585856936
0.033349513901955646
0.11625377452387992
0.07671527477618079
0.00176152642247461
0.004843507347079766
0.0
0.0
0.0017075499954311616
0.13818759931796398
0.0710726447842861
0.040510607627633345
0.03335384132481998
0.010261484446752511
0.012442801926468605
0.0041279068959120015
0.0208942999584076
0.04899579042895603
0.017027934801396465
0.01411804364857929
0.0022259547904099953
0.008123245912612181
0.007922936021817237
0.00949957164905823
0.00911344898362688
0.07100853792807998
0.2475301613639803
0.1633438950451409
0.003750681828506903
0.010312905194695483
0.0
0.0
0.003635754001426575
0.011511388811659251
0.014117416330179508
0.03386009038884507
0.028576716825509413
0.025363567868087432
0.008749447166245233
0.0024624432895851514
0.0024624432895851514
0.10432294315350615
0.03625626321680597
0.03006045727795881
0.004739553194859329
0.017296198594697283
0.016869694252843945
0.020226702425881787
0.019404561329199547
0.0346581176776573
0.030032379410884078
0.015424291194693834
0.003978169209695971
0.005469587702087891
0.002812990531507934
0.012371811508241784
0.019390384238102767
0.020238782496294412
0.024820577533333645
0.0595312186823726
0.05024223972904947
0.044593032327454867
0.01538286657306754
0.00432935199764051
0.00432935199764051
0.0025484079283153035
0.0
0.026502751818343242
0.029525750500300603
0.09784920628515266
0.09398223249456925
0.05755390663843605
0.0019361450970238247
0.06093427273507038
0.05280151723547442
0.027118263465546306
0.006994230034776057
0.00961637189553044
0.00494566767423075
0.02175153722084784
0.03409126175262699
0.01690978669553884
0.036138282035023034
0.03713291485060579
0.04613347555857324
0.0789815408834144
0.0041071838469203805
0.011065111984060369
0.017911976336342256
0.0018709633965849754
0.0
0.019457512280491182
0.02167690573748998
0.07183790370069922
0.06899888945288297
0.042254323357943956
0.0014214586945676976
0.01539715817333412
0.005431385973473829
0.028821296200103954
0.06536882484659112
0.15429281819450727
0.1399785736125679
0.015504494773951246
0.01396364603823472
0.012414649789732722
0.026531624765306013
0.027261853850815025
0.033869791083407305
0.05798583906322904
0.003015369146851259
0.008123667828555461
0.013150426865900976
0.0037419267931699507
0.009745267221085603
0.022322537182088938
0.02820196691242731
0.050990000315893166
0.02281242192800501
0.013555927454089524
0.0
0.012019497173273573
0.004239907625823269
0.02249879388828907
0.05102892342981502
0.12044573883491597
0.1092715974541945
0.012103287438540878
0.010900453330136279
0.0011096345552175314
0.019110992447332914
0.05658966718857716
0.12752945569736662
0.22332999541277196
0.023861859126275357
0.005263458783543739
0.0
0.0029210636149075613
0.007607456551267593
0.017425661900718977
0.02201532631987459
0.0398043689467005
0.017808081062260464
0.010582175611971932
0.0
0.004210767026834991
0.0007846301206382442
0.011508424341977363
0.01509457862537174
0.04004432042922869
0.0028344382651819566
0.008054995648508697
0.0
0.0008299667271064323
0.014294334813824517
0.04232703518802926
0.09538744486382579
0.16704280205215474
0.01784781217256437
0.003936877811975679
0.0
0.0
0.01008906937582521
0.003594789115254643
0.26281837603587943
0.22753601493046974
0.03838346135178028
0.0005868751023958378
0.0
0.0031495022495805426
0.0005868751023958378
0.008607887380895832
0.011290201769441578
0.029951711047185928
0.002120057850647165
0.006024846958680666
0.0
0.0043004259749448905
0.00848023240378846
0.013591399441499017
0.0013382811226927169
0.011005369436676184
0.00533099547215535
0.006473702350747724
0.0030733159506755414
0.0
0.008314428925191015
0.0029624752775961917
0.21658932319569996
0.1875130355029256
0.031631912659545014
0.00048364533388247055
0.0
0.004577247465331462
0.00048364533388247055
0.001273174850779252
0.4277288977517351
0.01844052923606997
0.0009672906677649411
0.001273174850779252
0.0
0.003543992491755468
0.006988582094533755
0.011200708453943156
0.0011028810351146308
0.009069554244117716
0.004393287557319962
0.005334995337340661
0.002532727854739091
0.0067011206559099284
0.0036905914351205616
0.007610979081978287
0.004739439398921376
0.017631173958389052
0.010864302179664042
0.0023566063152296313
0.0
0.005050904283281526
0.0005336932964622211
0.001404923888401031
0.47199058781522046
0.020348768295772965
0.0010673865929244422
0.001404923888401031
0.0
0.0034576432469224675
0.0017211091249987299
0.005826330921976239
0.3398739529578567
0.026407465448523234
0.0010673865929244422
0.0010673865929244422
0.0
0.007394557379752845
0.004072496457462713
0.008398568601828135
0.005229879953329483
0.01945566035924609
0.01198854788380033
0.002600469610121829
0.0
0.00485096088754499
0.0005336932964622211
0.002079998479354209
0.00569079298287669
0.02952426035303226
0.00439553436508649
0.010068216684877384
0.002493594254769307
0.004225313272059092
0.0021032317995767513
0.007119899773912825
0.4153331682030009
0.032270482022805726
0.0013043690211579286
0.0013043690211579286
0.0
0.001749994653738612
0.0010516158997883756
0.0012374330307517417
0.04841829448958718
0.29776229172715263
0.022742787499794047
0.013770867239169654
0.0030578777354666226
0.005927976935916376
0.0006521845105789643
0.00254180219098675
0.006954269541975337
0.03607927140211194
0.005371436080666376
0.012303574008811883
0.0030472249874780996
0.00583331551246204
0.001956553462198353
0.0031939863538730153
0.0
0.030448621235266426
0.02372148959814116
0.008515925458220478
0.0
0.0019125265136344003
0.0011492853913627867
0.001352360405846799
0.052915174202655166
0.32541715283078837
0.024855038267908868
0.01504984524060447
0.003341880063483761
0.0036290714184976157
0.002743057334064169
0.02943416855013196
0.16809246967949668
0.06952610919057245
0.08342679990660619
0.004804774118564638
0.0010079899903147063
0.0063750883787813345
0.0021382696020261385
0.003490629855878986
0.0
0.03327655618355767
0.025924637942421964
0.009306847419325626
0.0
0.0041955340277114225
0.0021382696020261385
0.00160007224397637
0.009544212117227072
0.05329831082745813
0.03329572930854939
0.0166871581305626
0.01007057325030791
0.002445202477016282
0.0018482222624949403
0.019832208724482204
0.11325765625142922
0.04684543091204088
0.05621146410660235
0.0032373696247294434
0.0006791653668104183
0.0057988154906451865
0.008414577364511244
0.015214592462069193
0.03325173707587904
0.060228974577895916
0.43967539586862475
0.011424487146333463
0.0
0.0028268747053793505
0.0014407272617322751
0.0010780996467674206
0.0064307169573074585
0.03591143480720948
0.022434058300520626
0.011243504381654225
0.006785369538641112
0.0189411514874566
0.009254970766346746
0.0035887886885169443
0.004962854426790222
0.021182307066215253
0.008541497075833787
0.015816569502716836
0.011195500768538579
0.0034205458664417518
0.0049635046792687095
0.008974627911455809
0.01961419396605964
0.03552725041257098
0.25935121756171536
0.006738959421566276
0.0
0.010172911739605023
0.0037387469633105032
0.0038533467285154534
0.00751109728622931
0.0030496934813943563
0.1185249051466396
0.13013509617046867
0.0381700761382098
0.011172812366695626
0.005459227328397784
0.0021169179005338106
0.0029274377194265064
0.012494802256414094
0.005038370778152985
0.009329715960282665
0.0066038872832474525
0.010943873803224998
0.0004567760518481666
0.0008958115470009353
0.0
0.0008868081875960097
0.015687205991822113
0.07041863071399732
0.19182138647869676
0.009170829945906185
0.0033704620160820375
0.0034737731412974203
0.006771217295731783
0.0027492836879849064
0.10684961958558147
0.11731614974375593
0.03441013607962402
0.024562398316853896
0.010281318348034935
0.01151302337117774
0.005869746443576394
0.008854662604971753
0.06430380199311837
0.09426805300131863
0.02300232029399431
0.009865848457929392
0.0004117813662486967
0.000807569707809506
0.0
0.0007994532235464023
0.014141939118306643
0.0634820495677189
0.1729260373443855
0.0043412111784802525
0.003576916534551381
0.004604449718736198
0.010850157986990582
0.01739514625516993
0.04281947599069654
0.11866494823133383
0.008546073263354142
0.037275086943946
0.015602590202212663
0.01747178519020534
0.008907733935456044
0.01343754442061769
0.097585332637289
0.14305809336417993
0.034907563903594986
0.011538926732822362
0.007959223766255285
0.0018979750455723214
0.002315579267808878
0.0031601613962091626
0.017414869039578163
0.04303963793204758
0.022608095223719003
0.0065880791457097595
0.005428210759254492
0.00698756128700803
0.01646584250867353
0.026398301204129625
0.06498142688909296
0.1800820182728954
0.012969239396393785
0.043876064553779834
0.01407206634343457
0.013034491383592616
0.002525371705799362
0.00230167816280909
0.003425803046671089
0.02007246041583352
0.1026109640767538
0.08450371991630752
0.11017315986184945
0.013747134078667508
0.006102797827388171
0.012749984657370907
0.010023541724192227
0.01103886828607522
0.020033507376973205
0.11538477924715293
0.059344698579477384
0.033825810285097395
0.027850007072296127
0.008568200934674699
0.010389571572179351
0.003446746511904193
0.017446458293824994
0.03848485960006102
0.03445216416764439
0.03107504815907067
0.018703206581170174
0.0076479068726704605
0.0013719761051183518
0.026246040599997602
0.013254278926270324
0.027907670471849794
0.04449956143527729
0.05686931502798147
0.0019884173977652987
0.00664804223709161
0.004374026832759566
0.016195467594401425
0.12565285696215256
0.15537424692034282
0.07991208121784012
0.04554898690978841
0.03750212033006081
0.01153772426808285
0.013990336241789884
0.004641302319999425
0.023492962733185744
0.05508948760770865
0.019145730582438302
0.01587393087884245
0.002502800909384655
0.009133549048180012
0.008908326245362894
0.010681050964942755
0.010246905508647293
0.037579768416220655
0.05992199223679099
0.07657879187359437
0.002677552947250746
0.008952086772816071
0.005889954720056017
0.02180841006431988
0.16920098258424096
0.037343325055275045
0.009846477847065558
0.016565785091463777
0.014120215517447392
0.008964525843571585
0.003582425369680124
0.003717117664988747
0.019668809922903686
0.11527252460543448
0.04006166685319319
0.03321555830844732
0.0052370096716814665
0.019111581957134572
0.018640312351864034
0.022349667125892415
0.02144123531854786
0.03829578232754761
0.033184533430070585
0.017043201931577934
0.00439571195220683
0.006043667518493684
0.0031082378473637276
0.01367033850261603
0.021425570220987466
0.07813939724646453
0.02060335663285251
0.034663235264814685
0.029545979847545957
0.018757907738001192
0.007496080187099075
0.00777791836711063
0.04115618921603966
0.0341278476754235
0.09497919510813604
0.09183930009784029
0.115082112643709
0.0023406047647700832
0.0017208468197085947
0.004188991599348455
0.005083944332983985
0.033798185324507374
0.02928722022660034
0.015041585845658867
0.0038794634334175385
0.005333877059428019
0.0027431950051136226
0.012064843856912347
0.018909272744932946
0.009379288188415118
0.020044685834513118
0.020596375101029213
0.025588682470561185
0.04380839609916963
0.002278116314337231
0.006137444309866315
0.00993516897093376
0.030119748190410894
0.08382449040421253
0.08105335616938235
0.10156644764167666
0.002065715564562804
0.0015187442635363644
0.003697021076280234
0.004486867281519649
0.01125883949026951
0.02135408149221015
0.0686048580789239
0.31373345060513513
0.012565256846223427
0.0053248874202932095
0.0
0.0
0.008819811781162546
0.018849016334875436
0.01936779722683796
0.02406231246812974
0.04119521655241742
0.002142226222760438
0.0057713445352119905
0.009342534164363805
0.0026583987928473535
0.0069233868133914125
0.015858729787678185
0.020035687211402024
0.036225122184238324
0.01620676145402577
0.00963061630325197
0.0
0.01058724747376343
0.020080306280974302
0.06451256463969707
0.29501918783236786
0.011815736774410944
0.0050072568258297855
0.0
0.0
0.0
0.015055352640672228
0.016009730747346247
0.06391432533094032
0.20337062731481484
0.0457583658072403
0.00712683744244093
0.00465309029628385
0.0037845539655837227
0.009856283071745681
0.02257683040955415
0.02852323725587118
0.05157086671306887
0.023072295810218774
0.013710353472756912
0.0
0.0054555042787254905
0.0010165732164898
0.014910408920494864
0.01955665980840808
0.051881749820891394
0.0036723214523474482
0.010436118394938798
0.0
0.0
0.02143312534327845
0.02279179863864616
0.09098981463565074
0.2895228195853783
0.06514259833414154
0.010145919783529302
0.006624239892224233
0.0
0.0
0.015307741326313243
0.0324721273516199
0.11948128201730458
0.05718658869252556
0.006429373448822123
0.002448232439014309
0.008290447256119726
0.0015448336583949252
0.02265857607418435
0.029719242871781074
0.07884200771734781
0.00558063668411531
0.015859228531679145
0.0
0.011320028340629423
0.022322549371923447
0.035776694625828415
0.003522762704177242
0.02896947759317442
0.01403280051328846
0.017040752359468916
0.00808990175951149
0.0
0.0
0.02326238154940505
0.04934620987328778
0.18156951512637107
0.08690349655881037
0.009770385787289464
0.003720452018619117
0.0
0.0
0.08914051377620998
0.15957327287209072
0.0819890447637484
0.011153903298169973
0.0
0.0
0.010244452684945416
0.020201566106265813
0.032377361989683946
0.0031880464215540555
0.026216934585374035
0.012699470051650777
0.015421620512722545
0.007321237483453507
0.01937061482361526
0.01066821936686149
0.02200069985272862
0.013700074926334321
0.05096560667578896
0.03140492816884814
0.006812131219119779
0.0
0.0
0.0
0.0806708029532488
0.14441137376420396
0.07419883276717926
0.010094112059811809
0.0
0.0
0.0018756820234169063
0.003126136705694844
0.09906039180249258
0.21674417443252017
0.08722472833148835
0.0
0.0
0.0
0.010258046288680609
0.005649541280932845
0.011650853601070054
0.007255113171802821
0.026989724238053778
0.01663102641718877
0.003607482674484101
0.0
0.006729460436032062
0.000740362168810568
0.0028854628594840804
0.007894511441278321
0.04095731681922325
0.006097673283867414
0.013967060838655721
0.003459220610100471
0.0009933000678739267
0.0016555001131232112
0.05245915494876133
0.11478065071120412
0.046191373319300996
0.0
0.0
0.0
0.0
0.0
0.2508914665273966
0.29792284650504886
0.07033242786959717
0.0
0.0
0.0
0.004115559728879921
0.0004527858891075669
0.0017646726444941396
0.004828074059688558
0.025048409944075995
0.0037291754436331675
0.008541884399914977
0.0021155676850424243
0.00404984004972822
0.0013583576190448453
0.002217458292212429
0.0
0.021139272421344026
0.01646889121778643
0.005912269944514828
0.0
0.0
0.0
0.15343857442582914
0.18220172048628885
0.043013449670437576
0.0
0.0
0.0
0.001090452791456368
0.0
0.006094906616809009
0.38906299712254183
0.11891347789666888
0.0035363706825224206
0.0009055717782151338
0.0
0.003418860612810852
0.0011467206864566432
0.001871970429129579
0.0
0.017845698836837245
0.013902979581856604
0.004991117327451892
0.0
0.002249999558404907
0.0011467206864566432
0.0008580938251444943
0.005118412318252023
0.028583054036370858
0.01785598108517076
0.00894906302196751
0.005400691596449038
0.0009205563807612627
0.0
0.005145298558733686
0.328445602895765
0.10038633647779698
0.002985391593326335
0.0007644804848084251
0.0
0.002906031520889224
0.004619571009681359
0.0007644804848084251
0.10405150154155579
0.29990552458834974
0.03385444088242033
0.0
0.0019112011712650683
0.002224934536469662
0.0011339462043229616
0.0008485346496907032
0.005061393143936467
0.028264638473255894
0.017657065242763923
0.008849370353092266
0.005340527827605255
0.014907920052045805
0.007284264864260647
0.0028246104724692763
0.003906089715481442
0.016671855481972343
0.006722714593969582
0.012448670493991728
0.008811588382602703
0.0028736582950619092
0.004568108933497144
0.0007559641630832893
0.10289236657248799
0.29656457346494725
0.03347730200692434
0.0
0.001889910367406251
0.0016903872323893584
0.0006094777786602658
0.0011952842745482427
0.0019310264394526173
0.049131944738014355
0.3260610052857507
0.02718781104508384
0.0062128385451959865
0.011867936793991798
0.005798877019593168
0.0022486234456504505
0.0031095703286008426
0.013272175220141536
0.005351836581276033
0.00991017084047551
0.007014752803497259
0.011624754655797508
0.00048519469712945935
0.0009515450962754666
0.0
0.0009419815864943703
0.016663196612898612
0.0747997756522189
0.2037556897716283
0.0013456879807062431
0.00048519469712945935
0.0009515450962754666
0.0015372566830881124
0.03911308973223495
0.25957151555730823
0.02164374519876555
0.004945933095176716
0.040758198216704906
0.0011625657619496108
0.001768527682885828
0.0023851750164816483
0.000403706394211873
0.00145894370412059
0.026809050732154446
0.22786361109707554
0.011534899447662615
0.00048144431513969665
0.0009441899919995303
0.0
0.0009347004047387214
0.01653439604512939
0.07422160005981435
0.20218073094839265
0.005075633853324793
0.004182039966929653
0.005383405668952205
0.012685729149893809
0.020337963205739527
0.050063443814334634
0.13874004366146545
0.00999185180935134
0.04044315187874725
0.001153579543177382
0.0017548575945490585
0.0023667384641508672
0.0004005858877451663
0.0014476665895429102
0.026601826330026074
0.22610230663881029
0.020853402133504402
0.004820495373803629
0.0038580973954259515
0.0034050263986219295
0.007535061338940032
0.022300955897305054
0.030116824463529746
0.053547180812606406
0.007524573851608784
0.0061998303051211175
0.007980842334138347
0.01880646016011472
0.030150816736444448
0.0742185293763983
0.20568065681536074
0.014812815310652377
0.05011304217070127
0.0160724089835603
0.014887342860455963
0.002884353008330982
0.0026288614534891665
0.00391278056253009
0.022925758395114352
0.1171971010219441
0.030914949530503315
0.007146333736773352
0.005719588846931033
0.005047915855144855
0.011170649254795308
0.03306093277410496
0.044647875792561895
0.0793831328684147
0.04397539857923701
0.013992960913456474
0.006069737843231465
0.0012519760336336897
0.0009897739485536681
0.025756725440889715
0.024895740209167887
0.06997988164450468
0.0434751784639603
0.03891956476451907
0.035104539253395545
0.021128445118802013
0.00863960839718302
0.001549879787484399
0.029649355900350855
0.014972956838584824
0.03152644876155768
0.050269804673097426
0.06424354007415305
0.002246254816233052
0.007510091648951873
0.00494120542822694
0.018295528456930405
0.14194622086986639
0.04299264090354608
0.026113087025313907
0.01039824257634259
0.00225020928479792
0.0057920420461998355
0.005673386803024422
0.03220242601233543
0.03789203499349671
0.0884219995013339
0.0
0.01520402327233155
0.008406367432392736
0.01310867811511614
0.019190513645898053
0.023184641655156924
0.15475088600944661
0.027851084806721407
0.04440933400894028
0.05675400665713411
0.0019843856774854245
0.006634562649385897
0.004365158044593575
0.01616262962224539
0.12539808290304014
0.027675852111704584
0.007297412973086808
0.012277220028666654
0.010464761664041167
0.006643781482527485
0.0026550039287002503
0.0027548269637414466
0.014576931053508747
0.07811373318692343
0.0
0.013431533147412762
0.007426350301830288
0.011580464030357028
0.016953277138152475
0.02048176836645769
0.13670997589236322
0.038167058912593255
0.05782582026548998
0.19758533541903558
0.011982817330545365
0.0
0.0
0.00292623112913642
0.03891042585532404
0.028404051839802553
0.007489420580345738
0.012600255006978776
0.01074010771545116
0.006818590910240561
0.002724861692471177
0.0028273112449067254
0.014960475422326164
0.01240563900814418
0.0345254004589379
0.03338403331525913
0.041832908987710506
0.0008508212427761767
0.000625536208337899
0.001522718868295013
0.0018480385499938217
0.039171300509573584
0.05934731801104858
0.20278414870028727
0.012298106062640464
0.0
0.0
0.0030032253515360893
0.03993422672742221
0.0024200461944582368
0.009002914827016867
0.24134737572662662
0.16939177450117787
0.0033686155047143737
0.0014868826012547568
0.0028837151913581687
0.0
0.01134569612477428
0.0315755360877497
0.030531687820805963
0.038258688091626455
0.0007781267269428122
0.0005720901382174746
0.0013926171438483487
0.0016901413785564427
0.004241050448584902
0.008043789679205075
0.025842509290782946
0.11817908875732158
0.004733159952259408
0.002005812073439376
0.0
0.0
0.002213276455345367
0.008233702092854825
0.22072655698818847
0.15491887183441058
0.003080799614804352
0.001359842742157465
0.0026373293830383275
0.0
0.000527441025796293
0.0
0.0005720901382174746
0.2633258398025497
0.057719077640148046
0.005495014826624588
0.0
0.0
0.0048185051516923825
0.009139019325109014
0.029361184371632466
0.13427016605979558
0.005377619504940312
0.0022789202642989805
0.0
0.0
0.0
0.006852044824624984
0.007286404731207625
0.029088911602120585
0.09255875220143582
0.02082570771313385
0.003243591218281852
0.0021177307529171826
0.0005992565593888088
0.0
0.0006499850241472843
0.29917986853603157
0.06557801571372142
0.006243207330757254
0.0
0.0
0.007537597435049249
0.005312644489658535
0.014577435644471287
0.06871870986491554
0.09441820238960481
0.08141215504435251
0.008554178210144371
0.0
0.0
0.009971699479040428
0.0106038182939408
0.04233274768230874
0.13469965312992596
0.030307405171575305
0.004720359788850543
0.0030819084209315465
0.0
0.0
0.007121882309000422
0.015107563185927469
0.05558832034828174
0.02660589473257521
0.0029912473726227584
0.0011390330502753733
0.010969376053433911
0.0077314284488432874
0.021214369015701152
0.10000552257009093
0.13740568891154115
0.11847814263062116
0.012448793985579933
0.0
0.014259638753298292
0.0035202799208290097
0.007043912338972286
0.007800811023223831
0.034759557106698875
0.08566732968116751
0.06488662293538194
0.029536722922553695
0.0
0.0
0.012955290975980128
0.0274819027498316
0.1011197368521334
0.0483983156392803
0.00544132553896456
0.0020719950088092347
0.0
0.0
0.04964415579146499
0.08886958446867552
0.04566135799557404
0.006211834434872475
0.0
0.0
0.02593945831256939
0.006403679352241512
0.012813457173443628
0.014190318271165356
0.06323049960322717
0.1558359342378004
0.11803411571604068
0.05372973370466891
0.01646155249922447
0.010298535904752529
0.021340189699939373
0.012514020145864556
0.02370673323736693
0.010952401124125485
0.04391188851694157
0.022781490552473718
0.0
0.0
0.05219251430017753
0.09343148220136761
0.048005269545932115
0.0065307034111788944
0.0
0.0
0.0012135315039135891
0.0020225525065226484
0.0640902374397969
0.14022946356571386
0.056432782544740594
0.0
0.0
0.0
0.017306565103613024
0.010827185474510542
0.02243563493679301
0.01315639605514322
0.024923659064708906
0.011514615228696812
0.046165995429462044
0.023950921361901075
0.050584002388557044
0.10219488470693941
0.056235526889822834
0.00927474850399935
0.010944187587836288
0.007534778086263384
0.06573982627686571
0.06306201811210196
0.0006532941133164778
0.0010888235221941298
0.034502420996444134
0.07549131008594866
0.030380096862465206
0.0
0.0
0.0
0.0
0.0
0.16501148390587833
0.19594405370456525
0.04625768444857841
0.0
0.0
0.0
0.02723145701768618
0.055015725899814474
0.030273905999054926
0.004992980059119283
0.0058917080463976295
0.004056282142677997
0.035390462776302506
0.03394888807882722
0.012378731051348294
0.03438152330652863
0.05525317834646827
0.049231124986011225
0.0744320264841412
0.0107302340296616
0.0076933009389387325
0.009769024458809467
0.0
0.0
0.10727410922661357
0.12738339976021612
0.030072160898434598
0.0
0.0
0.0
0.0007623725148313464
0.0
0.0042611558441820185
0.27200713122847864
0.08313644377978797
0.0024723966335211483
0.0006331159306732721
0.0
0.008047423824433013
0.022351458209209665
0.035920139306410095
0.03200519717834193
0.04838832516391615
0.006975734476647771
0.0050014216326159724
0.006350851298504406
0.000849414142702815
0.0
0.0221224303068563
0.1432382231518159
0.03151081376326881
0.004622563669198452
0.003190785821367418
0.001422751029622164
0.0006451645846961182
0.0
0.0036060413866642353
0.23018847668219788
0.0703549618865322
0.002092287846477026
0.0005357800399817394
0.0
0.0020366689737546383
0.0032375894341970073
0.0005357800399817394
0.07292366353872999
0.21018639082063292
0.023726614413300585
0.0
0.0013394500713908354
0.0007188243436781076
0.0
0.018721305246096363
0.12121663222971099
0.026666309028091622
0.00391188600303821
0.002700231145862041
0.0012040158312307727
0.0007287396531100447
0.001130229193123561
0.00437041904955385
0.08436831464824338
0.06124843495496122
0.03184625322935236
0.018014626565207657
0.001744755811009529
0.0020134860745460266
0.0032007367544051183
0.0005296813882985529
0.07209359151253103
0.20779389111832067
0.02345654022962453
0.0
0.0013242034425080004
0.0011844035732623687
0.0004270427775586495
0.0008374997981013911
0.0013530122395203836
0.034425278299564
0.22846115514969176
0.01904968277917177
0.004353149403897868
0.0007204445898744008
0.0011173640737524389
0.004320671650427707
0.08340797098901588
0.06055125916815261
0.031483755205224784
0.01780957052648769
0.0017248956871349528
0.012173890754262371
0.008302433020879586
0.02622316427579779
0.05461135307770724
0.021125493898925814
0.026195021678686523
0.023287809347650505
0.026441395911360157
0.0011049661042365961
0.00039840119104134805
0.0007813290250873243
0.0012622662553856475
0.03211638879571629
0.213138357797935
0.017772028253398034
0.004061185432542899
0.03346721390465225
0.0009546014970172585
0.0014521666032621802
0.00195850567417642
0.00033148983127097883
0.0011979622053223547
0.022013343932999377
0.1871024860600141
0.011357392821002055
0.007745592193290682
0.0244643872449428
0.0509485916959456
0.019708615560212528
0.024438132160446994
0.021725905385611134
0.024667982172898246
0.07061993892918052
0.01604468075142648
0.0050055397835346745
0.0005950424500890225
0.0006629796625419577
0.0030958878801598663
0.041929460986205674
0.15787703632279235
0.04184776880510706
0.0011936441097845374
0.0018158049383180282
0.0024489368278436847
0.00041449849574551876
0.0014979449902346748
0.027525725032265302
0.23395498656707175
0.021577654330680467
0.00498791430830665
0.003992091623210352
0.003523285176487352
0.007796758912105598
0.02307548257666159
0.031162801333396578
0.0554069091728918
0.08830394085861785
0.02006244357687961
0.006258981467740471
0.0007440475610396828
0.0008289969914910375
0.0038711319270425906
0.05242905473017513
0.19741116587996876
0.018104998211763024
0.010778234271399633
0.009890364444145587
0.006940236629881459
0.007642131016513438
0.020810585026842163
0.06107584146539769
0.03262546188829936
0.03799705390058655
0.008783440772556755
0.007029852191464791
0.006204310010091152
0.013729660513280286
0.040634646463900685
0.05487596676691219
0.09756849757824816
0.054049436130127235
0.017198517161827957
0.007460214540028106
0.0015387830662729656
0.001216514813827607
0.031657165861275205
0.03059894313233094
0.0860111167957524
0.03188189885608795
0.01897987345089729
0.017416383872008823
0.012221372224573713
0.013457369355339381
0.036646287351231495
0.10755117329341378
0.05745163097448457
0.045132209541870714
0.017649171154201327
0.006213702192752993
0.010412862647698183
0.013030962684675643
0.023605384424813837
0.05271762193710943
0.03907766491256544
0.047375383172571256
0.028775099124950628
0.011458256948689627
0.0024795994115585055
0.006382492573693654
0.006251741415059755
0.035485195590646626
0.04175481290002167
0.0974358871477254
0.0
0.016753947027989786
0.009263326695666685
0.014444998854171416
0.021146826948653195
0.025548123098463122
0.1705264521302698
0.011215574092805096
0.00883503220026683
0.0026611037782043956
0.0024457624804261795
0.013244249773949833
0.026637501433677234
0.02423759339450601
0.025566680565966348
0.13792595701682595
0.006712091899282362
0.0010885330969136158
0.0009154796541483612
0.0
0.0
0.010791372927531058
0.19264070704497366
0.06976529828096338
0.0
0.011996032940296922
0.006632656292412931
0.010342797538257635
0.01514138920428709
0.018292771592265004
0.12209904528939697
0.03408793999350071
0.0516456637593994
0.17646832764306825
0.0107021491766539
0.0
0.0
0.0026134890656770975
0.034751859311858195
0.09875668825570731
0.004805940676998327
0.0007794031379807892
0.0006554947361948929
0.0
0.0
0.007726756261877916
0.13793312486262935
0.023258548498414897
0.049303408082728206
0.011492836264305103
0.03416428018402135
0.02445460920419123
0.013993494771703594
0.021727467245085095
0.006408371925557031
0.032235216503534926
0.04883865534468859
0.16687704650605537
0.010120473570076173
0.0
0.0
0.0024714425652528453
0.03286305095091466
0.0019915272664447533
0.007408763682503852
0.19861186143682852
0.13939747861138543
0.0027721328804258915
0.0012235994706142586
0.0023730941357242965
0.0
0.021994416399093622
0.04662370428403414
0.010868185795040359
0.03230740750627147
0.023125469663368963
0.013232930288335231
0.02054655138598342
0.0060600686487623494
0.009280946234702441
0.045846840432192434
0.07110981328833428
0.03033252288121717
0.015149008454868692
0.001496385193407933
0.003080467648801592
0.0017607916347480187
0.002008669614583476
0.007472535647097504
0.20032144067814509
0.1405973618107164
0.0027959944000363634
0.0012341317733655392
0.0023935208737991256
0.0
0.00047868162128731094
0.0
0.0005192031364473113
0.23898262319133598
0.052383224498477064
0.004987026942463065
0.0
0.0
0.009360833271195823
0.04624147349245283
0.07172190090370714
0.030593614293781077
0.015279405653674513
0.0015092655372361255
0.0031069832028467535
0.0017759478938217323
0.00443995742404982
0.0014171487186959578
0.037054540891347375
0.07491740532362182
0.03628454208871162
0.0064593171853106965
0.004705738084611101
0.0009573632425746219
