0.04679011868070408
0.02729223908740989
0.011737464599722231
0.003695303237527318
0.002331968562049589
0.008606038927633064
0.0047204267748071965
0.018741629637250786
0.06630418380653723
0.060329496741547625
0.10238881439974956
0.04853716284529138
0.03578286462791832
0.01571713691426646
0.03961736856368514
0.029799538833509647
0.035115413303309626
0.07816879715754226
0.043322331367978945
0.0013380728610215675
0.0025459159755906353
0.010989640106242584
0.008401561510320446
0.011342988214940782
0.061682082530554586
0.05014522905702138
0.02989448902890417
0.023204012047807778
0.014990513989762644
0.009279106279431576
0.05941640749655159
0.03777136478682351
0.04231518917915836
0.03850215659317577
0.06534432372769765
0.030976314164591554
0.022836548150876868
0.010030643372708948
0.025283720412639973
0.019018002346140213
0.015247335767252197
0.01179936851649073
0.04305953299287969
0.05023522009456518
0.07110157106977813
0.0625182601346806
0.007814180623850624
0.008486277317157797
0.03936537396886765
0.03200257860305462
0.01907859935902918
0.014808751169962336
0.009566914166690718
0.005921905905264315
0.037919424977744094
0.02410560472583411
0.05009576965645481
0.05825950492405486
0.028178108235614716
0.05927942014767892
0.02884273117231595
0.010487389410272387
0.03395340389838276
0.023565672238478785
0.012190440812870143
0.009433746703372147
0.034426649769655246
0.040163703786177174
0.05684661943956217
0.049984152085921406
0.006247537789567202
0.00678488772960616
0.04430522765253728
0.12565350894494443
0.024958076195262132
0.012094932677396189
0.01751047678276198
0.011447578479051566
0.00805594277563546
0.011455578841507183
0.04005221136953056
0.04657922258714697
0.022528759509754963
0.04739465791024374
0.023060134085379755
0.008384802554294798
0.027146182581463656
0.018841057678789755
0.023878471244695467
0.1894402101842166
0.07498237228343635
0.0024221888084747113
0.00012678315896294293
0.0009142463527370911
0.0
0.0026894769426012224
0.05351198106667372
0.1517646685929604
0.03014443603124072
0.014608294387094814
0.02114920409429219
0.013826418129129905
0.009729990796228853
0.01383608098985616
0.0051516179161027985
0.15029019385371764
0.07477861152504732
0.024236101979117228
0.0009187743787534141
0.015380951731507445
0.017441987001241187
0.011788940098385912
0.028840486074651294
0.22880642934838738
0.09056392436199887
0.002925526591929945
0.000153129063125569
0.0011042293677310784
0.0
0.0032483579671549246
0.005591444559337603
0.004183638418665064
0.0018767241749053432
0.006175782433253628
0.012978668288520838
0.0010272209620119427
0.002850385904099493
0.001115603907676478
0.008987054763530764
0.2621829150727845
0.1304521196759854
0.042280149515750015
0.0016028121245902434
0.026832241400164124
0.030427740356087838
0.02056593714704827
0.0016028121245902434
0.0
0.00037778643428972
0.02096531950170157
0.32109933697923393
0.02909433196975972
0.004594743070387452
0.001946183427415769
0.00975433723548112
0.007298403762016095
0.0032739662006369664
0.01077372115696208
0.022641431209804292
0.0017919983954927817
0.004972529918662377
0.001946183427415769
0.0026713535409837387
0.0023893312789104175
0.004216956986392906
0.0016249209726229268
0.019586272367324097
0.002157835847427997
0.0018889322032936157
0.0
0.001755668710044804
0.0
0.00041381507638109627
0.02296473484354226
0.35172185816518814
0.03186899293766066
0.005032933377289442
0.0021317865613196133
0.000585222903348268
0.0006542991065448123
0.0010550255832494871
0.2365946290346813
0.28337472399801467
0.0013085982130896245
0.0012414451942612855
0.0
0.00292611451674134
0.002617196426179249
0.004619118684610382
0.0017798860291620032
0.021454171087280163
0.0023636237963391114
0.0020690754167874844
0.0
0.003511337420089608
0.0006542991065448123
0.006928677608331533
0.00305710536880738
0.0073152862918533495
0.0
0.0
0.0
0.0006859584262043911
0.0007669248466260441
0.0012366291280649171
0.2773201090601541
0.33215255005852656
0.0015338496932520882
0.0014551374985536036
0.0
0.0006859584262043911
0.0
0.03269266596911182
0.26977508971665237
0.007545542688248302
0.0
0.0009700916929599412
0.0
0.004115750557226346
0.0007669248466260441
0.00812132396168423
0.0035833306856757545
0.008574480327554888
0.0
0.0
0.0
0.0013719168524087822
0.0007669248466260441
0.010118099395318056
0.0097613588321052
0.02377688113164371
0.0007669248466260441
0.0014551374985536036
0.0
0.0013381353191153898
0.0
0.06377530960786708
0.5262645110504288
0.014719488510269286
0.0
0.0018924090841962312
0.0
0.0006690676595576949
0.0
0.03549598112220246
0.14820655183023515
0.030777112339653964
0.002992161580566917
0.0009462045420981156
0.0
0.0026762706382307795
0.0014960807902834586
0.019737910704169855
0.01904199805238183
0.04638281739129845
0.0014960807902834586
0.0028386135465352665
0.0
0.0
0.0
0.0014960807902834586
0.00211577773861816
0.05637500435097123
0.01587708627966909
0.00338848987447969
0.0
0.00156597808593142
0.0
0.08307968227421274
0.34688302302794843
0.07203499195284532
0.007003267005658731
0.00221462740960154
0.0
0.02035771511710846
0.0
0.045059561234616706
0.07428248329078131
0.01409380277338278
0.0035016335028293655
0.011073137234686834
0.0
0.0
0.0
0.0035016335028293655
0.004952057577507026
0.13194782343279093
0.03716091911966074
0.007930888322032445
0.0
0.01252782468745136
0.0
0.00442925481920308
0.004952057577507026
0.057425273761168086
0.0315147026455391
0.022505657192757295
0.0
0.03608508606494271
0.0
0.07987036540428062
0.13166948192593825
0.024981982660344952
0.006206823584602345
0.019627699269000796
0.0
0.061067068725287665
0.0
0.039892422704463824
0.0
0.04718818946954047
0.006206823584602345
0.11789247698150053
0.014948010233373095
0.022206206809195515
0.0
0.007851079575241011
0.008777774070171487
0.10178922015826766
0.0558614142468107
0.039892422704463824
0.0
0.03608508606494271
0.0
0.01177661903196325
0.0
0.1059299275368088
0.01241364716920469
0.01177661903196325
0.0
0.01075693964465883
0.0
0.007027034247239669
0.0
0.008312180634509097
0.0010933294831124692
0.020766712500221742
0.0026330860027272336
0.03711003242660892
0.021417056596281108
0.002454423093723143
0.01423849138381349
0.01826874670637791
0.2689420536177441
0.20664236003541722
0.11839988477997411
0.006356373426389309
0.0
0.0020744467155423044
0.0
0.018659514217106675
0.0021866589662249383
0.0020744467155423044
0.0
0.027661943102844158
0.010739822675789702
0.003457411348004099
0.007959558392423955
0.035992581787252884
0.042781932270574335
0.07347243176334638
0.028519921608243327
0.009534917752906089
0.005502821199596986
0.0006306306084686436
0.003658386570764026
0.004693905822865506
0.06910100029188189
0.053093941944155745
0.03042123893486911
0.015764262679048686
0.01748966906855894
0.059326780519336014
0.07774897113020873
0.048574799085250524
0.048976608022144215
0.0970016093059148
0.017613571403565825
0.007107359792606048
0.0027594512642092053
0.0008883347894232942
0.0020451001968620724
0.009247804019975141
0.010992235221487803
0.018877741358889144
0.007327805692213415
0.030800059756942617
0.014672870681606909
0.0012934350168764502
0.006214497636590311
0.0020100721719220694
0.018800850408793045
0.1316396682520998
0.17618943859419314
0.013001959747789279
0.014425030707828908
0.04893120775661199
0.06412535832776468
0.04006324909205912
0.04039465080301494
0.08000444076223649
0.014527222177561121
0.014775982159996752
0.0038969808271197876
0.0104873847588807
0.0029544164977219635
0.014749395144370282
0.04813974126633385
0.045059005613819744
0.04514739921929338
0.025403099741639085
0.01210180760564966
0.001066792045286041
0.005125558344765849
0.0016578560000916742
0.015506459465701207
0.10857302384975374
0.14531653241428555
0.015631397569223743
0.022707746169224417
0.023626768989587734
0.012119447432799073
0.015914251414942508
0.02536025632171484
0.03242452250179297
0.03678092264265887
0.02373200953290533
0.006259021237122042
0.016844004843672437
0.004745149238060925
0.02368930757905436
0.07731823077975901
0.07237019774329775
0.07251216853515668
0.02877899144744441
0.0037998717459230935
0.013100480009454374
0.0006861663702305667
0.0038935704878456617
0.0
0.03245255551931881
0.09923612083542974
0.025105909854829748
0.0364713792100942
0.03794744070622046
0.01946529434689002
0.025560207247066053
0.04073163044371133
0.05207769397527638
0.05907459804247798
0.060682305274304876
0.019510288077224724
0.006722476847517451
0.0064099039287811655
0.002719576241995543
0.0006000350933025273
0.041783539343876554
0.08571966244442003
0.063549772547939
0.00839087726912668
0.02892848161096961
0.0015151926653798572
0.008597782842870683
0.0
0.0716617371952835
0.2191332145585444
0.009292080195799614
0.005936909651125027
0.008919352548975107
0.0030303853307597143
0.014024186908694742
0.002146726109561368
0.003202577438713537
0.005001491969028592
0.13399867416858766
0.04308262059553511
0.01484457422348123
0.01415435066486169
0.006005368600953621
0.001324997568792256
0.09226641685482034
0.18928616943290205
0.01231389422688411
0.003286914513540515
0.006086695890377206
0.008238611146139708
0.008879351982277196
0.005936909651125027
0.005801111484160414
0.0011620997678829115
0.04121808997651893
0.09175368339726087
0.05085128108543794
0.0015706153621016026
0.002988368465099666
0.012899519957123082
0.009861661467131529
0.013314276121647064
0.07240175719201467
0.058859924139655635
0.035089825882222946
0.027236616813865817
0.01759570218033194
0.010891713966847856
0.06974233249430546
0.04433561692330917
0.0312597720812052
0.012231412826354001
0.010786081249902662
0.008864121312280922
0.012202629290584611
0.0170191247129186
0.03393067192049863
0.04328947652875981
0.06018841932689562
0.08914796957167888
0.010881122213126523
0.019621851263422675
0.026327810967200268
0.023652293924341337
0.021301187166890095
0.01868469689944415
0.0392524063743386
0.03191074016843507
0.019023849124005947
0.014766254202983872
0.009539459803337492
0.005904911694421198
0.03781060685171669
0.024036428393794204
0.04995200883257323
0.0580923164671402
0.02809724495947071
0.05910930481981601
0.02875996061454705
0.010457293540854132
0.03385596714171668
0.02349804536140793
0.032630980049044606
0.048331317702613064
0.005899169405319236
0.010637930755824853
0.014273547702586596
0.012823023760892121
0.011548377931120627
0.010129855187537028
0.21886973289511505
0.09524662551630626
0.026404492926733934
0.006609042403282189
0.010025256858181933
0.0
0.00788107102796824
0.014622575132745869
0.04391257203244349
0.051068677536974756
0.02470015364810321
0.05196270713331626
0.025282743810555112
0.009192956732056766
0.029762618773185538
0.020657019280505583
0.026179954931402585
0.20769906557229748
0.08220941394923247
0.002655647138855367
0.0001390029266822532
0.0010023643501119574
0.0
0.0029486973611004465
0.19240733528240164
0.08373085290424967
0.02321206343295761
0.005809977564112554
0.008813155350853264
0.0
0.0069282118436603205
0.01285463585596187
0.03445760297071374
0.004214906466437308
0.004388609750652113
0.0014175572750469336
0.0008565746351226211
0.0
0.006001276269607637
0.03553346729765323
0.05532155871311915
0.4388944167713375
0.17371889800728257
0.005611718564774594
0.0002937307795180259
0.0021181227542963277
0.0
0.006230970779619992
0.010725458221469517
0.008025017255727327
0.003599915284424045
0.011846329829405321
0.024895563753087137
0.0019704059291579573
0.005467584379144133
0.002139941293616205
0.07281327683154885
0.008906630900025954
0.009273687927493347
0.0029954779611424147
0.0018100506319918995
0.0
0.012681456418571485
0.07508671434074568
0.0032310385746982845
0.003029467306306121
0.00892558909828361
0.025032761520601576
0.018353304052946284
0.0
0.0027206535570344784
0.00427988258723241
0.04449446891804209
0.033291713368194746
0.014934216834648602
0.04914439490634009
0.10327902684768471
0.008174211633713532
0.022682225616023066
0.00887752759920735
0.012185395504478886
0.010898949232314667
0.01923567506742296
0.007412086948117438
0.08934290111461624
0.00984298140671024
0.008616375790455336
0.0
0.013403935054926775
0.01256771842426644
0.037027727721117586
0.10384819057721902
0.07613852013264451
0.0
0.011286607306708187
0.0177550551984147
0.003655618651343666
0.038346378989926364
0.0227983579053702
0.015118806676311767
0.1223593990624185
0.059062316002676765
0.016510936887776887
0.007706720890284202
0.017085443366557446
0.015281685341706971
0.02697081410785205
0.010392669793402481
0.12526988366004602
0.013801086827309978
0.012081232860984349
0.0
0.020502532039868935
0.003820421335426743
0.040456218717685795
0.017850292715995697
0.042713608416393614
0.0
0.0
0.0
0.005125633009967234
0.05376640309328669
0.0319661395232955
0.021198451469475067
0.17156312918021757
0.08281272895824716
0.023150391550379165
0.010805783305467439
0.01879398770321319
0.003820421335426743
0.029779162493735398
0.01949190965909281
0.10829121779695014
0.02292252719786303
0.05028403760340196
0.0
0.023586021051102458
0.004394995596945407
0.04654065285535543
0.020534896809287304
0.04913754385646345
0.0
0.0
0.0
0.007862007017034153
0.004394995596945407
0.0579835201421791
0.05593915658886626
0.13625753337161436
0.004394995596945407
0.008338917336201039
0.0
0.02162051929684392
0.004394995596945407
0.03425781518573516
0.022423405589687802
0.12457773204019901
0.02636997264444817
0.05784653169384085
0.0
0.03176698423202424
0.008789991193890814
0.056858086242041334
0.03296581778816524
0.0298014824777657
0.020271703615072297
0.07756776225671988
0.03111944848543493
0.007578575908980366
0.0042365527884825295
0.055893171796375096
0.05392250904565945
0.1313453495513103
0.0042365527884825295
0.008038293262036832
0.0
0.0
0.0
0.0042365527884825295
0.005991390395871411
0.15964089869676779
0.04496021510868101
0.009595415113746526
0.0
0.030621761196620953
0.008473105576965059
0.0548083106121693
0.03177737592550158
0.02872711721937586
0.019540893860602586
0.07477138764677094
0.02999756958770064
0.023276427334422756
0.012709657913729262
0.04261820737113041
0.005991390395871411
0.11398609619540498
0.008473105576965059
0.024549691197602072
0.0
0.0
0.0
0.004535719665016405
0.006414476248997282
0.17091404255089634
0.048135109366796255
0.010273001470378167
0.0
0.016227483758319554
0.0
0.005737281805361762
0.006414476248997282
0.07438383921590355
0.04082147843599776
0.02915192347252382
0.0
0.024920107092512408
0.013607158511432516
0.045627719259511944
0.006414476248997282
0.1220352970597907
0.00907143933003281
0.02628328329526799
0.0
0.09317515695409037
0.0801748900098667
0.014343204755212757
0.006414476248997282
0.02434122563747933
0.020920786540530794
0.0611724948601707
0.038486855559516885
0.019319620886795
0.0
0.006830517352603676
0.00763675078426401
0.08855763439102574
0.04859998624356187
0.03470680470231717
0.0
0.031394383941041874
0.0
0.010245775741020728
0.0
0.092160091012453
0.01079999655916737
0.010245775741020728
0.0
0.11092962625815364
0.09545216638020007
0.017076293669393974
0.00763675078426401
0.028979431330192502
0.024907229650401062
0.07282887642959494
0.04582050240250578
0.03863924177359
0.0
0.02247629137320809
0.01527350156852802
0.0438610387954655
0.03570722505802929
0.07227464524759604
0.00763675078426401
0.016994832769610092
0.0
0.005546381978400324
0.0
0.049889347653072826
0.0058464002918517735
0.005546381978400324
0.0
0.07395885445678549
0.028714721132108247
0.009243970379578375
0.0212812172484384
0.09623221723905884
0.1143846869475389
0.19644089596918912
0.07625280420470985
0.02091671725490473
0.0
0.012167170213820886
0.008268058562670965
0.023743451084441917
0.019329518287973767
0.039124689045419964
0.004134029281335483
0.019609422426473185
0.0058464002918517735
0.007395176178989349
0.0
0.01589968211385264
0.026966237238977488
0.08386297521252527
0.012402087220639697
0.00907638406968771
0.003523930154992831
0.0011344392244865616
0.002611675135262565
0.011809817363378392
0.014037526108972962
0.024107634331352823
0.009357902342268453
0.039332914032883096
0.01873784550061354
0.0016517684941976293
0.007936163216127012
0.0025669429397869935
0.024009441498160193
0.16810914639572977
0.22500099338817803
0.0024065090060503063
0.0007174823740000822
0.000907551364289077
0.0
0.0019512419778701777
0.003309352583851698
0.010291838318025008
0.0015220098757217039
0.025145287114476157
0.0057867521837989535
0.003745368017348797
0.0
0.0006417357349467484
0.02019423339673828
0.1280624022164536
0.2323135062849156
0.026442784799739008
0.01259710419037984
0.0011104531638449601
0.005335334572063715
0.0017257078815276759
0.016141099898344783
0.11301664497305655
0.15126397304092606
0.016271151404591424
0.023637117176518077
0.024593753292270634
0.012615465971342025
0.016565581747667237
0.02639818790626287
0.03375157675517142
0.038286273410227604
0.016904707730016247
0.0038903256076498562
0.0025179410911630325
0.0
0.00043142697038191897
0.013576206620725461
0.08609396547421497
0.15618003913031098
0.034700665400502484
0.009007924051446289
0.005424516838673005
0.007313163925596969
0.0044565953126396406
0.03922408199400854
0.0696154709364962
0.03091062067560996
0.024303083661691167
0.035305112833011645
0.03673397345736606
0.018842841376685106
0.024742853723586894
0.03942913155008285
0.05041237544894685
0.0571855354698857
0.05874183211814594
0.01888639631649405
0.00650750831910475
0.006204930725289102
0.002632610780319937
0.0005808474242440826
0.040447402951239615
0.08297855524395188
0.05182996294329795
0.013454507698741213
0.008102222349017156
0.010923162737290494
0.006656505494676858
0.05858627472327676
0.10397977206703896
0.046169037558225164
0.027067741362908574
0.005108131194619734
0.0018226168164681416
0.0028141156093128136
0.005300847699570992
0.009909568603493912
0.06692737816307238
0.07741295737338602
0.12600641418783534
0.04051298692872418
0.013959179668395036
0.0133101240254997
0.005647182466375286
0.0012459689880293654
0.08676324903938043
0.17799632431872459
0.011579440362714355
0.003090868728089885
0.005723659044815079
0.007747224775574349
0.00834974905938795
0.005582806704148616
0.005455108126691324
0.0010927871159024383
0.05806269410262841
0.010957392233536143
0.003909673927426819
0.006036526343378802
0.011370786144963342
0.021256899229210396
0.1435651328743092
0.1660576256912976
0.006656119244037275
0.006258724853976019
0.009098535755194192
0.008747882324931254
0.011199389443267831
0.007900958332606248
0.012008503575510613
0.0028496400543190064
0.03555556468746041
0.013912282816289031
0.012268330319519467
0.010082250052801719
0.013879543778226824
0.019357933515387393
0.0385935059674873
0.049238419877349164
0.06845965579192803
0.10139889665949779
0.012376432039106102
0.022318332970310436
0.02994584168725737
0.026902648696513536
0.024228447228104747
0.021252392613355355
0.028027314568536247
0.041372220275580726
0.01232262288455301
0.0
0.014210267413313559
0.009872770701554836
0.012914355276799577
0.005823709331623032
0.10174448200317726
0.09921472156157146
0.08544907410133437
0.03308798450074327
0.01508465193823609
0.0038686733323756582
0.015506757870742637
0.021729490917166885
0.029069789989697805
0.04305666741938576
0.005255362096649672
0.009476957557878496
0.012715800552066916
0.011423579898666051
0.010288042856045527
0.009024330942103411
0.19498333058950015
0.08485186153847937
0.023522832075866206
0.005887762929818776
0.008931147977232122
0.0
0.007020968396676652
0.01302673678751324
0.04320341214440765
0.042129208602028796
0.036283948702423935
0.01405003793098817
0.006405344269404213
0.0016427415535467083
0.006584581670898972
0.009226919566539314
0.23867455201653784
0.0399315928558191
0.011268806041345135
0.0
0.0011269114482112075
0.0
0.0023494261003430164
0.07858716518409405
0.23104040339851772
0.10054299646895626
0.027872765304873606
0.006976550858514371
0.01058273045820401
0.0
0.008319313070056716
0.015435691416563802
0.04137627330483496
0.005061208757261789
0.0052697895621346
0.0017021856478945932
0.001028564472083147
0.0
0.007206260032659567
0.04266815818923057
0.28281117474065176
0.047315897691669766
0.013352677307032493
0.0
0.001335304278586088
0.0
0.002783891075904554
0.09311980819685917
0.02180234788840145
0.004185897150839272
0.000845330244763571
0.0
0.000500739104469783
0.001207794031996561
0.006899883078503886
0.01875615061985127
0.1806498019673953
0.022097358865041845
0.02300802766348267
0.007431783378324899
0.004490737162904579
0.0
0.03146270419848047
0.18629020236815996
0.008016209461615085
0.007516110972686984
0.022144394171100486
0.062106302698827665
0.045534563020456956
0.0
0.006749943797162212
0.010618392351932172
0.09518957397266958
0.01827572739052447
0.0036907321301878665
0.0
0.002186238944076841
0.005273257721644174
0.03012505506590066
0.08188980361242046
0.01793440138025
0.04235235817720953
0.02618720792485759
0.021060579180245214
0.028539365200256506
0.006518105287717733
0.0026601291391853193
0.0
0.011889545987190196
0.011147805890364309
0.032844300553334024
0.09211532527535678
0.06753631920806324
0.0
0.010011435900171702
0.015749072523971962
0.0032426034510518714
0.03401396937352171
0.020222578193460287
0.013410669815456586
0.10853512018344594
0.0523894005265024
0.014645515858916602
0.006836008385596729
0.02660008960397703
0.06281651104865585
0.03884055355459426
0.03123679912300293
0.042329245090022886
0.009667575796111199
0.003945471719976271
0.0
0.022101220171151067
0.026763287268739347
0.050287343850534794
0.05594215396406496
0.08420593780478566
0.03166259203730858
0.004585733570544384
0.014424430759320706
0.002990733307137438
0.031371924642942355
0.018651783689354197
0.012368992229098534
0.10010462390074228
0.0483200389627501
0.013507921255453808
0.006305019492914835
0.010966022126170606
0.0022291610251730237
0.01737571397630002
0.011373249572063192
0.06318637157713397
0.013374965675673884
0.02934001435245302
0.0
0.020384501617919826
0.024684441329741156
0.04638126013604294
0.05159683126811775
0.0776652176724916
0.02920319120907782
0.004229535413168221
0.013304009003754095
0.0
0.0
0.01428264520263561
0.047761942310415306
0.2547720896324596
0.028294323271473496
0.0028196903546728568
0.0031525097464574175
0.013003523092473228
0.0026433420007881295
0.020604143903722776
0.013486413919760142
0.07492648040276922
0.01586005144104123
0.03479142662452833
0.0
0.019106049552642352
0.005286684001576259
0.03419693242752717
0.01982708032980722
0.01792391108969024
0.01219228652481282
0.046652634651748154
0.01871659331811032
0.0
0.0
0.016936378987494363
0.056636172408649134
0.3021090704301034
0.033551444800430104
0.0033435924365963735
0.003738250097952445
0.009457107703616893
0.006905603086924106
0.019203644159481375
0.006027747106725171
0.0834322684194739
0.044076961367864084
0.05040969331202384
0.01495299926443469
0.02525369606959689
0.006987750692468137
0.045200287775757304
0.026206728880130377
0.023691187536719963
0.016115330248815472
0.061663791517710925
0.02473892668452946
0.019196016117924458
0.01048162566617114
0.035147137653870314
0.0049410858872589785
0.09400407151618163
0.006987750692468137
0.020246073899077798
0.0
0.012500068263015408
0.009127580301409465
0.025382693146274296
0.007967261520923731
0.11027780197351306
0.05825935827228405
0.06662973789301106
0.019764342058911658
0.05866820068442048
0.024752665630178725
0.021070866616056422
0.01784943255037956
0.06472468555643883
0.01048162566617114
0.05383078646702957
0.01784943255037956
0.015420175066308767
0.008419898262168686
0.02823372372542753
0.003969178236314132
0.07551354566595675
0.0056132657076154585
0.016263687319875004
0.0
0.057655339390357996
0.04961097620024519
0.008875352241313125
0.003969178236314132
0.015061972216452972
0.012945457649208552
0.0378525893361883
0.023815068220866785
0.0471282124281169
0.019883836053812904
0.016926243967623954
0.014338463411901068
0.05199339155899749
0.008419898262168686
0.04324231372693972
0.014338463411901068
0.03518762266548175
0.021983187776904913
0.005325211105384274
0.03551884233547399
0.2585527480553584
0.036607403326904986
0.023363969591732706
0.003969178236314132
0.056799017930063575
0.048874133020833946
0.008743531759944497
0.003910226324150767
0.014838265441335732
0.012753186242682001
0.0372903866864592
0.023461356765665214
0.019784353921780976
0.0
0.011508479021981231
0.007820452648301534
0.02245805753620074
0.01828308076675547
0.03700660508630762
0.003910226324150767
0.03466500122670771
0.021656684184035702
0.005246118820118821
0.03499130148221926
0.254712613401413
0.036063694705883075
0.023016958043962463
0.003910226324150767
0.036011364778818125
0.00276494755684658
0.0045136537319495715
0.013879385801124064
0.0999641794918991
0.03612094677815195
0.05207605569262838
0.012963925755164503
0.02839656319716057
0.0
0.016518166483622438
0.011224727314113137
0.03223414080811107
0.026241779766201564
0.053115729945003944
0.005612363657056568
0.026621777997338034
0.007937080821061327
0.010039701027730127
0.0
0.02158542960917586
0.03660939958284753
0.11385248681725946
0.016837090124886173
0.0516872575066458
0.003968540410530664
0.006478465455892313
0.01992113857230843
0.14347899110664933
0.05184454099346861
0.07474497334515214
0.018607175065976957
0.06624306681604468
0.019842701629511555
0.07636090774105227
0.005612363657056568
0.03727048919627325
0.003968540410530664
0.007529775559226712
0.005612363657056568
0.0036999488686235453
0.00110311164066487
0.0013953380748116474
0.0
0.002999986923082645
0.005088048836598675
0.015823450253082936
0.0023400530409619672
0.03866026529571002
0.00889699026333259
0.005758411925128199
0.0
0.0009866530316329455
0.03104814102965368
0.19689281818714122
0.35717634656002367
0.009206596198972362
0.002757779042853072
0.010612794315684855
0.0007800177195267248
0.005179928416072964
0.000551555820332435
0.0010465035267041838
0.0007800177195267248
0.01382340251428851
0.0019924686567760063
0.0006976690374058237
0.0
0.0009866530316329455
0.0012333162895411818
0.12958381387377638
0.14889760417748713
0.017559821373776614
0.004041088662826281
0.002615519682248451
0.0
0.00044814620026138903
0.014102329777055155
0.08943039295514948
0.1622325350475058
0.036045431587206064
0.009357011065685605
0.0056347349062419935
0.007596573348772492
0.004629303202101976
0.040744145617032546
0.07231330195230981
0.032108510024843565
0.00627870701538244
0.0009049962135080774
0.00031688721174451896
0.0
0.00044814620026138903
0.0005601827503267363
0.058858070609482574
0.06763055846463895
0.010888732566165876
0.0
0.007735545443924961
0.002265799085359252
0.04231513273488611
0.050243178600949796
0.18047805375147055
0.07221702054209742
0.041941614485128384
0.010887597500410042
0.00655644470761117
0.008839193672335016
0.0053865480780162615
0.04740892736604267
0.08414205348860264
0.0373607053613934
0.02190363852793521
0.004133579442041694
0.0014748899580354336
0.002277226247132447
0.0042895286439431045
0.008018977488684803
0.054158678378506464
0.06264377263515052
0.012669872530639621
0.0
0.009000898326223646
0.0026364304033641966
0.04923689094302766
0.05846177822258187
0.21000000888204604
0.08403002270934998
0.03501925013991549
0.0015912842585618578
0.005966087058645921
0.0025120211877578047
0.008708498390210765
0.01748493135380642
0.043445914138928725
0.05781256860921731
0.05381599284685244
0.01015596935646573
0.003623720658570036
0.005595015242332751
0.010539127667049382
0.019702171153881478
0.13306478941822808
0.15391218293406103
0.0061692911629584795
0.005800962169902888
0.008433069506779849
0.00810806284309663
0.010380266907744688
0.007323082810440395
0.011130202490756046
0.002641217586429453
0.08604030388048427
0.003909694828411987
0.014658336242277926
0.006171893044121535
0.021396284753179198
0.0429594808855191
0.10674413757986527
0.14204218969208365
0.022312963103188546
0.008643576293706889
0.006506387807439272
0.006488261389033772
0.01653297726378922
0.01619933411407592
0.03380723957354616
0.015191404816528815
0.027542034175676883
0.04065587882018719
0.01210926219101062
0.0
0.013964223000599438
0.009701828100794955
0.012690749002037665
0.00572287441412004
0.09998282188846892
0.09749686311533695
0.08396956167255837
0.03251508087566779
0.014823467949280125
0.0038016889871581045
0.015238265306708807
0.021353254518808745
0.0419955948459813
0.030444896899203898
0.0747303433768723
0.0
0.005308907133908029
0.0011753814111012484
0.014403180268388374
0.044758066951832265
0.05332293673450233
0.07127738133138005
0.03691526113207129
0.03665874177911205
0.0394829144260601
0.01183339177952163
0.04311092017045646
0.00301381047123874
0.04319452843268442
0.042120545773660124
0.03627648780698874
0.014047148888653688
0.006404027168991236
0.0016424037644306843
0.006583227714753406
0.009225022279046174
0.2386254745059769
0.03992338191270205
0.011266488890468216
0.0
0.0011266797267811953
0.0
0.0023489429990518336
0.07857100567987925
0.02303654831288903
0.030793218438663256
0.01594811255025322
0.015837291188386757
0.017057388835095368
0.005112255965787968
0.018624758052330322
0.0013020248841932069
0.1915338687595106
0.0017191098081607385
0.0015933657227954862
0.0022711685137845727
0.0033268709506869367
0.0023491288850464903
0.0036725264949938347
0.13446681682459796
0.2903096386058273
0.04857043280477019
0.01370671058871576
0.0
0.0013707085757860631
0.0
0.002857703246362097
0.09558878955000602
0.022380415986195272
0.004296882151901176
0.0008677433559156053
0.0
0.0005140157159197736
0.001239817518741051
0.007082826782852003
0.019253451753025088
0.23301840817903435
0.0020914537652113783
0.001938474624762179
0.002763083496490726
0.004047441730107314
0.00285792939361667
0.004467963203590324
0.16359113827910796
0.043201490442099436
0.017077847189136866
0.006192673279775879
0.0
0.0016254603534396727
0.0009990669359251074
0.0007662493994501211
0.007321963778862378
0.06322426545220376
0.012138613417918895
0.002451359095051437
0.0
0.0014520849876053228
0.0035024617936291872
0.020008855999246403
0.05439064873750801
0.011911907011127636
0.02813014728578906
0.017393364800315406
0.013988292972624137
0.01895565161134632
0.00432928105208665
0.0017668396213358765
0.0
0.1220434196275402
0.048244605672395226
0.017494188648719575
0.0
0.00459189574185273
0.0028223458044931136
0.002164640526043325
0.020684413635196
0.0029637565372616324
0.03155003756958082
0.07695873177839997
0.40199518787959115
0.010274848436466082
0.0028223458044931136
0.0017451889439175962
0.0
0.008420930679165127
0.019886154254482414
0.012295958919429261
0.009888798269855666
0.013400392401354159
0.0030605154654236677
0.0012490387944241782
0.0
0.0069966998516577585
0.008472595024752881
0.01591972970427066
0.01770990277055837
0.02665751791009653
0.010023593778759197
0.0014517298657859058
0.004566418133136517
0.002095179917614223
0.022303790572769502
0.05440473509883618
0.2841840191775928
0.007263638504026428
0.001995211879178292
0.0012337331969639236
0.0
0.0
0.012746545161851707
0.01909056471037607
0.2391324017747543
0.19401950846485877
0.0015302577327118338
0.0
0.0
0.006807124696303887
0.008243030579782816
0.015488385599783501
0.017230054036124653
0.025935234089681146
0.009752005117232987
0.0014123953336960364
0.004442691312584828
0.0
0.0
0.004769493447018523
0.015949445472773213
0.08507764456411762
0.009448501136625168
0.0009415969155875864
0.001052737386112208
0.0
0.01240117829882833
0.01857330702496812
0.23265312394695778
0.18876256172729183
0.0014887954928614888
0.0
0.0
0.0
0.0
0.001200305271307766
0.046795524265020774
0.2811157424911674
0.01045869567604403
0.0
0.0
0.0
0.0
0.006599892473294528
0.022070399361756077
0.11772807998202629
0.013074573270356157
0.001302955641955769
0.0014567487361369538
0.0036853151431202645
0.0026910260965819707
0.007483417006762334
0.002348936734940407
0.032512498732944276
0.01717623382142426
0.019644019286340526
0.005826994505224015
0.0
0.0
0.001660949074311435
0.06475434588837638
0.3890001514001142
0.014472452397633609
0.0
0.0
0.0
0.0
0.0
0.036002367503928503
0.20676966542793485
0.03373838786441433
0.0
0.0
0.005056099453659673
0.0036919761399813646
0.01026693760777348
0.003222643730858205
0.04460579915061714
0.023565080072610756
0.02695077932935007
0.007994394669161572
0.02373045100124417
0.010012100457055957
0.008522865231127849
0.0072198410654389904
0.026180212811194717
0.004239668191332643
0.02177378589613893
0.0072198410654389904
0.0
0.0
0.0
0.04939375429178252
0.2836794010290311
0.04628766817054177
0.0
0.0
0.0
0.0058268666822449385
0.07983396340336252
0.2423608360940943
0.058364225480045745
0.0
0.0
0.0
0.013945031753668215
0.005883540046804894
0.00500840149536481
0.004242688556939178
0.015384616961167769
0.0024914110376600537
0.012795211338516537
0.004242688556939178
0.010411863512851786
0.006504729031752904
0.0015757066549646243
0.010509869963287951
0.0765046263345876
0.010831970395475218
0.006913296326386246
0.001174462465042428
0.0
0.00342411700915574
0.046913864158026654
0.14242163180971681
0.03429732446108242
0.0
0.0
0.0
0.0
0.0013390932119829572
0.18286164117803846
0.33630126310007724
0.05802833060967011
0.005992144641864739
0.0
0.0
0.006984300851809596
0.0043633864832347356
0.0010569874757662063
0.007050043793447203
0.05131947093010662
0.007266109468925655
0.004637454319449352
0.0007878319942332302
0.007255566040648108
0.0005570813469815793
0.0009094104857708955
0.0027964172116832033
0.020140772516050117
0.007277644610508379
0.01049227829978219
0.0026119704165719756
0.0
0.0008982666599077759
0.12266398946419374
0.22559162396196006
0.038925531285148446
0.004019543751671724
0.0
0.0
0.0
0.0
0.0
0.24095076263009102
0.19897370812154389
0.019891140172548512
0.012578388815999698
0.0
0.007608944957894487
0.0005842137308799029
0.0009537028939708651
0.002932615391245976
0.021121719329069772
0.007632098854072216
0.011003299758928541
0.002739185202092049
0.009751723607711295
0.002921068592108293
0.011241183455357812
0.0008262029794237014
0.005486634705116269
0.0005842137308799029
0.0011084675515641079
0.0008262029794237014
0.0
0.0
0.0
0.2526861557242878
0.20866462860143073
0.02085992876017789
0.013191013302580058
0.0
0.0008262029794237014
0.0
0.0007389783884731457
0.042258420444392854
0.1869350266837756
0.18651783297227062
0.0
0.0
0.009873412560514444
0.002957519766520039
0.011381458949001711
0.0008365129286607171
0.005555100840800329
0.0005915039659177149
0.0011222997991741038
0.0008365129286607171
0.014824605431142666
0.002136779395672789
0.0007481998871389145
0.0
0.0010581144458667294
0.0013226430573334115
0.1389693245896371
0.15968197622054983
0.0008365129286607171
0.0
0.0007481998871389145
0.04278575111308888
0.18926773509046066
0.18884533533867895
0.0
0.0
0.03641829120528457
0.0020660345362437304
0.00037409994356945724
0.0
0.0029098147261335055
0.1332294783486471
0.020332759063081164
0.030289684455798452
0.006904928843306602
0.0009952581705796567
0.00034849271403954147
0.0
0.0004928431310175792
0.000616053913771974
0.06472842074285545
0.0743758536092442
0.011974746293937565
0.0
0.008507068529174393
0.002491783964326588
0.04653553348064059
0.05525430192094603
0.19847846314205858
0.07941975742730535
0.016962725283672247
0.0009623069920369084
0.00017424635701977073
0.0
0.0013553186102983428
0.06205494453806571
0.009470488450487632
0.014108174198966011
0.06766929608142142
0.022666004946459498
0.003141408473489769
0.006237342361816219
0.01042806236458385
0.000616053913771974
0.013958108819945995
0.21907185501495857
0.011247370643585816
0.0
0.007990328186447647
0.002340426855198881
0.04370885030096578
0.05189801922334706
0.18642239133351765
0.07459560530821532
0.03108748608413898
0.0014126238296452156
0.005296248425405728
0.002229985605216374
0.007730757267439228
0.015521821797206941
0.038568051737555085
0.05132169920676978
0.06355889599127604
0.021289215853470225
0.0029505915680341664
0.005858470789464872
0.009794636114193235
0.0005786332782793882
0.013110258833702133
0.20576488974789967
0.029944194453618726
0.02051923521790826
0.011477101369561385
0.0152121025430244
0.013560639409086035
0.002438290848331581
0.02257457000607781
0.029996460041297298
0.07383187711712783
0.0033549405931637822
0.012578436283590143
0.0052961510857354776
0.018360324120358172
0.03686387623829247
0.0915980034161409
0.12188754597335173
0.01914693318891555
0.007417122371580056
0.00558318373378264
0.0055676293082874955
0.014187080829188299
0.01390077895762795
0.029010264321364367
0.013035866716701634
0.07111659267935917
0.048732588059572715
0.027257782623041103
0.03612830199939379
0.032206124990986094
0.005790869991950996
0.05361394852416542
0.07124072193305613
0.04211889939110368
0.014748857127862343
0.011810982575741622
0.004756073711266719
0.0248369979640787
0.005529733252724202
0.0555570213434727
0.02293413777228251
0.0363992966275478
0.026387835131123943
0.06477183965673904
0.0
0.004601446562286634
0.0010187510568688636
0.012483824384244451
0.03879364398647842
0.04621716630921465
0.06177901647615337
0.03199596398045142
0.0317736281842015
0.03422145392117891
0.010256483782941613
0.037365994622198834
0.0026121925817256552
0.0556130508886495
0.07262526708980722
0.031891583274896614
0.009735293788831456
0.005834420877168426
0.01009970901182621
0.022517290094789266
0.029067238110928446
0.09459536955910758
0.052726641230068906
0.03526241546483478
0.003120874449271024
0.008001264710013082
0.026576414964707192
0.023891920243168305
0.07776234731367047
0.022673286294343002
0.030307641930601974
0.01569662767160224
0.01558755384548041
0.01678841184187567
0.005031641092577251
0.018331065303176772
0.0012814933279372484
0.1885135820898023
0.0016920012634893415
0.0015682400294458063
0.0022353545868207853
0.0032744097121118632
0.0023120856054276717
0.0036146146338236957
0.13234641724720847
0.04640673731018432
0.025866714197709462
0.017299088306607455
0.0015310432362642267
0.0039252723603433026
0.013037897242348417
0.011720933822958328
0.03814876818208255
0.0871159627720215
0.0018648625870828772
0.002998871369673611
0.006143943693070244
0.0034702979555899893
0.0052015584835801406
0.006337224831090233
0.2676762197475603
0.2017447442321805
0.0018107573913723272
0.0016783097542780517
0.0023922469372607944
0.0035042300006091222
0.002474363459327341
0.003868312811812546
0.14163538670048895
0.03740336957839766
0.014785810014466806
0.005361547599200583
0.0
0.0014073054821157327
0.0008649810331902094
0.0006634102014436275
0.00633927474394612
0.0932303520687933
0.00199575129541581
0.0032093525079365595
0.006575167344413995
0.0037138670099985025
0.005566639147404813
0.006782014263996543
0.2864635528716621
0.02548284513462352
0.022798147780074305
0.08354577237883905
0.01296867921594066
0.00375012799157991
0.002828664404107297
0.007030215401811223
0.008124611364235394
0.06334353006676847
0.02504013439884919
0.009079913264031693
0.0
0.002383306587730829
0.0014648667406348607
0.0011235015592289206
0.010735718328879483
0.001538262381548753
0.016375243823022478
0.039943470571234284
0.20864536857340718
0.005332898511472954
0.0014648667406348607
0.000905795893614
0.0
0.04315582754084532
0.03860922627163028
0.14148682870772245
0.021962778517036603
0.006350934364107857
0.00479041302294466
0.011905843395929818
0.013759229984682585
0.005426777311506575
0.020166122668643066
0.14599839313609192
0.12096166467084135
0.01531799756712731
0.01082091841910191
0.011909845415825085
0.0
