0.004811010834462928
0.13582911648922028
0.11337299328865603
0.019626982594039125
0.001464950432165176
0.009957311324135812
0.009998373728063796
0.0
0.016782513390007085
0.052223969740050405
0.03940706737549024
0.0368236102216286
0.03293359954219817
0.035084583131811564
0.021906826072171235
0.020120521374664177
0.03175836229787747
0.05346854087814415
0.044140415996154654
0.031165212374103485
0.013386553092421245
0.007727148830752689
0.015906159056425593
0.008015102561035162
0.033158053753237125
0.0655637868682144
0.031136113839799893
0.020156206222422732
0.027272854867662538
0.014527499801115387
0.02839229842043502
0.023881668631197867
0.017781629060466098
0.05533302649027056
0.04175309372009784
0.03901583525731429
0.03489424003880129
0.0371732784293459
0.02321100815205916
0.021318359132100582
0.008583187468773741
0.006295034257812412
0.06472151620692104
0.09713042482842514
0.03788679211385617
0.016907184870615675
0.008601852441519012
0.0
0.03513205671315775
0.06946700478035814
0.032989744373654435
0.021356168410792988
0.028896493475492335
0.015392367438434069
0.030082581014763004
0.025303419283894898
0.03470571229884283
0.05480475261953721
0.020557586189718955
0.04847982369804912
0.0233866350882643
0.005597077369816575
0.037024898589834265
0.006216587915395892
0.010131946948771026
0.00743091693766346
0.07639993545966837
0.11465674203825756
0.04472312519716517
0.01995793529913611
0.010153979849059334
0.0
0.0354056297066314
0.020828454228067405
0.1252581288985533
0.03662628796766608
0.018190761207546362
0.011287266835740117
0.014657707127102357
0.0059087885481290915
0.04096804795543201
0.06469378049842389
0.024267018916549192
0.05722757467216103
0.027606544408660536
0.0066070199661210855
0.04370571068855175
0.007338315653748726
0.08175866569533066
0.023444973031327875
0.021247133484727187
0.0018322375655225847
0.016549908561884034
0.004680247422182113
0.013616389844734825
0.012838083747872386
0.02645931034618758
0.015565505797191828
0.09360781698761421
0.02737153182121772
0.013594306900117351
0.008435192330759232
0.010953987404067738
0.004415751711250151
0.05753836734893851
0.09310825741829387
0.08106949946807546
0.01130016167069518
0.020458908490149662
0.003872870495969122
0.0053280219133246464
0.00957119151816995
0.061099828672663795
0.017520880793082307
0.015878392885467437
0.0013692664916795736
0.01236806605244191
0.0034976392191456117
0.010175790903361223
0.009594147737236257
0.12117231285977331
0.17292968384517618
0.028256476061993937
0.011144280552272734
0.013934089665113114
0.0037248075905194507
0.01039099595946362
0.024292104848486866
0.05982502947198255
0.0968085210057169
0.08429132452688479
0.01174924726118386
0.021271976591987495
0.004026784252626153
0.0055397655977789265
0.009951565208376912
0.037282028537607245
0.019003188102576472
0.01229780192149301
0.0094436555805832
0.015526253006414728
0.003631837983851266
0.012016937044237213
0.005694732458910285
0.12598788464160277
0.17980217217284578
0.029379431344159313
0.011587171190321549
0.014487851555211328
0.0038728371023965358
0.010803949923504927
0.02525750999648459
0.03684439523840169
0.025090789196133844
0.03270346733822245
0.05111399345377996
0.012969929227718668
0.014947945114076608
0.009900224159868147
0.006889223526616853
0.05728273092736461
0.029197834815880102
0.018895207854806365
0.014509896666367695
0.023855627179178197
0.005580211328653376
0.01846366730237741
0.008749787496622719
0.010712729679742933
0.052122013615081876
0.07296930125430433
0.0417308210961541
0.061513965725584825
0.025208794698252646
0.025357081679323316
0.02223941624583886
0.056610320344931866
0.03855125331572437
0.0502479074613005
0.07853513471463773
0.019927911523079718
0.02296707425731774
0.015211400744953096
0.010585087589200976
0.017405539314532984
0.014253939605004528
0.029183437816650237
0.01887699654795429
0.014144290465067162
0.04777133860917459
0.050571882163911584
0.026766512544728262
0.010662654053001158
0.05187837426480928
0.07262821325876495
0.041535754378024335
0.06122642459655723
0.025090958606830797
0.025238552434640186
0.022135460229008957
0.01605891024284821
0.007101000226281865
0.012973896941653698
0.009203942408770933
0.03173252852637886
0.0182337878700011
0.016361057889279405
0.02542558183303392
0.01732417879149076
0.01418731093233208
0.029047022637434826
0.01878875783929644
0.014078174336775858
0.04754803607166434
0.05033548875433478
0.026641395050733863
0.058603285478115746
0.011865627400857998
0.020982397237909158
0.022866755656110852
0.011064898842770217
0.02494573380230926
0.057668387995251674
0.12656457013522376
0.016830830049414335
0.00744233115336259
0.013597526307915973
0.00964635757495497
0.03325784792299515
0.01911024970911296
0.017147501330965258
0.026647738873180983
0.015476476894921187
0.011050295046153296
0.07415214719411875
0.011038246662090533
0.060041713992213565
0.060796459783714805
0.015013175650736654
0.005257079923818666
0.06142022860229522
0.012435984459310026
0.02199097925077604
0.023965915022215466
0.011596766475456485
0.026144825504058094
0.06044039246087846
0.13264827675164353
0.012338529355504207
0.008422843072318172
0.020921065128991476
0.00456375350209043
0.021672515988867595
0.13065867757104205
0.04831105272635705
0.005961292419769476
0.01994581528474736
0.014241428803790741
0.09556600258206387
0.014225901055154717
0.07738072074150966
0.07835342404126157
0.019348720668159857
0.006775233524372138
0.028461611163308885
0.016287781733529443
0.03353863154513032
0.0
0.01994581528474736
0.018377193390494498
0.04829917742863534
0.006775233524372138
0.015901682862401425
0.010855214221784792
0.026962706270699875
0.005881686444263461
0.02793116311965962
0.1683906399289487
0.06226244774143833
0.007682810388332384
0.03188459461685655
0.026446441443648012
0.00861381723078626
0.005881686444263461
0.048767326456109775
0.01375052738520889
0.029746173170673608
0.011517201134020032
0.025264058153264116
0.014457911835786645
0.029770694739494955
0.0
0.017704979327303052
0.016312586095258052
0.04287294982389897
0.006014061986144513
0.09954293901224151
0.07758885162234971
0.06229772768606775
0.030549006805371065
0.038947531219181396
0.004822239357804998
0.02143436664229378
0.02487035335928399
0.028302482525373172
0.023475285033777424
0.00764608785467198
0.005220901498320587
0.04328850410108464
0.012205708296156094
0.02640430453880159
0.010223287695948335
0.03628054018901367
0.03686594007060577
0.06858495623485396
0.07430450444402366
0.020322507107856158
0.01593127584849952
0.045949719826474826
0.03254268043263582
0.06832725192080241
0.05325775051100403
0.04276177271776183
0.02096913859117825
0.026733968312700314
0.0033100325014778875
0.014712759979396877
0.017071255040301693
0.05282833016338254
0.08678722136048246
0.08567197262704346
0.013401544684765286
0.0217152452593094
0.01519160454132046
0.02692986462452311
0.023150954325554824
0.024903319451042925
0.025305143684693814
0.04707738820188719
0.051003342320170286
0.013949568664534024
0.010935384358968509
0.031540339409586185
0.022337615768260863
0.027083589699284233
0.015269622410644099
0.02489977023672948
0.005375516900629876
0.026166852715743094
0.03268447036084263
0.0446070615480824
0.024039621822448964
0.05715833819777453
0.09390062745549321
0.0926939687539329
0.01449998553986767
0.023495108187984295
0.0164367654145827
0.029137137310005386
0.025048493352881066
0.02897673858017859
0.0112592845508869
0.02171792019667497
0.01757864253392821
0.028140579077810826
0.011596925221916339
0.04519757201365358
0.0266556823112953
0.029303462268327935
0.01652117792102534
0.026940648773796795
0.005816114422769064
0.028311586084060952
0.035363412110933974
0.048263223578880306
0.02600999937012128
0.00811299745594233
0.008548846537872353
0.010294994328822617
0.005064772604068437
0.08187799836838504
0.07464763944603564
0.03695915320490989
0.014469420092620146
0.03266518463468605
0.012692477715928028
0.024482392010501845
0.019816226122518005
0.03172259047581221
0.013073096633023836
0.050950766276900074
0.030048681353587632
0.01212721623111008
0.008091659686933836
0.013718804503818714
0.00437096490344542
0.030797475491711506
0.06328615473408072
0.07478578554498272
0.04674196026511965
0.009145700062338107
0.009637028328792546
0.011605443091310239
0.00570946698458897
0.09230024030555808
0.0841495297443926
0.04166367999074481
0.016311231078489443
0.017968865849903395
0.05825766242585829
0.01195521904224153
0.00218548245172271
0.014513314724921973
0.016141439218383746
0.07197713788744167
0.0671062376080636
0.010877160926886856
0.007257583513238449
0.012304690661797256
0.003920412381085937
0.027622917797560886
0.05676271259356008
0.06707697866635343
0.04192386893684656
0.042977360310182046
0.0535316592193051
0.046985546889636125
0.009053044971955847
0.03992470824978511
0.06694567590469727
0.06368523500123427
0.03887234243678943
0.016116662043317916
0.05225254974878152
0.010722892950902714
0.0019602061905429685
0.013017303958064469
0.014477603814758688
0.06455784220702096
0.060189027040544484
0.007639642083390071
0.006393204011658327
0.01750240889754714
0.003920412381085937
0.016317844130944077
0.026297241814911998
0.07173473179299934
0.02717773503694497
0.03697805851200477
0.04605906022541799
0.04042673373990076
0.0077893110295441485
0.03435153269256289
0.05760058558419913
0.054795276611450866
0.03344606887793749
0.045029615622434425
0.03078327942050789
0.04711169451342085
0.05137715203369085
0.05404201672175036
0.03382933549172378
0.0370410926251183
0.02129110737949546
0.006573208078194681
0.005500762967200576
0.015059210143280892
0.003373153617920971
0.014040001310198379
0.022626353492114587
0.06172112690122691
0.023383936778960734
0.009709961392001747
0.015734754680431187
0.014975152112800547
0.028665160690915407
0.039130394132512736
0.04953161688187658
0.044761817282344005
0.013260785778575276
0.04291264807294827
0.07224795334711565
0.05964357102768854
0.04211116990808992
0.018088226224540014
0.010441105724256612
0.021492777221272186
0.01083019559523306
0.04480394417541057
0.08859133496293381
0.04207185128232779
0.027235541177965745
0.03685172465454289
0.01962990032350489
0.03836434318213198
0.03226947383977211
0.029790583249612895
0.008018769387258476
0.028707943241623957
0.017326014152359463
0.04807535126381298
0.015492799344305344
0.04046560924697228
0.01860347190969508
0.05332625750328705
0.0
0.03416284977480085
0.026513870319692004
0.014701402755905625
0.024016079758507197
0.027274009722908537
0.005938426414157774
0.04305710485188005
0.08513729022456341
0.04043153220805234
0.026173667827239264
0.03541493057421714
0.018864559627876976
0.03686857434915614
0.031011334921638867
0.04253458616474336
0.06716754442210005
0.025194942365579797
0.05941584545449573
0.02866216479580381
0.006859659516774592
0.04537693177853892
0.007618918524456427
0.05124714582466433
0.0
0.032830890937497414
0.025480133845240144
0.014128216869758344
0.023079728432941753
0.026210636540677
0.005706895977026385
0.052351392804407634
0.036863105916870476
0.019762760530946326
0.007044095188940697
0.024899885678031874
0.017939436505934162
0.03319516700879058
0.029470150334767985
0.0400445640021066
0.06323548138113999
0.02372000231012321
0.05593757552563188
0.026984249668235077
0.006458087390064471
0.04272051553027942
0.007172898527747362
0.0799156973435783
0.022916486626407342
0.020768189824813144
0.0017909360616705865
0.01617684770717772
0.004574747316424579
0.013309455095548945
0.01254869323686963
0.0492866838209233
0.03470509853997685
0.018605826464952544
0.006631725992065236
0.02344221857048603
0.016889241864049595
0.031251884870716534
0.027744934831657374
0.16883948811100324
0.12957135232409092
0.027165855395139382
0.0
0.013117809851479232
0.007252738290305201
0.004884893753986989
0.0023350948514094987
0.05610019696612104
0.016087195084912034
0.014579107466118244
0.0012572231633229001
0.011356021067574888
0.0032114369773721986
0.009343133792125233
0.008809084893912729
0.11125711423336726
0.15877932124781632
0.025944325983937883
0.010232374584512163
0.012793901255343028
0.0034200167828381195
0.00954072920765626
0.022304348413524983
0.11852400533982776
0.09095807992886483
0.019070218856607955
0.0
0.00920860032376659
0.005091365778622527
0.003429157360400178
0.0016392183945470457
0.008701060162107466
0.02184776845046409
0.030964084884389346
0.029569657701104254
0.04729402167865477
0.034794403949231674
0.07592507992351843
0.027967237259287393
0.10431438470707703
0.14887108401384244
0.024325333443195145
0.009593848143830418
0.011995528974936782
0.0032065989563716374
0.008945363213950943
0.020912499817034944
0.030506111203720397
0.020774459736784906
0.027077540692735498
0.04232093262157965
0.01073873246568541
0.012376473354130467
0.00819710398850337
0.005704081113298182
0.008158091672283256
0.02048441161571439
0.029031846502486993
0.027724435154947456
0.04434275332167872
0.0326231438252157
0.07118716003584923
0.026222009862129313
0.0641009177275854
0.02280959713756016
0.021895535390431497
0.012680677135129584
0.02045857309270458
0.019056930979504696
0.04215950548569468
0.047203857482183656
0.04379262200712987
0.029822485618698213
0.03887078548035412
0.06075322393304667
0.0154158374551556
0.017766873521153706
0.01176723818137416
0.008188414000871131
0.013464580298914024
0.011026565216925245
0.022575729184820977
0.014602870455730726
0.010941742815118897
0.03695496089298291
0.03912140589028773
0.020706043689175585
0.09201917745621832
0.03274399869945609
0.031431830120646854
0.018203569011623476
0.029369018957250283
0.02735691119160523
0.060521489461999374
0.06776283854048211
0.0
0.0
0.017507618489355732
0.033442896832591947
0.04975133168881045
0.062387086270270224
0.07613952404106815
0.00559064565638059
0.013114854012255874
0.010740163441132784
0.02198935175892793
0.01422357845065838
0.01065754419924309
0.03599510020963562
0.0381052744025532
0.02016822909636716
0.04436421159896759
0.008982588612079595
0.01588422054022567
0.017310728882059402
0.008376416263643462
0.018884569420778312
0.04365646988423706
0.09581267201321383
0.0
0.0
0.017052879146087545
0.03257425779114353
0.048459100657351636
0.060766656703781396
0.07416189143614028
0.0054454353563176015
0.03745107658145593
0.009181533106138139
0.01258086352473551
0.007590609420961863
0.01572380856226859
0.021260538444319008
0.13759998879157417
0.10188472054175034
0.040917776535881814
0.00828477595556737
0.014650254407468002
0.015965944407447225
0.007725694123577424
0.01741752109832909
0.040265015756760045
0.0883694618126304
0.008219851967973181
0.005611245976655908
0.013937484234773968
0.0030403443655760997
0.014438096151430987
0.08704400314013072
0.03218452462087403
0.003971376151603226
0.03454168861244616
0.0084682654408425
0.011603518777408717
0.007000932708230627
0.01450230403866489
0.01960891289945552
0.12691052967668423
0.09396980307534922
0.009833367282583261
0.00630288614576125
0.011830440070450789
0.012631036605641955
0.015826496469682427
0.057300784761613245
0.1356621893136294
0.031962858092447574
0.011827178462531325
0.00807377162285252
0.020054024574366443
0.004374615934608694
0.020774332738289786
0.12524373470989764
0.04630887732600739
0.005714236055571441
0.023714772455352487
0.019670042809901284
0.006406690066308573
0.004374615934608694
0.036271624715941045
0.010227215744776202
0.02212428091486842
0.008566136954158332
0.014148793699919388
0.009068941821018662
0.017022292682237223
0.018174235337054274
0.022772040045595965
0.08244754407490888
0.19519827484504398
0.045989931242661326
0.016770801856429686
0.013919941877033054
0.016842212343033354
0.016338266291002462
0.04708459299836224
0.05949512553074656
0.02725169448924189
0.023748274485666066
0.029845476524963773
0.0247551100071989
0.008062937071680583
0.0055055344691965595
0.04564850563166931
0.01287113878073772
0.027843813720733208
0.010780640626271494
0.03825848172694651
0.03887579642392089
0.07232406907902551
0.07835543546736752
0.021430449017049016
0.016799816727131624
0.04845480544613939
0.03431684143046121
0.021106362038819375
0.0175185024145607
0.021196233447266514
0.02056200808861917
0.05925682473512085
0.07487570777753333
0.034296757840515585
0.029887639445191874
0.03642960321402638
0.005839500943216042
0.04145140060996798
0.015468433775237985
0.041658844701221776
0.010522541756259761
0.030356266506021228
0.025443406314107582
0.03427576669721868
0.03482881881996811
0.06479512010013204
0.07019862013099322
0.019199535307425727
0.01505095269605602
0.04341065122982205
0.030744451885226825
0.03727658891742581
0.021016395678927872
0.0342708817242734
0.0073986105958749795
0.036014834915822136
0.04498537967650269
0.06139507777974218
0.033087013588508594
0.03263727477603366
0.0052316078140886586
0.03713630213348265
0.013858166955904201
0.037322151256437355
0.009427143211626004
0.02719617354355532
0.022794743007029824
0.025116778601398097
0.02306829405443056
0.05824869110080204
0.014396104520158815
0.03176697013811267
0.015418627235565623
0.04307740206451239
0.015353871593900925
0.03209896028750146
0.018097268818740107
0.029510738601161626
0.006370961361989303
0.031012460884892783
0.038737018533345775
0.05286744900037647
0.028491306904776217
0.00888696293858633
0.009364391245320477
0.011277118420170425
0.00554794287427711
0.08968901333162728
0.08176889106799559
0.040484990480675324
0.01584977695411047
0.02162811840595631
0.019864163440325502
0.050158087870790645
0.012396520194241235
0.02735461431775071
0.013277016961464695
0.03709405442704342
0.013221255722827995
0.014429660544395444
0.024121430834077667
0.028425958160771272
0.0505345380348127
0.07968963334398992
0.05604782114853413
0.04399963289281813
0.0077013824000057495
0.008500739447706795
0.008957418930737522
0.010787019825926376
0.005306831723154835
0.08579116835783103
0.07821525111564384
0.03872553064498949
0.015160952636153732
0.01670168994387237
0.054149294831354076
0.011112129353209587
0.0020313608321942565
0.013489826493127686
0.015003134606559285
0.06690126411344223
0.062373862835407134
0.013802553859448514
0.023073124085627485
0.027190578552651168
0.04833832929346121
0.07622635701553908
0.05361200755397197
0.04208742824757343
0.00736668371658786
0.022061685564347483
0.020041042113657107
0.027952268911824504
0.019201299787142828
0.054987111098395484
0.026627634986870853
0.038115744136609356
0.006107853147938049
0.02144015619340873
0.06951208786947428
0.014264771395878097
0.0026076818378128557
0.01731704923313782
0.019259700691149708
0.08588194110590254
0.08007006273446121
0.010163092027950803
0.008504943034597699
0.023283629048975473
0.005215363675625711
0.021707790730289108
0.03498348296018995
0.09542942887307465
0.03615481187165345
0.028320845733519336
0.025726921924636468
0.03588265699121998
0.02464893480457931
0.07058760248428946
0.03418220881229099
0.048929629903513454
0.007840723060856486
0.04631438624186018
0.032187655191123744
0.046581209193050435
0.005215363675625711
0.013429275384712542
0.003687819030812629
0.020455274938685205
0.010212443830260183
0.01058591630600863
0.008858781845526168
0.024252318854806578
0.005432343151447706
0.02261091951417906
0.03643893233385592
0.09939966541700805
0.037658993097790666
0.015637545230203075
0.02534025914913215
0.024116946405779032
0.046164215153776195
0.06301809898305832
0.07976889588391639
0.07208730437541312
0.02135602079440969
0.04824124539776948
0.03352678722211701
0.04851916922469677
0.005432343151447706
0.013987985632909098
0.0038412466899367262
0.021306294179152304
0.010637321335832325
0.04577786361610549
0.02540005789006418
0.013050122140895511
0.002716171575723853
0.008973797886360761
0.008858781845526168
0.06415364760075819
0.05284890868545409
0.03954828027643913
0.01064526117337931
0.03811102911167755
0.023001028816042622
0.06382209607105438
0.02056735732903725
0.053719836320321845
0.02469690892033957
0.07079289989600876
0.0
0.04535265209865488
0.03519830296138849
0.019516744327418473
0.031882378584954386
0.036207420705599264
0.007883516420618342
0.1339530816264722
0.04650449260637066
0.024679310683402934
0.0042372629294941165
0.030069879055359176
0.02241363792895854
0.028275904986748868
0.03886043536246412
0.025704227691396863
0.02850675999979224
0.0299318288670581
0.012938264847270417
0.02117944566077112
0.005574488016925509
0.020968525172266342
0.005255677877911958
0.07579438231836116
0.0
0.048556793935077586
0.03768504518859798
0.02089559240171007
0.03413485243910744
0.03876545658891223
0.008440482851743057
0.07742756044779132
0.05452042837399956
0.029229066384958532
0.010418196667267699
0.036826859806423085
0.026532375359182167
0.04909555720418703
0.0435862681815532
0.02752021832276685
0.03052074811536056
0.03204649737431459
0.01385234668746088
0.022675762739787778
0.005968322764071372
0.022449940825895423
0.005626988850658322
0.1176830415210507
0.042340418424958066
0.030526365111558013
0.004536623403381768
0.010965219126858413
0.0
0.02836088241015663
0.013016567350389637
0.04291353480501034
0.030217461160865544
0.016199949351040882
0.005774192583372145
0.020410958590485393
0.014705332401678968
0.02721077469919635
0.02415730039552026
0.14700723781371128
0.11281677537679323
0.023653100404216906
0.0
0.011421575687102415
0.006314903193395917
0.004253239250020437
0.002033149045755474
0.06522477615290986
0.02346679927960935
0.01691896559970548
0.002514383059369675
0.006077374902729827
0.0
0.015718766126303543
0.007214316359732874
0.13618120121027458
0.03502793339498074
0.009178903478462723
0.04863630506136193
0.036746813332800214
0.01837133560886585
0.054310453432931054
0.03532155705960606
0.10083968670709974
0.07738672226953443
0.01622485579543583
0.0
0.00783463543100061
0.004331710935312293
0.002917511544607758
0.0013946395827301131
0.007402822561141591
0.018587982404723365
0.0263441031203882
0.02515773079104302
0.0402375393534879
0.029602921225458937
0.06459671397998533
0.023794398739763054
0.09341356160192939
0.024027428051012382
0.006296273332173031
0.03336209725397092
0.025206494585385892
0.01260182664976398
0.037254282105737876
0.024228839347428466
0.01377460932304388
0.009617262307293662
0.01452404298413284
0.08235645381519785
0.1399088691868049
0.021891746245620344
0.0012195769545885315
0.013662228854471358
0.006976207009109138
0.01751677985876666
0.024825924884630087
0.023707921732314265
0.03791869948910668
0.027896941313598822
0.06087408486569189
0.022423156829018277
0.05481444552293858
0.019505109505770942
0.018723470340236432
0.010843593362757871
0.017494684632019152
0.016296102178283263
0.03605174463399514
0.04036530780145476
0.012980795542982732
0.009063031318453875
0.013687040264664253
0.07761035275474128
0.13184609326999827
0.020630151856129875
0.0011492942358781143
0.012874891422484443
0.02940220371496792
0.007607889004239708
0.00474195442418343
0.0
0.07812773928273416
0.07333407095055713
0.07404058318365159
0.016669326805845163
0.0740314545873358
0.026343267998455194
0.025287599481973795
0.014645172124610946
0.023628022476540316
0.022009237471120654
0.048690870995838846
0.05451669578882622
0.0
0.0
0.01408526460415076
0.026905546936767142
0.04002604190123367
0.05019178470978173
0.06125592373426274
0.004497797540313234
0.039710114520475265
0.010275085042813532
0.006404402712825833
0.0
0.10551799124375914
0.09904374460941523
0.09999794797315885
0.022513308283159818
0.013429328619871261
0.0034729131149892492
0.008753059305191045
0.0017750282272206404
0.02198505032283757
0.008880299667889642
0.05408476600406701
0.01804172895139848
0.0
0.0
0.015517791592999599
0.029641947225995644
0.04409684830010066
0.05529648726496585
0.067485892885878
0.004955241297882254
0.03407975840008439
0.008355018294841228
0.011448343506357817
0.006907308381726852
0.014308362958960364
0.019346680516972484
0.12521333969323417
0.09271313344413297
0.014795144330881515
0.003826122082443301
0.009643279974952942
0.001955555601957552
0.02422101669079517
0.00978346118461177
0.05958540011807353
0.019876643976051798
0.006224183033208421
0.0
0.003353750269228708
0.0028850051578915414
0.07478465167323935
0.20714870038520125
0.0296653195057924
0.0028850051578915414
0.027626327858788078
0.00677289058125731
0.009280455789436738
0.005599322733897914
0.011598894616160168
0.015683143426855572
0.10150262023719404
0.0751567364790017
0.007864694501549063
0.005041027411053437
0.009461946686134287
0.01010226113665109
0.012657979325592544
0.045828977388782915
0.10850216855550213
0.02556378777173341
0.005045555755116387
0.0
0.0027186755083915626
0.0023386931747147897
0.060623238042821874
0.16792249068142626
0.024047818446409304
0.0023386931747147897
0.0
0.010065791650239013
0.004825140532856846
0.020228670997187677
0.1664242577981275
0.025316178651706364
0.018542273134710897
0.011318795819150941
0.009023457810429207
0.0057837590711118485
0.010856044911858497
0.011590701601766604
0.014522972556311308
0.052581297834435284
0.12448859140146022
0.029330288721013648
0.010695655488949797
0.008877506515043055
0.010741197852967309
0.010419803956379573
0.030028414255864996
0.03794328806673744
0.017379892639736588
0.01514557052967145
0.0
0.011548858797581066
0.0055360639906674
0.02320910993659367
0.19094476823958162
0.029046197527439442
0.021274242668620325
0.012986477290230938
0.002249314498456302
0.012918762808703277
0.03988964525717279
0.10892004936323048
0.11327024035811982
0.02231697500799761
0.0018715427008016805
0.0046087436986796335
0.012458800298420315
0.010340935245447663
0.012511850176382292
0.01213747551754491
0.03497850289573923
0.04419811849561858
0.020244912696577935
0.017642269688825266
0.021503902499136397
0.0034469784968227204
0.024468201641740475
0.009130807430507334
0.02459065308558783
0.006211314206205219
0.017918893910212647
0.015018898927063254
0.002620106843714369
0.015048379793326487
0.04646532648208388
0.12687517328064352
0.1319424794332498
0.025995857399926433
0.0021800605660255656
0.005368480447764549
0.008798626281427213
0.015201130471898831
0.14864445650057648
0.06947418604051472
0.02647195182827386
0.048843299414746175
0.020049372618398325
0.01921793966370789
0.024026862195183685
0.0038513975468521117
0.02733894971081066
0.010202085499242267
0.02747576785193829
0.006940060786151397
0.020021240083658576
0.016781001255861957
0.018490434093654123
0.016982383674104547
0.04288143797951243
0.010598103604756685
0.023386162573458158
0.011350862912729461
0.0317126601480402
0.011303191197204337
0.009830930975401473
0.01698461323817799
0.16608426645167115
0.07762529123190728
0.029577791223756724
0.054573872079420584
0.02240167862654194
0.02147269724617697
0.018009727595613322
0.028543597634625464
0.06555663024038418
0.04929727798824959
0.08924408839342912
0.031280597788362056
0.012542470733898612
0.0036311325496756397
0.02059691546978243
0.01891706377683095
0.04776660995697534
0.011805468870094616
0.026050378874199587
0.012643984599734964
0.035325454074401255
0.012590881990569748
0.013741671508914895
0.02297134972975165
0.0270706423182766
0.0481251114253607
0.0758901265008837
0.05337552776407587
0.041901782780385255
0.007334189656077703
0.020061445558379992
0.03179536319732114
0.0730250228148177
0.05491336019865624
0.09941102169408238
0.03484416997609987
0.013971343678566752
0.004044801209448755
0.02340166225185618
0.013178457914723458
0.035803229958153694
0.024616817016685874
0.04673202821582757
0.022110009868530886
0.009793746911828891
0.016189541628507033
0.014701759632372377
0.024576286948707508
0.02896198444265221
0.0514874642431807
0.08119233512185937
0.05710471094650888
0.04482933085727272
0.007846606823044383
0.0234989554509136
0.021346671560752106
0.029773297239464522
0.020452221884028628
0.05856939943717532
0.02836236635204593
0.040598900334798425
0.006505766234655504
0.02503666407696854
0.01409919604481207
0.03830469099525826
0.026336717950114052
0.04999705061473942
0.02365476793311807
0.01047800574366716
0.017320654872748562
0.027536536183449558
0.002466996928193592
0.002466996928193592
0.008359591805852993
0.057584969200422415
0.053940445917425
0.05569292916674912
0.046914852324892224
0.02731333042469912
0.024811685567227282
0.03460612992066677
0.02377204788547391
0.06807644548053991
0.03296617525906586
0.047188956208718
0.007561788999693089
0.044666749953157864
0.031042577969022947
0.04492408066634795
0.005029826887858153
0.012951528333520262
0.00355662470968737
0.01972757765023665
0.009849135700401765
0.03200629547561443
0.0028674424442916933
0.0028674424442916933
0.009716529472376738
0.06693222150034375
0.06269611539439565
0.06473306355375219
0.054530120117570004
0.045163269415603245
0.016387792261616935
0.022939026846657128
0.03159858669079898
0.0339190197223894
0.025157509928744437
0.06801618260903479
0.022423702540825492
0.04943376872904069
0.03435556922505403
0.04971856283150076
0.00556663064544081
0.014333768563826175
0.003936202287810443
0.02183298565865424
0.010900275863034388
0.04690949216275329
0.02602794718686375
0.01337272109124675
0.002783315322720405
0.009195630122683839
0.009077770885927688
0.06573952543038804
0.05415533342884473
0.049983278785217446
0.018136764673720364
0.025387173886528426
0.03497091747833932
0.03753899664136689
0.027842422583248077
0.07527514861621394
0.024816852056942666
0.0837231404991408
0.034350888800413856
0.035229411891985515
0.004487961063070955
0.025950844409649197
0.0075742759635062445
0.030129243143920393
0.06726205346412872
0.1450021146010411
0.05034038548792599
0.026714967603121465
0.0045867708113691286
0.03255017350763927
0.024262412302419236
0.03060822465264167
0.0420658131448377
0.027824424225135615
0.03085812159156304
0.03240073633917944
0.014005469223574553
0.022926418486237672
0.006034296042000289
0.022698100358169812
0.005689189055644247
0.0802591416551193
0.12792661644474917
0.034982352728378366
0.0037088973629069936
0.012885506292562906
0.016543834483457996
0.0058278561207065855
0.04470225416010112
0.019182284625501204
0.01980962802848198
0.0260621455215071
0.0185786698505004
0.04596559856959028
0.012068592084000579
0.012927853229040682
0.0
0.03256696538811155
0.03611774208455065
0.03792328820066508
0.016392635037399086
0.026834117797850818
0.007062813187124778
0.026566883927561156
0.006658884351476142
0.13926414009634316
0.050104941944557106
0.03612438914376371
0.005368564145241739
0.012976056642764085
0.0
0.033561793187657105
0.0154035877695589
0.022451814075608506
0.023186085186702284
0.03050431463635116
0.021745316024610356
0.05380021687231806
0.014125626374249555
0.01513134450675958
0.0
0.05249164586974135
0.10543478570587321
0.062368372590344605
0.0597264898693287
0.020279486846832718
0.014125626374249555
0.005332214671812527
0.01636850982717068
0.06531163924909907
0.023498051189746978
0.016941497432284926
0.002517731589030099
0.006085468446807557
0.0
0.01573969959322421
0.007223924025605513
0.13636256052612963
0.03507458184557357
0.009191127483247224
0.048701076461035706
0.036795750901764665
0.018395801635217188
0.0543827813797463
0.03536859654351671
0.024617359761560254
0.04944645968132377
0.029249314635885548
0.028010333150098526
0.009510607168370164
0.006624589885697153
0.002500684532308526
0.007676450004559184
0.010156603573425295
0.063780767737549
0.15228003189272035
0.052305187263896366
0.04695683361565474
0.001104098353523997
0.004189758418630173
0.0
0.09668858989298246
0.02486981651451662
0.006517017225644744
0.03453175410552342
0.026090220475607273
0.013043639787911912
0.038560396825772746
0.025078289180637366
0.014257539579181766
0.009954438254754963
0.0150332479738345
0.0852438259651321
0.14481399748828874
0.022659258875108616
0.0012623346544438734
0.014141219112951247
0.007201593119310366
0.04522408842311048
0.1079749565845398
0.037087267803727175
0.03329498955299441
0.0007828667377138528
0.0029707702167412614
0.0
0.005951846938309446
0.0007828667377138528
0.024814842256166765
0.03431225506855246
0.10552912162022184
0.01739502689379687
0.0028243332405689364
0.0011071407551765723
0.014494906424895862
0.010120164858301415
0.015283529211531173
0.08666300898570667
0.14722493533686645
0.023036501861216627
0.0012833506504715787
0.014376649395767672
0.03283174672330269
0.008495291281824592
0.0052950672724228105
0.0
0.08724074470952467
0.08188793149581877
0.08267685299703481
0.018613676751680373
0.0060509363447300655
0.000795900305470309
0.025227972502134294
0.03488350312364131
0.10728602466726278
0.017684628240646465
0.0028713541917531234
0.0011255730034167605
0.002869659325955899
0.00238770083154883
0.011376244734518974
0.014215327228653847
0.05200794104870669
0.04522448866236267
0.04177721377731784
0.00469071845560097
0.04467271461889393
0.011559169429385487
0.007204765288375561
0.0
0.11870464658471058
0.11142130893230337
0.11249475974128878
0.025326811775931952
0.015107600977819427
0.003906925435889472
0.00984693509713841
0.0019968547155466585
0.024732537057976484
0.009990076774755788
0.06084377610353023
0.020296416124956935
0.0039046193064984644
0.0032488395680565453
0.015479156157694008
0.019342170913164394
0.07076491933145063
0.06153497384180298
0.056844418433638064
0.006382454417995148
0.014202128578250324
0.0064976791361130905
0.0027396620869360156
0.0019968547155466585
0.00705674485154384
0.03266534134456346
0.0740694360127924
0.045164682730675594
0.019631546309780708
0.00507684759056926
0.012795583008360563
0.002594809452520792
0.032138653074362145
0.012981588217071792
0.07906334102893323
0.026374143298109713
0.008258813481253967
0.0
0.004450061604629179
0.0038280878573713436
0.0992310936446636
0.2748637805536481
0.03936265038366852
0.0038280878573713436
0.018454931745332845
0.008443398065250693
0.0035600492236854
0.002594809452520792
0.009169875055131688
0.04244692206738111
0.09624940222867547
0.058689169901665415
0.02602905452926929
0.012690890109037031
0.010824576950094715
0.006575065302521181
0.013380451862621089
0.018198641924109398
0.03792907139631614
0.010283797276876559
0.007142810187893898
0.0
0.0038487302611263942
0.0033108030602518605
0.08582211818317255
0.23772177643652692
0.03404362392021034
0.0033108030602518605
0.0
0.014249775968809218
0.006830776356234052
0.028636995466703147
0.2356007825119603
0.035839195436217906
0.02624962320930079
0.01602360850135076
0.02251178045065639
0.010975985759943338
0.009361865199435224
0.0056865848266844715
0.011572367883097226
0.015739481856130357
0.03280376269568291
0.008894160417381945
0.045191173239352726
0.06032953275272529
0.01804379230225606
0.003965380566722996
0.003810048574214071
0.005901013321787075
0.006580950899323541
0.0
0.0
0.012437751972330045
0.005962164056702371
0.02499546993771845
0.20564141526047516
0.031281826794978804
0.022911679703529
0.01398602116115754
0.002422439855739267
0.013913094827834252
0.04295987358308198
0.11730341348337857
0.12198843020884326
0.024034669120753378
0.0020155916983824918
0.004963469727435111
0.03944459234446744
0.05265793417576537
0.01574931520235353
0.0034611365170058622
0.00332555678575797
0.005150631156760309
0.005744106799084544
0.0
0.040052584839711726
0.09141110731454608
0.0281075740280204
0.017239680085117098
0.009618004731644056
0.015589618493454053
0.008816941399982526
0.016813296632177153
0.002087013332185923
0.011986598688451562
0.03701137458768925
0.10106083223107229
0.10509713156143273
0.020706675037090592
0.0017364999741072173
0.004276195947864743
0.007008435704945578
0.01210827033075337
0.11840088247410896
0.055338793857646916
0.021085902098660313
0.03890551918181119
0.015970076967259064
0.015307809447359851
0.03450664764738876
0.07875374045854928
0.024215619468488127
0.014852563664281159
0.008286234251146224
0.013430980159299662
0.007596091274369331
0.014485219992651562
0.0033407954786184376
0.0027456476043659583
0.04876436106863638
0.12483951579873476
0.05040128359045561
0.004217022958179643
0.0014757412622514823
0.0
0.0067679051139603996
0.011692712631278546
0.11433734598271082
0.053439557943761894
0.02036223069654309
0.03757027578152107
0.015421981470242098
0.014782443073453657
0.012398431827094332
0.01965026108774206
0.0451311329687968
0.0339377115591412
0.06143828328567398
0.02153449335259405
0.008634609685903578
0.002499779584854041
0.0032261388641237564
0.0026514165564233833
0.04709076069893094
0.12055500442165475
0.04867150378811412
0.0040722940818608885
0.0014250935952264314
0.0
0.0
0.0
0.013848183116847134
0.14301896607424763
0.09961631542193404
0.0282095951751666
0.006385409391330584
0.0016296568490575484
0.014702564828838008
0.023302078970565153
0.053518333409117096
0.04024471895310783
0.07285601562982758
0.025536478240804725
0.010239271421510238
0.0029643403227661005
0.017150531618433915
0.009658183966429054
0.026239350898702524
0.018041090160438738
0.03424881185290693
0.016203909758762864
0.00717760833681539
0.01186493688351726
0.0
0.0
0.016421738884116695
0.16959770798310744
0.11812907921954552
0.03345208552518722
0.0075720782147262015
0.0019325133860613182
0.004820793607365617
0.0
0.0388516467077172
0.10113174549776921
0.08152606216685247
0.013790286131742952
0.02643550993188533
0.002389927551087224
0.0183962997153877
0.010359728252493962
0.028145306175286773
0.01935154601429603
0.036736552648012386
0.01738091781148631
0.007698970337560799
0.012726773715791836
0.020233141731543815
0.0018126861768992183
0.0018126861768992183
0.006142414016739535
0.042311960940788686
0.039634058548216944
0.0409217383685657
0.03447183226242218
0.005170962978885263
0.0
0.04167372494175699
0.10847768117680995
0.08744789418799945
0.01479197511101194
0.028355713668570127
0.0025635254058601485
0.011102080586251565
0.00546752293465097
0.024567362337414456
0.07060261400648267
0.05153885625439013
0.07961447025752987
0.11997567942777532
0.010512680313892369
0.02040851743703834
0.001828398077766213
0.001828398077766213
0.006195654892818889
0.042678710212814934
0.03997759644617316
0.041276437546363724
0.03477062530123563
0.028797939832938598
0.01044952373137306
0.014626857698835434
0.020148545712085686
0.0216281483116047
0.016041452858686064
0.043369887959538146
0.014298265935089843
0.011198310585581597
0.0055149140271809555
0.024780305960269953
0.07121457943456251
0.051985581898678135
0.0803045481541928
0.12101559797829027
0.010603801542179566
0.02207464234991147
0.012028308861555889
0.01521497529511161
0.0
0.0020284255633897788
0.003669456211741613
0.06896293296719375
0.1410780100418512
0.04072290897500271
0.014776577984863907
0.020683708560940206
0.028491878161140686
0.030584170954615898
0.02268407491579964
0.0613289704012871
0.02021904988873748
0.06821180827889624
0.02798672179631819
0.028702481481556998
0.0036564794126480358
0.02114294820993514
0.006170994742838656
0.024547217706703654
0.054800456217801594
0.03121555417804534
0.017009123907263057
0.02151536039015747
0.0
0.002868378434696575
0.005188945187238547
0.09751986628779873
0.1994971513461414
0.043279303766666125
0.02073645034638081
0.03280523462062196
0.005913313487335972
0.024674142117515542
0.007395938131071422
0.0088669157046085
0.006802956524273373
0.06261320290620202
0.09980040936617783
0.027291061234250985
0.002893451616264086
0.010052472570816769
0.012906473256474272
0.004546531775308087
0.034873925292128946
0.014964828363379552
0.015454242764937596
0.02033206899621761
0.014493925565207198
0.03585950822038489
0.009415166788037943
0.010085509023381045
0.0
0.07083236016349213
0.03359508001713464
0.01200762046943158
0.014875000908338785
0.009122946471902312
0.015436722998002287
0.017066068015539653
0.025283648507190684
0.24338620312414208
0.0654053951819144
0.0354859941243629
0.0064717656322623085
0.012101968075205064
0.005657811234499875
0.016243417982824568
0.041444321095243014
0.012553946467525104
0.012964514637664008
0.01705650740219378
0.012158907622032563
0.030082426314498888
0.007898353189876193
0.008460701138885208
0.0
0.02935073798588625
0.058953929117223886
0.0348733161663074
0.03339610572168927
0.011339288282304082
0.007898353189876193
0.0029815113076323715
0.009152462933794804
0.20417590437800703
0.05486837602564038
0.029769086538561283
0.005429143410465531
0.010152302163358187
0.004746319679488333
0.01362655119420044
0.03476750790445441
0.013378151617944527
0.025318193452358098
0.2022910957606245
0.06695447548141156
0.03415677987723041
0.002943542501877336
0.005130462733100471
0.0031702922570070466
0.0229395645797639
0.04607643817561562
0.027255828752660836
0.026101290001079386
0.008862412112620692
0.006173091223807544
0.0023302504768233654
0.007153261857832693
0.009464380658215782
0.05943379203268771
0.14190139233640392
0.04874032929276034
0.0437564924760749
0.0010288485738679173
0.003904205599166365
0.0
0.01045592015932559
0.01978786134858364
0.15810401964487195
0.05232940019936205
0.02669580772406081
0.0023005753159448562
0.004009799727919058
0.002477795413570507
0.012108852246173788
0.04695370452438759
0.17340103412984229
0.017678381641882696
0.010582646453346339
0.0010288485738679173
0.0036110712375082314
0.0033521145626908473
0.008072176174051954
0.05069111834204951
0.12102778614344728
0.04157065729292398
0.03731993975948578
0.0008775055911846212
0.003329899393768914
0.0
0.006671351220634688
0.0008775055911846212
0.027814648106955105
0.038460180025955984
0.11828628014643515
0.019497869334298975
0.003165760008153131
0.0012409803049403653
0.010327647642936873
0.040046843912202625
0.14789385030110966
0.015077902742798728
0.00902594576909399
0.0008775055911846212
0.0030798849136435135
0.0028590206039691094
0.00450038639117261
0.03720328967632218
0.06702546532523455
0.11702608439673941
0.0236032824989824
0.010028165373331743
0.005276930854090125
0.027243634258214133
