0.009238552146198092
0.008443542836227395
0.015461977915403767
0.00334473181302489
0.015224857800600932
0.006390377374032722
0.010578472390773067
0.004796539094650103
0.036216889967922695
0.1524558799082279
0.04642048406324773
0.0096082666333644
0.017596896086278478
0.0053752564671767965
0.004252386049831792
0.009588871485046276
0.020462514582859
0.008314312776466668
0.011839052827078433
0.005696220383448674
0.01481121722986056
0.01404330193244623
0.005027550994314869
0.007517529365159905
0.00624445841480832
0.310464469324922
0.10434162119388984
0.07038874022555004
0.015768699545801786
0.022788357931773067
0.01681875037133737
0.010478633218102029
0.013037975908935477
0.05488367695789329
0.016711240347633348
0.0034589482698096762
0.006334831827032749
0.001935076821490546
0.0015308467105349364
0.0034519660723668286
0.04645320487861748
0.07602920438269654
0.07148737210931859
0.014937848572250485
0.0030884088613465895
0.0020174419421175945
0.002581682557087953
0.013693744498023902
0.002247987015139336
0.11176631332021973
0.03756268262211683
0.025339743421753488
0.00567668634649464
0.008203743114933664
0.0060547016144708934
0.003772277729456885
0.03661606195946036
0.274734071280595
0.08737908928695912
0.050262657001204886
0.007280890736298857
0.0046533078518929865
0.003157579870145941
0.003658524559333895
0.032534883502685776
0.053249314312251536
0.05006830701061952
0.01046216648235261
0.002163058991842033
0.0014129754606111375
0.0018081581551854444
0.009590821195715344
0.00824328549797623
0.026678590765806035
0.13674933765068062
0.06507239524218845
0.0028245007986236995
0.0059121970826006435
0.005873434122127641
0.008575161333052986
0.025645147913713157
0.19241817710293468
0.06119854373773407
0.035202946585551564
0.005099388352649596
0.0032590825382030576
0.002211504964922483
0.002562356475525604
0.012396395112523747
0.16589370027999528
0.056775447259768116
0.0123407243584151
0.00221813826019526
0.0
0.001559711286556642
0.0
0.00947389874642553
0.030661350704718534
0.1571642009562048
0.07478684122528904
0.003246161325108595
0.006794809732505572
0.00675025997589177
0.009855319244196052
0.0015571489613887444
0.027267625923220205
0.15384131609344118
0.10751863912817233
0.06151467582313283
0.00517949333068072
0.0
0.002822124364921623
0.014247012571087946
0.19065943057636317
0.06525126889686396
0.014183030911385399
0.0025492768978851374
0.0
0.0017925555054622874
0.0
0.0009312535289389654
0.0
0.00037628324231255515
0.005046028280761521
0.03858573660852786
0.005922803462017784
0.0020212836967362395
0.0
0.0021402854511123875
0.03747907521820798
0.2114533283451055
0.1477832787713496
0.08455129789042533
0.0071191610402532675
0.0
0.0038789813108725466
0.0
0.0
0.049134976997335544
0.295599503933396
0.045316730828696396
0.0
0.0
0.0
0.0012799985285335486
0.0
0.0005171974993970416
0.0069357146830599965
0.05303570353990654
0.00814083327535293
0.0027782339364867056
0.0
0.0029257109223623967
0.0004088805375605137
0.013653933801417377
0.0191840488168508
0.0035039552353002767
0.0018859416098525683
0.0012929937702908488
0.0
0.0
0.0
0.053864092234224704
0.3240501963626223
0.04967834968647289
0.0
0.0
0.0
0.0
0.0
0.0
0.08477141937517028
0.41789882765713154
0.0
0.0
0.0
0.003207303078240018
0.0004482342382928802
0.014968089833021102
0.02103046420379429
0.003841201919948865
0.0020674586420783227
0.001417441097102802
0.0
0.0008018257695600045
0.0004482342382928802
0.007857301596487395
0.0035046644397520106
0.006815519041260039
0.0004482342382928802
0.0028808857640084742
0.0
0.0
0.0
0.0
0.07536393742157664
0.3715226349663682
0.0
0.0
0.0
0.0
0.0
0.0
0.20058980034128682
0.3180176332782562
0.0
0.0
0.0
0.0007128434036557775
0.00039849158282239555
0.006985339990586193
0.003115735391337075
0.006059168931074109
0.00039849158282239555
0.0025611803605241866
0.0
0.0021385302109673326
0.00039849158282239555
0.002813208494802291
0.0
0.004305979983694153
0.0011954747059784087
0.003422829661536201
0.0
0.0
0.0
0.0
0.2000432178195774
0.3171510743622518
0.0
0.0
0.0
0.0
0.0
0.00749385576492319
0.44763010905051365
0.0015995272344796003
0.0
0.0
0.0
0.002132702979306134
0.00039740574229686306
0.00280554284784234
0.0
0.0042942467181247505
0.001192217184517588
0.003413502871915786
0.0
0.0007109009931020446
0.0
0.002302860070589688
0.0022010209690833667
0.00462085645516329
0.0
0.002010731447994616
0.0
0.0
0.0
0.00964258684769467
0.5759801546176215
0.0020581634818642
0.0
0.0
0.0
0.0004573696626364889
0.0021604245367867563
0.0021706536519327446
0.35051058959595577
0.02958824955521725
0.0
0.0
0.0
0.0009147393252729778
0.0
0.002963164614494945
0.002832124945255199
0.005945805614274356
0.0
0.0025872732573039682
0.0
0.004802381457683134
0.0
0.0012936367376974092
0.0
0.003887642132410156
0.0
0.0014815823072474724
0.0007231649420667712
0.0007380152545053326
0.00348607788099726
0.0035025836609703207
0.5655866208884748
0.047743830231294464
0.0
0.0
0.0
0.0018450381362633314
0.0021556021478998104
0.013318030085328465
0.19849198196808143
0.11557891405932216
0.0008251261508675377
0.002912548567440445
0.0
0.007749160172305991
0.0
0.0020874223285946335
0.0
0.006273129663295326
0.0
0.0023906927653461014
0.0011669045902437235
0.003749957805055839
0.0
0.0055218258183466805
0.0
0.010701221190327322
0.0
0.00417484430527617
0.0
0.0012184752632050722
0.0014235737695086693
0.008795314251042446
0.13108540426295862
0.07632907144922514
0.0005449187114863066
0.0019234661401074929
0.0
0.006847592159102096
0.0015604097212579967
0.0006892736852598791
0.0024871197152134005
0.06984171697628558
0.6196994435535734
0.03509300232919142
0.0007706314302055688
0.0024764966824898137
0.0
0.0036466499174964795
0.0
0.007067156526589419
0.0
0.0027570945086338038
0.0
0.004873901052820289
0.0005449187114863066
0.004135641995356418
0.0
0.007404714204057187
0.0010898374229726133
0.0076938636308071205
0.0
0.0035508381038794573
0.0008091548338698608
0.0003574248011206217
0.0012897028982589986
0.036216618063345446
0.3213468831081003
0.018197574702866523
0.000399613087760161
0.019506207437204125
0.008258706835624475
0.004995876290416686
0.002590248016047825
0.008627545246281657
0.06519966629358646
0.12595339542179018
0.030836812037788958
0.0025273750496206285
0.00028256912492816946
0.002144548746466413
0.0
0.0038397353015766377
0.0005651382498563389
0.00398967454713375
0.0
0.0036603702389535336
0.003966046689092058
0.007567716419264191
0.0005210317016645338
0.005420513940565081
0.03203343750750684
0.2685341852053698
0.01681122834805707
0.022313547095311248
0.009447302583873737
0.005714884415508896
0.0029630373449419213
0.009869224337410592
0.07458322327003021
0.14408064866561815
0.035274855960061954
0.004779607764830956
0.002573742438003451
0.005904520137855894
0.015041108075191661
0.020280665209769035
0.025217065687219382
0.0415334910070123
0.009725583938043824
0.004187171902898218
0.004536841406211525
0.008656864604194696
0.0005960187520136477
0.006200636053059748
0.03664370015286349
0.3071817116459361
0.01923070574749151
0.002961490013971024
0.0054062977626333246
0.006413279914191389
0.013408534938883615
0.01875565639058327
0.04592112608899791
0.057711563101119474
0.03288570856286417
0.008304091936169624
0.00447162086865467
0.010258515023869206
0.026132425593017757
0.035235633699443374
0.043812137340626396
0.07216029948945041
0.016897232393986394
0.02670566140926917
0.00608087288465882
0.012098547901628107
0.00848829641781209
0.012106463443178814
0.038316839204636265
0.0886632244791934
0.02426593667987018
0.005145293621166721
0.0093929033226439
0.011142434408886875
0.023295992545900913
0.032586082928526515
0.07978337797117606
0.10026808670328209
0.05713563972791042
0.04339589980492625
0.020759706257337945
0.017497729021092784
0.004276951910785188
0.004551640938755014
0.003622154975222066
0.03277414745820914
0.12037383816509845
0.05051268400955956
0.01150172638744152
0.02288391655101811
0.01605527113376789
0.022898888479366483
0.07247475961472027
0.16770292159218628
0.045898042850226
0.005700510072557355
0.003186681940693688
0.00951438048924327
0.0015022163227182308
0.021114527100177
0.008736717292508758
0.011898982640237678
0.0015022163227182308
0.08208159837583798
0.0392661490849361
0.03309625039358078
0.008089682449077614
0.008609245692919125
0.006851160392288269
0.06199098119564352
0.22768227145054165
0.007279814746818641
0.001062227351317549
0.01163883496536045
0.0034608667044691887
0.013930409831468888
0.008325052687945728
0.01054597117881001
0.0030044326454364617
0.016158030232458806
0.006565318092274107
0.009348595585796404
0.004497966307797352
0.01169553696885694
0.011089159949974704
0.003969957877484766
0.005936145641523553
0.0049308772606239115
0.24515531857744294
0.08239236985892849
0.055581799977890034
0.0124516037829025
0.017994610335824866
0.013280766441085038
0.008274353166485724
0.018649778996619445
0.0032425248557582833
0.012209980640936239
0.0
0.008441540410717143
0.005689276030685364
0.0073044330208680425
0.01244186384741255
0.12541758827412872
0.11797738943090447
0.08493512501818722
0.03056940501088194
0.009859977463587084
0.006237121126434244
0.021054185031023704
0.026646936752128515
0.0016575323631828059
0.08240985388005503
0.027696495431164182
0.01868402464669115
0.004185651995133797
0.006048953851006935
0.004464378044807631
0.0027814539752139024
0.02699851347066189
0.20257261779082494
0.06442816056461856
0.037060703677547734
0.005368497214146595
0.003431073359597327
0.0023282122133508215
0.0026975791309093375
0.04215957941942381
0.039658529460293614
0.02855125184576374
0.01027601691354372
0.003314467361955948
0.002096630999662694
0.00707744103631269
0.00895746491178117
0.2550251439425249
0.0745967774006801
0.003289712534331982
0.0
0.0011035273121601618
0.001218641990715003
0.0
0.029860957275762944
0.026715345968910297
0.20044798295989472
0.06375242109143023
0.0366720012815832
0.005312191005068003
0.0033950873608637536
0.002303793312039144
0.0026692862123341393
0.012913709264328043
0.17281661279375674
0.059144744307490005
0.012855715313138262
0.0023107034214572067
0.0
0.001624799621829974
0.0
0.2523503732381112
0.07381438680283389
0.00325520916506908
0.0
0.0010919532278151627
0.0012058605533808574
0.0
0.029547767711423516
0.007240493792122217
0.0031841857338322597
0.002525752402137566
0.0037521887240093005
0.006845617976823348
0.0028163850170713858
0.006973667520732068
0.0024616098703635395
0.03581659547378245
0.47931253405876945
0.1640398848929711
0.03565574735128147
0.006408811597983908
0.0
0.004506434951404105
0.0
0.0023411456095172264
0.0
0.0009459656616589121
0.012685575504303784
0.09700347439645912
0.014889764054837914
0.005081451296720874
0.0
0.020081746605464454
0.008831443391488922
0.007005256987176156
0.010406818282672713
0.018986545602449185
0.007811336060779481
0.01934169520516247
0.0068273555751039005
0.0067844336961975504
0.004197280366508239
0.0035707883862584376
0.0
0.017111191527205517
0.0034494289026805445
0.004791622880262948
0.0021152435857019866
0.007848702066688905
0.0
0.0031713544913637755
0.042528453707883156
0.32520462071066697
0.04991800656680025
0.017035590239334354
0.0
0.017939890438146068
0.002507175944847941
0.08372326690749728
0.11763285678834381
0.021485572118894725
0.011564227208810021
0.007928386362072038
0.0
0.022744847033944277
0.014071402886332763
0.011971085469013036
0.0
0.057365352995186865
0.011564227208810021
0.016063939060530663
0.007091364430798114
0.0067274589143047755
0.005014351889695882
0.01764961697452555
0.0
0.0793967817848704
0.027578937799254147
0.014271094810149192
0.0
0.028107767470509495
0.003928179980162881
0.13117550111139512
0.18430419053552477
0.03366305202202584
0.01811853926767691
0.012421995610833235
0.0
0.007026941867627374
0.003928179980162881
0.06885885145002295
0.030713746325703832
0.05972900587483267
0.003928179980162881
0.025247151637532744
0.0
0.01054041280144106
0.007856359960325762
0.027652974335265125
0.0
0.12439687343745809
0.04320998355133705
0.022359591094287725
0.0
0.03541978748893268
0.003928179980162881
0.012421995610833235
0.0
0.07933817416160377
0.011784539521650268
0.009937596321131238
0.0
0.010081856986274437
0.005635929472933077
0.09879476814181337
0.04406633835908065
0.08569578438333271
0.005635929472933077
0.036223178861494364
0.0
0.030245570958823312
0.005635929472933077
0.03978765262007653
0.0
0.060900155852922765
0.016907787817873728
0.04840962118609965
0.0
0.05081829886664833
0.005635929472933077
0.01782237360031488
0.0
0.11382990503086356
0.016907787817873728
0.014257898639881701
0.0
0.025204642465686093
0.005635929472933077
0.046002015556650726
0.03188162910362989
0.16557905192595157
0.011271858945866154
0.007128949319940851
0.0
0.03203735475855372
0.0059698086759334985
0.04214472075051488
0.0
0.06450795392712282
0.017909425391275446
0.05127746504695543
0.0
0.010679118252851238
0.0
0.03459344585564048
0.03306362409662936
0.06941426864353305
0.0
0.030205104671697985
0.0
0.026697795632128096
0.0059698086759334985
0.04872722998032843
0.03377033494471545
0.17538815300787677
0.011939617351866997
0.007551276804449546
0.0
0.029800819605356292
0.0
0.011326914888411794
0.0
0.09337197160932784
0.06469693566836036
0.08794565157249035
0.011007782870205735
0.014284931905580563
0.0
0.04627395321662202
0.04422758579772816
0.09285205738627365
0.0
0.04040388477962007
0.0
0.07499589250429796
0.0
0.02020194409270662
0.0
0.06071096059871739
0.0
0.02313697660831101
0.01129323039746229
0.03986309250572683
0.0
0.01515145764380582
0.0
0.12489909978971649
0.08654191279092752
0.11764057802895078
0.014724570419502734
0.06071096059871739
0.0
0.01010097204635331
0.0
0.04642602869313683
0.0
0.055555339017632724
0.0
0.09378229824342624
0.0
0.02526251348886418
0.0
0.07591900333991647
0.0
0.02893276909275328
0.014122174773849635
0.045382938725521016
0.0
0.06682653400237282
0.0
0.12950888805044575
0.0
0.05052502271878697
0.0
0.07591900333991647
0.0
0.01263125674443209
0.0
0.058055708436406714
0.0
0.06947190304412604
0.0
0.12504306432456833
0.0
0.04420939594367394
0.0
0.04019241353289696
0.0
0.04420939594367394
0.0
0.0375779106603114
0.0
0.05533360322184817
0.0
0.1072357489740777
0.0
0.04183565108729048
0.0
0.07395568894763979
0.008268497511887404
0.06275348015741777
0.0
0.11235778783497091
0.016536995023774807
0.11674528869564853
0.0
0.10353796452669571
0.0
0.036606195582999684
0.0
0.03328006002643791
0.0
0.036606195582999684
0.0
0.04437341336858387
0.0
0.05229456209587208
0.0
0.055466766710729844
0.0
0.0052294568267215675
0.0
0.006265549579085522
0.0007005097490465494
0.005316494873907988
0.0
0.009518987657255125
0.0014010194980930988
0.009890698130945915
0.0
0.009074328407813881
0.009832122924219061
0.018760928431447763
0.00129167610463847
0.013437854759163143
0.07941325958802552
0.6657160959692674
0.04167627781080231
0.003759329747451313
0.0
0.004430411996570409
0.0
0.004699162184314142
0.0
0.00044304125194086094
0.0
0.011731508059781586
0.0007005097490465494
0.004687881128551055
0.0
0.006316387377985039
0.0007005097490465494
0.05527617058484052
0.03495888369158717
0.004691488509320528
0.005083273345218648
0.009699525541144293
0.0006678051895782316
0.006947460832279932
0.04105718661494486
0.3441796763736434
0.021546914512402274
0.0033181815060890473
0.006057449853874811
0.00718571621185633
0.015023502509905057
0.02101464866543466
0.05145201591376597
0.06466253151833162
0.036846570291692964
0.006065268170377567
0.00036216822784250935
0.0024236659132503497
0.0
0.00326561454164662
0.00036216822784250935
0.028578150082678784
0.01807397680213184
0.012992245309989894
0.012270533263711783
0.001500199874132896
0.0015365495778684156
0.007215061775363118
0.015014795720260925
0.11267678164258232
0.13822866616365
0.003717586605287185
0.006786577044576985
0.008050651325001743
0.01683186154610031
0.023544154004256444
0.057645226707771995
0.07244587452355566
0.041281743001642314
0.03135448192412325
0.014999339511838405
0.012642489976501891
0.0030901908240150255
0.0032886596240848704
0.0026170857893832848
0.02368003471932421
0.08697271746526769
0.014556104615853858
0.013747521049465338
0.0016807769397471613
0.0017215020090254234
0.008083529174997967
0.01682210673175496
0.12623953614130345
0.15486706705275355
0.06559448389524539
0.008392187505093475
0.004961981662250123
0.0
0.002751380966396979
0.01244099062170568
0.06916572059641009
0.09002620417358298
0.06533410855459242
0.03125449427884432
0.026343468679341536
0.006439106958908829
0.006852661300512753
0.005453286310838316
0.04934267332730317
0.1812271999235907
0.005794480326128472
0.0008454961703214936
0.009264109399941768
0.0027547299935295165
0.011088123600758991
0.006626453514543842
0.00839422768858748
0.002391424295895397
0.13668084651391546
0.017487008421798473
0.010339403768554264
0.0
0.005733120488759157
0.025923599495988603
0.144122320650617
0.18758982560989138
0.007245589995796448
0.0008454961703214936
0.003295208254958393
0.0015590178455818179
0.009753028593981706
0.008539200040594917
0.014297427722799513
0.007182378112560133
0.0186626316702455
0.003244759472785273
0.012218395265913128
0.0
0.008447357979055072
0.005693196849693685
0.007309466940769057
0.01245043827691971
0.12550402100501237
0.11805869467757171
0.08499365887220472
0.030590472208815965
0.009866772561390803
0.0062414194981317735
0.021068694724072367
0.026665300743534064
0.020781713167931416
0.0016223797363926365
0.005197442871369724
0.0
0.010942124108444298
0.0008111898681963183
0.01171805719401609
0.01688096575320687
0.2776254495277846
0.05705476477378717
0.018006376294017024
0.01195162523781287
0.00829370123830148
0.004552763628798239
0.016851151500546228
0.04669455000111054
0.04448804215250551
0.04184885984709466
0.03012813014533856
0.010843558685952387
0.003497524542283851
0.0022124273907787114
0.007468326285301789
0.009452183396101722
0.26911011708140253
0.07871673823941297
0.003471402511894107
0.0
0.0011644748419194107
0.0012859472745775135
0.0
0.031510170269541636
0.09841129074826294
0.02022448970106031
0.006382810854722433
0.004236552766301666
0.0029399100310507774
0.0016138410435493598
0.005973312506414567
0.01655205221399812
0.2434375736912152
0.0007498296434815153
0.0
0.0
0.0
0.0
0.002352305257756176
0.0619279642768304
0.35236303918038764
0.10306884565033475
0.0045453287025230575
0.0
0.0015247211765870134
0.0016837727797457934
0.0
0.04125827554044971
0.010110079747540501
0.004446156936844663
0.003526770264748504
0.005239273496626725
0.009558704924542895
0.003932587740541949
0.009737503655364526
0.003437206468402167
0.31874834081614717
0.0009817997736769305
0.0
0.0
0.0
0.0
0.003080023295639419
0.08108623317286065
0.010135285853801015
0.003765030369165784
0.004474132355521207
0.0012266929963408362
0.003219896535172085
0.00486935431290695
0.011733695212602216
0.002247033518609944
0.06657505057103766
0.02927802058032357
0.02322384339106549
0.034500706888912124
0.06294423779395818
0.02589615851104583
0.06412163053899397
0.022634064237983923
0.02249176953050979
0.013914833114420062
0.011837885521817203
0.0
0.05672705983375151
0.011435554294598416
0.015885198724897912
0.007012460193569693
0.06674103321814792
0.024792790313022256
0.029462239197747427
0.008077794666891347
0.02120307455682923
0.03206478264515607
0.07726658658198735
0.01479675471132325
0.06135028752316487
0.02039183082677808
0.07963404398834317
0.03160360906168016
0.026926838719315466
0.0024792790841723705
0.011837886579220098
0.022891275377195246
0.03270948054107556
0.020236156269120394
0.017215679077544926
0.0
0.0824974067632849
0.016630574138161276
0.023101632705169795
0.010198127361010527
0.009674792981457887
0.007211165030801708
0.025382004201835544
0.0
0.11418091688813962
0.03966141112938499
0.020523334243390146
0.0
0.0892209051496033
0.02965556768313036
0.11581072839602524
0.04596070728132506
0.03915934252871415
0.003605582515400854
0.017215680615311858
0.03329047656722093
0.00806232748454824
0.003605582515400854
0.028104551352763248
0.038792046897365665
0.10872357888598362
0.003605582515400854
0.01596259432559251
0.0
0.014081010933334016
0.010495366033712662
0.03694180116938473
0.0
0.1661826503328158
0.05772451822118157
0.029870333600264535
0.0
0.04731754099989718
0.005247683016856331
0.016594630523963545
0.0
0.1059884198887889
0.015743048491039892
0.013275704195359195
0.0
0.011734175777778346
0.005247683016856331
0.0409042855628186
0.05645921701219705
0.1582398616630702
0.005247683016856331
0.023232483181172246
0.0
0.023468351555556693
0.010495366033712662
0.009956777866754845
0.0
0.06374538708878685
0.010495366033712662
0.04646496188611167
0.01484268894901801
0.0513635046849546
0.005696394730699183
0.018013581531308744
0.0
0.11505113297245463
0.017089183584724995
0.014410864982097975
0.0
0.025475051315000014
0.005696394730699183
0.04649554971845168
0.0322236722273085
0.16735547232004136
0.011392789461398366
0.007205432491048987
0.0
0.025475051315000014
0.011392789461398366
0.010808148432887204
0.0
0.0691960406054546
0.011392789461398366
0.05043802440048014
0.016111837328399357
0.06410103034245461
0.009185160292991478
0.0586987916058683
0.008055918664199678
0.04372098929045459
0.028481973046123363
0.06741325153193369
0.008055918664199678
0.02008520202564434
0.004491187773056265
0.03665831710567027
0.02540599265888606
0.13194746617314748
0.00898237554611253
0.005680952924308588
0.0
0.022419659306368456
0.0
0.008521429147028615
0.0
0.07024530935614884
0.04867259609161797
0.06616299725452626
0.008281340746216724
0.05053894214227053
0.007241822512602083
0.04627967470946232
0.006351498643590047
0.03447078052175506
0.022455938386412792
0.053150384644258176
0.006351498643590047
0.05520785670371876
0.016224198058714612
0.053431656696627264
0.031800552118681845
0.04451338153457723
0.026947125680600523
0.07477429470136693
0.012702997287180095
0.02860588630150465
0.0
0.010872735842019947
0.0
0.08962800483258114
0.062102761276144135
0.0844192657420143
0.01056640016572427
0.04356638501873735
0.0
0.007248490765013996
0.0
0.0333154708966815
0.0
0.03986669401405917
0.0
0.07044128772143018
0.02070091961071192
0.06817498319122896
0.0405752364833521
0.05679590013715823
0.03438261049545256
0.09540666712517397
0.0162081185587943
0.066630941793363
0.0
0.010872735842019947
0.0
0.04654498601510239
0.02292174114497117
0.029582096568517433
0.01056640016572427
0.0699423114474546
0.0
0.011636866322339191
0.0
0.053485296989229984
0.0
0.06400275643509229
0.0
0.11519910120757226
0.0
0.04072902967590091
0.0
0.037028282531005374
0.0
0.04072902967590091
0.0
0.10697059397845997
0.0
0.017455298993051534
0.0
0.07472421470786653
0.03679900357557764
0.04749166612226505
0.016963501813420406
0.14399887650946533
0.0
0.029092166296305226
0.0
0.028799775301893066
0.00919975089389441
0.05574721127867867
0.0
0.12417696702384745
0.0
0.043903184330097926
0.0
0.039914025114808106
0.0
0.043903184330097926
0.0
0.053218700153077475
0.0
0.0627188311320465
0.0
0.06652337519134685
0.0
0.0062718838533570515
0.0
0.1552212087798093
0.0
0.03135941979546554
0.0
0.031044241755961863
0.009916719413637623
0.06009178495369117
0.0
0.039914025114808106
0.0
0.04492097424070345
0.0
0.12417696702384745
0.0
0.0627188311320465
0.0
0.021673903422915208
0.0
0.025542936690374912
0.0
0.02709237927864401
0.0
0.0025542939704727313
0.0
0.06763641121538794
0.004038693508580577
0.027027339888767817
0.0
0.036416270774060726
0.004038693508580577
0.31868722972669633
0.20155068052172742
0.01625542756718641
0.0
0.01829456289905208
0.0
0.05057244132013549
0.0
0.025542936690374912
0.0
0.0490593811040946
0.0
0.010217175881890925
0.0
0.02196700182545059
0.028270853268198726
0.03213592481536088
0.011423150239015448
0.00830459134942714
0.0004958823002530211
0.0033184938261068397
0.0
0.004471293520964594
0.0004958823002530211
0.039129326402804504
0.024746967023452686
0.01778903833765043
0.01680086708982818
0.002054080140756609
0.0021038503119537454
0.009878893714526892
0.020558323086336407
0.15427753560516183
0.1892632861432144
0.00602365064325917
0.0
0.0012544939762419403
0.0
0.0026971710954850786
0.0034711759431522425
0.00394574044411703
0.0014025669451331216
0.03816682857654086
0.01856032382280276
0.0
0.0077628692958348336
0.012865217345999503
0.019362086132954103
0.007725382784166701
0.38307389798203423
0.012160548136289749
0.011485036408339474
0.0014041647419804678
0.0014381875233757493
0.006753190378736439
0.014053625201518944
0.10546378969255293
0.12937997309869909
0.05479933676860451
0.007011051570301738
0.004145368451766935
0.0
0.0022985751728316507
0.010393526929835594
0.057782840731835025
0.07521023091493396
0.026090761473722607
0.012687797225925211
0.0
0.005306680662322617
0.008794634754861091
0.013235880207219525
0.0052810549640162
0.2618684882086748
0.045500580938017704
0.07346439867729068
0.027310461900326027
0.005332020101361529
0.0030692909501385457
0.0018504928185293157
0.001500746305630414
0.01492707104456086
0.12774376293943865
0.016343593966011635
0.009663346237842216
0.0
0.005358251747034108
0.024228545791274182
0.13469866505106687
0.17532398155085238
0.0067718261511144255
0.0007902121262963934
0.0030797460865493696
0.0014570791092084886
0.009115312089644702
0.007980851549431577
0.01336256881814902
0.006712747472330612
0.1060672586147595
0.1712542392392026
0.06366393055984172
0.01242957218064145
0.00715488176768033
0.004313718557024103
0.003498417893417361
0.034796775606032566
0.00959897495927506
0.005225239116080706
0.00941695994527921
0.0044776907397667005
0.009280574394137849
0.005531484631307953
0.00662765201228884
0.004031686753210134
0.023423145503767173
0.0018285901802613874
0.0058580570157935824
0.0
0.012332908410451376
0.0009142950901306937
0.013207465450945078
0.01902659871620359
0.31291266736722817
0.06430663565513209
0.020295053084515586
0.013470720853936803
0.009347861232599545
0.005131436665489065
0.01899299496214765
0.052629599401684574
0.013241814776595837
0.008434283345688394
0.0072750552160171095
0.0012930085131698612
0.006542163017631506
0.009794005503777233
0.006790641909109634
0.0046709303925285784
0.14175815398066774
0.03653043452024127
0.005204258967216938
0.005463880488570536
0.0028912548951331206
0.013073558920788068
0.03487545275253255
0.12848254983700386
0.11393684059652913
0.023415143137491337
0.007389775069332094
0.004904919278496686
0.0034037157528277
0.0018684436341494207
0.006915673493375286
0.01916333502296858
0.2818427420062202
0.0008681241747193898
0.0
0.0
0.0
0.0
0.0027234093481501615
0.07169783609815442
0.0516165623119326
0.013301354431810339
0.0018949594765844719
0.0019894921017503883
0.0010527552332169267
0.004760305842904862
0.012698747335574457
0.04678268835641096
0.24906745864020774
0.004419171524153188
0.0009987312861107058
0.0010527552332169267
0.0013640988252985808
0.001077320769566935
0.0008422041723750405
0.06895124627741804
0.2689341264502876
0.0008283634161258028
0.0
0.0
0.0
0.0
0.002598675093769654
0.06841401975505723
0.008551336268721538
0.0031766287811814398
0.003774911811538154
0.0010349845541122154
0.002716688845280243
0.004108368204099628
0.00989994509133847
0.0018958655435964808
0.23765997641024614
0.004216770050640134
0.0009529886208062333
0.0010045382293538518
0.0013016220441306977
0.0010279786451404909
0.0008036305699348829
0.06579322587227318
0.008982961282466199
0.049379455388188956
0.13721898199313975
0.08528058187450377
0.019275631257836167
0.004243433176424847
0.0007131236582760606
0.006211005270686846
0.010805603824618811
0.004014038394546745
0.004770038298874395
0.0013078228600649276
0.003432851013499932
0.005191399073094603
0.012509727273124344
0.0023956457008691458
0.009932823475101878
0.0033015078512883653
0.012893026805229647
0.005116733476876871
0.004359548203266538
0.0004014038480145336
0.001916594729328256
0.003706176557946423
0.011351012021976222
0.062396661203919686
0.17339207698553596
0.10776189272774618
0.024356992673000788
0.005362069309378928
0.0009011143389927758
0.007848324542346076
0.0
0.01388369421851519
0.01861940816734609
0.22244747059818995
0.25942238031495135
0.0022646985177377133
0.0039370332176506245
0.0
0.009076529307497628
0.003016889693677457
0.011781537843026964
0.004675627376036783
0.003983717936152238
0.000366799410034705
0.0017513679040958665
0.003386672503672613
0.0008201884029022438
0.000366799410034705
0.00285910329647179
0.0039463525949593814
0.011060555242293999
0.000366799410034705
0.0016238902191924236
0.0
0.0
0.01268680126920266
0.017014256252796647
0.20327059987769275
0.23705795676846056
0.0020694621746191813
0.0035976273487766833
0.0
0.0
0.0
0.002505589154226309
0.02317543354140833
0.423854023309401
0.014172857103960592
0.0
0.0015123526811405814
0.001005938103215416
0.00044986920259444614
0.003506610111497234
0.004840090922945937
0.013565461205708684
0.00044986920259444614
0.001991655869729713
0.0
0.002011876206430832
0.0008997384051888923
0.0008535667464934579
0.0
0.005464713925477553
0.0008997384051888923
0.003983311355724493
0.0012724222519545788
0.0
0.0
0.003073034917734554
0.028424020109703806
0.5198450877132186
0.017382612265490066
0.0
0.0018548582034030895
0.0
0.0
0.0
0.022337201250326115
0.20426383633967882
0.16162422976554594
0.0
0.0
0.0037236915447155356
0.0016652855086950913
0.0015798284539617433
0.0
0.010114394202558804
0.0016652855086950913
0.00737253254840887
0.0023550693456019364
0.009369655893615696
0.0013425960676958588
0.0085800099589629
0.0011775346728009682
0.006390702657843268
0.004163213682958004
0.009853803693162175
0.0011775346728009682
0.0
0.0
0.0
0.041342925157412384
0.37806278429953183
0.29914304661260255
0.0
0.0
0.005957906471544857
0.0008326427543475457
0.01030819608017473
0.03628144958363974
0.07322985223262037
0.07113337798332246
0.013176203779808915
0.0
0.01833777100781851
0.002627654582510335
0.016792319766990717
0.0023046055723672785
0.012507528904923694
0.00814801098797235
0.019285318237175348
0.0023046055723672785
0.02003186040608664
0.005886859047201177
0.019387376219962633
0.011538651541873893
0.016151430219232953
0.009777613046563018
0.02713143242382874
0.004609211144734557
0.011660484205789629
0.001629602232345421
0.020174629822930584
0.07100804147458975
0.1433214065089825
0.1392183033487471
0.025787735473948973
0.0
0.002915121051447407
0.0
0.0417741653979964
0.28632728550364556
0.05154653591609914
0.001629602232345421
0.006183905310786569
0.0
0.012473225693115908
0.0036655667536995506
0.012071925137590556
0.007184764767643941
0.01005700071321842
0.006088220055321389
0.016893911655709797
0.00287001455231939
0.011798517631026236
0.0
0.0019252641802271688
0.0
0.008241844154598998
0.004058813514469942
0.005238180318819077
0.001871020509336314
0.0018151565586194207
0.0
0.026011492821327753
0.17828722753574278
0.03209644851480945
0.0010147033786174855
0.0038505283604543376
0.0
0.0
0.0
0.16295755237341303
0.3561083407263164
0.12031410005919109
0.011180335004085641
0.0019252641802271688
0.0
0.00667589470909404
0.0
0.0010893623551985901
0.0
0.004663440400358101
0.002296577630667357
0.0029638926998529357
0.001058669937148561
0.008986781339165055
0.0
0.0018156040069544363
0.0
0.0017973562678330107
0.0005741444076668393
0.0034791104637319176
0.0
0.0
0.0
0.09220543594695281
0.2014949557279504
0.06807671006927181
0.006326111604342464
0.0010893623551985901
0.0
0.0015405910867140092
0.0
0.017703846793686497
0.2941016969723223
0.26185616516544136
0.01543594960376789
0.004768011797249225
0.0
0.007838242821169293
0.0
0.0015835641857198013
0.0
0.0015676485642338585
0.0005007669722747713
0.0030344693597424604
0.0
0.002015548154014961
0.0
0.002268385271767867
0.0
0.006270594256935434
0.0
0.0031671279442892675
0.0
0.0013436987693433073
0.0
0.015441240283986567
0.2565145882587133
0.22839013539163674
0.013463187386386959
0.004158645106693058
0.0
0.00044789958978110246
0.0
0.0014408881783017392
0.08594298914301837
0.3414217139186878
0.022554954123956607
0.0006334256636091622
0.0
0.002750691271173996
0.0
0.003095747206179232
0.0
0.008557706176985765
0.0
0.004322293751054218
0.0
0.008301670984320286
0.0
0.0017289177044533019
0.0
0.0037171855323636263
0.004783903037435455
0.005437938037333159
0.0019329888138529957
0.0006112647269275546
0.0
0.001966432073030479
0.1172894974418693
0.46595052883982285
0.030781559501275424
0.0008644588522266509
0.0
0.000916897090391332
0.0006834147508629651
0.012975325247274235
0.0012601544867129123
0.11803735842010689
0.19376950070778634
0.010264174137135817
0.0
0.0048288779055994215
0.0
0.0010056689212813686
0.0
0.0021621954329612853
0.0027826787792040466
0.003163114858453619
0.0011243720682999117
0.03059655450740739
0.014878940187044089
0.0
0.00622312784169547
0.010313440714287204
0.015521675387725878
0.006193076665312123
0.3070923583935515
0.0005333364945276273
0.0003975255580516251
0.0075474276832785125
0.0007330008825961913
0.06865942931088623
0.11271095451917289
0.005970417739230402
0.0
0.09321782682664738
0.011405448190527707
0.0031279390721600723
0.003043083425974166
0.0009177436971683741
0.007496933677393008
0.012798098317879208
0.2655545253847789
0.027258930176523564
0.013255871394313824
0.0
0.005544278107369507
0.009188399309549976
0.013828493842803477
0.005517505062758954
0.2735931966838671
0.04753779072450043
0.07675364002010605
0.028533240579404838
0.0055707520759491385
0.0032067131419497414
0.001933345432759875
0.0015679396248766643
0.01559540482379166
0.083049162678094
0.01016128517942382
0.0027867279220537377
0.0027111287517646316
0.0008176316504853768
0.0066791308675167695
0.01140201810484556
0.23658651707894282
0.0592912056440535
0.01911264891074491
0.0009323143936972453
0.0
0.003699943290206592
0.000708322986347329
0.005043685855199956
0.028132572952233398
0.1357450144692608
0.21917139640500666
0.0814771804973676
0.01590738251882292
0.00915682692061645
0.005520702576714592
0.004477279735175301
0.04453295833052885
0.01228478054165103
0.006687267764635356
0.012051837491824237
0.005730554387816767
0.011877291087449589
0.007079201170274296
0.008482077599205367
0.0051597579101934216
0.1693071016845523
0.05457651193701396
0.0026622404813841432
0.0
0.010565254459873018
0.0020226289982187354
0.014402335467383441
0.080333066898085
0.02589777141212071
0.003033943389497677
0.0012792228585003901
0.0032949864013322935
0.013401489685172886
0.003261391185159591
0.022028983083534296
0.008590983741437394
0.01232121517773137
0.007847913728249441
0.00676927764499871
0.0012031157651866786
0.0060873376971337205
0.009113105061491211
0.006318541798737476
0.004346197210692675
0.13190282056209238
0.033990759714857516
0.004842447629538767
0.005084019701292969
0.0026902486024474037
0.01216465683287482
0.03245083585855936
0.11955016512716149
0.013734183557016704
0.009433306440098717
0.007845378247045195
0.004455063618524372
0.018071645911597326
0.004966020408888851
0.014718969101015831
0.005178018276653806
0.25737067981054224
0.04915601704785272
0.03315523810899911
0.0038933645490508827
0.03366270879412456
0.016027194676345575
0.02464032301790775
0.10700874333427465
0.04529447861830076
0.011672182084989295
0.0016628616407268852
0.0017458157503677668
0.0009238119949383928
0.004177255546679072
0.011143383323251873
0.04105266570563958
0.21856125581779384
0.0038779039352081508
0.0008764049920796757
0.0009238119949383928
0.0011970216982360362
0.0009453687029234829
0.0007390495834912697
0.060505981226411654
0.08837923786602014
0.01687982223311657
0.011385269982955309
0.0013369533461736762
0.011559531761428867
0.005503623224170141
0.008461309465003168
0.036746031785149645
0.15027675365193227
0.024551668398611375
0.040595350265919726
0.07859809146598029
0.014376584264623961
0.01637807143035997
0.04914090650793565
0.040531374506809124
0.1547418783490356
0.0027455650213296955
0.0006204967763451132
0.0006540610448235648
0.0008474941513147938
0.0006693232443023937
0.0005232488270375361
0.04283837568233887
0.005848861566770539
0.03215126835420884
0.08934412659415508
0.055526713522767564
0.01255048255181245
0.002762925547190647
0.00046431921791613846
0.00404402388883014
0.10639629171824194
0.017382638429617223
0.028741602572151845
0.05564763188510611
0.010178655155631584
0.011595712732275791
0.03479187630195356
0.0286963075856432
0.013101591784551793
0.03938285881802712
0.09826527989855198
0.0872170631880763
0.028588024170307813
0.006825464848542298
0.009522350673781486
0.017333367499664888
0.00592023836115234
0.032543627524319885
0.09043444088529222
0.05620433578627416
0.012703642821083062
0.002796643009370717
0.0004699855543418471
0.004093375281112707
0.0
0.007241185098547046
0.009711145956048784
0.11601979155929311
0.1353044402303994
0.001181177062908386
0.002053400616538884
0.0
0.013261477535343567
0.0398634689647935
0.09946446380778269
0.08828141978374748
0.02893689916071261
0.006908759656513555
0.009638557025789437
0.017544895878964673
0.004285059844917467
0.00828466990043523
0.009584082469496305
0.02298685840776913
0.1480902981225032
0.019301279407913
0.005049624789564632
0.0018406356545042856
