0.016409148506998643
0.028603232423828045
0.17324696009690246
0.004511097131460993
0.0018824237337311562
0.008889531138065175
0.005166443173157418
0.0009919387308187629
0.00608980806203491
0.027725780116140634
0.24188683461828947
0.015530763065324605
0.0
0.000920992002226248
0.0017024795951248034
0.0011204351629805645
0.0056969597076551295
0.1131799449067849
0.15955272416965974
0.013603983320481591
0.005057394029717552
0.0024712808169050464
0.0012356404084525232
0.0026373198186552776
0.047181806429283574
0.06518870095699004
0.03543426225811364
0.0050155351006124635
0.0030052381073131748
0.0
0.0017024795951248034
0.0043586270432140195
0.008847056455158845
0.040279026769335084
0.3514045861262499
0.022562539940661097
0.0
0.001337984408612497
0.002473301775424456
0.0016277283356483775
0.06633028714945413
0.06540921424003894
0.027747055987848712
0.00902419504802545
0.010259644070050812
0.004248170167019275
0.014195754066939662
0.00573722063258188
0.06854404948138339
0.09470382510089234
0.05147763532955805
0.007286390923316245
0.004365902985078671
0.0
0.002473301775424456
0.00633205827268903
0.050644865797891424
0.029091855264558056
0.028573857916325676
0.007959400490323981
0.004597791223767057
0.0
0.007634434076774527
0.00483052366495935
0.0911184934867531
0.08985320760447928
0.038116372609826296
0.012396615378039466
0.014093762465809305
0.0058357483787457145
0.019500831069425503
0.007881269979490502
0.021084178655913995
0.04617937570783442
0.09247889905370793
0.02840463765923668
0.015694288023422664
0.01165419678771449
0.0426735747643023
0.018273758810916883
0.06957129348686426
0.03996373509537885
0.039252157624068966
0.010933897815064918
0.00631602587114259
0.0
0.01048748862088034
0.006635732453735164
0.11689681988751728
0.09567882553768223
0.0062737175799745535
0.0071518337284858565
0.009508705354727228
0.0008219789770887783
0.009402956362199174
0.015865150641355796
0.016921061654389544
0.037061157385625994
0.07421873899645265
0.02279608008195866
0.01259541666763448
0.009353050246611885
0.03424758447478915
0.01466556532949111
0.061797610691427585
0.04412964505294671
0.05659890894340924
0.032836873751475364
0.018599851530791536
0.004847315463063122
0.0032983871177330397
0.015158303473941431
0.09381528817409857
0.07678683302603229
0.005034958378290931
0.005739688580551244
0.007631190770413653
0.0006596774376141011
0.0075463221468045055
0.012732542089480875
0.09370364854828268
0.07662943015682752
0.006121878736655857
0.0020860831927228284
0.0023601337153128414
0.003552471647263516
0.00861794776389271
0.13785597715261996
0.06323067101297607
0.04515299276205431
0.05791141358140792
0.03359834689469939
0.019031174180927063
0.004959722648040384
0.003374875312837087
0.015509818087653013
0.051698861633901264
0.039319619560954346
0.022032326540089978
0.016798775029391602
0.01987200994855085
0.01198966415723518
0.03524831311185979
0.01765243962496662
0.09587659632436062
0.07840643406671902
0.006263842502126321
0.002134458575160631
0.0024148642128696478
0.003634851954595131
0.00881779430901691
0.1410527986597194
0.06429938918616278
0.0013499501539222594
0.029783025135177263
0.0
0.015162452900050442
0.00889035531601205
0.02926664552256564
0.055265130715723004
0.06122610236249996
0.0465655717748902
0.026092518043820994
0.019894509995161853
0.02353409101876155
0.014199159938591539
0.0417439912308824
0.02090549078390798
0.08410106323197675
0.022491882892554278
0.0
0.020140503519883644
0.03322471155034774
0.032892446352198956
0.06090053292516756
0.07332730861127895
0.07614869766448955
0.0015987235249705785
0.03527154153807368
0.0
0.01795664090050911
0.01052870000255892
0.034660001747438614
0.06544957554846767
0.012158788428101107
0.0025778641641339924
0.016742500364483652
0.021974334673916775
0.021165605409088746
0.019607789607551853
0.03810493659499658
0.044813958017928236
0.08510274238096009
0.022759770708106655
0.0
0.02038038541495845
0.03362043188386089
0.03328420926700505
0.061625883968885624
0.07420066779681488
0.02807754296107555
0.0021093073867120243
0.008715489123283614
0.0
0.012123265763255132
0.0238888701467754
0.17439646483751883
0.0684211824753002
0.012303604728600597
0.0026085676140416574
0.016941910608212565
0.022236058271809113
0.02141769670019899
0.01984132665515566
0.038558782467970364
0.0453477111668766
0.019038797146271522
0.0024266474088394715
0.007294768139786102
0.014959310781124264
0.03470401672958174
0.025368820956501874
0.03810856568762908
0.030136737791534262
0.023479938828747746
0.0017639153283349445
0.007288356811029044
0.0
0.010138121377661255
0.01997714723513322
0.1458396246427804
0.0572174417589813
0.027570655654604596
0.011586756613065113
0.004382954241532454
0.0
0.0063454886083210964
0.014369131042158978
0.18142668554420327
0.09699947006034257
0.01592125753265229
0.0020292919789127945
0.006100274156094266
0.012509773470846806
0.029021349590740816
0.02121476102954916
0.03186841499761238
0.025201947364988694
0.0072869212596215
0.0
0.007371313564895408
0.0024991167105869088
0.008327562168383469
0.014161787336167716
0.11577935357382202
0.09232080030671784
0.01872173831745255
0.007867938578442518
0.00297622673161329
0.0
0.004308877478636351
0.009757298288100602
0.12319703140589085
0.06586708412565499
0.0
0.006009271518682237
0.0014812863992628117
0.005481221749813565
0.030653698438311207
0.14980459879771546
0.14678294097317993
0.004998022814034637
0.004948153379868251
0.0
0.005005459621516544
0.0016970147415615352
0.005654796233065099
0.009616502412443183
0.07861948541694906
0.06269005301335669
0.017335620211859415
0.003033557069129038
0.00029050416131390887
0.0038386644523026765
0.005824367667897547
0.02678122062742344
0.13264128245287746
0.06411581998728863
0.0
0.004466150123810413
0.0011009067263642335
0.0040736983044377985
0.022782132351631887
0.11133626187263726
0.1090905358432497
0.00371458006853433
0.0018389446681796187
0.0011009067263642335
0.0012400356287787652
0.004705449978160585
0.00789062671058291
0.09193700792247231
0.1106694189825553
0.011714329690814573
0.012884004677576008
0.0022545696658498792
0.00021590557058138497
0.002852933448857994
0.004328727750148696
0.019904068479699853
0.0985803151359678
0.047651512580884126
0.007499245311770888
0.0
0.0
0.0020080379209032524
0.0006106731826674187
0.030520611417244988
0.2704552589380806
0.012572954905774725
0.0016628014913361272
0.0009954564583134148
0.0011212589092658137
0.004254738805620625
0.007134823624096337
0.0831308285277545
0.10006895700220242
0.010592273501720702
0.0036074942180996253
0.0
0.0006902248721977188
0.0017075220566573743
0.0051804612087527225
0.10815450493409562
0.10356013664935347
0.018220059824380592
0.006780930663156913
0.0
0.0
0.0018156981595551145
0.0005521798977581751
0.027597196946291383
0.24454972228561533
0.011368655364992234
0.0011383479938882673
0.0
0.0021829642537233586
0.006525951046520152
0.028084605070306638
0.12797326905039597
0.07656637882404088
0.014782381662341198
0.0038780109126901764
0.0
0.000741983056594608
0.0018355647352540265
0.0055689306443003125
0.11626473253558613
0.11132584441325576
0.019586335155940226
0.004918576313512568
0.0034293602988441207
0.00437010114966121
0.0077247613057031764
0.01611196915111127
0.06663634168145893
0.08850373355615863
0.018707236492628607
0.001223709776328672
0.0
0.0023466591174223094
0.00701531529755819
0.030190597228071634
0.13756965469829788
0.08230789425387253
0.01589087436772357
0.004147566238026455
0.00226030987120038
0.0017305869433206658
0.0023487550587881554
0.021067380254288722
0.13367229630794902
0.07563966571432212
0.012985063522467404
0.004662947697177225
0.003251129328695193
0.004142977925596481
0.007323289432902753
0.015274596684362866
0.06317311274366989
0.08390401089102105
0.0177349825973437
0.04053086301810988
0.014501775275531602
0.007046856899666613
0.006964190804375563
0.014271357139425678
0.04286317648280176
0.06748727011919851
0.07989395500841928
0.00393200861504658
0.002142836877383712
0.001640644749163035
0.0022266853850618014
0.01997246479075932
0.12672506971847963
0.07170851534597264
0.012310202829108684
0.018531308963727466
0.015660904885310474
0.004762426507893747
0.0059154289862881505
0.04808007707121402
0.05610313836029325
0.1218722228084389
0.015389391981872128
0.03676011509738609
0.013152617253838815
0.006391259682548803
0.006316284343973045
0.01294363583639418
0.038875444133605934
0.061208660079151066
0.07246110156555553
0.001069911116348225
0.0010306783658284992
0.003130066089254389
0.08935399215150261
0.04524336565147875
0.0876964548343613
0.06485754036403
0.00800150445868218
0.016807267343591142
0.014203908410635076
0.004319358965901949
0.0053650930227961136
0.0436069956427847
0.05088363952495806
0.11053396360227363
0.013957655436047304
0.010615144294163615
0.012019295962462505
0.005087868841519155
0.018407973007533815
0.036240340078847744
0.004267032082747447
0.0813506702091527
0.02384099922811708
0.0011818800835391218
0.0011385415241455285
0.0034576356059159907
0.09870511867286771
0.049978200953991275
0.09687411578588155
0.07164504981050514
0.00883888260769134
0.01958615065788522
0.0009025136402207293
0.022971256786009194
0.2257287943226175
0.08735170841977981
0.03038327754891452
0.014959297543983806
0.0
0.011726046615897222
0.013277146390142915
0.005620327482880003
0.020334415021489513
0.04003298545590049
0.004713588033027106
0.08986422837713928
0.026336021496399038
0.0036875454584291544
0.003226116215604479
0.006629698289142097
0.018913294497769403
0.013651940990708237
0.001768884325514492
0.005177997891447286
0.0013371590799070385
0.006863381038859833
0.13635291940166414
0.19222027150604637
0.016389324475877258
0.006092867787526156
0.002977262043411121
0.0014886310217055606
0.0031772966223449443
0.05684202315680183
0.07853573082058278
0.042689233589195325
0.006042438471703402
0.00362054416766833
0.0
0.0020510529777004152
0.005251032083597057
0.08202162807164372
0.053474700657737205
0.005072520246009245
0.0
0.005619066114245868
0.02148392638278821
0.021786829037207505
0.020953514475645155
0.09346528016341768
0.05228439204944974
0.0035226069012431324
0.0007017474165696047
0.002676759928378525
0.006494004416139329
0.01033174967533533
0.05951698125212575
0.07902485056953039
0.10918461461769349
0.059348878135599185
0.00840052430900859
0.0050334760436150615
0.0
0.0028514846247792353
0.007300268405249614
0.058388773089329826
0.03354017646267764
0.03294297417671415
0.009176441122605891
0.0053008214010870965
0.0
0.008801785372542033
0.0055691400447484725
0.12994048044311285
0.07268858565130248
0.0048973183663436224
0.0009756071591433335
0.0037213762213758866
0.009028315673557653
0.014363756405413392
0.0827437217852787
0.08591811764112744
0.08271149389046742
0.01203378223517196
0.01076112168758105
0.007600083507970543
0.005316954767141011
0.02986835015881898
0.022566331133005102
0.06729851457714187
0.038658186071834265
0.0379698546577467
0.010576705486021456
0.006109691768760201
0.0
0.010144879740710664
0.006418954066910184
0.11307799442750006
0.09255315680435458
0.006068765619378723
0.006918195167963578
0.009198071702457003
0.0007951262855585382
0.009095777354336091
0.015346862451356136
0.09902865545172174
0.09533272207601873
0.013870057997842515
0.01240319784849898
0.008759806101185567
0.00612828698001591
0.03442606330301174
0.02600980435714419
0.10622033933145887
0.037017013705457236
0.025008542741690724
0.025510535448392598
0.033981991996945876
0.00545740014889156
0.017834639511123063
0.022779751661732486
0.08183083144190534
0.0669776804250738
0.0043917663995908
0.005006470671309973
0.006656342455356357
0.0005754067834151939
0.006582315394645541
0.011106020413407807
0.081733453247155
0.06684038502355602
0.005339837853265576
0.0018195959895225655
0.0020586378616640503
0.003098660295429635
0.007517045937476017
0.12024553192972795
0.07686817163270025
0.02678799729646867
0.01809786118036496
0.018461136818345297
0.02459165174657521
0.00394934128391622
0.012906342980796015
0.016484958262280223
0.050075868884999986
0.19872360856713828
0.029256823134088044
0.01829789876631481
0.01328381698781737
0.0
0.007630040473064929
0.01280417048057026
0.08088198610143403
0.06614406803713432
0.005284209511198785
0.0018006401502424232
0.0020371917776616567
0.0030663796645191794
0.0074387362932073296
0.11899286101237051
0.05424329296058371
0.001138824841234236
0.0251251120439494
0.0
0.01279112266956778
0.007499949129126452
0.024689491566674434
0.04662194639576816
0.04955419807023489
0.19665338374423294
0.028952036994543497
0.01810727841422798
0.013145431378430552
0.0
0.00755055369592252
0.012670781640881229
0.0
0.0
0.01606671001979312
0.0552880974571651
0.016540184352769494
0.04649926135779687
0.07662519529892874
0.004590749469716234
0.07290000489423973
0.0015305180045021407
0.033766769880714906
0.0
0.017190565954244338
0.01007951948302926
0.0331813198980147
0.06265733392882694
0.011640064283462329
0.0024678860695694993
0.016028223672193385
0.021036854922119343
0.020262628058465817
0.018771272552207143
0.03647928525986257
0.042902083148307006
0.0
0.0
0.021592775348804064
0.07430416472225117
0.022229098833374886
0.06249245197973406
0.10298005167888814
0.006169715010733753
0.0743154391926411
0.04128477890925564
0.03299484725979392
0.01157847507374543
0.029211116197447456
0.03657861966271443
0.05078333743997327
0.03259036062107578
0.013235284960344844
0.0028060992263439725
0.01822482269372176
0.02391986528452952
0.02303953396376808
0.021343794608569118
0.041478614190296886
0.04878162886668815
0.020480494220311663
0.002610403264956468
0.007847158388084453
0.01609209214420673
0.03733194952344925
0.027289853817130862
0.040994305118834735
0.03241881718769394
0.08450005006116836
0.04694268004732206
0.037516648969616415
0.013165255214697845
0.033214373861512984
0.04159156194523136
0.05774297511486512
0.037056729179165374
0.0
0.0008701344525779029
0.015356882240986877
0.018990010778926966
0.08996549941240548
0.06617905967535749
0.06629735139935101
0.012715572093866563
0.015627455675400397
0.0019918445755849976
0.005987703156402154
0.01227892520575232
0.028485806063966657
0.020823275860814602
0.03128033334044614
0.024736884920831072
0.007152452547251612
0.0
0.007235287524784518
0.002452999428107566
0.008173890058851043
0.01390045374409188
0.11364282704370024
0.09061716461478411
0.0
0.000663948215459277
0.01171792994601445
0.014490155780944864
0.06864735973940926
0.050497332270948915
0.05058759369987684
0.009702502153838844
0.011639892457215409
0.007794128417016353
0.019721057496536205
0.015552772067876523
0.01878916329136268
0.09203178892114425
0.14818141130190118
0.09559528041355536
0.005454635316811183
0.0
0.005517807297461635
0.0018707173832023007
0.006233608555414062
0.010600826137792273
0.08666680048552386
0.06910686693154316
0.019110055608048244
0.0033440652005969256
0.000320239518934567
0.00423158157871722
0.006420536943875627
0.02952248660197062
0.1462181481031328
0.07067857223097737
0.00887686678961727
0.0059439930354456445
0.01503976097636683
0.01186092451998891
0.014329075654165788
0.07018569404021885
0.11300676992157893
0.07290329984287892
0.02706287080948381
0.007157327575378918
0.009825759927877197
0.005669337038540538
0.024593573394725746
0.00978666199896557
0.0761021534506569
0.062358693282377885
0.015880953993647057
0.0027790052887166784
0.00026612738191121046
0.0035165545171763108
0.0053356334440626966
0.02453395537512208
0.12151108979945473
0.05873573457651753
0.009243645338827475
0.0
0.0
0.002475127775672535
0.0007527219185176432
0.037620013179507576
0.333365877459743
0.015497550910573978
0.022489950582897395
0.00594792565094283
0.008165462443841396
0.004711366755292083
0.020437900110376057
0.008132971046483507
0.063242871844829
0.05182169845200854
0.004546868916514471
0.0008415687013358387
0.001739284521447824
0.0009595359403125068
0.004096751221834494
0.01154884544651434
0.1560405768527048
0.003762189682200387
0.006790026795467873
0.0
0.0
0.0018181337884557041
0.0005529206075012713
0.027634216607353396
0.2448777682045339
0.011383905601063744
0.0011398750061057175
0.0
0.0021858925437573287
0.0065347051419567155
0.028122278554421228
0.12814493601550345
0.07666908713163922
0.014802211167486022
0.003339955250006316
0.0006181840413429666
0.0012776115993943223
0.0007048382436925933
0.0030093160815871873
0.00848333824634778
0.11462141386576892
0.0027635600258775978
0.0022116824300050853
0.0
0.0
0.0
0.0016816424287168033
0.20460794345416744
0.10247034737375005
0.003554032859502902
0.001079968610862225
0.0
0.0020710124542872507
0.0061912721980489725
0.026644305684409453
0.12141024919082818
0.07263972548052518
0.01402427752745776
0.00366037882117682
0.0019948060879615066
0.0015273062398517116
0.0020728621991606736
0.018592733201813975
0.1179706879416854
0.06675477003432805
0.011459793233318385
0.0020954469470834737
0.0
0.0
0.0
0.0015932633209608494
0.19385472554442518
0.09708499450819162
0.0033672498385143752
0.0034440056327738255
0.0
0.004402586641017839
0.0
0.008079727073369748
0.04695025285404498
0.15852032493939092
0.012513106158755827
0.004103963591444906
0.00223654762442174
0.0017123935820727064
0.002324063003048089
0.02084590252906161
0.13226702257410916
0.07484447898976786
0.012848553795288573
0.01934172193772093
0.01634578907392207
0.004970697398916178
0.006174123091848013
0.05018271959503064
0.05855664616688841
0.12720195049938096
0.016062402342251526
0.0038613691140008343
0.0
0.0049361162233776705
0.0
0.009058872689920243
0.052639941857216065
0.1777306868599243
0.014029512954866439
0.03354760185655965
0.0037900549967895517
0.012394879826216442
0.007607667611768253
0.007363657948293145
0.02803069194171629
0.06512858973091615
0.029861192642485997
0.02201586979962944
0.018605725239067183
0.005657936097947551
0.0070277450247032205
0.05712088222304834
0.0666525711652895
0.1447886382334821
0.018283158023620162
0.013904796651770957
0.015744097453991412
0.00666460856976787
0.02411263703516277
0.04747128681655922
0.005589393019349517
0.10656138959556896
0.031229367878142077
0.03818582631587828
0.004314060434299976
0.014108571166243804
0.00865948854806478
0.008381742595650764
0.03190615944999282
0.07413313852645982
0.03398974152329735
0.022081887422347964
0.0039636299999389335
0.012424785144481571
0.018518467263617017
0.01096446084412163
0.023600251939729776
0.058362970410788736
0.044974501651511845
0.02457548732928719
0.02782628737273547
0.011779100950759234
0.04261693434099023
0.08390126349073386
0.0098787534090213
0.188337747424994
0.05519512106587914
0.007728369983361365
0.006761305048191591
0.01389454362913106
0.03963854524122958
0.028611783137760922
0.003707233627207434
0.010852065128226668
0.0028024224277725463
0.03902776560817536
0.007005362342287519
0.02195969905452971
0.0327297384487012
0.019378706161291313
0.04171133940595568
0.10315134235689992
0.0794884185046291
0.024232593144351566
0.006871372853271522
0.009986220406388748
0.007834841394240953
0.007185504336102609
0.011289764839360996
0.015446137280515299
0.014593852142388083
0.08287697255368334
0.0540323497950643
0.005125417906107731
0.0
0.005677663307547589
0.02170796677696342
0.02201402818499617
0.021172023586076682
0.09443996225068661
0.0528296283156359
0.0035593416314138285
0.0007090654349345179
0.002704673929701243
0.006561725710806071
0.010439492051125453
0.06013764098174237
0.15792565422146693
0.028804578459901642
0.013545410863293878
0.005411532008342482
0.004202456524449322
0.004072803099698494
0.014634696020704115
0.03257397046897118
0.09795527277382389
0.1519986053268242
0.028585872745208997
0.0015855184933765414
0.009660283338021448
0.0
0.0024302514608416925
0.0026248547690849743
0.0968019449693555
0.05415091928337266
0.003648362245387835
0.0007267994562514164
0.0027723189491330688
0.006725837198826668
0.010700588087472715
0.06164170838451556
0.06400654259092246
0.061617699523771316
0.008964823908068489
0.008016728165521965
0.005661845046226045
0.003960979373157431
0.022251067400549097
0.016811271876540114
0.10040517487014314
0.15580015363844604
0.02930081730695103
0.0016251729700645398
0.009901891040503197
0.0
0.002491033060238045
0.0026905034781255083
0.01618351697118206
0.04991287841122967
0.11988813039570032
0.028766816546890433
0.0071330567253545
0.008469121243794854
0.019557550978735756
0.019414451715836497
0.06707382715485838
0.06457050733003625
0.009394431021318842
0.008400901182217028
0.005933168714256024
0.004150795138820696
0.02331737020032696
0.017616891937236135
0.07194487947099364
0.025072265878428573
0.01693872006642384
0.017278728439644016
0.023016592997085875
0.003696391843673029
0.01207971089258567
0.015429121183358225
0.01695905412389403
0.05230477454083076
0.12563334013327518
0.030145363313769963
0.0074748829497014785
0.008874973580285184
0.020494776640319505
0.02034481985719756
0.015515427919786695
0.04196824877616981
0.18836916642687293
0.04729931090752311
0.030358440936233907
0.0016156584446713508
0.0
0.006727149712578721
0.06795499928697551
0.02368182172823568
0.015999341697419796
0.01632049407031463
0.021740151240870153
0.0034913993455566988
0.011409800824303087
0.014573461332108979
0.04426937134182119
0.17568081029704463
0.025864377322724688
0.01617618412415975
0.011743505208486407
0.0
0.006745306723103431
0.01131947563466327
0.014654981716263941
0.039640796351741274
0.1779226911539578
0.04467621132496386
0.028674838950939044
0.0015260581331559948
0.0
0.006354079085030272
0.0043935870893108886
0.028397068425687403
0.11286298544427674
0.05675040961514665
0.013063718362063305
0.004111782980785681
0.0
0.0
0.05407948816851524
0.2146117736467352
0.031595937439683586
0.019760835345944923
0.014345872365693079
0.0
0.008240070370741153
0.01382787760711367
0.0
0.0
0.0175339222156491
0.060337007331986575
0.01805063423169263
0.050745574590462826
0.0836226092632023
0.005009976778965558
0.005367208383853115
0.03468987427198244
0.13787348455592452
0.06932633132834681
0.015958645473933084
0.005022956331228394
0.0
0.0
0.0
0.0
0.007880896630047207
0.02593449707133933
0.05306069800251518
0.043676302026517864
0.009447170851420508
0.0
0.0
0.0
0.02036494830541112
0.07007901712501295
0.020965088614355778
0.05893895219523775
0.09712431102772885
0.0058188873464879035
0.07008965049672884
0.03893720814975666
0.031118665754462864
0.010920089822792354
0.02755008847611259
0.03449865459540069
0.04789565144059098
0.03073717938438489
0.0
0.0
0.009153345754434706
0.030121879502424235
0.06162787530252826
0.05072827528273779
0.010972510523050883
0.0
0.032742439239588514
0.024789942956416525
0.020339705744787263
0.014153435159258196
0.027102688991780855
0.07416564005902096
0.07436379803846398
0.004699657560570991
0.0734514510412693
0.04080480381663541
0.0326112505617392
0.011443864212484984
0.028871508996613764
0.03615335817835184
0.0501929325078095
0.03221146646756681
0.0
0.0007563621334730817
0.01334893036458385
0.016507017995750575
0.07820227882362364
0.05752597730040386
0.057628802077042546
0.011052978317033866
0.034312907194345516
0.025978975048021793
0.02131528535410219
0.014832294672585813
0.028402650312251868
0.07772294256188113
0.07793060504874393
0.0049250733136003
0.0032283109483590817
0.007572265174777065
0.027368190839275133
0.02644675242575254
0.09972324857023832
0.007563621173438061
0.0019134616013020374
0.0
0.0
0.000662676931915216
0.011695493239108741
0.01446241100180956
0.06851591837583909
0.05040064336353069
0.05049073196592397
0.00968392445299231
0.011617605171263052
0.007779204742298744
0.019683296937379517
0.015522992662293292
0.018753187060772978
0.09185557261983976
0.14789768346690196
0.09541224097757225
0.002828443016711431
0.006634342508168791
0.023978287562020605
0.02317098117557033
0.0873712385622698
0.006626769177837591
0.001676454712858173
0.0
0.0
0.0
0.007665065530939064
0.04806170864060789
0.10856959950771272
0.06453777536207492
0.004445371935382402
0.0
0.008641791225520895
0.005786585298131548
0.014641480774671194
0.01154682568440628
0.013949615691296628
0.06832704931691426
0.11001414529223381
0.07097268797934428
0.026346196810382267
0.006967788534512307
0.009565555949101386
0.0055192026911437524
0.0239422908785036
0.009527493404398141
0.07408683013046395
0.06070732176277668
0.0
0.0
0.005701682495817711
0.03575084932661658
0.08075982946165708
0.04800662207200684
0.0033067035433764825
0.0
0.009880714357444689
0.00098586853506529
0.017726484417241374
0.05183188174559869
0.009412107433356721
0.1328694730939484
0.0790419541839375
0.004182685738095883
0.025433667544681616
0.006726451577959613
0.009234242484426582
0.005328039085434342
0.02311302351700182
0.009197498277478832
0.07152075195289567
0.05860465745226757
0.005142010070925523
0.0009517219029401558
0.001966940039332697
0.0010851299122746987
0.004632976324485243
0.013060477591041219
0.1764647788141448
0.004254623915887177
0.009538485037513254
0.0009517219029401558
0.01711250829290206
0.05003662798166433
0.009086108825410695
0.1282673939555783
0.07630424987958837
0.004037813854965597
0.001524214945414764
0.0004758609514700779
0.003699689947783485
0.06080731606036894
0.2101534965622081
0.004224064899888454
0.004635326518447369
0.0024278575219789564
0.004076885296741835
0.0007545805976971762
0.0015595047102824752
0.0008603542434546804
0.0036732936724970656
0.010355107890669351
0.13991156225228774
0.0033733138299210917
0.0026996695778881865
0.0
0.0
0.0
0.002052681182479855
0.24975278224560118
0.1250794760077339
0.004338197138724334
0.0012084864506920591
0.0003772902988485881
0.0029333298345538225
0.04821158445071478
0.16662194129836458
0.0033490848608429213
0.003675157043256073
0.0019249469560370755
0.0035640879166429413
0.0003772902988485881
0.001601562179068326
0.0205485382772926
0.09884854000516975
0.08893164349395391
0.00864320310648849
0.00069568890968032
0.0019944297965730296
0.0
0.0
0.0
0.0015164554013328746
0.1845093913594018
0.09240472831668066
0.0032049217088440394
0.0032779772654849483
0.0
0.004190347071808047
0.0
0.007690220191799728
0.044686878557854054
0.1508783889096313
0.011909875268109065
0.002633034500510633
0.000278730041685395
0.0011831830669799825
0.015180604823614153
0.07302614925500225
0.06569986234437532
0.006385322838988995
0.0005139527822131497
0.001749572201134007
0.0028014593546738915
0.0023705701100741193
0.0031797304245337107
0.014822993436168056
0.232384014572468
0.06317318187752696
0.008353864968148068
0.003512875500900795
0.0
0.0044906252779175855
0.0
0.008241297580905972
0.0478891182530489
0.1616902599041103
0.012763331060484053
0.030519886909691842
0.0034479975760446768
0.011276225709748566
0.006921065659192349
0.006699078187003601
0.025500885330625046
0.059250649321349755
0.0271661809489072
0.0018749456828558815
0.003002210551435093
0.0025404439959149905
0.003407588339744282
0.01588520184084454
0.24903653853493896
0.06770014095832463
0.008952498814874863
0.01162920324377613
0.0027048770277963963
0.005257343126308521
0.003147104609092951
0.009179211658265005
0.10568616940127304
0.0854075769993965
0.015219297007255302
0.03977260003528053
0.004493326889461477
0.01469483869283136
0.009019324910852097
0.008730037503912122
0.033231987910100125
0.07721366675642455
0.03540215114702249
0.02299947811023131
0.00412833466981594
0.012941084631453386
0.019287983600240057
0.01142007801922078
0.024580936742500784
0.060788185119199596
0.04684337196673028
0.01515482841441384
0.0035249145086773412
0.006851211671577305
0.004101212211467714
0.011962072959301288
0.13772704195450042
0.11130058935115889
0.019833330787850514
0.06279766891627532
0.00421420446923721
0.0
0.00237501989364816
0.0026170431338985766
0.009646892477063533
0.1088256212809827
0.07352073843828001
0.04030235762587246
0.007234147638689041
0.022676871987434455
0.033798645743749876
0.02001158749081599
0.04307357317531983
0.10652012034185596
0.08208439862664108
0.025023995606382902
0.007095782241124506
0.01031235634111622
0.008090716311633878
0.007420172817047
0.011658472704689381
0.015950586432938063
0.015070466859071815
0.11004137131307319
0.007384618677594852
0.0
0.00416178578764312
0.004585887027488455
0.016904405775016215
0.19069689697753806
0.12883157953656665
0.024789074249661095
0.005610285179393688
0.008490097745748873
0.0009646485847511388
0.007675719030745909
0.0
0.00948821444906305
0.024050773259044304
0.13539998898494604
0.024696048437559983
0.011613366369941282
0.004639660211847049
0.003603040746769353
0.003491880388627006
0.012547281755898651
0.027927794660325245
0.0839834599386467
0.1303183424405382
0.02450853772876278
0.0013593686700044106
0.008282392522023596
0.0
0.002083613474015835
0.002250459613881265
0.0338840453012564
0.03201954247958032
0.025913685148370058
0.00924640173036824
0.006258219224011759
0.017928137280754198
0.02979106838446938
0.06789694930509864
0.06344072859981215
0.11811066414614622
0.05451768585635023
0.023869176739699856
0.006531225546454373
0.0118924507116827
0.0019224376098765576
0.02007209992026738
0.08648519342690185
0.1342003182683449
0.025238608026283305
0.001399862097247338
0.008529111801633623
0.0
0.002145681000268422
0.0023174972208591803
0.013939865125382396
0.042993052394675615
0.1032670692548637
0.02477864011044945
0.006144143381207255
0.007294978469713185
0.016846129510157626
0.016722869255423788
0.0653305268454834
0.12162899268405515
0.0561416808728528
0.024580201491840474
0.006725780351422506
0.012246707874040327
0.001979703963885107
0.020670015802594928
0.0011878223783310642
0.011330163632682449
0.11166308511434526
0.05913116193975253
0.014520939473735964
0.0
0.0005599448294589711
0.0
0.014373839281729134
0.04433150678242843
0.10648196687798904
0.025550045668582978
0.0063354220927550236
0.007522084836847031
0.017370581129748028
0.017243483552014428
0.013150277466952227
0.03557066676226733
0.15965443025730844
0.04008906912817652
0.02573064203188572
0.0013693696976386609
0.0
0.0057016722799711405
0.0012248015176476547
0.011682892885048795
0.11513936646439474
0.060972025957143974
0.0149730035648011
0.0
0.0005773769626094351
0.0
0.0
0.0
0.11063539511205382
0.1592079877119354
0.005111830687080447
0.0
0.0
0.0
0.01147428464242066
0.031037212437278063
0.13930659499768178
0.03497974787090073
0.022451291347125948
0.0011948445750212086
0.0
0.0049749985004195595
0.0034400089908040972
0.022233807754602944
0.08836735832592746
0.0444333787721821
0.01022838689784088
0.0032193672583730477
0.0
0.0
0.0
0.0
0.09653499846164065
0.13891705121391215
0.004460331768270735
0.0
0.0
0.0
0.0
0.003767555253939129
0.002036585089337217
0.32901358059616365
0.006636000714053117
0.0006422096697814657
0.0006501768726701837
0.0
0.003658635062291869
0.023646853492738346
0.09398345074027718
0.04725729436945489
0.010878441025928855
0.0034239706818687335
0.0
0.0
0.0
0.0
0.005372126936552652
0.017678624253450376
0.0361695906433796
0.029772581676948136
0.006439800366322932
0.0
0.0
0.004006998175886054
0.002166018064228452
0.34992368483837694
0.0070577446020434675
0.0006830246146118749
0.0006914981645110114
0.0
0.0
0.0
0.0016424271851199089
0.0673477652039568
0.24186255654997701
0.046068766579700667
0.00026790429308380404
0.0
0.0
0.0
0.00692370197833765
0.022784555756690406
0.046616073903483025
0.0383714839748714
0.008299740319431414
0.0
0.0247667789921413
0.018751414148980614
0.015385200633960578
0.010705830375188482
0.020500803359225026
0.05609979154917592
0.05624968065323695
0.0035548780984122684
0.0
0.0
0.002116792191471851
0.0867991134026483
0.31171718037352913
0.059374324932115786
0.00034528027835838604
0.0
0.002819308422025579
0.0
0.008595662703556257
0.00346879519779759
0.0677484519198641
0.10825790275348567
0.01743073109756639
0.0023162104724069885
0.04048625283499769
0.030652936116168938
0.02515018698965023
0.017500820575659548
0.03351266260281647
0.09170632747081467
0.09195135118448172
0.005811159115021903
0.003809126768098379
0.008934615789424945
0.032292090194501376
0.031204872828439707
0.11766477938678783
0.00892441661796638
0.002257718640440355
0.0
0.0046087233883011
0.0
0.01405132954959398
0.005670439400110178
0.11074839221029271
0.17696919020656507
0.02849401557379971
0.003786309185974254
0.021905917178454696
0.02105918041102316
0.024083154817676884
0.007879117252827677
0.01825863012921986
0.004116343884406057
0.008929626584339153
0.007579802248725226
0.00387310626657019
0.009084684892410221
0.03283448005470603
0.0317290013846644
0.11964112043062272
0.009074314411905128
0.0022956401156497357
0.0
0.0
0.0
0.010496097381543994
0.06581292386595058
0.14866892977085533
0.08837429663899557
0.006087235202702837
0.0
0.02227385704498275
0.02141289817442469
0.02448766437082656
0.00801145781299448
0.018565308816900543
0.00418548351490286
0.009079611886795177
0.007707115403658909
0.0785076118785892
0.15675045528102569
0.05437283642902529
0.008280225712402148
0.014749464275367375
0.0009074314605413124
0.005222018769223574
0.037514209307692115
0.0
0.0
0.0053892263661890144
0.0337916781486832
0.07633413515798926
0.04537582610254176
0.003125493910649514
0.0
0.009339244402153694
0.000931842260011362
0.016755060856389392
0.04899145891014941
0.008896317460408682
0.12558813441204317
0.07471040062922489
0.003953471677485314
0.04030977195644014
0.08048359840849433
0.027917759623975667
0.00425148596713092
0.007573119691109417
0.000465921130005681
0.0026812481070648906
0.019261689231584448
0.017846597572793377
0.042750181027818406
0.12118067420426927
0.08011053835651276
0.045757082691085076
0.02842128386574565
0.016439381329465236
0.011367109833772267
0.007143684884720294
0.0007127758072432138
0.012816119787458991
0.03747407492795905
0.006804885474133121
0.09606366627396984
0.057146760136538965
0.003024051480878767
0.001141534659204427
0.0003563879036216069
0.0027708193758432336
0.04554059716113106
0.1573908593406942
0.0031635410087383874
0.0034715483491714397
0.0018183022790102523
0.013651047540318118
0.032700056758023885
0.09269235425872588
0.061277381479839285
0.03500006701974965
0.021739734737989215
0.012574653243936078
0.008694820180929024
0.00275135146484749
0.0
0.02179330858075314
0.13709137062924256
0.09911444478899656
0.0207111651099059
0.0013523969261712452
0.002016034421917882
0.0012022546929186815
0.00037534473979716206
0.0029182036401410568
0.04796297354076577
0.1657627280425546
0.003331814757728975
0.003656205495673906
0.0019150206526434759
0.0035457091151538376
0.00037534473979716206
0.0015933034620978204
0.02044257638333199
0.0983388113630228
0.0884730529484618
0.008598633017916215
0.0006921014761859103
0.0028977002001734364
0.0
0.022952529127495652
0.14438347742549382
0.10438649884415052
0.02181282473416245
0.001424333057317191
0.0021232704809204758
0.014544096571395248
0.02232789266131407
0.03973336914498758
0.05386998770148104
0.0951903640812291
0.021238193097273542
0.0
0.003931169944551358
0.0029779354438166372
0.0003152408638133887
0.0013381681064186782
0.01716911083164587
0.0825918377255372
0.0743058811767359
0.0072217356813021405
0.0005812754091539222
0.0019787485003568447
0.003168422253896469
0.0026810908673900674
0.0035962430158680784
0.01676465596195782
0.26282397493749043
0.07144823107151788
0.009448136960105057
0.012215153378810318
0.01875253180180171
0.033370872916058475
0.045243797650684196
0.07994755065941254
0.017837325604824372
0.0
0.00330167250988333
0.013004056030903313
0.006425721752526586
0.012029567503798787
0.010628963834778519
0.0666843307297476
0.057092071967248824
0.03063529174991685
0.034420222648200605
0.0014487386664387232
0.0023197570737246045
0.001962957903504793
0.0026329856017875564
0.012274225510341899
0.19242630121533785
0.05231074842674029
0.006917443696075856
0.00898568772054828
0.0020900125128753915
0.004062259690754168
0.002431714249756714
0.00709262085742022
0.08166190707252946
0.0659929833366693
0.01175969216177058
0.009520906163217718
0.004704585530188831
0.008807435396739487
0.007781984870156812
0.048822863722373565
0.04179990139784798
0.02242959714573725
0.025200730385334633
0.021724443886544372
0.007176414112740976
0.011035282321849742
0.008412138027441946
0.020873330265646764
0.04566641301973005
0.10382186956342149
0.1558519363752523
0.010155779458768577
0.0023621682398655705
0.004591236064124816
0.002748365444616988
0.008016202593809562
0.09229569780335736
0.07458640957005225
0.013291007189671656
0.04208290972347021
0.0028240855002372757
0.0
0.0015915837243751227
0.0017537719448331016
0.006464719347553253
0.0729278470841651
0.04926881286988566
0.02455334169599607
0.008110907178214811
0.012472266676892187
0.00950754368951163
0.02359139838158244
0.051612968725906046
0.11734127014808063
0.17614655030016077
0.03547239177596112
0.001722452033787046
0.0032307673942643766
0.0
0.0
0.004663549051006762
0.054443780027263605
0.0921700670388447
0.0925143256190823
0.006208419694880731
0.0
0.0034989095548388777
0.003855461274708681
0.0142119248570392
0.1603232912404883
0.10831168820458574
0.02084074798017625
0.004716696490683199
0.007137821512178244
0.000811002373132471
0.006453154493601359
0.0
0.00797696130655195
0.020220041263822396
0.07798187969447068
0.003786608135324655
0.0071024619893569835
0.0
0.0
0.010252263882903016
0.11968824462170795
0.20262504780197438
0.029450938046419652
0.00587002907126449
0.006933450357664229
0.000811002373132471
0.0015387687934797938
0.0
0.010497024607179207
0.06638150648867688
0.03025653281047436
0.028591637420986356
0.023139452741284358
0.008256512905893796
0.005588235218167181
0.016008810903275307
0.02660173630450083
0.060628129142085
0.05664897651194681
0.10546613172165377
0.04868120486200128
0.021313822560524123
0.005832014397394804
0.010619284738756818
0.0017166278731531267
0.017923248077766293
0.05971713974998916
0.06955970184669123
0.013984200564458316
0.002238208852558541
0.0
0.007376684804528196
0.017399518890605644
0.046666294036450714
0.026200789910849176
0.011469130919051437
0.003253515815702745
0.0
0.00017166278731531266
0.0
0.0055876759834703445
0.2691028979200971
0.05497773727924502
0.10235470503917256
0.04724502817408863
0.02068502926794839
0.005659960251552427
0.010305998138161325
0.0016659844895262766
0.017394482384026123
0.000999590693715766
0.009534696712330835
0.09396807363464367
0.04976077253791435
0.012219837095804261
0.0
0.000471211563893813
0.0
0.025427822935575512
0.011130772439567352
0.0031575316760021543
0.0
0.00016659844895262766
0.0
0.005422830228115315
0.26116391387608767
0.038063258795782824
0.03944612811413138
0.14645747537081197
0.012493649486465285
0.0042071106746162466
0.00260235100704121
0.0007068173259806368
0.022310419112831652
0.0009660117794402783
0.009214400849675305
0.09081143571369515
0.048089175627461525
0.01180934021455067
0.0
0.00045538231217199973
0.0
0.0
0.0
0.087259113710552
0.1255687466864784
0.004031746031559515
0.0
0.0
0.0
0.03678461253368314
0.03812102758771435
0.14153757861567148
0.012073954517583052
0.0040657826194647065
0.002514931104145422
0.0006830734490650699
0.02156095270067936
0.01647146435523407
0.03431505428295726
0.06607469865186792
0.19618185523243484
0.046278213084580466
0.0
0.0009107646243439995
0.0042204776324769695
0.0
0.0
0.07850085813088033
0.11296532763334358
0.0036270769869728835
0.0
0.0
0.0
0.0
0.0030637211913071166
0.0016561214038145434
0.2675490632941317
0.005396299362011207
0.0005222355723953002
0.0005287143860238695
0.0
0.014818212466003077
0.03087082934345843
0.0594427369743467
0.17649095126658312
0.041633237898266506
0.0
0.0008193505701125064
0.0037968654709309027
0.0021535931224801845
0.004380700467307592
0.0304570825778699
0.11152680806246303
0.03982137246174165
0.0063601426153277124
0.0025943251144476273
0.0010241882299071555
