0.021356924076699393
0.0
0.009334887695838515
0.0
0.006200397312590146
0.0040244843155743705
0.0038971936984431143
0.0
0.013890458833444473
0.1488551903509465
0.019455688187079632
0.0
0.013778660694644769
0.001540501120224463
0.004621503196418954
0.016735917257183725
0.015156526764109246
0.0040244843155743705
0.002922895191705118
0.0
0.011711861590448054
0.005564985600053269
0.019771364187037413
0.0
0.2959487111488764
0.30635740695893476
0.023777343269429114
0.0
0.009868659420868486
0.004621503196418954
0.0071363026591269784
0.029445267124045403
0.0052365268701009045
0.05611651950257603
0.007334547777690912
0.0
0.005194380389205519
0.0005807493910894498
0.0017422481113465095
0.006309228619721271
0.12170993778307951
0.151555638309586
0.05000697197277721
0.025539265446463094
0.020571784510988175
0.02117706702531215
0.021971881887737892
0.01028571094834778
0.11156891191898276
0.11549285827278089
0.008963756951655933
0.0
0.0037203594819219935
0.0017422481113465095
0.0026902956249159633
0.011100492384104146
0.05098011777021109
0.05121808389511238
0.04415371150640149
0.010251095153895409
0.010808363969179604
0.008704698762067711
0.00990364229986228
0.05336857291119458
0.0867938421999046
0.10807742075583204
0.03566099295881556
0.018212571754103384
0.014670159652857662
0.01510179897493363
0.01566859768508061
0.007334950532600136
0.0033505891628564204
0.0497705444617832
0.1261555297541873
0.07631200987722248
0.008926804140589868
0.0014932183134777246
0.0036493373910527678
0.0022909327989483028
0.03635496310060063
0.03652466160402454
0.03148691338464801
0.007310265302650563
0.0077076650754029615
0.006207498455049279
0.007062489576738966
0.03805821923879325
0.13505934432159739
0.04076829984498264
0.0034173609470934973
0.008441851250101388
0.001111265620636099
0.0012424327084843301
0.015048183720920828
0.05072904836403078
0.0034476174627028123
0.05121182868877544
0.12980881458658808
0.07852189721832985
0.009185311700521436
0.0015364597934724622
0.0037550170149663878
0.002357274956622683
0.0315484787329695
0.12973324319001156
0.11268708353867697
0.06314453708694812
0.011442744732174158
0.010106731394411672
0.003234154366084508
0.019335931093348954
0.13897047096856632
0.041948891863078444
0.0035163228629063155
0.008686315263604966
0.001143446293528906
0.001278411793808838
0.01548395773296722
0.05219808950167688
0.005145508320880077
0.006362323977737165
0.02826136143250385
0.012207775719434998
0.00019057438225481767
0.0
0.004492358651826985
0.019056821743410265
0.04744430762576264
0.19509986365087204
0.16946492736183283
0.09496016805744599
0.01720821804916379
0.015199048975579142
0.004863696153227291
0.029078418353804675
0.01287114586828648
0.06656964408844346
0.16792952886783702
0.005736325958938325
0.0
0.0
0.0
0.0
0.007738093545906374
0.009568006703888245
0.04250096294897862
0.018358713000443738
0.0002865960572557916
0.0
0.006755851768529135
0.028658678626516994
0.03529187999954099
0.011823527207868473
0.003870492905364133
0.0
0.0002865960572557916
0.0
0.005440683032886026
0.0029942582914187447
0.026934242321154676
0.13930406379194102
0.35141040818658753
0.012003872459549998
0.0
0.0
0.0
0.0
0.023308740004815972
0.04582215418749685
0.09606440899342815
0.03282889107921503
0.013867683856707383
0.0
0.004706817581425962
0.0062877086178097594
0.07385201423432365
0.024741988799315093
0.008099418255545422
0.0
0.0005997327458959693
0.0
0.01138520817803891
0.006265804087568438
0.051423916646948994
0.0026820864156909354
0.0008481501685298649
0.0
0.0
0.0
0.028379037636529866
0.03918288409356579
0.03513056509569219
0.06906242766344727
0.144786761224568
0.04947918655574955
0.020901154260328063
0.0
0.007094041179560481
0.009476735201262309
0.008135169571082367
0.0
0.07492409743826134
0.08625398417015152
0.13318169268302366
0.002021199159612104
0.012455189686027645
0.0
0.07750531563987705
0.004042398319224208
0.0012783185491924648
0.0
0.0
0.0
0.04277243767090028
0.05905582455343205
0.03323869101635349
0.0
0.006391592853716523
0.008335950123909211
0.02816782326882686
0.024699322516842388
0.032648570408030424
0.02896039418903405
0.0069899958899213065
0.0
0.06437716246396946
0.0741121607325611
0.11443393728094574
0.0017366784668658459
0.010701894281711956
0.0
0.0
0.01497231926795381
0.02118707995442769
0.12296892249679692
0.11706565016018965
0.047719659669987445
0.06355396928345168
0.0024560342350469513
0.02855973825260572
0.0
0.00549185943662938
0.007162512913294065
0.024202687744458818
0.021222441814891215
0.028052687896655083
0.024883689833759128
0.00944602975462495
0.01642237923431669
0.03531749629792111
0.01475285530474276
0.03070285276089893
0.027053000946318476
0.04672041713162097
0.0177328923606844
0.0
0.01185480900645505
0.01677554303840053
0.09736454745853997
0.09269044421433811
0.03778355518049605
0.05032087240284963
0.001944643060886027
0.0
0.0
0.006369951765284105
0.07985708559614424
0.31961679847402547
0.012933742169524306
0.004826246477724907
0.0
0.007479193878135494
0.013002940010175481
0.02796374868215438
0.01168104144772851
0.024309958191501398
0.02142007216987985
0.03699237318447662
0.0140405803740698
0.011783844741842579
0.00221723418165447
0.019332490985197376
0.012700889723263657
0.03703105857298358
0.009625491652129073
0.015544551972049382
0.0025355042519320265
0.0
0.0
0.0056660998603947285
0.07103322571668828
0.2843005353797549
0.011504620035039555
0.004292967278449712
0.0
0.0
0.0
0.014222021194694554
0.08046750408908299
0.28430227146632653
0.025217266752365346
0.0
0.0
0.010481781260974661
0.0019722394690023983
0.017196334997275076
0.011297496769139723
0.03293928801065154
0.00856191677990307
0.013826946734313193
0.0022553420837813113
0.021085065628894926
0.009586110828280784
0.011658616339212606
0.006657047433597455
0.022389336138745677
0.016265594363849008
0.02468467629038622
0.008134994938152337
0.0
0.0
0.010814898926196236
0.061190172033448814
0.21619292281348348
0.01917605011188547
0.0
0.0
0.0
0.0
0.0
0.009803598078978104
0.19324430512966623
0.24508989485136207
0.03161939506105161
0.002240000474582957
0.01603378665430335
0.007289598172012747
0.008865600437645269
0.005062240743116595
0.017025597420393074
0.012368900074847079
0.018771050573739016
0.0061861212845088194
0.051186668525757734
0.006888277519569803
0.000588252941360208
0.0
0.0
0.0014997566255542322
0.013024015444880558
0.045838363675863254
0.0
0.0
0.0
0.006124086962539055
0.12071536593969251
0.15310213837996806
0.019751924089175064
0.0013992778561465365
0.0
0.0
0.0
0.0
0.20009690651875037
0.2239192166854016
0.032401579113818815
0.00448563407280044
0.03197515920675896
0.004302951856258215
0.0003674683661893671
0.0
0.0
0.0009368641924675496
0.008135809173667623
0.028634193600145956
0.07424857099028372
0.0
0.0
0.0
0.0
0.0
0.026368602060153096
0.06303391834137917
0.0
0.0
0.0
0.0
0.146386008225794
0.16381382833897526
0.02370420367413193
0.0032815802987805624
0.0039207153049164245
0.0
0.001700235820462586
0.0
0.015133263002631969
0.13325931285638334
0.14604411154574926
0.006500421866435853
0.054318440563790676
0.0
0.0
0.0
0.0
0.0
0.019290625053808883
0.04611407467191655
0.0366708496173867
0.016595135842343484
0.013668151669951216
0.0019385670761649773
0.0
0.006657321992330814
0.0827132046501117
0.0782897046099935
0.004379849922460506
0.0
0.001899341611741016
0.0
0.016905440878489122
0.1488646192569221
0.1631465793569264
0.0072616525285496445
0.023567904452777413
0.011026748563984822
0.006694218402507301
0.013895756648720786
0.027933604620466537
0.042535545618294444
0.04229437401442807
0.035171843932347666
0.04096518246348307
0.018538506058107942
0.015268757962799943
0.002165582603658761
0.0
0.007436926413744361
0.09239931869548838
0.08745780552736289
0.04611179032243654
0.0352883016592664
0.015608331015705896
0.004758045102630805
0.00961607208490425
0.019723563310127968
0.008541333911361136
0.05054273124866453
0.01893971687156476
0.008861351938788694
0.005379629804336099
0.011166953649624119
0.02244809519547767
0.03418255503378387
0.03398874391647208
0.028264912871836783
0.04729828168132546
0.011372267663761447
0.014980527847648096
0.009372991936198899
0.0008532584565461105
0.026086137922079
0.09909655388744111
0.1288174457622243
0.037056508562219106
0.02835850101327576
0.012543218293652528
0.0038236758506267113
0.007727699468129036
0.01585031480167018
0.006864014843186896
0.04061731587903158
0.17594666415451865
0.031566365343890804
0.02578278433421673
0.003295831546041561
0.008397669972455876
0.01676431271975619
0.026971114949362378
0.05732436539469259
0.009322004228625091
0.002475254416246497
0.0017977233017147903
0.0
0.007203366903937571
0.003422737946716062
0.01216035463967205
0.0
0.18202291195888698
0.18842476825921062
0.014624227433686398
0.0
0.006069707544741929
0.0028424501873106937
0.004389174683652522
0.0181102774346256
0.008898276763687587
0.004737417046200823
0.0033444480001056185
0.0
0.008526712693238344
0.002475254618295497
0.012856840981160654
0.008446791807098017
0.272777736612978
0.14179176848738662
0.011225610500716202
0.0
0.007340889535456442
0.005345649596681473
0.0017977233017147903
0.05756937874509808
0.09994899696721611
0.10346426385894743
0.0080301806387294
0.0
0.0033328836158731754
0.0015607927710504287
0.00241010102752369
0.009944374831217292
0.04567053266687094
0.04588371459261501
0.03955509739710738
0.009183442419796593
0.009682671624157844
0.00779810338925073
0.008872176820296748
0.04781022993142653
0.1497825788855231
0.07785802834383285
0.006163996047622035
0.0
0.0040308911555141285
0.002935302537337694
0.0009871319983693553
0.03161141418778073
0.16481782114388127
0.05580265098738356
0.0064959538416771235
0.0
0.007496301871529361
0.0
0.02303634190304539
0.025833726727779095
0.04119018336105331
0.041382451812895356
0.03567468167134044
0.008282532632501774
0.008732786686178471
0.00703309748573808
0.00800180266574386
0.04311997304200706
0.15302227489094386
0.0461904951267986
0.0038718709088542136
0.009564619827455373
0.00125906425898915
0.0014076766062071499
0.01704959636461042
0.057476025984789056
0.1486489400858326
0.05032832533329574
0.005858690806067876
0.0
0.006760903159819808
0.0
0.020776441428340498
0.023299398511032736
0.17731350318036704
0.02838347530807707
0.0
0.0
0.002394003505858297
0.0
0.005079786562862577
0.04789713019196426
0.21478250242531852
0.06483311098772208
0.005434569074758386
0.013424927728670573
0.001767226192740213
0.001975818908078752
0.023930862190765664
0.08067351435778593
0.007952517867330958
0.009833138332589279
0.04367867424003005
0.018867437087842675
0.0002945376987900355
0.0
0.006943057948257769
0.02945281708981679
0.24887773988473605
0.03983912707179874
0.0
0.0
0.003360230163678356
0.0
0.007130002939347898
0.06722854884331739
0.040969179990181986
0.029717562149366113
0.021692803086808852
0.0009314099962562014
0.0
0.0
0.005591445027857873
0.01081686170789841
0.020416636580284492
0.025244786007317617
0.11213701536349088
0.0484386973597772
0.0007561717251957219
0.0
0.01782503268150598
0.07561472640742403
0.09311615114382042
0.03119588263802532
0.01021213385009976
0.0
0.0007561717251957219
0.0
0.014355014910580666
0.0079002254238372
0.1051808839421748
0.0762944109749305
0.055692308325450524
0.00239122498283544
0.0
0.0
0.01435501346829756
0.027770316032433816
0.0249957931364254
0.03995768039417795
0.08369107911734393
0.060618599348729735
0.047874911778120637
0.0
0.0032081647827164545
0.0
0.12205861807242178
0.04089222199987293
0.013386280790198858
0.0
0.0009912058721185033
0.0
0.018816856805950206
0.010355782384140946
0.08499067042210488
0.004432807484591265
0.0014017767634634513
0.0
0.0
0.0
0.046903339767410006
0.06475935333839195
0.03276501369933054
0.05237737159861694
0.10970403454793827
0.07946014064266646
0.06275544575452865
0.0
0.004205330172229406
0.0
0.021074322659220615
0.021492553806651386
0.0998831469235112
0.038378551071964376
0.0019824117442370066
0.0022164037422956325
0.04683941185877999
0.017875679333848486
0.10081679583275412
0.0052582412271889685
0.001662801823580363
0.0
0.0
0.0
0.05563721765836803
0.07681820217857449
0.04323598063278624
0.0
0.008314009258065531
0.01084317604251885
0.03663993448838142
0.032128203528103146
0.042468367877521264
0.037670889074990374
0.024998575423587174
0.025494685455335554
0.11848240260382241
0.045525026788973695
0.0023515569306912466
0.0026291206135944842
0.05556138572434094
0.02120431224770838
0.02723370676561643
0.020605351202818978
0.022103501728628513
0.026863185665596073
0.1070998620069448
0.012734799757093058
0.02446278896855828
0.011154413497421618
0.028915533524209645
0.0
0.005560276646989768
0.0072517430107414595
0.024504203177948446
0.021486829547819365
0.028402166369501377
0.02519368914483833
0.009563707749163954
0.016626968114942135
0.03575747925842821
0.014936645370101831
0.031085346806903804
0.027390025387308177
0.04730245690228579
0.017953807524471562
0.018213468260565503
0.013780529891148438
0.014782469042738031
0.017965669664760292
0.07162667771091723
0.008516830748626211
0.016360322679477273
0.007459893651238466
0.04243721858573994
0.030385883983622387
0.08403018394496248
0.08814021682778678
0.10709900365536712
0.0725419747939521
0.037048039326518255
0.027679732179338914
0.009503480967874602
0.016522260945042343
0.035532299031340635
0.014842582889576912
0.030889589007465953
0.02721753861630083
0.04700457298518763
0.01784074467610274
0.014973210489952933
0.002817341439466364
0.024564941507470593
0.016138459000637716
0.04705372879788631
0.012230686650584419
0.019751774887447657
0.003221753145434989
0.04216997316698326
0.03019453100243941
0.0835010097331512
0.08758515997108313
0.10642455516335593
0.07208514677653437
0.036814731887579354
0.027505421000051922
0.0293217746301803
0.015048027717455028
0.02908688132425011
0.0056927251003760625
0.04563299137834601
0.008059064342944794
0.028624022012657263
0.012148019575726674
0.024069071872269435
0.00452880787595554
0.03948754631333998
0.025942180526658972
0.07563772519290617
0.01966053146969739
0.03175049797702795
0.005178889862278871
0.04841714851872416
0.022012364573993783
0.026771411042938512
0.015286424048259986
0.051412114723500706
0.03735030812427568
0.05668285122387344
0.01868020071893103
0.047134039922156645
0.024189338746714313
0.04675645464299809
0.009150917211907464
0.07335392432832315
0.012954750019959937
0.046012419551462264
0.019527646156453686
0.036833555863650426
0.02482101295355961
0.02966106706843272
0.03941470819015776
0.04582984389473527
0.0084259421440044
0.02114861602729588
0.011916081449947163
0.04074910012528189
0.018526164292244386
0.02253149849710574
0.01286544216578902
0.04326973964008269
0.03143496657754733
0.04770572515262493
0.015721730683121642
0.13008846417922748
0.017506227093295072
0.001495016649734772
0.0
0.0
0.003811559565803617
0.033099910884383334
0.11649600379992041
0.03100005476938827
0.020889994000046735
0.024963506294197513
0.03317241802929351
0.03857155893578463
0.007091486602997396
0.01779921160937732
0.010028876358076496
0.128434156001129
0.05564639876178001
0.05895607973901459
0.0
0.0
0.0
0.015318256448651875
0.02282510000947115
0.08054390928083995
0.010838931612794707
0.0009256353833471617
0.0
0.0
0.0023599164601070415
0.020493717381447597
0.07212817539850284
0.1870286282987231
0.0
0.0
0.0
0.0
0.0
0.06642125777896365
0.15877945024995319
0.07951964899258149
0.034453312382097714
0.036502492115756756
0.0
0.0
0.0
0.009484255698806765
0.014132096924106068
0.049962633263226794
0.01292700036943553
0.007555292869952223
0.002069783700066125
0.0
0.0
0.07723751713255732
0.07663550691720737
0.09026483465780182
0.0
0.0
0.0
0.0
0.0
0.03205661029393499
0.07663105351431669
0.060938571562768135
0.027577323232866362
0.022713344450988146
0.0032214554539280477
0.0
0.011062947733114241
0.13745044342705678
0.13009959727636267
0.024113254059535582
0.006238903431964098
0.003646378995028765
0.0009989309399493552
0.0
0.0
0.03727681573012435
0.03698627008989179
0.013409174392372672
0.008257824604826719
0.0
0.0
0.009228595801121757
0.12650719068400648
0.11189046700377388
0.02942960832545617
0.04354796760820725
0.01970732736373601
0.016231427207099355
0.0023021189069789977
0.0
0.007905811987022305
0.09822493873079706
0.09297187155422865
0.04901906034735563
0.037513169115656816
0.016592409763975562
0.005058031761300202
0.010222349089861494
0.020967100461801478
0.009079850500712527
0.053729364569758686
0.009582474237853989
0.005901212798118227
0.0
0.0
0.006594946036805855
0.09040466326713748
0.07995924925362968
0.021031008722597222
0.03265955138913498
0.01285522149168112
0.007351557188456714
0.004843799497677378
0.020343423556078606
0.08175908306474189
0.073273625718484
0.07036709586020742
0.038498879973422474
0.029462314964270427
0.013031445063340516
0.003972506945261344
0.008028489078906477
0.01646726555649147
0.007131186769523809
0.042198286604467436
0.18279513553295335
0.032795040809934284
0.026786342210222663
0.003424117058697745
0.008724537223553049
0.01741683953174253
0.028020926889036128
0.059555634044081214
0.02565035192446238
0.010096310001313415
0.005773809530631167
0.003804251941081227
0.015977438494008504
0.06421243294632795
0.0575480741932577
0.055265326556725426
0.015990653848928654
0.001746144034011326
0.002815358057922857
0.0037985485077116463
0.002317422725926131
0.00860301547472745
0.014199505241608658
0.19389218132904928
0.007227331083738119
0.00384781035518712
0.002716417305398815
0.0
0.006925540453116601
0.0020104437205164757
0.010442543981213807
0.0068606273558977065
0.22155469728924265
0.11516567567206178
0.009117630959383777
0.0
0.005962394801924026
0.004341827133376022
0.0014601413108957092
0.04675882437977942
0.01039560985838744
0.003078248349792744
0.005025103321581943
0.001088325138376316
0.014110503544441088
0.001539124174896372
0.0012562758303954857
0.0
0.33744742485708645
0.07303511153700572
0.0163203150479225
0.01291401852012833
0.006327412816294066
0.01027294006903298
0.014410442384681019
0.048386798225208055
0.1170008746839634
0.060817870043214435
0.004814931979983266
0.0
0.003148682540120079
0.0022928765607183785
0.0007710863846590256
0.024692879088389588
0.1287454748130457
0.04358957512807821
0.005074236850760586
0.0
0.005855646780753478
0.0
0.017994563668416414
0.020179707453206214
0.1782026937419716
0.03856913004789359
0.008618599195086873
0.00681976722239091
0.0033414449932715157
0.005425039452373431
0.007610014069750902
0.02555259619756511
0.22889455745728782
0.02253546073318635
0.01842008626809959
0.0
0.0014539744963320506
0.0009087340602075316
0.0007710863846590256
0.017898177068695426
0.14526095306265932
0.049181248784826624
0.005725160298468688
0.0
0.006606809547331388
0.0
0.020302907517460996
0.02276836169531416
0.17327219721840323
0.027736562885016414
0.0
0.0
0.0023394396939226325
0.0
0.004964008737971724
0.04680546512227782
0.2582571668276772
0.025426311165983442
0.02078301618512048
0.0
0.0016404904434325978
0.0010253065271453737
0.0008700013984325343
0.020194156438184067
0.0975942811471721
0.019965862402762147
0.0
0.0
0.000845489401577334
0.0
0.006301063691638385
0.04213347732875029
0.19474949929025395
0.031174543986886523
0.0
0.0
0.0026294161228699875
0.0
0.005579303729691272
0.05260706012241247
0.0320588225090579
0.02325431093755688
0.016974850950168093
0.0007288383062657243
0.0
0.0
0.004375365671468339
0.008464310237150042
0.10969121239368324
0.022440655617328633
0.0
0.0
0.0009502888533516783
0.0
0.007082088290228257
0.047355973692586636
0.05401532858425552
0.04574344076766758
0.08563277498412483
0.2062888342631868
0.03735598994951844
0.0027753335350987935
0.0034263152914358495
0.004645146900752029
0.027014799468287512
0.019595558962710168
0.014304087253775329
0.0006141654355212768
0.0
0.0
0.0036869609350671
0.007132565259668393
0.006419953073436467
0.010262784287495514
0.0214953291406317
0.015569362455203354
0.012296256627382198
0.0
0.0008239893507070594
0.0
0.04551674564794247
0.03854632773798472
0.07215961358080152
0.1738320703635399
0.03147852910506851
0.0023386722605649017
0.002887230823499968
0.003914295729018057
0.0029445649836307266
0.002214404967450139
0.013054447496483912
0.08361495906762918
0.38010098979276824
0.005594355466457633
0.0014053613054545917
0.0011813708251329298
0.006891994695334927
0.011017378796964456
0.0230758220063457
0.016714135169460156
0.013200366806268947
0.0
0.0008845750380299448
0.0
0.004432902769642143
0.004520876083981871
0.021010036042324733
0.00807278070535412
0.00041699269075935925
0.00046621200817425844
0.00985249025151225
0.003760080440525168
0.003161070807701251
0.0023772241189950654
0.014014305379982432
0.08976293872445394
0.408048777830251
0.006005693150340364
0.0015086936853632542
0.0012682337965566086
0.003161279388353777
0.0009324240163485169
0.0037895927139003295
0.017530217212605705
0.2673777545022668
0.053330088940595315
0.003414795352285469
0.0
0.008359885302496591
0.008525791674862159
0.03962222964103796
0.015224227616978857
0.0007863946600861471
0.0008792159714565626
0.01858053125159282
0.007091028800861525
0.009107345561281953
0.006890727561647135
0.007391730772807136
0.008983437944714234
0.035815743382180035
0.004258701286598463
0.00818071056014521
0.0037301972562436402
0.005961766920937365
0.0017584319429131252
0.007146685158163536
0.033059738243946604
0.504240105464458
0.1005736985183886
0.006439865469665944
0.0
0.0039803782520469655
0.002296908999724614
0.01488709312493711
0.009928533319307951
0.04049252731720668
0.05539222584360894
0.024566009046680732
0.005847629840441043
0.016760319336327024
0.012681059878063913
0.013603060009832815
0.01653229117950524
0.06591199294174829
0.007837321318394106
0.015055025689263141
0.006864711213761615
0.03905139455413255
0.027961567319100135
0.07732589403947732
0.08110801080128516
0.0985541839800409
0.06675426368226878
0.034092187221785544
0.025471323958335613
0.007325121258964051
0.004227019614313303
0.02739683402640792
0.0182715575963652
0.07451871503114457
0.10193874687655442
0.04520901877182223
0.010761438975489063
0.026402021892064902
0.017171242863251043
0.023699776854384028
0.01124964210018646
0.01241869458779681
0.005845047822341688
0.005711351206044882
0.00228823718626765
0.04798145956098434
0.03435566967329129
0.09500836782484413
0.09965535891270531
0.12109103009494775
0.0820192733182461
0.0418882070974468
0.03129597071821548
0.03336263786802259
0.017121811544403502
0.03309537367947293
0.006477245269137426
0.05192171979329458
0.009169692101514776
0.032568727260854725
0.013822150365396435
0.03243949570062864
0.021097871265847865
0.02911931565380276
0.013822150365396435
0.01525853555213257
0.007181662240792594
0.00701739259404814
0.0028114990840249817
0.02445688962917408
0.0019880300726939563
0.01277744408082124
0.009066812024468053
0.03223898057613549
0.018808694800174882
0.015456395094228673
0.005622998168049963
0.050505727937771326
0.02591969972770889
0.05010113246040541
0.009805519235120984
0.07860122644722874
0.01388145554869715
0.04930387353731448
0.020924537461073825
0.03946840870213085
0.026596560138760546
0.03178284284937881
0.04223420126699105
0.0491082375073467
0.009028683776041919
0.022661461845813347
0.012768486825854457
0.03702384142109739
0.0030095613656444917
0.019343018290067036
0.013725711473480635
0.04880468949759038
0.02847337270512148
0.023398524080017094
0.008512324978425046
0.08942642866255406
0.012715105873629624
0.003806827348349666
0.0
0.016806237044194285
0.01459191715642433
0.09603437135564065
0.051634290706698935
0.03558399005821388
0.023978968564528098
0.028654825496245824
0.03807757767340836
0.044275082089729335
0.008140094933903106
0.020431156450006042
0.011511832455639638
0.14742553728621846
0.06387475490107528
0.06767383383386706
0.0
0.0
0.0
0.017583345875771022
0.0262002160272566
0.08062522034991738
0.011463705172687796
0.0034321653943372135
0.0
0.015152193654676235
0.013155803643952102
0.08658281972694383
0.04655252511031446
0.04145434282284481
0.015228629334174387
0.021535996297553008
0.0
0.027042281465361542
0.012134537330121983
0.0603628704490165
0.031864140381457844
0.11286990436066092
0.048902907932077654
0.051811506290924514
0.0
0.0
0.0
0.013461918497103029
0.02005904764982364
0.07091678232323789
0.018348537925570264
0.010723955581441848
0.002937843554811376
0.0
0.0
0.1096306545897851
0.10877616345090914
0.031737701594158875
0.011659132929969653
0.016488092138997323
0.0
0.02070373816419362
0.009290276929787879
0.04621418744629096
0.024395383212390206
0.07274331773429102
0.030878160313137767
0.007332743489459456
0.0
0.006503193850851514
0.004645138464893939
0.038432598840839785
0.11053592357894565
0.03557380262669928
0.009204129759830603
0.005379430181883699
0.0014737028858786041
0.0
0.0
0.054993742531024556
0.054565106344711345
0.01978228745251494
0.012182603886340194
0.0
0.0
0.013614763264225069
0.18663353445120764
0.16506977362631917
0.043416914007789756
0.03649004287442114
0.015489331924965273
0.0036783052059141254
0.0
0.0032621803600577344
0.0023301288286126675
0.019278845441174874
0.05544785027942301
0.17449072454738399
0.015461492403590705
0.005620260708119466
0.0
0.0
0.004168261226887174
0.008612576374438914
0.053779612293605956
0.010175274279356147
0.006266279179180682
0.0
0.0
0.007002928796506815
0.09599736164612628
0.08490576359841007
0.02233204878115938
0.03467996730034509
0.013650483304510649
0.007806346139436313
0.005143451181780872
0.021601927573830098
0.08681694042296963
0.07780654772680436
0.07472021138245268
0.08975155101426327
0.007952817708890187
0.002890853464943138
0.0
0.0
0.002143998834987636
0.004429989558698762
0.02766223608055526
0.15919429432835286
0.08646310873936401
0.0020339757639688152
0.0015160361112018033
0.0070102221081021505
0.003480165569224525
0.0028065309504722623
0.05375838162997382
0.026757932248792936
0.01053226793041816
0.006023122204835084
0.0039685192622917215
0.016667343122267766
0.06698512111521507
0.060032995837501504
0.057651679324601336
0.01668112911524901
0.001821542405979615
0.002936925013420533
0.003962569555085436
0.0024174888701237237
0.0089744930551435
0.01481263884176935
0.20226443157005988
0.12282912798450303
0.06671211612258057
0.0015693493946121123
0.0011697240426711045
0.005408858854827155
0.0026851823045105677
0.0021654277922612108
0.04147821481496266
0.12981334626368696
0.015768940861752404
0.005151067841345544
0.001705151126470377
0.0009430616637634226
0.0006668452896779264
0.008513087722910918
0.09093006171121082
0.008652512517202896
0.002562099072634149
0.004182512616625858
0.0009058388118509452
0.01174450659513795
0.0012810495363170746
0.0010456281541564646
0.0
0.2808654910339947
0.060788854658621966
0.013583785093946274
0.010748643746248981
0.0052664556808393855
0.008550411543587027
0.011994152802039165
0.040273479191140694
0.014281533905366564
0.00502717124157104
0.013744138160442784
0.0
0.005442576227015147
0.0006405247681585373
0.001450731608449723
0.005530418774587515
0.3024075125147188
0.02491437281004462
0.006520477066696541
0.005634437481100373
0.00572453322823604
0.0069987011904018934
0.02242917236794776
0.11680791094315222
0.145031371164901
0.03138972648518339
0.0070143005839970645
0.005550309989819456
0.002719455799854284
0.004415202115522731
0.006193457303839918
0.020796139415950123
0.18628725987880448
0.01834062494419531
0.014991301827942227
0.0
0.0011833261911695083
0.0007395788694809427
0.0006275534522256514
0.014566542778436716
0.15615509057062543
0.012865110758362809
0.0033669986517419143
0.002909471685604806
0.002955994701640373
0.0036139407026495704
0.011581820218076034
0.060316457620429316
0.25522592332691235
0.01275855253819089
0.00367797138863925
0.0
0.0
0.0008624897318773082
0.0011552591442957577
0.01270857882744073
0.19799946272577348
0.019493731817023574
0.015933830952388133
0.0
0.0012577239594018885
0.0007860774746261803
0.0006670088252584842
0.015482366565372526
0.07482315193654197
0.015307339103744717
0.0
0.0
0.0006482160758944215
0.0
0.004830871649644281
0.03230270809649054
0.27127241940911634
0.01356070484564455
0.003909211823423231
0.0
0.0
0.0009167159559344279
0.0012278922886536196
0.013507589201099766
0.03663798006438602
0.11434612845126013
0.1286564808016527
0.02272635428606098
0.0009688055382390706
0.0003515445389305503
0.003224284729405
0.009161197648199825
0.06525227709177008
0.013349327138508674
0.0
0.0
0.0005653006309527767
0.0
0.004212939007764733
0.028170762724810446
0.03213222929228761
0.027211511359634726
0.05094057618168044
0.12271553828732104
0.022222048184451712
0.0016509693794284023
0.0020382204729229155
0.0027632697832894342
0.031951495832087416
0.09971974001310153
0.11219960824480377
0.019819351748473317
0.0008448824433757062
0.00030657732360499343
0.0028118558914002017
0.007989358800866826
0.00410955571327428
0.011319366528861534
0.14740062851093988
0.13073967713903245
0.04551773554983751
0.0034603875470110117
0.006979854475115764
0.0016047792082929128
0.025726425915934593
0.021786690387594204
0.040785186341477264
0.09825126591016055
0.01779191450170698
0.0013218361241912281
0.0016318857779836114
0.002212391014606605
0.0016642915003624687
0.0012515992637878485
0.00737847734083187
0.04725983853405178
0.21483609637015197
0.0031619741131851294
0.000794321364482986
0.0006677201671469387
0.0032902846435971522
0.009062765044128498
0.11801519635797789
0.10467573188262495
0.03644343007863021
0.0027705330700465544
0.005588367598919441
0.0012848543136560117
0.0025493293738067598
0.006010361400482637
0.0046253426601305285
0.07319006787251084
0.1329336189467371
0.009803246290145739
0.0026436722483824562
0.0005911430817468157
0.001773658655594611
0.0013338467852955342
0.00786334617332657
0.05036546882542438
0.2289538231602393
0.0033697598968663043
0.0008465193526086825
0.0007115986915256829
0.001773775688999507
0.0005231777545924358
0.002126318683470259
0.009836104087843092
0.1500241207602889
0.029923206282716348
0.0019160220387691425
0.0
0.0027168558565787144
0.0064053259413366275
0.004929292159723703
0.07799967575233273
0.14166921108053812
0.010447456248893823
0.0028173983733484134
0.0006299894239721593
0.003977527421788047
0.0027950839297704836
0.00497914772080956
0.0056565027058226094
0.08479448752636355
0.09672968312869269
0.05825354441380874
0.003857921736450408
0.0025508760276297454
0.000752384645169964
0.003057869938348801
0.014145352356871132
0.21575046697675052
0.043032718313697746
0.002755441241763369
0.0
0.0017030943340617841
0.000982784161599412
0.006369777530236433
0.004248146224033155
0.017325638288349033
0.02370080932303516
0.010511119338067075
0.0025020399113637416
0.005720102836228407
0.004019624711220547
0.00716053818857133
0.008134645909283119
0.12194339275681121
0.139107459518954
0.08377472466852076
0.005548097279162677
0.010625051022673453
0.0
0.016954098737774783
0.0
0.018185111577265912
0.039129972332827626
0.11552435746199564
0.07478408904268546
0.003559078225349414
0.0020537944609472555
0.01331138038262185
0.008877655466093658
0.036206627395253925
0.04952927897046993
0.021965839009600353
0.005228692028028801
0.012828028082983013
0.008343042308275218
0.011515080333292292
0.005465896717102274
0.006033907690006358
0.0028399505885537183
0.0027749910200984443
0.0011117925364189484
0.022203930212037072
0.0
0.03543019458242716
0.0
0.03800273029259498
0.0817727061284672
0.24141952498889288
0.15628166778033434
0.0
0.012874553269928682
0.023003962252004108
0.024544263797193325
0.09119217750580944
0.0426055452273404
0.03902325872590274
0.0
0.016883893790114166
0.010980880249725149
0.015155828477632196
0.007194061241704774
0.00794166148673806
0.0037378639800391754
0.00365236600269179
0.001463310415296042
0.012729159871850838
0.001034716720280804
0.006650319436548088
0.00471903424913853
0.016779531006657324
0.009789424850111689
0.008044642110263798
0.002926620830592084
0.0
0.01694512894721504
0.03027717533062304
0.03230447738558362
0.12002460779921287
0.05607623368415987
0.051361327821405595
0.0
0.009921273728443645
0.10713568224275881
0.1682192642363983
0.14717974686185825
0.06955910672549025
0.032285939143442556
0.01846083412407561
0.01056529494354424
0.007141156703974754
0.0005804840475048297
0.0037308804120608262
0.002647414550825509
0.009413446098883857
0.005491942720511016
0.004513106168446206
0.0016418568212495876
0.017248565141925503
0.0024524889926596824
0.0007342606708565544
0.0
0.0032415861706977787
0.0028144882601529695
0.018523104802073434
0.009959219440287763
0.0055659109565054385
0.06010394269418061
0.09437230254260201
0.082568971288994
0.039023194485419285
0.01811266046458981
0.010356670093965905
0.0059272118172077936
0.02603831639873978
0.013551536786779976
0.08825212595481584
0.25156846121338494
0.16066584162753839
0.04640896637300501
0.004692973769207548
0.0026565802425000487
0.012641950582752371
0.0017974970320625036
0.0005381599593617522
0.0
0.002375848184617176
0.0020628163101002487
0.013576095960455913
0.007299387454604798
0.006499997781493401
0.00238783321955762
0.0033768217905314805
0.0
0.004240201570256314
0.0019026828157018888
0.00946483522076144
0.0049962640265167
0.019084202451763607
0.009932296221116202
0.06468242465176285
0.18438148499137372
0.11775644023018826
0.03401441538218587
0.003439610308933325
0.001947081155357646
0.0014051626037552031
0.004130003846418746
0.004606243952912622
0.0413043273103018
0.37664017438940933
0.04886473049905816
0.01465076655328856
0.0
0.007724220111523894
0.0028375624111727313
0.004012819029218598
0.0
0.005038809449926313
0.002261037828772736
0.01124746084877405
0.005937270191996423
0.01770403556650728
0.007515027708921869
0.0017846196129196958
0.0
0.001582726480140915
0.001130518914386368
0.00935360274983429
0.02690187887176737
0.0016698136843661382
0.004907856870660242
0.0054737929728182816
0.04908366532240527
0.4475773235045828
0.058068009675274264
0.017410120659172412
0.0
0.01983927867055803
0.004094730158217917
0.0013184002350359867
0.011846410238825458
0.15851764437990087
0.06436364898102208
0.014575348276425515
0.03622207718203007
0.02759505072270333
0.011713576265206986
0.0027816634548800657
0.0
0.0024669752461568694
0.0017621251758263353
0.014579339346222076
0.04193160984193036
0.13195600813891073
0.011692523042357376
0.004250238341706347
0.0
0.0
0.003152185388690198
0.00651313243790121
0.04067002974473535
0.030923226467732493
0.006382402813603159
0.002054973354632697
0.018464846062599342
0.2470793972749453
0.10032278525748446
0.022718406403900923
0.05645888212124678
0.13173145118367344
0.029312025742962534
0.00398723404736568
0.0
0.0
0.0
0.0
0.04949946101858098
0.09161990247844524
0.008118370932682565
0.00295103214980067
0.0
0.0
0.002188630301712005
0.004522208326895764
0.028238078823099505
0.16250823029421183
0.08826300494155045
0.002076316888481726
0.0015475953238962613
0.007156153388307347
0.003552611920996463
0.002864954299721721
0.054877465923173975
0.09146398774117888
0.02035197167520252
0.002768422595762495
0.0
0.0
0.0
0.0
0.03436854338973207
0.18150705224814898
0.014515209133286418
0.0027899671445445295
0.0034605283030432633
0.007002002390300908
0.001863551546917045
0.021004141686430125
0.15841975294120939
0.11687108070762087
0.06347612521129334
0.0014932252859379462
0.0011129844788437078
0.005146492449562854
0.0025549327181149054
0.0020603898312118196
0.039466239570300814
0.12351651694558823
0.015004040086974183
0.004901206051811093
0.0016224397110883417
0.0008973167653837277
0.0006344987622095515
0.008100145125681475
0.08651933588863915
0.13053446778597608
0.010438906232829332
0.0020064613018759086
0.002488708921780564
0.005035631641488368
0.0013402107871598123
0.015105553323575346
0.11393076952566439
0.1526949836204201
0.011354862842499064
0.006305584599215626
0.006156144290348572
0.0
0.0032451093437702496
0.0
0.06598541094091621
0.01142170873772972
0.004020498503619366
0.010991924534150002
0.0
0.004352720153155244
0.0005122620153889479
0.0011602278857528359
0.004422972550397724
0.2418515091538285
0.019925360364310144
0.005214775274164963
0.004506161889647817
0.004578216291444605
0.005597236758240288
0.017937812262502878
0.0934175520567875
0.02122809954428445
0.02189397955309786
0.00593261278965724
0.000724447887800403
0.006481702890788781
0.003387307792505915
0.006748065730810979
0.007484926541714594
0.02641266939438888
0.047746699190877935
0.049575896360953144
0.0261923913788899
0.006690269187551308
0.02237704611248561
0.1080743474857688
0.20913830649141954
0.13883280698881467
0.011437984072621024
0.002993497504568814
0.0025867240029828218
0.0026280862210328456
0.0032130462747421372
0.010297048946912609
0.05362555321421786
0.2269137126577462
0.011343246355392978
0.003269974036987237
0.0
0.0
0.0007668137493180236
0.001027106251970289
0.011298816228179458
0.015161968783739202
0.02740858759290986
0.028458622709688942
0.015035520057755866
0.003840492267624212
0.012845353476535632
0.062039162283624355
0.12005407053558255
0.1695696137433088
0.04968503245935615
0.0016054271330304668
0.0
0.0024501652985231626
0.002676098961816984
0.003961241620538053
0.004974058240907283
0.24466560303178225
0.012230650044787182
0.0035257903115994975
0.0
0.0
0.0008268030441727101
0.0011074587232859587
0.012182744064403039
0.03304447059470646
0.10313088419683634
0.1160376551654165
0.020497318482374915
0.0008737836000803069
0.0003170645095337048
0.0029080419210487955
0.00826265328400293
0.18283536643265427
0.05357198684002523
0.0017310227443985882
0.0
0.0026418463797068903
0.002885455262253088
0.004271137070086857
0.005363188256772996
0.07028384037529757
0.04850335821238611
0.037269902905952126
0.0064888614189543324
0.0004253866716963818
0.004189745963710003
0.008205762836281655
0.011722036157479996
0.02662624155339089
0.08309976782256696
0.09349965607312227
0.016516123372118025
0.0007040685713045368
0.0002554810552844576
0.002343212805159481
0.006657797757154079
0.00342462912139691
0.009432803678823721
0.12283383414908859
0.10894971059916074
0.03793143920655569
0.0028836557505558754
0.005816544309493981
0.00133731575712194
0.05663260683112374
0.039082548719074454
0.030030967952752636
0.005228529567522691
0.00034276379891512877
0.0033759714127469757
0.0066119571437066385
0.009445264536229044
0.0027333444243897755
0.03189285627802418
0.07354967605101144
0.19511551706059527
0.015393418861306837
0.003840322496329762
0.001224963410444233
0.0031868636276414742
