0.05936580437458214
0.010763186866342178
0.026574972698657457
0.0050738151142771595
0.05065470121528237
0.027311413680038463
0.03784859472528581
0.015221444577755223
0.058961684975832436
0.021526373732684356
0.03689816803585967
0.01676307476268133
0.048331957246418325
0.021526373732684356
0.03470085984923256
0.0050738151142771595
0.04875242479459493
0.010763186866342178
0.0414363249558603
0.01676307476268133
0.04839480673065273
0.017938645032262383
0.05190306083980892
0.010147630228554319
0.07439681688189316
0.012960497348198055
0.02210857993141999
0.0
0.07063436771700932
0.019592485891273364
0.06084672881894166
0.01676307476268133
0.025041121057976158
0.009142285041554253
0.015670710444964916
0.007119304419611895
0.020526658844172593
0.009142285041554253
0.014737510175577014
0.002154857320554545
0.032712060207158125
0.02569694495276551
0.07824318680730534
0.011238360413727609
0.025345558827595233
0.0
0.0034510771516181793
0.002809590103431902
0.03159644604171641
0.005504343764952325
0.009389548936899491
0.0
0.029998527918261235
0.008320959810276174
0.02584170216576232
0.007119304419611895
0.1403679667600311
0.14564890162431696
0.13534336716165604
0.036096170771338726
0.036511872062504676
0.013482614502302584
0.03241371810742264
0.05933217291847328
0.013939229730924846
0.010949955973764901
0.033340906958469065
0.004788878676971906
0.01080022367650237
0.0
0.0014705694759336815
0.0011972196692429766
0.04732619461784731
0.12515090138240614
0.06400200256249017
0.03736388939436602
0.039306011818218106
0.012848274572826378
0.01084436533992548
0.007572418675943732
0.059813454827976384
0.062063761406075155
0.05767237757193928
0.01538126347292196
0.015558401683120542
0.005745197940176505
0.013812100499678523
0.02528256500838125
0.15278416088778496
0.03827733859660692
0.01731027111182687
0.022838901750388246
0.018546891211586012
0.013747803715740322
0.030852132827861332
0.02941196329051507
0.03375095450012452
0.08925210261072312
0.04564340517648226
0.02664627783999706
0.028031313888012294
0.009162822703455607
0.007733723028568329
0.005400314989434814
0.016431420542404616
0.015120736779499084
0.060892489779916306
0.04751522735085976
0.031728133770614536
0.0174615666971625
0.021540384044054183
0.020015430715135344
0.10895892442023453
0.027297709519893444
0.012344921821788837
0.01628769733198613
0.013226824731116995
0.009804327211037026
0.022002380282488687
0.02097531489259341
0.03122370355092633
0.1436091684026682
0.11262299340252815
0.0
0.0031337781114029765
0.0009260807812305252
0.0
0.0012596060638780297
0.015536603829572095
0.01429729683736386
0.05757642727634662
0.04492765925607079
0.030000293850038988
0.01651065063530786
0.02036734513401543
0.018925437194963198
0.016633208492921374
0.03126936118011534
0.1080375136017995
0.051508855771191145
0.023327648755294455
0.050262715941646864
0.04790921129848404
0.023637509114811328
0.02952333371973654
0.13578854914025829
0.10648980872225454
0.0
0.0029631198885697514
0.0008756485889353116
0.0
0.0011910108651467636
0.021347731808936635
0.04481769748162684
0.05414638476125016
0.030318309097841275
0.0018104171302541347
0.0
0.0
0.0
0.022711648920294373
0.04269643787528386
0.14751874722124889
0.07033225424061916
0.03185250572020796
0.06863072501814535
0.06541715553691482
0.03227560146283984
0.0062674273312680814
0.00334994225988793
0.018265350702165877
0.0201857025746279
0.04820567172047225
0.11391827322458375
0.03285818344397066
0.011005213376115605
0.02914904783977816
0.06119587877779881
0.07393364193829707
0.0413978332791402
0.0024720160442356764
0.0
0.0
0.0
0.0018714814330370864
0.002532417971639406
0.006775750578724948
0.006186488406888475
0.029361284127693538
0.006119355549926026
0.0035136212104465592
0.0
0.00878264206879029
0.004694325480716402
0.02559551615025955
0.028286534689528794
0.06755134731188871
0.15963542390586363
0.04604467654205045
0.015421774336477304
0.0020175409238337057
0.006615948296174578
0.011936705487491373
0.059644483983027796
0.16452353463188182
0.17717773558887073
0.03833057374467218
0.0
0.0026225356427747944
0.003548716153838638
0.009494963233710041
0.008669221112361724
0.041144417883727004
0.008575146810005641
0.004923691305156014
0.0
0.0026833326496873504
0.011149123594435099
0.02364910011955062
0.011571703711358163
0.03601928241924286
0.007627859623853558
0.009692181341764451
0.002369481707632078
0.0015518229698401086
0.005088759495281728
0.009181302614921519
0.04587648219459462
0.12654583463709837
0.13627901004784243
0.029482556750871265
0.0
0.006420376577150098
0.0
0.0
0.07688787335305512
0.3124958388806365
0.06168575579453955
0.030750403145257923
0.005194991576015805
0.002063927027360745
0.0085755217567308
0.01819007304785259
0.008900555823842977
0.027704791092478587
0.005867086825936198
0.007454891970878061
0.0018225236955949345
0.005426985318153477
0.005799235109059259
0.027419907209378782
0.020767071900075068
0.006368192165715708
0.0010389983426848403
0.003970721781432745
0.0011881400428627705
0.005081703775747023
0.0
0.0
0.06085646093064747
0.2473392744588599
0.04882404238507519
0.02433882777610586
0.0041118161823666365
0.00159657772692175
0.0016447265164499453
0.003266368446756022
0.020048789052787255
0.37164219431049444
0.05156842137296578
0.004793210398785904
0.0016604658982443564
0.004295438351752532
0.004590072653220037
0.021702752840454705
0.016437058857482995
0.00504040001148418
0.0008223632582249727
0.003142811270753285
0.0009404083497874888
0.0
0.0
0.010800600249461108
0.013721648710827905
0.05297604168693785
0.016048283870108905
0.0019876884059701655
0.0007212603056847669
0.0013039777413083545
0.001343302447369962
0.002667750951088238
0.016374507939194427
0.30353245002748963
0.04211763228991425
0.003914773182684447
0.0013561573201242227
0.0005588476034178662
0.000671651223684981
0.00041654041621746297
0.0010031621358916128
0.23095459614641867
0.10193783004076927
0.007835880756056032
0.0017174400995091299
0.0
0.0
0.008821206810407298
0.011206923528533608
0.04326728227355267
0.013107163278024072
0.0016234107455820794
0.0005890771043859683
0.0
0.0
0.0
0.0038615188928392474
0.03204333888958406
0.13542744804073065
0.03234589167357759
0.0
0.0004327294486175205
0.0005200760670904454
0.0003225374923938212
0.0007767731225533494
0.1788338259570083
0.07893296977033859
0.006067515255076358
0.0013298561231164542
0.007095739063388652
0.0022577624811469955
0.0031591686779525274
0.002801225635545398
0.05049606319815752
0.1695002095409532
0.054096511840559566
0.004486711713072021
0.0
0.0
0.0
0.002990069083422403
0.024811945662377634
0.10486480493059182
0.0250462197267102
0.0
0.0
0.0016126874275788595
0.005752343225001495
0.006091693524401236
0.01624083529988626
0.16797827879993535
0.08350126230189255
0.0
0.007422527495985811
0.0023617418772042048
0.003304661595794566
0.002930233780660827
0.05282161790041464
0.17730640242741003
0.056587882246859116
0.004693343534666926
0.006141358787935895
0.0023569170361003467
0.003991785736841787
0.004837926452818011
0.029134679686565905
0.1203987297697457
0.07085727397819866
0.00535322869206977
0.0
0.0016869584220474698
0.0060172626660162
0.006372241464639427
0.01698879362590507
0.17571438041655604
0.08734684433129829
0.0
0.008207114290708441
0.0
0.003407531870367171
0.004743176243365917
0.018556938069404165
0.03788013630773354
0.05751482732378098
0.025063290834633985
0.010789126312227566
0.004140626934202349
0.007012760858515075
0.008499259103906538
0.051183744519557504
0.21151623739510117
0.12448191116804048
0.009404541003277464
0.01000214210966162
0.004869483333928624
0.010159056007505038
0.003866366107655404
0.012251801509401873
0.00405931616419654
0.0203763260214984
0.010862180491709164
0.014418241271831325
0.0
0.005986344884222096
0.008332802133521285
0.03260079010402148
0.06654774447494807
0.10104192870822183
0.044031137074446426
0.013580557189617678
0.006712380832018589
0.010768768094533811
0.005988149346521529
0.006404851211412745
0.0
0.12273526851236191
0.057375817824051725
0.026243447549024884
0.012776466187314546
0.026655155521439013
0.010144504551037097
0.03214606498966545
0.010650763573644605
0.053463051946690945
0.028500001387388268
0.01761330525142878
0.008125728529437127
0.016154060522849026
0.006598121169568132
0.0205665587187092
0.011236112510142386
0.023641901436827883
0.005944772417806755
0.03563243117171844
0.017611828782556592
0.028254907554604983
0.015711602731515468
0.016804937880622185
0.0
0.3220306756597986
0.15054167888630895
0.0181959440119105
0.005618056255071193
0.019228697507418742
0.003546383713110669
0.01328342563720374
0.009095570920008563
0.01878560031087728
0.015197352470376006
0.04740171454371085
0.02186832390137683
0.043474529890623594
0.01775715867862525
0.05534964230814307
0.030239128328488074
0.06362614212276568
0.015998837308139127
0.07563316318394331
0.00837080531964023
0.062946948986355
0.005919053190384744
0.03182007205873624
0.023490368591355282
0.02800913216563143
0.0
0.04896973802438127
0.015119564164244037
0.05174913040356746
0.00954418639952321
0.035748948946777874
0.024478407102343787
0.050556647418360974
0.04089979440755366
0.05053776150505168
0.00837080531964023
0.021606209559362703
0.005919053190384744
0.0299483031141047
0.01930496637779966
0.05533906762473624
0.0
0.03042245498517407
0.006716436553010477
0.025857067336278707
0.010460482520190871
0.030199294403972114
0.011194061080824916
0.0323885127487423
0.006332317318268281
0.04642505110598239
0.008087600746470712
0.013796181022452792
0.0
0.04407721013530365
0.012226089729612893
0.03796953436241338
0.010460482520190871
0.025415556681623996
0.02395734836516445
0.026430365660553103
0.023428161957721603
0.07366577439190015
0.03187724113812168
0.033090915628945373
0.005391773775318342
0.09416930041326775
0.04148452787898603
0.07327750396969475
0.05311789010376069
0.06461130264616455
0.026556962794221088
0.03061041044118491
0.04630090601358077
0.02110387491048945
0.0036764572232749785
0.006271460593024394
0.0
0.020036594617317268
0.0055577293325784136
0.01726017062996072
0.004755120551305597
0.09375446871563775
0.09728170683093679
0.090398441861877
0.024109327729461828
0.024386982628918318
0.009005297923294157
0.02164974666517128
0.03962910112693706
0.04280743023401463
0.018858014503424364
0.033310448576545686
0.024146302083756635
0.029370971412301234
0.012072249948251393
0.013914864012422427
0.021047441100759998
0.06266332866785931
0.08807971093339441
0.06446446030528408
0.021423844749975662
0.029374107009777585
0.015886141745797583
0.022200787120676534
0.021502833679757888
0.042176342176826365
0.04376310389312611
0.04066660147989869
0.010845811084004642
0.010970716789374993
0.004051119182053109
0.009739345077634342
0.017827529206732844
0.10773290169135212
0.0269905514555504
0.012206014845418401
0.016104425633624322
0.013077994446332338
0.009694007399547594
0.02175480608460283
0.020739297393883506
0.028189696214381558
0.0396234982508431
0.028999952464416324
0.009637720945961336
0.013214222269668226
0.007146532419404227
0.009987235883513202
0.009673254869584548
0.03002706288942511
0.3851835268960474
0.027407404720944342
0.0011026010722168984
0.0008189915264783737
0.0
0.0
0.0006474696598642075
0.096738774662982
0.0242361695851148
0.010960392796685692
0.014460971328065427
0.01174338700550409
0.008704735347171961
0.019534731271646393
0.018622855095868217
0.027721848742808208
0.12750286454795431
0.09999190464305271
0.0
0.0027823132081735108
0.0008222173676169376
0.0
0.0011183365458680447
0.026962805466553733
0.3458756037133685
0.024610483035095047
0.00099008079234642
0.0007354135597114694
0.0
0.0
0.0005813954747656166
0.0024199292863761623
0.05984431769684216
0.062391249345514224
0.009543863809007961
0.0011031203395672042
0.0
0.0
0.0
0.04851707959115209
0.22314769425245548
0.17499969937237467
0.0
0.004869433947960917
0.0014389944132512976
0.0
0.001957244039131774
0.03508172935674795
0.07365102520094638
0.0889812947268396
0.04982349993170901
0.002975143418272103
0.0
0.0
0.0
0.004235211831697585
0.10473585480222061
0.10919333837982306
0.016703085148636786
0.0019306135680177295
0.0
0.0
0.0
0.01046765590969061
0.011282511563621433
0.03036100662700196
0.0020350454101988338
0.0009653067840088648
0.0
0.001629597154914013
0.0010175227050994169
0.083878743295997
0.1760960918857582
0.2127500358559834
0.11912561431570622
0.007113426151610732
0.0
0.0
0.0
0.005385339225068048
0.00728723758418751
0.0194977704436365
0.01780212087329056
0.08448947038423676
0.0176089406463812
0.01011072928249241
0.0
0.02502766651071263
0.026975947552513903
0.07259172018509732
0.004865696608680194
0.0023080025250291633
0.0
0.00389628914934399
0.002432848304340097
0.012559037625083161
0.0017202835379930132
0.011688866714337727
0.0
0.04527914490936206
0.008601417506541505
0.016040877570192562
0.004865696608680194
0.008657689617381396
0.011715258507455395
0.03134540605096693
0.028619411073423844
0.13582869712620874
0.028308846710642144
0.01625441820372653
0.0
0.008858396752464515
0.03680623058541655
0.07807198698310647
0.038201280258383305
0.11890925802505334
0.025181599056707554
0.03199647562600451
0.007822291085064579
0.02019041793037854
0.002765597542399207
0.018791495904401084
0.0
0.07279258861557382
0.013827987417116883
0.02578796495245616
0.007822291085064579
0.03283421549878012
0.018940248281872574
0.05017964645757785
0.032549213619838806
0.051262999431823136
0.013827987417116883
0.017719693936258097
0.014128823126949365
0.007992507598859382
0.03320850102559128
0.07044061884526985
0.03446718760551569
0.10728613482745185
0.022720152126418494
0.028868889227208316
0.007057679023066436
0.021015869659745775
0.022457397990470158
0.10618292886605728
0.08041998470249113
0.024660670460120566
0.004023496004958045
0.015376524261926181
0.004601043639238123
0.029624741836447546
0.017088879912161768
0.04527469437499376
0.02936759827573562
0.04625215193541443
0.01247633150744693
0.015987632118148645
0.012747761176272208
0.03217503987806118
0.050247941468257076
0.032515320414772446
0.014115356981911468
0.039419271591959716
0.009981065418801824
0.021945198871438917
0.0
0.01726178437568251
0.018445811095455327
0.0872153687732039
0.06605448443987356
0.020255510856052476
0.0033047749913979025
0.012629800743636285
0.0037791547287600947
0.0
0.0
0.043403633661294225
0.05514225136732195
0.21289119614625374
0.064492140983129
0.007987787475963244
0.002898479469595838
0.026427581139689883
0.04127210270095774
0.026707077032415285
0.011593917004264856
0.03237776868069456
0.00819813797327398
0.01802510660435987
0.0
0.016647174178547646
0.010731501206370299
0.02980150371179869
0.007572137138013528
0.034698175669242604
0.040090133656125265
0.06118472833916844
0.018909602635471555
0.0
0.0
0.02366920762745388
0.030070602080081187
0.11609548552927391
0.03516935672208397
0.004355962492171496
0.001580621403847012
0.0
0.0
0.0
0.010361291192506101
0.08597921549233165
0.3633811625808908
0.08679103011322438
0.0
0.009078166706438932
0.005852185837481248
0.01625158816124492
0.0041292968119170225
0.018921879458713563
0.02186226399209064
0.03336573269395613
0.010311931817145455
0.00657898485946144
0.0022353362320097253
0.026052710409891062
0.02178446010165949
0.038169934639042
0.02035669722038497
0.007594256034146191
0.0
0.0
0.0
0.0
0.004635068926589455
0.03846234823988713
0.16255664510276682
0.03882550922566971
0.0
0.0
0.002499914609102121
0.008917020508022566
0.009443065888277202
0.025175803280838648
0.2603922781330501
0.12943985420681395
0.0
0.002943074152056195
0.000999965864964926
0.011654542491929737
0.009745163244978476
0.017075118794396327
0.009106461055977195
0.0033972503533048204
0.0
0.0011179958082058305
0.0
0.0008161999206539284
0.0
0.008916687852409469
0.09924828323908809
0.14882649108920504
0.005804971804885287
0.0
0.0018097531094225258
0.006455262724743352
0.006836080637142013
0.018225417821799834
0.18850473264371098
0.09370487207085668
0.0
0.008804514926318499
0.0
0.0036555681024839234
0.005088434808341101
0.019907708413883136
0.04063745352127051
0.06170136514732864
0.026887662391399232
0.0008093462004082397
0.0
0.000590868319636083
0.0
0.006455021906705816
0.07184840975880308
0.10773936198959592
0.004202369847254286
0.009665808664833995
0.00450225375709427
0.002110516622581664
0.0030797724834763706
0.0024930702772970265
0.04954069149333583
0.23254790647974502
0.02219556868790458
0.010074569042467568
0.0
0.004182884979594866
0.005822443169638987
0.02277940176959193
0.046499419290699555
0.07060180695851068
0.03076621635826746
0.009489247576213207
0.004690193682888614
0.007524544472886527
0.004184145825469022
0.00447531113674546
0.0
0.08575976176715289
0.04009064816842474
0.011060104680391421
0.005151705312801513
0.0024149593256882714
0.0035240306569448033
0.0028526964684078135
0.05668695221008509
0.2660930169484197
0.025397286625604726
0.008762391303025047
0.0
0.00854224740143112
0.0
0.0016897719333937844
0.0599207940135837
0.1284289001586067
0.07253431168283418
0.019360976254993178
0.009569434014278604
0.015352379174338342
0.008536941135080196
0.009131007696482993
0.0
0.17497622418133996
0.08179722164503862
0.009886814577821989
0.003052585809524588
0.010447963936602382
0.0019269370234587587
0.007217584652236523
0.004942102652475273
0.010207205896278087
0.008257521887848266
0.017877966465969987
0.0
0.0174288053689273
0.0
0.0034476531480535496
0.12225680284551
0.2620343569345404
0.14799224858290008
0.014813072745142543
0.0038976035141001677
0.0016033084406977239
0.0015581357645076568
0.004974069849118515
0.0008450177946747813
0.009535642489006185
0.017071931802649307
0.053926633953568476
0.016650021730088307
0.056987366591572115
0.01051028384296156
0.03936758826681625
0.026956200968796237
0.05567417611856874
0.04503982113798986
0.05565337850406237
0.009218128839980168
0.023793269088998075
0.006518201395944935
0.032979779854259185
0.021259085658641375
0.060940690384030896
0.0
0.0807964127745237
0.021259085658641375
0.00874508434598555
0.008498694535149079
0.027130562821982892
0.004609064419990084
0.0520112011780049
0.09311713190888665
0.053926633953568476
0.018436257679960336
0.022099232620524167
0.0
0.04122472481782398
0.013827192768533237
0.03884145579775866
0.0
0.015241800869638266
0.01436730809089081
0.015850385468878687
0.014049953096616974
0.04417763019138779
0.019116896308314344
0.01984474127120155
0.0032334661501614123
0.0564736685846402
0.024878420765012323
0.043944783020933964
0.03185498998580727
0.03874763087809124
0.015926306225846783
0.018357173377192556
0.027766820077290623
0.039826096843634175
0.017235737719960686
0.01906142738381376
0.00437443257444126
0.016480662203787556
0.0070150793181492175
0.012091451353718523
0.0024756758244427438
0.09164483307406465
0.21878953961699296
0.1130164001833425
0.012880407876259603
0.012901544566819597
0.00649474750253218
0.005094898706743398
0.016784322326707013
0.027312441011370495
0.012031986173911548
0.021253078188428108
0.015406074312335236
0.01873957207334784
0.007702462231057735
0.008878105984006119
0.0134289068594457
0.039981107449357865
0.05619753150366315
0.04113028415377466
0.01366906382307251
0.018741572679799572
0.010135841066806197
0.014164776659675825
0.013719461160016927
0.04432232153611264
0.10581349759026105
0.05465828306688975
0.0062293700611193185
0.0062395924289690395
0.0031410640125281697
0.002464053139708445
0.008117425783610169
0.2799487822455778
0.04301926429823892
0.01813625962075547
0.014412867368267926
0.01164614163658253
0.01642305812067719
0.016505492854737104
0.036429889204825545
0.02334275948491556
0.03281063345225178
0.024013700264903886
0.007980611082624392
0.010942168722758884
0.005917757543346565
0.008270030417320742
0.008010035302963058
0.024864209310233646
0.31895506633018866
0.02269497520091593
0.0009130198296865088
0.0006781741128879329
0.0
0.0
0.000536143718224239
0.16344662539252594
0.02511657139572141
0.01058875987413601
0.008414876873823805
0.006799538594431134
0.0095885161811323
0.00963664526742139
0.021269399374379317
0.1660811625259221
0.07532563670887502
0.0043934186534663805
0.000536143718224239
0.004281739201412321
0.0
0.004591464449590656
0.0
0.03158101544989482
0.4051174421802381
0.028825785429666285
0.001159662589211007
0.0008613757578053169
0.0
0.0
0.0006809773372377004
0.0028344166290670005
0.07009449829383613
0.07307767034714173
0.011178544116184535
0.0012920636367079754
0.0
0.0
0.0
0.21094625186849958
0.09567406978419588
0.005580254760639885
0.0006809773372377004
0.005438406272447526
0.0
0.0058318005576185675
0.0
0.01876724601004248
0.004840621143897065
0.0027408809591690955
0.0006809773372377004
0.004662004393276796
0.0007764336085242971
0.007303807211389088
0.00937254134859119
0.00961977076150149
0.23789480992817796
0.24801944404181703
0.037939035053016754
0.004385154908752427
0.0
0.0
0.0
0.023776012691468663
0.025626858624571834
0.06896134961993594
0.0046223591908298245
0.0021925774543762135
0.0
0.0037014325816105264
0.0023111795954149123
0.06369444865299814
0.016428659523809955
0.009302318594020557
0.0023111795954149123
0.015822449350785087
0.0026351501218745397
0.024788505098099198
0.03180961412007368
0.014123527462791816
0.006537003074535834
0.006969933770377642
0.051321304100453116
0.04205410462913363
0.010806404139294732
0.024708709566735137
0.007635768248414627
0.04172920514758725
0.04497761902763002
0.12103384797474372
0.008112688087905726
0.003848185798978389
0.0
0.00649637269050634
0.004056344043952863
0.020939972861195037
0.0028682683876341793
0.019489116848213698
0.0
0.07549496178644345
0.014341341632344566
0.02674532484230536
0.008112688087905726
0.024788158660173424
0.011473073550536717
0.012232908854122038
0.09007385952557004
0.07380902685995393
0.018966285940710897
0.04336617850193249
0.013401512853829347
0.005130914398637852
0.009249887393427341
0.04853682585737742
0.06749770111865612
0.1530811101927022
0.024702820881021274
0.005442156301395076
0.0
0.020142362087345014
0.0027590150574873184
0.018746769679284746
0.0
0.07261933270652943
0.013795074993259292
0.025726586213284806
0.007803673006239137
0.03275606575905808
0.018895168006586138
0.05006021231698907
0.03247174222197209
0.051140986769053196
0.013795074993259292
0.017677518740413255
0.014095194674642018
0.0049354761031260306
0.008897555998787887
0.04668804145402852
0.0649266904502461
0.14725019801473613
0.023761881930918674
0.005234862694677346
0.0
0.007603443580464091
0.0027590150574873184
0.011428595121748604
0.03691539624115595
0.09733160500334899
0.08553432335515132
0.05644288541012808
0.007803673006239137
0.03198343040177173
0.01844947727586347
0.04887941452784458
0.031705813360492566
0.0499346961578751
0.013469682964356631
0.017260549373322567
0.013762723557580252
0.03473678029990896
0.05424862595106468
0.035104153589541894
0.015239205800325202
0.04255778958042612
0.010775746601276007
0.023692450878818272
0.0
0.007424096970568672
0.002693936650319002
0.011159022556467883
0.03604465246582129
0.09503579084910427
0.08351677817827126
0.055111535996681886
0.007619603474639356
0.003614295233248994
0.015755540912782848
0.06294022488247294
0.02617464545022756
0.11982178810571516
0.011865560029108282
0.015610644087483427
0.003809801737319678
0.031213433940335097
0.04874619604517416
0.03154354461289594
0.013693495466327626
0.03824115943522819
0.009682764257158302
0.021289329178057606
0.0
0.019661862686894648
0.012674902111362752
0.035198350636557546
0.008943398985145139
0.0409817761367303
0.0473501805526707
0.07226486094498444
0.0223340013442942
0.0032476978156833146
0.014157458786607326
0.056556207414653614
0.023519755130400267
0.107668282303653
0.010662038074225971
0.014027258824331042
0.0034233741246857395
0.02759117790724256
0.006323937771408394
0.00790334068302467
0.030013263506541054
0.10383177737615311
0.06719196019454159
0.06321507981925892
0.006846748249371479
0.01577935165862791
0.010172064612534738
0.028247941781636504
0.007177399204607581
0.0328893486621519
0.03800022215281371
0.05799514886108947
0.017923838995721645
0.0114353612366029
0.003885383207948363
0.04528390946230224
0.03786498615338536
0.06634564454837465
0.035383298680871006
0.013200070060781693
0.0
0.022142912185239515
0.005075187409829937
0.006342715026613948
0.024086722953692484
0.08332873414128449
0.05392396363590174
0.05073237416418255
0.005494761613656186
0.03065587501003179
0.003885383207948363
0.008600661572467153
0.0
0.1857091035953467
0.041417969432766974
0.047941647327896714
0.009076907382143787
0.0066116653263207535
0.0022464400471438424
0.02618212471275593
0.02189267228661025
0.03835954007371623
0.020457817132208317
0.007631979761734366
0.0
0.0025115962895199584
0.0
0.001833606778464306
0.0
0.02003148845509465
0.22296292892596153
0.3343412024073572
0.013040966288876847
0.017724528474280368
0.0022464400471438424
0.004972706565673231
0.0
0.10737277254463179
0.02394692626838156
0.027718768193344463
0.00524806104215149
0.01989683545303406
0.0
0.005478350902511998
0.002071115308065328
0.046910989671158164
0.005180797775585881
0.01042196434489062
0.002705071954732919
0.000931625486107468
0.0
0.0006801390866217806
0.0
0.007430272630718262
0.08270355706103345
0.12401705899877838
0.004837280819724453
0.011126157992038027
0.005182472399223512
0.002429381979502423
0.0035450769220536733
0.0028697333820995063
0.05702549881781001
0.2676821813807095
0.025548964655509224
0.007380325842285753
0.0
0.0020320826814071743
0.0007682380379809233
0.017400676111258385
0.001921711409689647
0.0038658153937865453
0.0010033913433059754
0.001863250972214936
0.0008332711788372926
0.0017602449167094273
0.0
0.0013345120885034868
0.016861453224576606
0.23796512521014596
0.10900026148124371
0.008179395716088028
0.003809894895550425
0.0017859603081408105
0.0026061635121664237
0.0021096846682077284
0.04192229888088614
0.196786571719122
0.018782322900978123
0.0064801435391218755
0.0
0.006317338200686638
0.0
0.0012496548371437083
0.04431385597355435
0.09497837734226836
0.05364206356019508
0.0013697690641313709
0.000612579357168819
0.0012940441562399134
0.0
0.000981066642014641
0.012395698350752772
0.17494007609051457
0.0801315487745334
0.0157606868785317
0.0069123964310720655
0.004112882050125838
0.0
0.015341399932610167
0.03887956223651141
0.10547383985705136
0.058830548794192014
0.012448865601937278
0.0
0.012136103737138705
0.0
0.002400685266073742
0.085130403977616
0.1824609358551658
0.10305062470297333
0.01031470509283084
0.0027139967181966014
0.0011164229071963792
0.0010849680671931614
0.0034635665730881663
0.0005884065716968014
0.006639901243786119
0.011887603938689298
0.030277519558099937
0.013279257417404043
0.007901170023399672
0.0
0.029472036345126035
0.07469069813383704
0.20262354513810918
0.1130181130719758
0.02000207557837867
0.009304061684560166
0.003760045344947778
0.0021699361343863227
0.005831857305215408
0.003441307282642102
0.014542559419164339
0.03424829048560051
0.05246209455144019
0.013803783158210698
0.005678289741646491
0.005518305837550563
0.017616204768554408
0.0029927216455758556
0.033771506187399
0.060462087496331154
0.03501522000992936
0.011970886582303423
0.0143493008097728
0.0
0.026767715755961468
0.00897816461763153
0.025220230163734668
0.0
0.10173347379047201
0.04732181476977806
0.01912413904508592
0.011036611675101126
0.029661676858737065
0.017502990770721247
0.07396557830804176
0.17419180068750317
0.10147079393214142
0.03060029147205367
0.027300414681492403
0.0
0.005353543151192294
0.005985443291151711
0.02064189637404558
0.01950130673263262
0.02885857222406985
0.012489267622170085
0.01381218905305751
0.003169777818913108
0.011942128860275769
0.0050832290684982556
0.008761642486712535
0.0017939109088086376
0.06640718633850902
0.15853810017330908
0.0818933364221126
0.009333331921326111
0.009348647876427066
0.004706189025121125
0.0036918381150970363
0.012162165426330617
0.024090487022791384
0.00545562768703362
0.021949162809014287
0.002343016861403365
0.02257739580218653
0.0064331538327736075
0.00978687539279421
0.004022399595658996
0.17025090878798327
0.052976086231350174
0.010659909729444509
0.007087839130173229
0.0035237804451044947
0.012819417905519619
0.07350752237851456
0.1405243461357538
0.02595356350702074
0.06196059309238271
0.03200593226159015
0.0036476959213038057
0.0036536817736685942
0.0018392945473838834
0.0014428612362732724
0.004753273706946981
0.16392797685030672
0.025190539874585693
0.010619943846208029
0.008439658745217805
0.00681956328326644
0.009616754428515251
0.009665025255300918
0.02133203790466645
0.06653824709321553
0.020704358882939894
0.004166155191878861
0.0027701020497208394
0.0013771801609035116
0.005010144158765638
0.028728549656804506
0.05492037447763271
0.2529865832749869
0.12540206582156171
0.004513415063116939
0.0
0.0
0.003658816257239627
0.007511537027635553
0.030843856994131353
0.14072663183831172
0.021625227730201806
0.00911686312796744
0.007245162002845957
0.005854364763731963
0.008255658893276872
0.00829709776783701
0.018312834100991892
0.1429949535998986
0.06485495261623801
0.0037827089294326095
0.00046161674776563585
0.0036865535447902385
0.0
0.003953225254082166
0.0
0.21718043770577322
0.1076534383435333
0.003874614401547527
0.0
0.0
0.003140970188796832
0.006448400853462598
0.02647840954964203
0.03572105828310952
0.04221440340937129
0.0670897472901083
0.021289972444958293
0.008549532659960026
0.009908882662417457
0.0
0.01128209444062776
0.18716142719544185
0.08488653051569275
0.004951064244396183
0.000604195093281921
0.004825209600094906
0.0
0.005174247495819364
0.0
0.01665118254842067
0.0042948265436305475
0.002431838383223264
0.000604195093281921
0.0041363493691323645
0.0006888883827360135
0.006480280969846772
0.008315759107889457
0.046754127197416555
0.055253054680579027
0.08781158031724486
0.027865749996319102
0.011190204228950463
0.012969413075927848
0.0
0.01476676514871885
0.005553579615194245
0.003941159366632029
0.028159108603842364
0.27332366999411695
0.0764465872842735
0.016273649227154015
0.008485112159766451
0.0
0.01915099949078525
0.00493960238024541
0.002796926614872649
0.0006949019921035274
0.004757333266367751
0.0007923101574690613
0.007453155785950582
0.009564191490759242
0.004246518699322879
0.00196547964852828
0.002095648850255431
0.015430768135677219
0.012644400781700746
0.0032491597705212507
0.007429163676546426
0.0022958451941990305
0.006387330153479581
0.0045328396829468634
0.03238659314225708
0.3143573406666761
0.08792339822688762
0.018716787660946293
0.009758969261096453
0.0
0.0036241652591026186
0.0138256406069298
0.008010166543105988
0.09257321170287018
0.2872524015549149
0.0072677607653621815
0.005851223321142016
0.008025484240431103
0.005285044064349475
0.0024461558480150867
0.0026081591301527316
0.01920450498824312
0.015736705765416515
0.004043771798780626
0.009246034262859387
0.0028573153388448762
0.0010939541358824156
0.001972153847114039
0.010348459799559069
0.01439107799594392
0.03263818115251278
0.005266849331559683
0.001160313529223994
0.0
0.004510488342815026
0.01720682869879615
0.009969126746066929
0.1152128455494696
0.35750262916539316
0.00904515877916988
0.007282194021073252
0.009988190527733663
0.00857158556468951
0.013059471855410244
0.019360163848432487
0.009412811314983437
0.09799988551784057
0.10279042512206966
0.0691930831746095
0.020596080717665718
0.0018987910564822212
0.0034230942267854322
0.017961962271771697
0.024978789599615824
0.05665053445979118
0.009141741941985597
0.0020139719570863744
0.0
0.002925219445375908
0.0010614564849252448
0.004396843131625726
0.014202201117903865
0.03744570477736948
0.03290701946791949
0.021714874873149662
0.003002252306028484
0.014877817521093909
0.02266750272983985
0.03360369942546229
0.016337944485056814
0.1700997327529262
0.17841473742987896
0.12009937454681442
0.035748897126975265
0.0018987910564822212
0.0027679397302578382
0.0021229129698504897
0.002420493168880589
0.06647961972879664
0.07371447983362188
0.025020992763108384
0.0
0.003991639736697603
0.0014484218921423499
0.005999759706221911
0.019379766677132555
0.051096940229312444
0.044903628249862604
0.029631266658676915
0.004096755757342953
0.0019432618580261269
0.008471123616777267
0.033840439271406515
0.014073059024860298
0.06442337871137707
0.006379636620873969
0.008393218394380609
0.0020483778786714764
0.0025910158107015024
0.0037770220054931364
0.0028968437842846998
0.003302910053665143
0.0907154819476834
0.10058788831689426
0.03414266547514082
0.0
0.05007703119083523
0.11915655162061509
0.13289154280094992
0.11149708055371738
0.04135674392494341
0.0
0.006885719106253926
0.0
0.0009754045187421811
0.004252011750501338
0.016985933854060387
0.00706385776506586
0.03233679210456215
0.0032022068267496986
0.004212907856373297
0.0010281666522169853
0.00828665754497896
0.0018993138612492114
0.0023736673338739236
0.00901409998957076
0.031184546897391394
0.020180246228700058
0.0189858410504179
0.0020563333044339707
0.025135759397011286
0.05980966404936317
0.06670383140352037
0.05596505470916041
0.020758681974969675
0.0
0.003456230823081977
0.0
0.045769421281134336
0.04659335154264265
0.09904899299163925
0.3000945949923557
0.07565777976097297
0.0128546498573845
0.01270135113211389
0.011412232373167125
0.005187974280190971
0.0011890911876938348
0.001486066609006787
0.005643399482979543
0.019523508286052437
0.012634116691096174
0.011886343139284642
0.0012873953384700458
0.007182519162714808
0.000910325976226327
0.0020150922632629215
0.0
0.04351072004396145
0.009704024401007514
0.01123248971076674
0.0021266742896459785
0.028654566589351324
0.029170399297795538
0.0620109646537523
0.1878782889233804
0.04736657854699332
0.008047827785689028
0.007951853040796635
0.007144782767984426
0.006470008073504537
0.011298186352862272
0.028568943379051935
0.2220606945665462
0.21582135387479826
0.0020355507346395494
0.0
0.0
0.005845906152150076
0.0007409211314755546
0.0016400986885089185
0.0
0.03541370099085576
0.007898178154671604
0.009142207520308846
0.001730916135664261
0.006562376705929947
0.0
0.0018068703656124818
0.0006830955045602632
0.015472188358635952
0.001708731356847708
0.003437373556633272
0.0008921871634062666
0.005265988039085814
0.009195678509456436
0.023252477031596372
0.18073686280659018
0.17565861667748928
0.0016567499916206546
0.0
0.0
0.009588353360509191
0.04063861156013285
0.037427177043446856
0.031217046782726316
0.23198755012062175
0.12961823820551374
0.020178325547587014
0.010603360474363626
0.005668672766407638
0.0
0.0015607998889672133
0.0005900674491997968
0.01336509266620958
0.0014760260408270404
0.0029692513462156616
0.0007706837480343777
0.0014311238106400688
0.0006400180343588225
0.0013520070298776751
0.0
0.001025010615276381
0.012950926929075943
0.18277599843962408
0.0837208040666498
0.008282553715682995
0.03510420095319698
0.0323301189092038
0.02696572154795816
0.20039408989216806
0.11196604673446758
0.017430319780324884
0.009159331054420256
0.004450654801568614
0.0018711172424451376
0.0018451365507766622
0.014708773711423838
0.09592771192192066
0.0009600270174175833
0.04953051463859135
0.07877701551322153
0.001336989962650456
0.0005979200971230508
0.0012630771809818819
0.0
0.0009575893392632231
0.012099064513118396
0.17075369266471688
0.07821396993742556
0.015383527568887102
0.0067469801211088145
0.00401445919796017
0.0
0.014974274321134023
0.03794915933177626
0.10294981022987584
0.05742271109395483
0.004157907759397801
0.0017480423101705514
0.0017237705289834767
0.01374128686062123
0.08961795410438371
0.0008968801138082513
0.04627258691691424
0.0735953648773619
0.0211619259276594
0.007437938475967283
0.003210703025448174
0.0024397776823203163
0.007141323919254746
0.003828556727222289
0.057715079724215086
0.1606475043515798
0.025541100809625898
0.011201936529974237
0.00666516224007055
0.0
0.024861622165295406
0.06300656983862206
0.17092643216183595
0.09533829261495097
0.016873080628972952
0.007848594630360195
0.0031718482427132645
0.0018304854019649765
0.004919559379824159
0.0029029714952111324
0.012267615761657864
0.0288907100917407
0.03513491174399646
0.012349127050332247
0.0053306947496617125
0.004050735922445302
0.011856661179895648
0.006356510422429075
0.09582370902062323
0.2667212760587491
0.014168618039308172
0.006573952327410793
0.0036865597259375486
0.009796163174235123
0.005445497717848641
0.007667288324099552
0.023410519692643465
0.015381508724487169
0.07589090938812028
0.035301021610361895
0.014266182499435665
0.008233066908852713
0.022126951404631424
0.013056841933242991
0.05517667678169105
0.1299432101311664
0.07569495605453307
0.022827137035924074
0.020365502323437725
0.0
0.003993624153926979
0.0044650076079390645
0.015398395719269908
0.01454754120796346
0.06372691101408394
0.029567998362117858
0.01658122640833073
0.044060699296994396
0.024492490907015947
0.0344855510532963
0.1052946801944698
0.06918219088328333
0.023961744923561873
0.0066975111738700474
0.010112844000630557
0.003157237149555373
0.005990436230890468
0.0044650076079390645
0.03334692317064196
0.013588244903092475
0.022430194902354917
0.005079631317502051
0.020436448598317482
0.0021815384973770395
0.02102138440586723
0.0059897873450805725
0.00911237379044068
0.0037451798637539824
0.15851738749842142
0.04932502768453621
0.00992523947924921
0.006599352390672506
0.0032809250432348654
0.011935916525203807
0.06844145791570846
0.13083954962674388
0.023814939823461456
0.0023664488253156953
0.009094253136942997
0.0029513199217648784
0.026323193077539105
0.0032722835035487803
0.006118663654954592
0.0016702763744033265
0.07109214204063502
0.1307396341421331
0.018653254830444044
0.006727222298057154
0.006915515760966797
0.03424054948503838
0.07255416321952811
0.05460422649083843
0.04431751169705522
0.01379004868717493
0.002774849646838152
0.001845014489464322
0.000917264889835322
0.0033369848479622597
0.01913452624730601
0.03657947788900068
0.16850061961777252
0.08352350357376055
0.003006140582169699
0.0
0.0
0.0024369387436737316
0.005003026749693936
0.02054341755058184
0.019875591480372642
0.0365515440091416
0.005214985259232764
0.0018807637293783153
0.0019334058898167735
0.009572804449176894
0.020284336172166042
0.015265981129297146
0.22051249467348616
0.055806189050518686
0.0952480324607335
0.015441179644901777
0.0044257879154036344
0.01778116052927345
0.006076558553039499
0.06841971487371445
0.11722713804373068
0.05810792450228199
0.00209139442812885
0.0
0.0
0.0016953964629731527
0.00348064303118437
0.014292208839082799
0.019281098586306583
0.02278600111584799
0.03621292575877089
0.011491654428533294
0.004614767591067784
0.005348501771140241
0.0
0.006089718099774874
0.15341218751654767
0.038824782023707594
0.06626476671122256
0.010742543866586607
0.003079053668100425
0.012370486023560114
0.004227507115070812
0.04760010603288989
0.003165585153554816
0.07639895205574097
0.1747330521128704
0.08326145740595085
0.005739289764733552
0.004575153953193547
0.004727080673473953
0.008158522408613665
0.02374877539060862
0.028065808601525858
0.04460392317544683
0.014154417533218383
0.005684068182606728
0.006587817943594341
0.0
0.007500783562529408
0.0028209427231570376
0.0020019132895268596
0.014303429141317799
0.13883485451923458
0.038831070958225196
0.008266205861342387
0.004310015712528372
0.0
0.00389909166508855
0.09410156502898862
0.21522093201116563
0.10255420051806442
0.007069156506521732
0.005635275558884121
0.005822405640690436
0.01004895625288788
0.0070188400619936074
0.004983324968785919
0.03162300463527055
0.12759980813005978
0.03067196570932884
0.001953106597487778
0.007698959494081445
0.0043852564010044524
