0.020767202800389285
0.0832988326966108
0.05776131543756294
0.026929058245705118
0.037536705063938844
0.005821813849969173
0.019201223059460086
0.0008687595365171216
0.030631243984558854
0.11629442333753533
0.05166564293527069
0.02624406237408199
0.024944034537716292
0.030528199859035123
0.014079142320127126
0.013058762736990488
0.03191179149778732
0.054586263899093164
0.03571547650405826
0.015356178938345545
0.004755776556175359
0.008487312187724097
0.012165690875455467
0.023362549951378726
0.07291127109043756
0.0725200956562965
0.05735169172909253
0.030304650370991736
0.007680481507531265
0.002355755091172826
0.0019426054168861877
0.008961716249521997
0.02918329835658713
0.11079716041494685
0.049223396650980564
0.02500349978400485
0.023764924548873894
0.029085125149499343
0.013413618171702198
0.012441472155475839
0.09509088695039629
0.01970055071231289
0.019197491901497575
0.0023496606529538086
0.026876074833694807
0.017426676980127846
0.00918290584056735
0.06210943108885501
0.06946473929896091
0.06909205481347083
0.05464066466999618
0.028872142894834103
0.0073174234604877425
0.0022443980308276667
0.0018507780323479541
0.008538093954940696
0.030944819751894323
0.04450948682181533
0.05964647514719357
0.01838293762187816
0.012908444271979107
0.01636035820013528
0.009014471401626898
0.021366280481453066
0.09258320140863466
0.019181018423043365
0.018691226007641896
0.0022876966705321056
0.02616731349555609
0.01696711006151436
0.008940739204559825
0.06047151469808868
0.08549495478802034
0.03852766449492015
0.03769633215661773
0.0036808505210279958
0.011331246525660255
0.00887670373095844
0.03168134291834425
0.05381081144540616
0.03012875966903144
0.04333570666102537
0.05807351050104733
0.017898152713798195
0.012568029747458333
0.01592891166480196
0.008776746627724267
0.02080282046585227
0.04248182777588521
0.13830111477217763
0.06038651779532737
0.022446676968167135
0.004136190858510214
0.003603940626212301
0.0
0.004741116425016516
0.0735944162275302
0.0331647754436978
0.0324491610746379
0.0031684915909659405
0.009753984609429205
0.007641103860741071
0.027271433070649984
0.04632057253990468
0.06250179919631378
0.038550920410989016
0.03007449797635819
0.02088629017716055
0.018419398516415917
0.02765542715449723
0.03254305961190856
0.015540324726678803
0.03656853580654596
0.11905018056926614
0.0519809681890515
0.019322193827882826
0.0035604504662579126
0.0031022872304265875
0.0
0.00408117293506934
0.016434569921173384
0.012808713178031358
0.00399373447904661
0.010521043444487767
0.02640468662347536
0.11560449241467737
0.06258991636039073
0.034441183012548636
0.04764418347919026
0.029386788044033576
0.02292533843913174
0.015921305533536316
0.014040831044495791
0.021081317057860902
0.02480708592490313
0.011846156304693219
0.019420278438039368
0.03873843533664224
0.02971050690524747
0.05088394743905834
0.04975626215977494
0.004490503306692047
0.03934423305224551
0.007758078967236324
0.01252782599532185
0.009763889818110067
0.003044363854058255
0.008020033514351545
0.020127896322600203
0.08812356953635328
0.047711353870873885
0.02625399690553253
0.03573614740027981
0.033262580701055124
0.01206307553471791
0.03336898796353635
0.03577364258454325
0.08399792509667774
0.06254764642368925
0.059921648884556006
0.014287167851027061
0.028499206626032395
0.021857513549492842
0.03743445287379001
0.03660483403389243
0.003303586747378193
0.028944881680291128
0.005707486468850975
0.01562727828150819
0.010964990314160355
0.015401293579762401
0.056236704854370656
0.007304468470898167
0.010358590520730357
0.04237024773562209
0.06220875806785484
0.026290474561722503
0.024470713700142296
0.00887459906993654
0.02454899570956291
0.026318059129723737
0.061795841847641
0.04601523742273181
0.04408333579023553
0.021953405915687518
0.03182252512167473
0.04050849671170765
0.04889284631142063
0.025349607562190724
0.04517466825797945
0.07379135116688056
0.05299825929467867
0.01665152825529042
0.011683662551224865
0.01641073196443303
0.05992259579680347
0.007783221168907235
0.01103751783476133
0.0451472972224614
0.0662860719591306
0.0
0.01430960035494277
0.037140763407838125
0.1242875500394956
0.08124507076497095
0.01330485299112588
0.0
0.0
0.023392285740345218
0.03390825111531295
0.04316352249083006
0.052097402834348175
0.027011082734850016
0.04813552631306432
0.07862781648966602
0.056471894608213224
0.006308780518317232
0.011793910609957261
0.020450880664890956
0.02664913124154215
0.029472470704904333
0.022136448564665547
0.0018537912241591216
0.013316211147537789
0.0
0.01936495923618237
0.050262016517117154
0.16819640523702345
0.10994768857824658
0.018005250281329897
0.0
0.0
0.01745901332862146
0.023764292752594472
0.05862543451887149
0.09323007008197809
0.04130282368928376
0.011855797592087202
0.007553017464016136
0.00520125093726737
0.00853757439319648
0.01596051549532702
0.027675858206819042
0.03606385415186542
0.03988463546383466
0.029956910986722693
0.002508706784102048
0.018020621097457466
0.0
0.005637416529023394
0.008501755865906234
0.10461381608452683
0.07555722719350527
0.0023129133843215028
0.0
0.0
0.01910420160774659
0.026003636704189575
0.06414979468250973
0.1020152755041791
0.04519484898013946
0.012972986683535243
0.008264749311053332
0.0056913723958925775
0.011086886257811386
0.005490211763529407
0.08249311011124438
0.05822206995858684
0.09883687708718836
0.05533228808381381
0.00783170977985233
0.011802271466034815
0.0
0.006168638507237433
0.009302888715701512
0.1144717284886985
0.08267709486541824
0.002530862584479301
0.0
0.0
0.0
0.0032206429902942126
0.021942639850878996
0.030870473241800835
0.06287076534677831
0.0514517844723405
0.0
0.0
0.010078870702737984
0.0049910437618386335
0.07499286736996706
0.05292854111720656
0.08985066516059184
0.050301497130493665
0.00711965365360232
0.010729213355189672
0.013652219832626447
0.013132600348734534
0.011654365634815577
0.005182961650436634
0.009207891272186255
0.07633375612577202
0.04631848499623123
0.03397237859521326
0.0
0.002927823333263155
0.019947623236229804
0.02806374135183597
0.05715457885805422
0.04677380745712021
0.0
0.0
0.0019705608756347254
0.0015131323955464122
0.0
0.0
0.01159105882933408
0.16304647875130238
0.1382877282880763
0.018276282682452773
0.013662911710484017
0.013142885281192578
0.011663492872393242
0.005187020740722779
0.009215102527939162
0.0763935377002641
0.04635475979917162
0.03399898441660525
0.015956469470740454
0.005867995700189234
0.01943768844832707
0.011139272031557974
0.016124191164370517
0.015845526820393783
0.04798482448153163
0.039163469624697377
0.0019721041408656908
0.00151431742090887
0.0
0.0
0.011600136487529047
0.16317417029577558
0.13839602975979182
0.01829059594319182
0.022090056983929525
0.020444880433026284
0.040117976741658075
0.04353957493372293
0.021037318587994576
0.028985299618814738
0.05905755841027925
0.04864167408275516
0.022837970472990063
0.008398669441400908
0.027820524813467647
0.0159432740565711
0.023078025022264085
0.02267918190278294
0.06867910264675714
0.05605338728274313
0.023192181345350373
0.0011324417732608532
0.005506498496856666
0.007272602594181498
0.0020239317895428227
0.032867546476326615
0.059486809082134974
0.02039458529976953
0.03161677274980802
0.029262085607938648
0.05741954195708261
0.06231676302619843
0.03011002287345022
0.04148570697666637
0.08452714290301307
0.06961922989893193
0.020426447728099855
0.002367213847506812
0.010254921005149251
0.013840228070462292
0.04205493266791809
0.03922589571339021
0.037859329872775106
0.030246784467603708
0.028689624119041437
0.001400874213932799
0.006811751328365521
0.00899649031228635
0.002503681797753951
0.04065842449571834
0.07358748050449283
0.02522888975389203
0.03566893196732513
0.008043445710532737
0.025262607436659982
0.020872892272600606
0.03643802226676284
0.07557826734153292
0.05088722302068733
0.03410990857491277
0.025268304808418594
0.0029283349626781003
0.01268573337829555
0.01712089670008445
0.052023576076256274
0.04852394809233855
0.046833453364078355
0.03741644066435276
0.03665487001742883
0.01662656828286284
0.012486415931902237
0.0015166866967403203
0.01607354632485247
0.03220133294615829
0.08189926894861768
0.08500180073263541
0.03945782652557456
0.008897852220661208
0.02794610118218719
0.02309009316942111
0.04030861262832399
0.08360648882331362
0.05629266444416838
0.03773319752284827
0.015518540099209666
0.019267896731075488
0.0047286896414187665
0.0032325662095995873
0.007761679051790572
0.009600183879956058
0.048780888630462566
0.046707804874272674
0.04054849480186588
0.01839270790675205
0.013812772252852967
0.001677795136351377
0.01778094177638414
0.03562188546732273
0.0905989321380926
0.0940310270781933
0.021269551371416503
0.016639876223112346
0.010216817601381899
0.012769128346890127
0.024357425653892775
0.03293190487667684
0.0630379069952743
0.03338140717739962
0.03162088111144651
0.0392606435854102
0.009635270586557722
0.0065867401923866255
0.015815349185737775
0.01956152261587905
0.09939689365323265
0.09517273760701474
0.024668623769875445
0.009669567074151286
0.009582742781058945
0.006706716553976517
0.02281418026048377
0.017004721270043262
0.012449302290898502
0.01301580830157218
0.04333925426681198
0.0339057375498239
0.020817987558448513
0.026018625899892327
0.04963116735586912
0.06710269408215129
0.12844727338195344
0.06801860876997688
0.018824151741146124
0.011903864932681592
0.02941851151468676
0.01078708304233372
0.0203058466098764
0.015385452791857563
0.008532962504749823
0.014598385260128246
0.03658155530496794
0.06257406237611914
0.040941846811298
0.017603302188315625
0.005451705935088657
0.009729290196925651
0.013945938873863473
0.026781273410196836
0.08358063181552465
0.0831322143150854
0.06574416491053917
0.03473923560891335
0.008804393167836403
0.002700480954153697
0.002226873646328497
0.010273115460535958
0.07369425470417844
0.042264156559054966
0.031599107920229845
0.011652207141262295
0.00974934898186615
0.009021632480789611
0.02331348265925332
0.08578965226793017
0.016387960955895467
0.09589805626441843
0.051413549771119255
0.02912286059398036
0.0021872229937313116
0.007382157592969212
0.0035267319747952068
0.0021872229937313116
0.06519946178754017
0.06484966089408338
0.05128561575484819
0.02709933408508875
0.006868118647102691
0.0021065873869790482
0.001737136463982875
0.008013837468787718
0.029044744330684217
0.0417765130123418
0.05598405919849301
0.017254187536241257
0.012115839309859513
0.015355798640651426
0.008460964362879833
0.020054347023414264
0.012783897547914216
0.0748080209385299
0.04010660963968979
0.022718120157694126
0.0017062058386369556
0.005758663118923616
0.002751128121800652
0.0017062058386369556
0.023643043481261124
0.20602622864586373
0.07813485548382014
0.01748347807159127
0.02185463509392202
0.027792406646330495
0.019688381193216007
0.015831673102992175
0.020170934392652533
0.02901286695904926
0.03887969445591522
0.011982652724691645
0.008414183201224263
0.010664263503264455
0.005875953154179473
0.013927301734566395
0.02844120270334686
0.09259135600486483
0.040428232095538176
0.015027848920158331
0.0027691426848963537
0.002412805927788144
0.0
0.0031741349264780344
0.016419572280391107
0.1430806721473196
0.05426293396834991
0.012141889944780214
0.01517756209646339
0.019301213489588548
0.013673146536406049
0.010994747822552242
0.09171925708583728
0.13402229620183193
0.07207435340157643
0.03507962893946317
0.016943545435927677
0.0039797317605398735
0.01272816172759376
0.024628546281213717
0.02536433863923432
0.08257451463179256
0.03605457125538937
0.013402086156690302
0.002469567603475656
0.002151780543934899
0.0
0.0028307464350773
0.011399198455088199
0.008884264338586247
0.0027700981602766634
0.007297511450166259
0.01831458105743471
0.08018454742991889
0.04341305439093141
0.0238887833433504
0.08179676227933942
0.11952331768554234
0.06427710972526166
0.031284597808324155
0.015110536240984978
0.0035491911196769074
0.011351186786332316
0.021964148091221502
0.0033680694007856018
0.0076059480934293116
0.008411438522878517
0.0792718289221781
0.16745427313350744
0.015367119017730104
0.008664679909703366
0.0
0.01003853739119882
0.00782379744572157
0.002439446428517609
0.006426446722883088
0.01612846793338659
0.07061334888965823
0.03823107137633751
0.02103730764643619
0.028635347587766775
0.026653280482982298
0.009666133202467937
0.026738544541048858
0.02866539245024802
0.06730747315463925
0.05011938125498819
0.04801517143473455
0.0029660410553557
0.006698066941480997
0.007407410306818178
0.06980957668552527
0.14746615639596988
0.013532828598630847
0.007630423630137026
0.0
0.008689733191655813
0.025703947506162284
0.04473471779316787
0.1304709255420687
0.06714031959717313
0.0
0.0
0.00921057327078563
0.02750640038354716
0.025602476179234338
0.009285046364911877
0.025684378705904096
0.027535260728767164
0.06465387925611508
0.04814342705462052
0.04612217560553335
0.022968743735749055
0.0332943064666735
0.04238200139263028
0.051154124410185596
0.026522018594012348
0.0472639818418131
0.07720417694530053
0.05544941139681616
0.00834714087766116
0.024690570609459745
0.04297105369133152
0.12532711556486456
0.06449331571962909
0.0
0.0
0.00884744686167036
0.009769366941110674
0.029084612395323815
0.013666031706497918
0.013725350561148701
0.023753196839425242
0.0018962655182339513
0.0002792099775106112
0.0023773873183044695
0.0381006658173741
0.055228760392915556
0.07030347372541787
0.08485471481400111
0.043994855743018806
0.07840172706313803
0.12806667092201698
0.09197975813156894
0.010275555835443454
0.019209574122760902
0.03330979189178238
0.04340531981473466
0.04800389194986536
0.03605519522579865
0.003019400528484874
0.021689052387509077
0.016205474245908784
0.04824569902694987
0.022669281049468568
0.02276767945922579
0.03940192050924694
0.0031455346292532144
0.00046315489294484075
0.00394362185304027
0.012677922114149504
0.005732590632822007
0.00980176815459845
0.002228627252923136
0.002456249783594622
0.0007323122088635216
0.0009638896748564614
0.0026656565463416475
0.02042592012553966
0.038185109687568976
0.06621375616811416
0.08628181382666895
0.0954229317017448
0.07167111439875885
0.0060020143931398965
0.043113857659923524
0.0
0.013487369413494122
0.020340225249717778
0.2502857782502329
0.18076866056846952
0.005533583881048284
0.0
0.0
0.025201383614520054
0.011395338632149608
0.019484117124282635
0.004430102175182652
0.0048825740126896625
0.0014557023410459887
0.0019160358645066715
0.00529883624493454
0.003580554275972419
0.0007278511705229943
0.00943077484992839
0.0
0.008137623354482771
0.002183553433962559
0.004143000935081906
0.0
0.0
0.015090882865403462
0.022758474783993624
0.2800422563255134
0.20226024799508543
0.006191471710653663
0.0
0.0
0.0
0.007878942178373621
0.053680209556588886
0.07552115351629198
0.15380628227660545
0.12587102515037835
0.0
0.0
0.004006246401011194
0.0008143854017092386
0.010551999743394904
0.0
0.009105105456843622
0.0024431561182946637
0.004635562347689922
0.0
0.004370450619284938
0.0016287708034184772
0.005749270571550572
0.0
0.006978982195866638
0.003440699258556657
0.0031739585420919587
0.0
0.0
0.005000090497928926
0.03406623626042884
0.04792681473484177
0.09760768807822069
0.07987957045128284
0.0
0.0
0.0033652927749811407
0.002584103633277531
0.0
0.0
0.019795027403137155
0.278448204119112
0.23616560068286044
0.03121194723048596
0.002773551083181709
0.0010336414753532158
0.0036485701384809982
0.0
0.004428962895368157
0.0021835174417400623
0.0020142399306717932
0.0
0.0
0.0
0.0
0.0
0.04347902603421388
0.10225393772665321
0.002133681562330765
0.0
0.0020685538099270598
0.0015883781213931827
0.0
0.0
0.012167464197108197
0.17115452711277537
0.1451645624113585
0.01918513385784864
0.023170415085460375
0.021444777908470478
0.04208002605739355
0.04566896430338718
0.0220661904278255
0.030402883253445777
0.061945885576279475
0.0510205917426579
0.0
0.0
0.0
0.0
0.026725373085999916
0.0628527104794614
0.0013115159423105942
0.0
0.0007103442954002469
0.0
0.0
0.009740702372814786
0.1300536523961606
0.07905766950494734
0.039833731311493
0.0005857648979412701
0.022144895859087483
0.020495635134406266
0.040217570179544006
0.04364766253693546
0.021089544025373236
0.029057256030170696
0.059204169624326876
0.048762427718403945
0.014307012334540438
0.0016580346306707238
0.007182711515158605
0.009693918215870649
0.029455950854365334
0.02747444789594241
0.02651728321425643
0.021185334044298242
0.00067890455944427
0.0
0.0
0.009309580292141921
0.1242974965180567
0.07555858846688546
0.038070696114780374
0.000559839028130242
0.005071859710291145
0.002125307506789602
0.0003840464076365327
0.0
0.012162063020557213
0.012105850560063552
0.24239122085227952
0.05519051935002541
0.018815363479517566
0.0021805058602194466
0.009446090124627446
0.012748615190047746
0.038737956534898886
0.036132052693713425
0.03487327126719578
0.027861146070038197
0.027294062973413878
0.012380526831180851
0.009297673749641737
0.0011293599511357144
0.011968733905972317
0.02397785638968043
0.06098408760138147
0.06329430443886401
0.006670077702796212
0.002795023329186086
0.0005050651095923894
0.0
0.015994508919246957
0.015920583081235846
0.3187722787915072
0.07258186810163476
0.02651528792711493
0.009792897711095974
0.012851386314316699
0.004923159320875113
0.013362732465237488
0.017584487309620114
0.046150937616785244
0.0444578706718452
0.042788339503810016
0.019408696528787135
0.014575771345689577
0.0017704742990543867
0.018763137254367172
0.0375895908489186
0.09560349615811055
0.09922517543927538
0.022444452984529
0.017559040763780558
0.01078118096152645
0.013474477944106507
0.025702897318635298
0.03475101932280811
0.06652003679306188
0.03522535153033027
0.041567469928232605
0.015352123734623604
0.02014685322764981
0.0077179353128239295
0.020948480040443397
0.02756683802398197
0.07234987290421606
0.06969568677907458
0.014570397807542658
0.006785634987319235
0.01665859830066399
0.009191476511616569
0.010393096604158132
0.016020530157027143
0.05125683059169374
0.04359467777334132
0.041872287061358496
0.0327580803991933
0.020113330647561864
0.025137935367214356
0.04795122855417203
0.06483137092993281
0.12409953042077525
0.06571628331204817
0.0181869831109538
0.011500937384208198
0.028422740074790318
0.010421956845925564
0.019618524883658596
0.014864678840654824
0.008244134827125988
0.014104252336258742
0.0271824793420519
0.012659255107641966
0.031078218327088323
0.01714758400560857
0.019389321930265428
0.029887840798463034
0.09562455034525588
0.08133006686912932
0.06478951836585244
0.01387391879784484
0.005169996957208951
0.0
0.00417798878838048
0.009604905463918255
0.022566893387927525
0.01767253803932469
0.07314754939653043
0.04195061734481292
0.03136468801753487
0.011565764534365548
0.009677022843880298
0.008954704951897489
0.023140530171155884
0.08515321651829913
0.0162663858714865
0.09518663070535226
0.051032135227234834
0.028906810882581086
0.0021709969470132505
0.007327392608179407
0.003500568699285981
0.0021709969470132505
0.021009240688476826
0.010917771128448363
0.021154503958395462
0.027495946152073895
0.027701250305368623
0.005658369913080771
0.0274065917821179
0.008807639998197425
0.19929587261272486
0.07283380399992008
0.052892186246701174
0.008386932202268714
0.013652419816400477
0.0034074378812312704
0.005281566041400515
0.0025821487310580932
0.00977049377504773
0.05717437113087628
0.030652731559695057
0.017363034297607646
0.0013040212081543451
0.004401238506891834
0.002102635764066935
0.0013040212081543451
0.018069935893262428
0.15746199286534518
0.05971700854591685
0.013362295264368485
0.01670308881472097
0.02124121654712978
0.015047461477854972
0.012099851623624227
0.1197081575550616
0.0437480233296122
0.03176998139321977
0.005037656767853703
0.008200400745705983
0.00204669622806566
0.003172401573263025
0.0015509817793806563
0.05719984712102267
0.10835142083187115
0.12074326413003511
0.007410128675655871
0.034828005515939925
0.018457451544138123
0.0
0.0
0.014081046929551136
0.12270268828038784
0.04653464211464037
0.010412605103610091
0.01301592760803553
0.01655227604611562
0.011725775480990611
0.009428842446330191
0.07865632193791088
0.1149344337475791
0.061809305098444206
0.030083481648162345
0.01453039423695613
0.0034129262766552588
0.010915378278592729
0.02112087392230974
0.044573137194946294
0.08443314080521983
0.09408951856194174
0.005774363022219028
0.0271398184824481
0.014383019559567535
0.0
0.0
0.01809693882505246
0.05186952016430305
0.03912107719334079
0.019147287118038717
0.014935462704477655
0.002988691130385475
0.0014478172105894585
0.0020831452343023087
0.09838901947840958
0.14376830701106244
0.07731555167400586
0.03763059584957295
0.01817566860979539
0.004269135164714122
0.013653745046894235
0.026419517523124603
0.004051273383497131
0.009148794576496437
0.010117676612219361
0.09535191005822194
0.20142193018362387
0.018484298525155464
0.010422287345538607
0.0
0.022636960675114996
0.06488214938158243
0.04893547436695977
0.023950812328886892
0.018682357561924687
0.0037384711438015737
0.0018110345389186699
0.0026057488067636144
0.010668162118769581
0.0015693652887024383
0.008685785983410648
0.011744844549752788
0.0015440512957660987
0.0003138730644337698
0.0046271146490640515
0.0049839035323924275
0.005069904131109078
0.01144911908611029
0.012661611695342396
0.11932668989521995
0.2520663947522617
0.023131892761194966
0.013042812140004145
0.0
0.014853507886231224
0.043936192121142074
0.07646580957942326
0.2230161592675703
0.11476408361747044
0.0
0.0
0.015743788640794402
0.013350508365496382
0.0019639581946808695
0.010869694061774283
0.014697906131090342
0.0019322793852760028
0.00039279164731237945
0.005790531878190585
0.00623702987086835
0.001580955860680366
0.0
0.003806975372802912
0.004182150980333847
0.006894058764420172
0.0007855832946247589
0.001987385771518696
0.0
0.02150151908891028
0.06360079254156999
0.11068974931134011
0.32283190222507085
0.16612925064723144
0.0
0.0
0.022790264399805766
0.025165051464869637
0.07491946736938698
0.03520252574067627
0.03535532602334785
0.06118619809477205
0.004884617360067125
0.0007192209583194143
0.0061239458582828775
0.0022885471147629684
0.0
0.00551087017802785
0.00605396380606555
0.009979645027869613
0.001137188220767767
0.002876883590774479
0.0
0.0020342641020115277
0.0
0.004164698659477777
0.001048435695035883
0.011229716901893047
0.001137188220767767
0.0014384419166388286
0.0
0.07402649789427863
0.2203860302532122
0.10355312411156084
0.10400260738876467
0.17998770917455076
0.014368781133793683
0.002115688451139394
0.01801443823056383
0.05791266336582836
0.02618643564328233
0.044774411328306
0.010180354375454117
0.01122013257211486
0.0033451972688226593
0.004403041583561959
0.01217670126281232
0.005984070705127925
0.0
0.012251040176751483
0.0030841193740138613
0.03303377367424896
0.0033451972688226593
0.004231376902278788
0.0
0.0037400441907049532
0.0016725986344113296
0.008019663631151103
0.0
0.027676327011216653
0.005017795724894785
0.005289221217018088
0.0
0.16114627300083234
0.07286569571899609
0.12458811410183113
0.02832758968568086
0.031220849491070377
0.009308259040308851
0.012251789156658893
0.03388257268624529
0.022895289626784943
0.0046541295201544255
0.06030360244587255
0.0
0.052034749151783966
0.013962388064221239
0.026491766084729994
0.0
0.010406949830356792
0.0046541295201544255
0.022315307737044484
0.0
0.07701142874464026
0.013962388064221239
0.014717649589266132
0.0
0.02913945952499902
0.0
0.04681888406539412
0.027824324830088322
0.08155256742637557
0.0
0.017661178713132098
0.0
0.0349705637398182
0.007108778080165521
0.09210850823249345
0.0
0.07947855395413228
0.02132633348253001
0.04046386874977907
0.0
0.03814970589798349
0.014217556160331043
0.050185438651282936
0.0
0.06091960336189236
0.030033897241200824
0.027705514936812586
0.0
0.04450799021431408
0.0
0.07151177364974605
0.04249923634290567
0.12456445425322056
0.0
0.026975914521096867
0.0
0.025433137265322328
0.0
0.022479929778202797
0.0
0.0835649699524983
0.014217556160331043
0.04757264607197804
0.0
0.01484035995604272
0.005530675693248738
0.01952229923157297
0.0
0.0236979242956004
0.011683283932361272
0.010777535625813304
0.0
0.0
0.0
0.0
0.0
0.23264197324452648
0.5471272016542457
0.011416628526717367
0.0
0.00989357330402848
0.0
0.008744765964571355
0.0
0.032507045719493206
0.005530675693248738
0.018505914400951992
0.0
0.00494678665201424
0.0
0.0
0.0
0.026323562404475406
0.011061351386497475
0.005246859342861643
0.0
0.0
0.0
0.0
0.0
0.07236124922867337
0.17017912652020106
0.003551042362010288
0.0
0.0019233183548913774
0.0
0.0
0.02637379054703697
0.35213146412791146
0.21405544865835305
0.10785325802051797
0.00158600890745061
0.001538654683913102
0.0
0.0
0.0
0.00818771364931069
0.003440536517642813
0.0016319896675632995
0.0
0.006923946077608959
0.002580402296521144
0.003036120322258114
0.0
0.00846260076152206
0.004827460911187525
0.007769367108476644
0.00158600890745061
0.0007270966984645086
0.0
0.0
0.009970422204923043
0.13312077240969183
0.08092212587271731
0.04077315002267957
0.0005995792830707783
0.005431886410435235
0.00227617276966514
0.00041130799781084683
0.0
0.013025388835218659
0.012965186125030701
0.25959739696363215
0.05910822640341856
0.0026175481144722307
0.0009755025660412424
0.0011477834945216596
0.0
0.0031992254732438378
0.0018249869459022307
0.0029371534667494785
0.0005995792830707783
0.0
0.0
0.00020565399890542342
0.002082088148761362
0.00014541933969290172
0.014225336921910822
0.19248555513168297
0.15862526898153181
0.005450622368944103
0.0022840238687767737
0.0004127267037628979
0.0
0.013070316715947113
0.013009906351291633
0.2604928144468065
0.059312105717849686
0.021667636860353043
0.008002513568695684
0.010501834736856418
0.004023083915347517
0.010919694152094398
0.014369607693782732
0.037713403670895596
0.03632987127841066
0.0
0.0
0.00020636335188144896
0.002089269800625815
0.00014592092800108856
0.01427440372894706
0.19314948679409322
0.15917240790041395
0.03375144874782063
0.005774482953963731
0.006438829415280333
0.0058256597052094745
0.01641939639371453
0.0202530214576921
0.014143325160962684
0.030795634832791255
0.0484100898963094
0.017879310224450645
0.023463323063977196
0.008988421545809328
0.02439690949917834
0.03210474703420828
0.0842597314035894
0.08116862701014241
0.016968900654909795
0.007902650806190974
0.019400849815348377
0.010704529406658876
0.01210395392784291
0.01865774622384373
0.0596944625455413
0.05077100611732678
0.07540788497348178
0.012901417939931993
0.014385708641401119
0.013015757641320505
0.036684409129879955
0.04524953947482683
0.03159918392982437
0.06880397065344998
0.04580532658344046
0.016538171117842452
0.017697881232546748
0.006369323796709408
0.0056477952355479056
0.009532741478536468
0.04563442766888931
0.03785078402367169
0.02921858168790446
0.013607496020366231
0.03340613081970666
0.018432022984856144
0.02084167818408329
0.03212658811788341
0.10278730282375641
0.08742209173031991
0.06964257421375257
0.014913144037566016
0.0055572553378798704
0.0
0.00449094084348632
0.010324360459199777
0.024257265483407443
0.01899629867595547
0.07887173740581437
0.02847691277132948
0.030473806112264454
0.01096727545499658
0.009724882583873629
0.016414332976821447
0.07857746826035018
0.06517488948978466
0.048476768682138315
0.00453455195656387
0.008017547739331886
0.003550400518678806
0.00449094084348632
0.004830877426960615
0.05230716292208799
0.0690859948848585
0.016043135639596088
0.008337059187095349
0.016154061987545168
0.020996531964084655
0.021153306900766982
0.004320860394747839
0.020928298928038717
0.006725714900934744
0.15218687643915108
0.055617554867623785
0.04038968046551168
0.006404452827031152
0.010425299332372108
0.002601997326922645
0.0040331243593276275
0.001971787698005533
0.03878847315216849
0.04101597009247054
0.01888563081336667
0.006951793488842419
0.011076577662354028
0.0034075655861099683
0.010790879846373542
0.01366796364244712
0.08197490775310083
0.01849929726565926
0.012816344788368267
0.0016878763357947302
0.0044646762086192875
0.0
0.03622196622957781
0.3114600995788474
0.1127277836056178
0.04119700618402443
0.029917423012730617
0.004743902952017129
0.007722222274752604
0.0019273501005785416
0.0029874137683258885
0.0014605415535015557
0.053864432635405
0.1020332763477567
0.11370253146220138
0.006978032231887761
0.03279712886241923
0.017381168051323014
0.0
0.0
0.060720410842894215
0.013702789805617926
0.009493316215710779
0.001250242877614926
0.0033070726286679323
0.0
0.026830315901321747
0.23070456223698504
0.07939213196236006
0.001887567559122172
0.002763451309349906
0.000691467231243321
0.0004068236417940024
0.0009096852989301628
0.010359013493691215
0.02814076237406769
0.07627190467442753
0.1444788693847737
0.16100250604377156
0.009880876548132312
0.04644065413482372
0.024611691386670936
0.0
0.0
0.03096681274478129
0.08875720549301097
0.06694254114089411
0.032764129916494265
0.025557011674590964
0.005114137782159819
0.0024774512906530406
0.0035646011192523403
0.11241906439301284
0.0026727910402471774
0.003913040285151296
0.000979115905738053
0.0005760612802931511
0.0012881121550721369
0.014668337733359736
0.039847250592774566
0.0056973511904701195
0.005234783794961999
0.011563440301659449
0.026289347391558693
0.028597958211520957
0.0018188435094950268
0.007350593709626255
0.018253269384475652
0.054913524916384585
0.15739336997704148
0.11870937223031126
0.058100711860838185
0.045320311423315475
0.009068913059959167
0.00439327044406054
0.006321115898891591
0.025879197951034456
0.0038070207887407853
0.02107028111520018
0.028491051562894363
0.003745613226047486
0.0007614041739849531
0.011224615319125924
0.012090126176158955
0.010103126825927526
0.009282854930072727
0.02050547702011451
0.04661896414461121
0.05071282936829644
0.0032253596519871666
0.013034825835984885
0.032368567324346474
0.009414417142231969
0.0
0.0007614041739849531
0.09260441786687923
0.12439747780017826
0.01590779700417044
0.0049566021864796235
0.004815542747569837
0.04108312465635455
0.006043630483800177
0.033448988150175676
0.04522943196167432
0.005946146220271412
0.0012087261225358851
0.017819032539099392
0.019193027610283388
0.0048650287256766095
0.0
0.011715092753227808
0.012869609557400746
0.021214883197923595
0.0024174522450717702
0.006115723473316009
0.0
0.014945350074335548
0.0
0.0012087261225358851
0.1470091480482714
0.19748050527186206
0.025253564989412433
0.007868586417724055
0.007644655114920501
0.0
0.0
0.03315995220622433
0.1314660797333992
0.2000819937328622
0.0024174522450717702
0.002293396431372752
0.0
0.005910232489027585
0.0
0.014231965668911674
0.015634519098686586
0.02577269302965018
0.0029368181782952934
0.007429626751252932
0.0
0.005253539990246743
0.0
0.010755442684781505
0.002707612470586642
0.02900103618055713
0.0029368181782952934
0.003714813688761851
0.0
0.0
0.0
0.040284043099164314
0.15971027910783106
0.24306765006097966
0.0029368181782952934
0.002786110188287542
0.0
0.0
0.0
0.004254519120867497
0.035516188616362444
0.37796709535359757
0.004405227110875248
0.002786110188287542
0.0
0.005894410252757913
0.0
0.01206748054679767
0.003037909435685385
0.03253882245507574
0.0032950755514885794
0.004167977389488735
0.0
0.0036840064079736953
0.0016475377757442897
0.007899503508643164
0.0
0.027261647419005344
0.004942613151565754
0.005209971824694477
0.0
0.0
0.0
0.00477352055436017
0.03984874707489155
0.4240746479884958
0.004942613151565754
0.0031259829542829944
0.0
0.016765531698035508
0.010626299106285786
0.061262233879080884
0.11611992020449502
0.20308107809345669
0.0016475377757442897
0.0020839886947443677
0.0
0.0030316510402659314
0.0013557955819245846
0.006500677625784797
0.0
0.02243421769796789
0.0040673866012133665
0.0042874020164310155
0.0
0.008488622912744607
0.0
0.013638820297462304
0.008105510710715365
0.023757097891770333
0.0
0.005144882188420599
0.0
0.013796729968479391
0.008744618540842197
0.050414058636419304
0.0955576722455223
0.1671199486319544
0.0013557955819245846
0.0017149607776603287
0.0
0.00883469585250116
0.00760286904208848
0.09636392599889136
0.32354773922066427
0.10628815151254851
0.0040673866012133665
0.013778606721923296
0.0
0.004475654447700634
0.0
0.0071911130171748985
0.004273657274707334
0.012526008274454293
0.0
0.002712656114683654
0.0
0.0025575168272575052
0.0
0.0022605468638629664
0.0
0.008403163738442302
0.001429695390827924
0.004783831486339738
0.0
0.004658122547411456
0.0040086377959398165
0.05080819803496069
0.17059161338317053
0.056040778692242166
0.002144543010021945
0.007264815870841268
0.0
0.0
0.0
0.04184181588402768
0.538697157464374
0.06904097865882305
0.00428908602004389
0.0
0.0
0.001667003489979638
0.0
0.001473436839656294
0.0
0.005477228196334071
0.0009318832942630673
0.0031181275908766046
0.0
0.000833501744989819
0.0
0.0
0.0
0.004435351015096798
0.0018637665885261345
0.0008840620640493161
0.0
0.0
0.0
0.027272724997299394
0.3511257607239998
0.0450012884174387
0.002795649783428051
0.0
0.0
0.0008591539126683858
0.003915018924943007
0.006727173589140342
0.4773265173498291
0.06148868003439263
0.0
0.0028034047225303387
0.0
0.000759474063458746
0.0
0.0
0.0
0.0040414241224445
0.0016982356579755902
0.000805543854190085
0.0
0.0034176332855643567
0.001273676698213511
0.0014986173716579503
0.0
0.004177107349023103
0.002382816230789125
0.0038349298709253027
0.0007828479269694986
0.0007828479269694986
0.003567305466745814
0.006129697858519994
0.4349326344034401
0.05602754638864643
0.0
0.0025544195785283702
0.0
0.008769757050827255
0.00877729691918263
0.04270918086898495
0.06948805834480672
0.2655107929367136
0.07359789355426716
0.001879602266085956
0.00060041697336939
0.0024012344797712804
0.0008948872357809115
0.0010529309039705977
0.0
0.002934842141942676
0.001674170402218756
0.0026944277118514906
0.0005500301751497648
0.0
0.0
0.0001886587949784893
0.0019100248148588433
0.00013340191554284892
0.013049758021408129
0.17657858867412096
0.14551650956691092
0.006161644989417387
0.006166942512690097
0.030007537127687955
0.048822418231555545
0.18654829745601856
0.05170999486326102
0.0013206114853356872
0.0004218539024605789
0.01512573271444183
0.005749012199722601
0.0003773175899569786
0.01821168403607694
0.04022129227277927
0.026327011335220196
0.027818217827686866
0.1854307958627309
0.0
0.0
0.00018865743186856137
0.0019100110144219858
0.00013340095167855886
0.01304966373343858
0.17657731284689376
0.14551545817145972
0.030855583535322556
0.005279033871718738
0.005886379585578619
0.0053258196714907075
0.015010616605266352
0.018515317671240723
0.012929831671284699
0.028153377658131973
0.015125623427003455
0.005748970661581715
0.00037731486373712275
0.018211552451820205
0.04022100166325419
0.026326821115567157
0.027818016833670644
0.1854294560759544
0.019645012198954905
0.005969701238647685
0.010305265245676813
0.0059372308615886875
0.01450856769285328
0.014979327348541393
0.013926729801804096
0.1361387733463305
0.05423553710523041
0.009279073821488714
0.010346618726677165
0.009361310249674418
0.026384490603956434
0.03254478066908505
0.022727049208762073
0.049485810464975195
0.03294451887103069
0.011894732144122878
0.012728829281039987
0.004581002334611827
0.004062058074802396
0.006856224045476789
0.032821603416968534
0.027223381243219116
0.03453046956086305
0.010493075026929054
0.018113791138363033
0.01043600113176878
0.0255020282001374
0.026329492789957585
0.024479318955533347
0.23929411300333958
0.08701835242074095
0.01906117468423126
0.041146769377211415
0.008111800095528253
0.010968023540075058
0.019835238996008777
0.04426181421963151
0.032941216461876026
0.053073590184925176
0.019162402755007465
0.020506132490216468
0.007379990628946983
0.006543971894487215
0.011045370752876335
0.052875573499302074
0.04385684262704752
0.03262050817122683
0.0030513458956361195
0.005395089001475511
0.0023891004346864256
0.0030219995363556444
0.0032507463031138002
0.035198019214147
0.04648866502294794
0.1401864872583373
0.030707535222914924
0.0662874083518654
0.013068102636966335
0.017669476029787412
0.03195455213097429
0.0713057427832007
0.05306827000675582
0.02867169959012962
0.018895481692481828
0.05632510093942544
0.028430568134509993
0.029716039613161854
0.017111870346179562
0.0226345856234024
0.028107247707582814
0.03161885455708434
0.03343462341979409
0.015394831644030505
0.005666831647955854
0.00902919526433181
0.002777714921601999
0.008796305517542211
0.01114159231807483
0.06682275621954446
0.01507990756316861
0.010447385753677367
0.001375891135556451
0.0036394303826036505
0.0
0.029526737943295737
0.25389015830255807
0.018595512492886414
0.003317890280718561
0.005576843173218748
0.001375891135556451
0.0019400725204451847
0.009226784953849525
0.022408048476708894
0.05999444184629104
0.11684884491156876
0.008291570546049227
0.007831657601249795
0.002760072863046884
0.0
0.0014698075792351551
0.006594571827815394
0.23512558217801482
0.05680033673809586
0.012818145733964979
0.008880433289701638
0.0011695279308414658
0.0030935699597240233
0.0
0.025098166445672285
0.2158104110326396
0.07426662249511307
0.0017657073047718315
0.0025850445138872994
0.0006468265124160576
0.00038055934612672335
0.0008509565496620048
0.009690241659242605
0.02632401126285916
0.09932325623667443
0.007047958296660695
0.006657025452630887
0.0023461029881447788
0.0
0.00124935830492344
0.005605484144246036
0.1998602422141024
0.038579482443586416
0.05378510539051601
0.07862657119367131
0.009823655575316505
0.0016726043505487088
0.0015490163924759782
0.003942781845953536
0.04975063202384258
0.09940221628482683
0.0023633122593689727
0.003459954758172003
0.0008657454281049608
0.000509359940737712
0.0011389634287469934
0.01296991117816965
0.03523339251367095
0.005037662769598048
0.00462865541356934
0.010224525529263132
0.023245340187736736
0.025286640151247576
0.0016082421330871277
0.006499478622164813
0.016139748547610466
0.05163673705864841
0.07198871443604536
0.10523779287313004
0.013148479133671547
0.00223869854083004
0.002073282146145415
0.005277219303209212
0.06658877054852261
0.0025545013219534733
0.013300786067041652
0.15088102191653752
0.20185798074954
0.04908738288666981
0.012455386599971302
0.003059879945100199
0.0
0.0043398405477550845
0.003987489310841083
0.008808213749685677
0.020025371785882744
0.021783908781498704
0.0013854667807262804
0.0055991641667567996
0.013904053999049227
0.004044002411460169
0.0
0.0003270643598187738
0.039778616509947864
0.05343545889280805
0.006833260994703757
0.002129129280330593
0.002068536606085105
0.0022006491746949957
0.011458347517646352
0.12998082776635705
0.17389640589513242
0.04228774818361776
0.010730053653201118
0.0026360222318073108
0.0
0.002689097699503979
0.007860207658530603
0.01921604776342335
0.15127770302663243
0.2155070637036775
0.04043017432820672
0.0013798859976569694
0.0
