0.004823701173844202
0.05389257609731651
0.07025531381385319
0.014346881581619852
0.005477320101948116
0.004835879199680858
0.0026764529719559573
0.0
0.032039590632394685
0.09552700960347568
0.021589058851428373
0.028266549209148565
0.03231574941767505
0.004112612937370526
0.01144617473393088
0.0026960601229800425
0.016449403724533608
0.05458096605062753
0.03396479922710499
0.012799088308918707
0.007170938044664264
0.0024685756892865304
0.0
0.00400709000057155
0.1772651393174269
0.24742947349591193
0.042786312793753375
0.007002930380446653
0.0020743710617484165
0.0013566857428564095
0.004443995778949595
0.0018990980638429328
0.033208312792925965
0.0990115901130651
0.022376572393476162
0.029297640487483373
0.033494545142999516
0.004262630518204807
0.011863701855870214
0.002794405487251507
0.006901467503493726
0.08047459088303593
0.09948288725666629
0.011580789378029468
0.011251568299231338
0.005878532183543988
0.0034352449639199153
0.0
0.18373131733408582
0.25645506661790635
0.04434704783881737
0.007258379334779126
0.002150038802227564
0.0014061741620670458
0.004606101356631804
0.0019683722945190003
0.0059578960863535604
0.008017208342678727
0.014846996163033218
0.004807955699345823
0.007519284875948161
0.0007310351329723437
0.00036551756648617187
0.0005169198984894394
0.017307258208359568
0.20181135721058283
0.24947969633887768
0.0290418975269708
0.028216288449552197
0.014741976881763645
0.008614786865174851
0.0
0.0073787462551136145
0.014474575455474157
0.03546352560140735
0.06790637945664385
0.07763365580415577
0.032625782520593276
0.006421775849773157
0.0022075424523046784
0.014941002894369382
0.020105273961909247
0.037232776374308586
0.012057222713981847
0.018856598951508204
0.0018332642730448127
0.0009166321365224064
0.0012963135958644707
0.007669682272047825
0.007985776062689165
0.018815379797036163
0.011894956011826972
0.0198504076371884
0.00810646394553158
0.019139480039777237
0.005972999744801516
0.010259656467157263
0.020125935565028404
0.049309676360333635
0.09441930933331219
0.10794444087139891
0.04536398312945066
0.008929052694026409
0.0030694411237703104
0.0030694411237703104
0.0025490321803541905
0.033058375576336396
0.0
0.10822038622152876
0.18095438131850589
0.05703901189748113
0.0
0.010664183670623498
0.011103691087094717
0.026161535624416168
0.016539146103407062
0.02760067307497513
0.011271499570392758
0.0266121754806304
0.00830505933411285
0.036778497746926646
0.00538470674607761
0.012951985922845058
0.009299870565548162
0.02079931771120222
0.010970627991900836
0.02081334849902676
0.020430827432794705
0.0019365359136675907
0.0016082055863925022
0.02085680388371494
0.0
0.06827714103587096
0.11416562300056324
0.0359863866305099
0.0
0.0050344797442386955
0.003542778130109133
0.0024123082938520743
0.0
0.0007192113920340994
0.06028083078361684
0.25632869161842264
0.06456265497204543
0.023203859877325244
0.0033972562358644404
0.008171515556583596
0.005867365626652696
0.013122462397340183
0.00692146037181742
0.01313131453798196
0.012889978818343565
0.0010788170880511492
0.0
0.0
0.0
0.0019365359136675907
0.04760051038261817
0.17098836017262647
0.055978451740798595
0.003486895274064129
0.0024537384092312656
0.0016707717215556034
0.0
0.0004981278962948756
0.04175067825361525
0.17753399533172157
0.04471628210654383
0.004107667763706882
0.0014522798495362008
0.0
0.0
0.0
0.023188005209054945
0.09496678824744235
0.07524546580927431
0.0007471918444423133
0.0
0.0
0.0
0.0013412503909962757
0.03296825156286147
0.11842703423093529
0.038770838048914215
0.002053833881853441
0.0
0.0005569239269790253
0.002053833881853441
0.00599885792977966
0.07305711887790284
0.2009236752234603
0.0520301755261269
0.004545635811446428
0.0016071249361064106
0.0
0.0
0.0
0.025660358368215876
0.10509234397429913
0.08326829327670342
0.009095448857231535
0.0056768420152592935
0.0020990568381172073
0.00623519988136713
0.010433576934697401
0.021116972038991346
0.09371545437139471
0.005763213931616705
0.002272817905723214
0.0
0.000616304309977267
0.002272817905723214
0.006638468591427118
0.08084662026142181
0.22234657377425776
0.057577740643262744
0.0019293376363824467
0.0009937608160991826
0.003773181280060337
0.003625210665439627
0.04024008799006272
0.13967664802560703
0.05979863725046134
0.003081918915479809
0.013248155158554533
0.008268716036917851
0.0030574225763351738
0.009082003183083782
0.015197231962850043
0.030758341500539035
0.13650309069458932
0.00839452275269471
0.0024087554833735515
0.009631243857463804
0.03864201155729559
0.016485006100285332
0.06591595620377862
0.04576252557036582
0.011966562700850383
0.012077766318131945
0.0028102147306024766
0.001447481887791193
0.005495901502414469
0.005280371989558901
0.058612492649263756
0.20344877247028934
0.08710088276010235
0.004489029691580098
0.007291414141378584
0.010493322091303266
0.00430418460347692
0.0029247844650769138
0.04069274877628512
0.07593479513242626
0.03129209926098822
0.030981678322516207
0.002664682827463142
0.010654551817833327
0.0427476783451454
0.018236517973394973
0.07291944647948406
0.050624738322509834
0.013237995451517524
0.013361014318051437
0.019094476030904528
0.05424028184382591
0.09857636367880997
0.08753274638804971
0.01961451868563103
0.001986137342722187
0.014526409845054166
0.0028088223596358353
0.008066118036705809
0.011608224816814738
0.004761498989118248
0.0032355392616298956
0.04501630390253391
0.08400277487398612
0.034616846795609856
0.03427344400950685
0.010358756613908142
0.028164827569154467
0.05041128097493938
0.06180783917100343
0.04292252240446999
0.02461080237544385
0.019756731534666762
0.013559538494805672
0.018777916418487754
0.0533410541001545
0.0969421059265096
0.08608157631008952
0.019289337495908127
0.0019532099732357962
0.01428558235845988
0.0027622560272539056
0.0399418825167952
0.0647562960328965
0.05201577972354801
0.010515041905071808
0.011484631370988235
0.004979727866750187
0.015369212850067914
0.011067749935664088
0.010187022968349547
0.027697894258984213
0.049575532691455114
0.06078315194834156
0.042210927227188465
0.02420278981471022
0.019429192655510612
0.013334740378139953
0.021169484131837387
0.008263026126052184
0.048038960282118966
0.05605427052039496
0.04966688013782569
0.008404224140432789
0.014587556410171053
0.042830426455299345
0.0377922505307602
0.06127117724334188
0.049216342720916184
0.009949132914574523
0.01086654004961608
0.004711723916270015
0.014542057256467789
0.010472094754285588
0.08592272027734235
0.01977635758104622
0.01263222416305128
0.010063714813213887
0.037806362522238825
0.04222072650546592
0.035803809136285
0.03877217952617193
0.02003016376558968
0.007818318362102006
0.04545355170617402
0.05303748600069105
0.04699385855087513
0.007951917241215275
0.013802468780808368
0.04052533593671608
0.02054308074273352
0.025787949296855368
0.06486554182895544
0.08826849520403479
0.06302955786520867
0.007454464812374083
0.006183801520669286
0.006434065519684096
0.05728134331925927
0.013184130164266524
0.00842141364744934
0.0067090881366663625
0.025204034791945516
0.02814691995716395
0.023869010159977312
0.025847907509281478
0.028210217415445153
0.017283275874601246
0.011422259127633668
0.0
0.021172153797156014
0.02984973823805583
0.06972677333375368
0.009069011382897169
0.013695274742949277
0.01719182507728808
0.043243339585862274
0.05884518043349241
0.0420193603238397
0.00496960241482877
0.004122500507203112
0.004289341803681458
0.006646177420285332
0.0029960771522317075
0.10369082534150623
0.19840012494202258
0.09509983325279864
0.021152181940985067
0.005364475878732702
0.0028762496934578077
0.024571114873881066
0.015053742786090585
0.009948793978123073
0.0
0.018440957594058605
0.025999138411495874
0.060732057897246575
0.007899113899054826
0.01832800585577058
0.043446238606962555
0.036683117346036485
0.007203695376251956
0.006777568842381456
0.0
0.0017303478869289187
0.005612587216962084
0.005788824185970865
0.002609584846311404
0.09031476586347618
0.17280661787008306
0.08283200703239163
0.018423562096356687
0.004672461438823878
0.002505215063859223
0.0038782366904532846
0.0
0.004093640990085475
0.11004200719104779
0.08431412101150304
0.10959726681557717
0.02352200635756195
0.0021728948314708695
0.027155066055350566
0.06437064067486284
0.05435029225147067
0.010673110065771572
0.010041754190710689
0.0
0.002563711051712533
0.00831569881728487
0.01662228253575466
0.005444388442067592
0.018031058285635962
0.02896273892680358
0.01917795362547486
0.01457486941021165
0.018504811511819815
0.007954243988242045
0.005746057390874579
0.0
0.006065203839819923
0.16303999451175583
0.12492114764058297
0.16238106007183783
0.03485058011332218
0.003219395669351748
0.011917927280658174
0.0038664025664481463
0.05737081981864285
0.010541512776183206
0.0652722013873619
0.017402760667951662
0.016530047934458038
0.010131813428445434
0.019067549424733064
0.006245300275895965
0.020683567031307068
0.033223382816082975
0.021999179585138643
0.016718945923368856
0.02122701303735086
0.009124375070388326
0.03768382775535746
0.012312307927530446
0.007659285734019487
0.10758796233785697
0.04922555985979512
0.029662023253023608
0.06598382040787515
0.03696959936804982
0.013671146966460055
0.004435180419601606
0.06581051309147196
0.012092251195885643
0.07487424926977085
0.01996284195321577
0.0189617463970736
0.0116222818914013
0.04857792877590388
0.03469515397403127
0.03682585386157745
0.037047537877360114
0.05928377822437953
0.04662951582621762
0.012455437368497468
0.007680361086042054
0.015268416453856095
0.05066231786091024
0.03152629165503397
0.011880175950620507
0.006656099531889801
0.0022913439479679545
0.0
0.0037194004063234565
0.16453836352819126
0.22966523939463018
0.039714463405481286
0.006500154001725191
0.0019254412975082153
0.001259282297755635
0.004124938472449394
0.0017627520493170839
0.03889582559756047
0.011549290514971623
0.008038701194758848
0.005089543816232132
0.007558903631578128
0.006085460226757202
0.005061107537640141
0.017150384119370546
0.26651969289250943
0.04484529237376134
0.0015694831356617702
0.0007464382825323321
0.0026530159467130538
0.0006546696894474842
0.0009820044992694666
0.011105318910179598
0.19483722413340743
0.27195686625336724
0.04702766966894012
0.007697122634374594
0.0022800010258644077
0.0014911724052306433
0.00488452385486037
0.0020873534217785675
0.0063180297838373155
0.008501820165728096
0.01574444444800201
0.005098579577011209
0.007973798990588627
0.0007752236152170869
0.00038761180760854346
0.000548165873855194
0.31559787046968935
0.053103313380515514
0.0018584950702037464
0.0008838909044490994
0.003141554659686833
0.0007752236152170869
0.001162835381496898
0.01315030405784306
0.007538236471781155
0.005932289878505079
0.004207284464838852
0.001096331747710388
0.0024549637347291305
0.00038761180760854346
0.004445833908215203
0.0066541309058960035
0.03835806547039697
0.051616308515796745
0.09558777840466093
0.03095453106620883
0.048410582759712335
0.004706542894553174
0.002353271447276587
0.003328028388179614
0.019690390050002768
0.02050189824673672
0.04830476074514939
0.030537943449639414
0.05096198971009423
0.020811740480506553
0.049136823921759755
0.015334493734159143
0.045766192627901235
0.036016158728974165
0.025543294108508467
0.006656056776359228
0.01490459255274302
0.002353271447276587
0.026991577114448863
0.04039860489260444
0.03879575004385125
0.047766718088306334
0.07546297571647717
0.04307758118684431
0.020337450378436428
0.004706542894553174
0.028620272222572078
0.012006464844148966
0.020210935422911736
0.0210438970715994
0.049581770475861084
0.03134526037533248
0.05230924732512661
0.021361930455504455
0.05043583050654354
0.01573988437085793
0.06970321084795976
0.010205184351436516
0.024546815693561517
0.01762526689778424
0.03941920732852069
0.020791713715873395
0.03944579870723404
0.03872083852215994
0.0398213746314077
0.04902950384403653
0.07745795411636665
0.04421640248525323
0.020875101774085615
0.004830967505743489
0.029376892596217386
0.012323873981486754
0.021869445441144754
0.011747860337779291
0.06595282097960974
0.0496534843707547
0.03599842198795098
0.0024154837528717445
0.008526227549187797
0.003416009874273961
0.03934318364662515
0.005760200099849263
0.013855170601512095
0.0099483812000119
0.022249722706651695
0.011735646049877849
0.022264731907568114
0.021855536386287528
0.0018291826894623684
0.0
0.0
0.0
0.0032834833727021953
0.08070879722414141
0.28991842267935597
0.09491397201739411
0.012343959449982666
0.006630945993755222
0.037226318791449595
0.028026343844540617
0.020318899373946406
0.001363392298985521
0.004812532051246659
0.0019281278751333043
0.0
0.0
0.0030879622478012796
0.006370226544503116
0.039660212021537536
0.10559989972169773
0.10782422933899033
0.007139739413709562
0.0008386964656071405
0.0
0.0
0.0
0.001505506210740794
0.03700569842763285
0.13293016483063283
0.043518896896580964
0.0023053560213044627
0.0
0.0006251274457070433
0.0023053560213044627
0.006733506235123265
0.08200403664211615
0.2255297317819202
0.05840203509080297
0.0
0.0
0.0014158580430915974
0.002920805296687926
0.01818455851310836
0.04841848940254713
0.049438364234687004
0.0032736337633909145
0.0
0.0
0.0
0.0
0.018068188781289057
0.16517261097109665
0.09940302108080291
0.0
0.0017395132538364718
0.0
0.00047169177649577826
0.0017395132538364718
0.005080787189719939
0.0618763901492045
0.1701741309990155
0.04406742956516979
0.0014766288056609087
0.00076058011792098
0.00288782432999361
0.00277457423430275
0.03079796503626471
0.10690226431258339
0.04576720457745486
0.002358763008346048
0.0
0.0
0.0
0.0
0.013633405672451186
0.12463148567934464
0.07500484569129667
0.0
0.0
0.004750439808571556
0.0016513830394278264
0.02136169790763486
0.1677823471738445
0.08187866685575551
0.022139312192324612
0.008290885357418419
0.0015279559424969823
0.000787017635350998
0.0029882041640967257
0.0028710175319276807
0.03186849228023341
0.11061815223744491
0.04735805771735428
0.0024407528430486552
0.003964451344306151
0.005705376771156676
0.0023402497933233133
0.0015902492273176005
0.02212525848369306
0.04128688822295342
0.01701398419784877
0.016845203672841657
0.0
0.004915563550673384
0.0017087845765700912
0.022104223576477743
0.17361440697049396
0.08472474267491145
0.022908867480692013
0.008579073834848227
0.0
0.0012727767551682714
0.013534344915423307
0.11190149640641532
0.17504582649453973
0.05937706497006609
0.0035533314019513314
0.005427904928716652
0.004010675168420608
0.005771899048635355
0.0023675361150449392
0.0016087908599920063
0.022383229629714556
0.04176827585864531
0.017212360049825622
0.017041611615359088
0.005150632279128077
0.014004255087815288
0.025065746855476835
0.03073239997838123
0.02134214922100125
0.012237105074947668
0.009823539925235334
0.006742140902090041
0.0
0.0012876167932361782
0.013692149646656404
0.11320622047509725
0.1770867867165574
0.06006937640719621
0.0035947617416073026
0.00549119200199486
0.0
0.0
0.0
0.13338363823410163
0.24996181218349242
0.0025752335864723565
0.002388581888558261
0.0
0.0047945206940657745
0.013036009403271301
0.023332716353640013
0.028607580523997138
0.019866565996292083
0.011391039068163883
0.009144346345861702
0.006275993378205244
0.009963414244587254
0.0038889918948893805
0.022609528800477337
0.026381933253296363
0.02337570901433534
0.003955446717266059
0.006865631038794876
0.02015813320668943
0.0
0.0
0.0
0.12416157456137451
0.23267960442379232
0.0023971835016117857
0.002223436788638687
0.0
0.0008475323640623909
0.0009192779544750461
0.02771149077335653
0.28693616030152597
0.06868979460398823
0.008504037363493734
0.01043455195308545
0.0008475323640623909
0.009041119739288386
0.0035289952343312914
0.020516607270951934
0.02393980734330569
0.021211863624377873
0.0035892984588697164
0.006230092494773194
0.018292132753710926
0.009272637756861359
0.011640041497019844
0.029278698741190275
0.03984221215991576
0.02844998106070059
0.0033647607553148676
0.0027912148221379608
0.002904177791787422
0.0007690778881920981
0.0008341821243267293
0.025146290225984753
0.26037501996136386
0.06233130959291053
0.007716834629504482
0.009468645116800439
0.0007690778881920981
0.0
0.017520007559981433
0.118251306781254
0.25748361877696785
0.005440749193132328
0.0
0.0
0.0
0.008497880706588733
0.010667480673255434
0.026832374527159555
0.03651327431302193
0.02607289872610918
0.003083624773729491
0.0025580003454183597
0.002661524915827983
0.004123935001850556
0.001859057719196823
0.06433987493193521
0.1231067375846256
0.05900918772110216
0.01312487132914887
0.0033286426834417907
0.0017847051071356067
0.0
0.016056157711228168
0.10837105091070241
0.2359700803202808
0.004986158071741302
0.0
0.0
0.0
0.0
0.0
0.0033682211578077463
0.11614301281183956
0.1275410291488606
0.0
0.0
0.0
0.0034003149975481116
0.0015328519583979658
0.053050264267806506
0.10150540343637347
0.04865494386093788
0.010821872023047801
0.0027445712972941935
0.0014715458753037415
0.0022780492132666104
0.0
0.0024045761982026443
0.0646379083888626
0.0495255272867503
0.0643766709907062
0.01381666266249297
0.0012763432859908175
0.0
0.0
0.00277720500270086
0.09576359184790852
0.10516161724735819
0.0
0.0
0.0
0.006497406018011076
0.0
0.030900848874855523
0.05225353601342224
0.014875762811333246
0.01574544079080986
0.0696272101948292
0.18489969504167122
0.002640482225630775
0.0
0.0027871393974076646
0.07492166859644009
0.05740493829285475
0.07461886885774924
0.016014865686564662
0.0014794069157221077
0.0054766378075016536
0.0017767255979818286
0.02636357761437799
0.004844134895167641
0.029994494636415205
0.007997079927118277
0.007596042780407701
0.004655866005394257
0.007531130145631669
0.0
0.03581711129671259
0.060566967678433205
0.01724246652235414
0.018250508505581364
0.0807047582067261
0.2143168617424177
0.005434142987999954
0.0
0.0005890502829340677
0.005957572269715961
0.014464135704109897
0.06676658703974729
0.10940380463369928
0.044382764629564184
0.009209229528703249
0.002987649433184149
0.04433162206126345
0.00814564550105794
0.05043718343503452
0.013447474015414965
0.012773110790493446
0.007829062319920357
0.03272331847677709
0.023371531098629442
0.0248068243018504
0.024956156248116198
0.03993504878094501
0.03141081835411878
0.00839029687035703
0.005173685008156737
0.00913777244858816
0.0
0.0009905163441805318
0.010017943927294357
0.02432213893184676
0.11227122305859931
0.18396775240551466
0.07463175052989758
0.02012777621434953
0.0
0.005422000090711955
0.012311016572281095
0.030646607172671484
0.09847358671440579
0.05750490549526534
0.02024600222901682
0.042634041330675145
0.012659274397460209
0.008811287939438722
0.005578691751156255
0.008285377798061313
0.006670324098738729
0.005547522507203824
0.018798680170657143
0.29213447529780073
0.04915530186532583
0.0017203236554464171
0.0008181772747941772
0.002907993076002447
0.0007175889486607244
0.0010763833847349743
0.012172633390165674
0.2122701878481491
0.017235813317297805
0.018937928746591205
0.005127121499163917
0.005137322108929191
0.006478961516479115
0.017659305419205976
0.028217039970791377
0.13309579827241758
0.0003587944743303622
0.0003587944743303622
0.0
0.004842303519408544
0.003666926705859027
0.012555560546957483
0.0643698593078279
0.450064634110389
0.0757290385739356
0.0026503439409219474
0.0012604902432083774
0.004480076644197559
0.0011055230892944834
0.0016582845750040625
0.018753253231478705
0.010750052382991654
0.008459860231733016
0.005999881876414251
0.0015634457424017001
0.0035009499695951092
0.0005527615446472417
0.006340070065233877
0.00948925601756347
0.2050484171374919
0.0005527615446472417
0.0005527615446472417
0.0
0.007460090287161195
0.005649295669399144
0.019343193773541576
0.09916870354853623
0.01721917848388234
0.008297740167329187
0.01147838232896869
0.006666441851424284
0.0105273274273361
0.0005527615446472417
0.004105464145376934
0.001019241887433672
0.04464594248050753
0.03513456677631322
0.024918053568561686
0.006493131958789162
0.014539762728689133
0.0022956688254657047
0.02633088596876645
0.03940974083189056
0.03784612014874003
0.04659749972194575
0.07361581726140365
0.04202314200580335
0.019839636807417065
0.0045913376509314095
0.027919714401726872
0.01171257445827633
0.07151280986958894
0.034461267445999144
0.04767076279918515
0.02768633759582749
0.043720945540501537
0.0022956688254657047
0.017050364924759167
0.004233003994667417
0.008466007989334834
0.03484494298792807
0.14374577850031234
0.0643907755903175
0.029986146764337106
0.00972460863358516
0.0022956688254657047
0.0
0.024707301298981087
0.03042051499293858
0.04805903934934228
0.027434210613576416
0.012952024734285155
0.0029973894883038627
0.018226988478445994
0.007646387661140946
0.013568968493865647
0.007288998124010818
0.04092064210600494
0.030807665738512378
0.022335337907764465
0.0014986947441519313
0.005290125590875643
0.0021194744276209253
0.0055269129139262786
0.02274802547170001
0.09384238716956178
0.04203660209111333
0.019576029457978903
0.006348572444952731
0.0014986947441519313
0.0
0.0161520465624308
0.015137612560534933
0.04961690287990601
0.3738822565594196
0.02897794043049339
0.0
0.02202297209782154
0.006358422963269034
0.009149956554255233
0.004915186897876457
0.02759399858666072
0.020774519682379977
0.015061378584012974
0.0010106141674129686
0.003567288062091745
0.0014292242582296369
0.0
0.0
0.002288951168630234
0.004721928677677956
0.029398121275433158
0.07827589668472221
0.07992468040302898
0.0052923298807691695
0.010891802451701732
0.010207739617544313
0.033458144288055894
0.2521198575611838
0.019540681820484743
0.0
0.014850741084832057
0.004287672559177403
0.00497156427719792
0.0036507946765033995
0.007850277340701121
0.10569133278087628
0.24005598543175524
0.004661408736160614
0.002928119723116743
0.0014292242582296369
0.0
0.0
0.001770019877175358
0.0036514136835413217
0.022733232461340663
0.06052985967306361
0.06180484534971853
0.004092498439421182
0.0
0.0
0.0
0.0
0.022587754078513544
0.20648878325782824
0.12426762981133109
0.0
0.003844454050350609
0.002823117956144084
0.006070530085923809
0.08172990425971272
0.18563256030638614
0.0036046143018335468
0.0022642816429183053
0.0011052028460360444
0.0017474791137957312
0.004083243220909242
0.021737328553035774
0.0531164589758564
0.07831688577999561
0.03883886987396323
0.0060533822005160625
0.0011052028460360444
0.0
0.0
0.0
0.0
0.017672991786266287
0.1615598681385976
0.09722882555391095
0.0
0.0
0.006157997915934023
0.0021406888046147463
0.027691181553057706
0.21749635525594305
0.10613936396950428
0.028699203407345747
0.010747479561809816
0.0013672534204788992
0.003194789692398026
0.01700760631791215
0.04155910056099018
0.06127628600456687
0.030388104363299674
0.004736255474403994
0.0008647269999602598
0.005449644814795654
0.006087449362690677
0.01905461538734861
0.034348764388854945
0.04981199041513526
0.039303220040252454
0.006412219512541164
0.003603667280511345
0.0
0.005263644506139542
0.00182978705410227
0.02366946816807375
0.1859083928050788
0.09072427234793697
0.02453109052777977
0.00918657533221766
0.0
0.001362904640703064
0.014492739138426228
0.11982546674790386
0.18744117402864616
0.06358167453202068
0.0038049499552929296
0.005812265809069494
0.0046581686745277425
0.00520334203287391
0.0162872288963753
0.02936014065549661
0.04257757363153213
0.03359503868995543
0.005480944370249718
0.0030802906629664403
0.004778126295543666
0.025763762369452034
0.04079578429319811
0.028108448499921765
0.01316381462911391
0.001567950236031157
0.004502321935993874
0.003642359351007974
0.0
0.0011345731508711622
0.012064727214191436
0.09975074799998171
0.15603859365462708
0.0529296464749335
0.0031674953116726016
0.004838519538164396
0.0
0.0
0.0
0.1175299168983158
0.22025183450249702
0.0022691463017423244
0.0021046796637408083
0.0
0.003977632509636771
0.021447482220565427
0.03396114456248178
0.023399356072487054
0.010958441401691305
0.0013052668444839737
0.003748034479156085
0.0030321439975040123
0.006451107512353002
0.02180329848846355
0.0822709632057653
0.09046563663996586
0.017748543456686524
0.004008050862136986
0.0019262209621392476
0.0014165470142931318
0.0
0.0
0.0
0.08662520950097674
0.16233621030516246
0.001672470116241631
0.0015512502826129833
0.0
0.0005913074866771401
0.0006413630438994383
0.019333789075297134
0.20018999507161508
0.0479235856114909
0.005933107894444726
0.007279991834656116
0.0005913074866771401
0.004754776949722422
0.01607008112674459
0.06063766240652123
0.06667753141828844
0.01308153137386156
0.002954126530384386
0.0014197176241930653
0.0010440633765383361
0.0005736525373436456
0.004361740197424519
0.05249310236010639
0.14071399305840365
0.09566935784341028
0.002184403810290473
0.002694488108203517
0.0
0.0004662298926576203
0.0005056973399612462
0.015244167558058647
0.15784437372485063
0.03778644559529044
0.004678094424776687
0.005740075828725831
0.0004662298926576203
0.0
0.010620967485169164
0.07168622959223162
0.15609155039638384
0.003298287405264114
0.0
0.0
0.0
0.00045230944463676645
0.003439113675819249
0.04138938543827511
0.11094916157363942
0.07543269017040338
0.0017223430735093998
0.0021245306879411896
0.0
0.0004662298926576203
0.005931961481535502
0.0022781904435676126
0.032280625784048736
0.2479096084712627
0.004583828063078826
0.006145298031917062
0.0004662298926576203
0.0
0.011600315311885115
0.07829633862934582
0.1704845819975899
0.0036024188892123067
0.0
0.0
0.0
0.0
0.0
0.002433485530813454
0.0839114559112408
0.09214633911415052
0.0
0.0
0.0
0.0005092204425074186
0.006478941179309428
0.002488259899374581
0.03525718707667899
0.27076908305466185
0.005006497848847814
0.006711949260299382
0.0005092204425074186
0.000494016405158646
0.00764098613490312
0.0029524165082547025
0.010476719337409623
0.0600879112761106
0.11680748639325667
0.02014414345127591
0.011190867819956209
0.0
0.0
0.002515852381315572
0.08675162991554067
0.095265241463077
0.0
0.0
0.0
0.005885958863998207
0.0
0.027992882826753166
0.047336146551543376
0.013475859094442781
0.014263694855042423
0.06307484769855469
0.16749945993281698
0.0005107375135745625
0.007899612682993561
0.003052347757516789
0.010831327722990863
0.062121723247620254
0.12076110134081113
0.02082596778560422
0.011569648184599336
0.03983714419025256
0.0002855109539449164
0.0009321678305216843
0.0006510651387776117
0.0037341348675901304
0.0004603725692069587
0.017893236702465252
0.1745721644924409
0.005702676810936738
0.0
0.02712121634824989
0.04586215287872791
0.013056236195495301
0.013819539648103266
0.061110768803365516
0.1622837175852192
0.004114808880703869
0.0
0.00044603709191140073
0.004511156835032945
0.010952445340214119
0.050556591148249404
0.082842087130141
0.03360724854888965
0.038596660907239004
0.0002766204681260915
0.0009031411863123813
0.0006307917121246002
0.003617858162170644
0.00044603709191140073
0.017336061697590183
0.1691361861828975
0.040911599495412225
0.0007921204731354464
0.0
0.0
0.0028700361961913885
0.008373833524186905
0.08332667474476949
0.11679553656589911
0.006190421993437477
0.0
0.000671029421707895
0.006786697826572396
0.016477134292658943
0.07605860753946225
0.12462971987777123
0.050559590150485646
0.013635645805072373
0.0
0.003673156537745606
0.008340149437885937
0.020761671636423427
0.06671134134706055
0.03895693766848343
0.013715738510981887
0.061548439464771294
0.0011916859665936602
0.0
0.0
0.004317754652999989
0.01259780580833282
0.12535874567564267
0.1757101433515901
0.014205703051602453
0.00268411768683158
0.012942049531867283
0.0011320634416995985
0.032311902564195256
0.029164859984691264
0.04376805470005391
0.03589859385247963
0.21403500647054785
0.017379112216794303
0.01909537906809162
0.005169748490701223
0.00518003390854179
0.006532827733181513
0.01780612524057786
0.028451637010131852
0.1342023594232572
0.00036177749882537497
0.00036177749882537497
0.0
0.00488256252851854
0.0036974136084385865
0.012659947730539647
0.06490503161619232
0.0692339649425474
0.0222517167450639
0.015822658478296312
0.00839595850125577
0.005526021416277023
0.0036535979753124876
0.010190136544063541
0.1169597899085655
0.014593621097049144
0.0
0.0
0.0
0.0004853754409356511
0.0007235549976507499
0.01965839784147125
0.17778425897482472
0.196902429236825
0.0005308019074185813
0.0005308019074185813
0.0
0.007163722209487377
0.005424865289430115
0.018574743937940705
0.09522901422779634
0.016535109708579014
0.007968094652628053
0.011022378986556588
0.006401603159078816
0.010109106779517412
0.0005308019074185813
0.003942365781967294
0.000978750318667646
0.02141183998343904
0.0
0.0
0.0
0.0007121454780888319
0.0010616038148371625
0.028842907878256285
0.26084602850987765
0.02581974694734532
0.06723538858642396
0.16179331813294345
0.018401635516024594
0.005851250930301902
0.006548469490283617
0.008207622607989979
0.011423148264720706
0.015998311382441063
0.007709417211267001
0.010664546792254793
0.006193780536734192
0.009780923193582128
0.0005135698732540125
0.003814380217306323
0.0009469760188881175
0.001893952037776235
0.007795250236158617
0.0321577313009113
0.014405023099069368
0.006708276656591679
0.002175516767921461
0.0005135698732540125
0.0
0.024981530740321948
0.06505264866594423
0.15654083515068612
0.017804242011095043
0.005661295026739341
0.006335878976939403
0.007941169094515246
0.01105230543538367
0.011100315400626923
0.03050863889110497
0.2324660162582668
0.2830885324652514
0.009552982528991989
0.012025671405534724
0.0
0.004616418766642274
0.001393838058971114
0.005736848791122951
0.02366621164810748
0.010601255488716392
0.004936899735350999
0.0016010532519182092
0.0003779574250058107
0.0
0.004073401839255015
0.0038175706470185574
0.01251293962458279
0.09428976480765888
0.007307977685128083
0.0
0.00555399680792076
0.0016035374646321925
0.00816918367697597
0.022452575971119965
0.17108140777345915
0.20833662243719692
0.00703043707549701
0.008850191639169327
0.0
0.0033974145304384484
0.013191599908237024
0.004384957673728987
0.049075134542687096
0.1724858005528166
0.13572178136550755
0.0027254897178140692
0.0067038183137084284
0.00892011519080263
0.003653112495750096
0.0034236776984867415
0.01122186759494615
0.08456104544382317
0.0065539481872200584
0.0
0.004980941223339311
0.0014380861453439718
0.0016674635502243196
0.0012244771892707957
0.0026329844280216876
0.03544889197049074
0.08051482056795231
0.0015634373261338807
0.0009820918802928554
0.00047936207254218997
0.011830504419993592
0.00393252232491855
0.044011613462936756
0.154688895965686
0.12171814984560334
0.0024442765379135605
0.006012125348164898
0.00799974703036198
0.0
0.0
0.0013558406920175367
0.013025010786423622
0.23714112147092176
0.14155469682113567
0.012164806232530172
0.0017742872554320408
0.0019923413929150706
0.0014630464267337765
0.0031459781307619683
0.042355525430395294
0.09620180887257244
0.0018680473703104035
0.001173436327582707
0.0005727578867861197
0.0009056097240523049
0.0021160909663142987
0.011265105234814339
0.027526956617682233
0.04058677025661339
0.020127770312895824
0.003137091448426488
0.0005727578867861197
0.0
0.0
0.0016200039470378553
0.015562719874426065
0.2833441679761207
0.16913430089692325
0.014534918613723599
0.0021199779398136634
0.0009753715104171964
0.0
0.0
0.00803263015477708
0.06454110922593641
0.13808884543464278
0.028362758004271654
0.018671870300177477
0.0015867030823486018
0.003707566261277253
0.019737395397080474
0.048229503010979155
0.07111137585910411
0.03526551708540612
0.005496443488431731
0.0010035191542957843
0.006324334681358939
0.0070645094192115015
0.022112957638448075
0.0398618789423633
0.05780701481217022
0.045611544612008045
0.007441406481675672
0.004182070343435941
0.0017089314976531673
0.0
0.0
0.01407383190290809
0.11308135748449226
0.24194306981232516
0.04969389611665221
0.03271465993754477
0.05408928833439352
0.013138236120183186
0.006806779118584226
0.015424536628701623
0.01979568862540339
0.02430167382524166
0.024002445583282208
0.01268145854705053
0.00685573067294079
0.0076580978640049665
0.02397097712083348
0.04321123405308007
0.062664192286829
0.0494440097166963
0.008066663330866324
0.004533464684340377
0.007032280128169619
0.037918209551421445
0.06004181669825634
0.041369037064598574
0.019374044615263413
0.002307654633801633
0.006626360862550068
0.005360697834135366
0.05863408750404082
0.014242163467877104
0.007378712028754231
0.01672056812441909
0.021459001861679095
0.02634359802914672
0.02601922742892245
0.013747005609127587
0.05302241916745385
0.23177482085472614
0.061788380380664
0.003172455737936118
0.0029391786306460755
0.014928627307005022
0.026486903638078155
0.03490793878552887
0.003822053205307884
0.020608595180247453
0.03263280383908847
0.022484124328307178
0.0105298179213488
0.001254213232282146
0.0036014355675032246
0.002913546099730957
0.006198781834580828
0.020950494212882045
0.07905305426344593
0.08692720497740862
0.017054335020599887
0.0038512817882380476
0.0018508796337115218
0.001361140840269023
0.028817752341855678
0.12596991030106186
0.033582063424735555
0.001724233733708235
0.0015974473288164087
0.008113727953046797
0.014395665858513977
0.018972509185388346
0.0339913848336312
0.14708786637084517
0.18871458354839765
0.01611194234392163
0.03214755273255867
0.0045977853308832245
0.011813942023307296
0.01726763142652201
0.004530986897185839
0.015313720873119807
0.05778366824461986
0.06353926259581938
0.012465831284378637
0.0028150865420894506
0.001352896680736648
0.000994923111840814
0.0005466527994322021
0.004156448954900609
0.05002244300863833
0.13409109734065375
0.09116654922708436
0.0020815918700806267
0.0025676683558428378
0.0
0.024845933186290164
0.10751357493232182
0.13794053867093276
0.011776991285814336
0.02349818788511436
0.0033607417789875936
0.008635376746621418
0.012621739855810936
0.0032566089708529564
0.007713881288258489
0.027968886242091824
0.13849673387152692
0.02790149094857052
0.004178556160564598
0.01202195844501424
0.0048397970159080525
0.0005092222805925365
0.003871847758173708
0.04659729637555473
0.12490958514414802
0.08492417519746981
0.0019390606989415115
0.0023918544592210424
0.0
0.0005248942997645918
0.006678363650885945
0.0025648487933504485
0.0363424068978005
0.2791033831007418
0.005160598364245017
0.006918543744419663
0.0005248942997645918
0.0030336217958791024
0.007185694879651406
0.026053795119360054
0.12901355805719858
0.025991014529735762
0.0038924412348694047
0.011198788523387246
0.0045084054752953144
0.004757373083675188
0.00974444049019837
0.024709112551910814
0.09088292126895424
0.035379876086785465
0.011411110810806854
0.008226919476559244
0.0010497885995291835
0.0004805779039867995
0.006114514878221777
0.002348300710646391
0.03327404725220555
0.2555389130846633
0.004724893271500292
0.006334416763194722
0.0004805779039867995
0.0004662290605561792
0.0072111973412191535
0.0027863495232958945
0.009887426740054602
0.05670809740831902
0.11023732021524271
0.01901107934660843
0.010561405929082527
0.004355711971079148
0.008921725361475409
0.022622942418877186
0.08320975067021992
0.03239278212913644
0.010447680072117637
0.0075323274039862725
0.000961155807973599
0.00435189437205539
0.0010746048823398072
0.004771455441004937
0.007950683079160673
0.05257912529744999
0.12859440652191684
0.08568499899806531
0.018383259047057832
0.0004391806020314502
0.006792836949945133
0.0026246983824889268
0.009313803869408945
0.05341815529502516
0.10384185962305605
0.017908144255853596
0.009948681896190132
0.03425575859160895
0.0002455094237400211
0.0008015663978500718
0.0005598476164572892
0.003210963666516432
0.0003958720413701517
0.015386303646036546
0.15011372037885504
0.004099417543849702
0.0010122612661873406
0.004494637615782601
0.007489421137973658
0.049528727091516546
0.12113395249708439
0.08071395077806413
0.01731674719279778
0.061182798108644736
0.0
0.011602317219338977
0.035188467859064106
0.035557428216674375
0.02496215095845751
0.08796219987172309
0.04849847946861449
0.03643339794518761
0.0002611164633967534
0.000852521992010879
0.0005954371421816807
0.0034150846999017564
0.0004210376360529776
0.01636441131911921
0.15965645300101836
0.038618589016619576
0.0007477237600328592
0.0
0.0
0.002709176607381642
0.007904497486108535
0.07865638708285273
0.11024938846792878
0.06507218997737653
0.0
0.012339876789125436
0.03742539956201014
0.03781781473795391
0.026548995463206673
0.09355395892022762
0.051581528912612265
0.022128696784271866
0.025681635511790507
0.01710528717997383
0.010749870116651647
0.0033461476632291975
0.0018326011892348575
0.00033028909305866136
0.13760033600770014
0.05701907441846618
0.0011039894984102374
0.0
0.0
0.004000010008718421
0.011670730129654371
0.11613356424375763
0.16277958997771488
0.013160301812844059
0.0024865927952725858
0.011989640871518693
0.0010487546100277755
0.02993406157705454
0.027018610647684876
0.04054715261338667
0.033256807356820524
0.032672291786296784
0.03791808876819721
0.025255392998548693
0.01587182907968033
0.004940476788075652
0.0027057752820379617
0.00048766096473941076
0.20316236296081489
0.03632856389379274
0.012232344309671319
0.007938327012567878
0.0
0.016515637021088263
0.029570585860521654
0.020768969820375238
0.04148259220209661
0.07437662761956221
0.02390456261774079
0.01699795726805955
0.009019605904058764
0.005936491394609984
0.003924985320527345
0.0109470545527653
0.12564750188307694
0.015677627633444532
0.0
0.0
0.0
0.0005214288746298031
0.0007773002841481195
0.021118613343402075
0.1909899806744164
0.01717017959648094
0.015549027447204086
0.030631768990366053
0.002034389432220809
0.0031285732477788187
0.001501574821771047
0.01234082151210006
0.095339766800148
0.029686318466180722
0.006372191673974227
0.009177715615500563
0.0
0.004188641626836301
0.0
0.010061374293219828
0.26297769662945686
0.012034603022741164
0.0
0.0
0.0
0.00040026397216998003
0.0005966783092379932
0.016211261928203373
0.14660946493169175
0.014512083263244447
0.03778989621364588
0.09093652656511726
0.010342706585506706
0.0032887169989637803
0.0036805912421842136
0.00461312432392698
0.006420422287022351
0.022788081609045146
0.0048914796915767444
0.007045081479837063
0.0
0.003215323157437968
0.0
0.007723403585872136
0.2018693297714856
0.034536338561363684
0.1624914722424681
0.1482683226122512
0.02369173949742713
0.0036352256813176505
0.008354798890228176
0.005025054722145341
0.019027838074593302
0.01295359221995192
0.03373153920813666
0.08117061221711874
0.009231975942323287
0.002935532973360068
0.003285322804089366
0.004117708689243822
0.0057309161391474114
0.005755810590921393
0.015819545707151765
0.12053985045623725
0.14678897981942596
0.00495347708878197
0.006235632442931131
0.0
0.0023937366705514673
0.030827389726131454
0.14504108283196207
0.13234539489721692
0.021147420867428792
0.0032448291709124373
0.0074575549175513066
0.004485400791385889
0.01698438816636529
0.0013314985862700325
0.009845188024776616
0.06854383298987723
0.05911580614134653
0.029310467748122848
0.006170755676217927
0.005639515789429293
0.002865088266778954
0.006524415719793755
0.01793201688299725
0.1366362014098812
0.1663905217688965
0.00561494220061083
0.0070683108297007234
0.0
0.0027133855285346813
0.01053562818682901
0.0035020986072011183
0.03919443997369225
0.13775783640900957
0.10839581516023898
0.002176744784079197
0.005354084241228794
0.007124156105985294
0.0015093009351012543
0.011159870273440523
0.07769686899694929
0.06700986573207217
0.03322445614037271
0.006994770710562568
0.006392591432145699
0.0032476793026952025
0.00239213486090106
0.012825979722373138
0.015063310070518613
0.017712419768583572
0.02453439063924358
0.051998224540889766
0.011317366270616651
0.0
