0.10334761242432836
0.06825351585378672
0.009033756030016944
0.009343509025553982
0.001376377574078358
0.007779033211429029
0.013578417440937449
0.09462676493161808
0.040932910443831044
0.07660859634990498
0.006539030681732001
0.005514190125942663
0.000701633341069354
0.0
0.004273901037526986
0.005404401827072151
0.1337043672778283
0.006765062556642807
0.0
0.0
0.0
0.024399585176459227
0.052305683598785395
0.14043332813788756
0.0804493211746677
0.0882751149176445
0.01254421161333316
0.010962895445995938
0.0
0.00228192585117895
0.0
0.000564678648742097
0.06298154493452231
0.11787404562895874
0.010061299092691118
0.008484425109988657
0.001079570236246867
0.0
0.00657605059894476
0.008315499015957638
0.00933359575278211
0.2697271291337352
0.023198846497093133
0.0
0.0
0.0
0.0
0.001942795378135118
0.12378358835409335
0.13582476927495502
0.019301188672557906
0.016868091827770864
0.0
0.0035110920277826195
0.0
0.0008688444897686377
0.06335555612499555
0.09519460999416612
0.012274232130279865
0.005276544347890072
0.0015092763145043372
0.0012309795275225034
0.0007597824771105159
0.0006663733285914195
0.0161349185057185
0.46627530939048856
0.04010367575065569
0.0
0.0
0.0
0.0
0.0033584961176567974
0.011909298250339755
0.02913705135368622
0.034547279366469216
0.007967254585149486
0.010333949332691187
0.000814554971153484
0.003657200438086857
0.001151954684560028
0.10952228509109953
0.16456222394051043
0.021218375038720243
0.009121523504983468
0.0026090748926939455
0.0021279852786492462
0.0013134303943468945
0.001151954684560028
0.023543921804157594
0.003757095220956214
0.013612628217458001
0.0
0.004007080572368273
0.000814554971153484
0.011136673355737894
0.006109784007482422
0.038645624658980804
0.09454961380716806
0.11210578182870119
0.025853708907781107
0.03353362379220921
0.0026432275871843603
0.011867600631207028
0.0037380882926826885
0.047659125964986435
0.04540727816561285
0.07013659182816127
0.02734557194097952
0.029935834075080284
0.020690692016919122
0.01660803249695678
0.01846244253884938
0.07639993103858249
0.012191758797625392
0.04417292351370282
0.0
0.01300296025197122
0.0026432275871843603
0.03613846000063359
0.01982622439520088
0.05774771326414286
0.029933324646750737
0.05849485552918139
0.011239605482138664
0.01654922213887246
0.004262076317903884
0.009601406477421139
0.008611958953489669
0.0495077436268284
0.04716855042341278
0.07285707273857901
0.028406260869693892
0.031096994932999087
0.02149324930104367
0.017252230257211034
0.019178569758285455
0.030020223049471665
0.0
0.02003222903638455
0.028062694883404706
0.10871076944506128
0.033870798839728246
0.027928796638548834
0.014027446662853176
0.05998765032781265
0.03109438816814821
0.060763772989765576
0.011675570951200812
0.01719113874385052
0.004427395118823227
0.00997382895125594
0.008946002415305881
0.010022774298833304
0.01541041036366003
0.032948036872013094
0.0420267688208895
0.06425133393899651
0.03355347850206342
0.03646300047061982
0.011649246841999175
0.02900149001594127
0.0
0.019352437503157724
0.0271103903572026
0.10502168120105705
0.03272139693178002
0.02698103593485403
0.013551426772261935
0.022076383245741776
0.04200980469929536
0.08085737005528705
0.014718409787224308
0.04462933470141166
0.013859458636948168
0.011743459447067428
0.0
0.009682652533281646
0.014887459748941135
0.03182994879198173
0.04060059495070106
0.06207097184694337
0.03241484482557229
0.03522563247972116
0.011253930906000392
0.009490148173417796
0.018136611145266567
0.04247501451845576
0.07494876685471277
0.11164946964845979
0.005305154185968278
0.012641891187085745
0.0037513104905524345
0.021675283792402016
0.0412465406486476
0.07938829577048898
0.014450995235937927
0.04381847716408809
0.013607650121894545
0.011530095912284396
0.0
0.04408116285394605
0.023589166507474252
0.031667410150875194
0.03115774268623129
0.06329673458665706
0.021408374995661623
0.018484596583886247
0.00368315400992246
0.00931772440263526
0.01780709227730592
0.041703298204496725
0.07358704428089792
0.10962094256849486
0.005208766366451445
0.012412204304597923
0.00368315400992246
0.01202517022116255
0.006803825060947273
0.029262069759226017
0.07100541305823233
0.0624315419478187
0.04287067513412395
0.0354907525374621
0.00368315400992246
0.04821832731337198
0.025803088622586207
0.034639502430571865
0.03408200097098919
0.06923734467440096
0.023417622538871235
0.020219437751462982
0.0040288303233838516
0.02313924967649932
0.010291199727721103
0.021451057117302684
0.017339441631360163
0.04138913308725623
0.023431213615892482
0.041967972513462105
0.008057660646767703
0.013153772636266197
0.007442386782278603
0.03200841280417304
0.07766950838404516
0.06829095081480945
0.0468942312754206
0.038821678278299826
0.0040288303233838516
0.02696133366862319
0.028024788667736365
0.07901599944538788
0.03404937801211019
0.07802938882829562
0.005697626498388889
0.01319700018304449
0.0
0.023773378154252883
0.010573228873386338
0.022038920872012722
0.017814627036268016
0.04252339752223562
0.024073343331846714
0.04311809997638472
0.008278479910642927
0.01591972262501933
0.01415837935123943
0.03965770384473322
0.03725315647713085
0.07904254820507968
0.043459905838555996
0.038497521754800014
0.0
0.02770020591886966
0.02879280477999976
0.08118142382807085
0.03498249730288841
0.08016777526041842
0.005853769297690683
0.013558662456194463
0.0
0.019846550389636106
0.011707538595381366
0.0263854736924079
0.025776612963765173
0.11005362829132237
0.050616243255337326
0.01905348479259474
0.004139239955321464
0.01431763616348825
0.01273354624264032
0.03566673792644487
0.03350417296484822
0.07108807567141504
0.03908630408660452
0.034623311138282535
0.0
0.049918584962483636
0.04032677717024754
0.08662952432722633
0.03288394764984027
0.06785555271585596
0.009509188548581923
0.01845477758437939
0.017532801342605413
0.01784928633948487
0.010529346642964085
0.023730162970017735
0.0231825751387296
0.09897834563213802
0.04552246116107541
0.01713603115661047
0.003722686196839068
0.05282005163984642
0.021680104152447838
0.056536346973067635
0.012299161740500884
0.00706330035199324
0.007897009701552724
0.03206689608489737
0.0048537887854820695
0.03783114562113442
0.030561927600817333
0.06565278547811321
0.024921327659304163
0.05142480096191391
0.007206604453844038
0.013986081110372238
0.013287355024927483
0.08886952938796107
0.0
0.007774991608604242
0.006499741012611913
0.003568647420366453
0.09675180578751601
0.12320369145356158
0.0880504097452946
0.040030042253895046
0.016430417206117216
0.04284646243142804
0.009321004975851463
0.005352971130549679
0.005984803539913651
0.024302119467474185
0.0036784774747882867
0.027743353117047027
0.03408263575158074
0.02328506740884799
0.029252480371219195
0.024198200567311316
0.01961536328665291
0.01583380880981464
0.01845080591399148
0.04697476805085145
0.0
0.00410971488120626
0.0034356413110409965
0.001886320159243386
0.05114119166231656
0.06512316278591364
0.04654179675590762
0.007073700597162697
0.002108970082662552
0.0031634550115603854
0.0
0.018847914242052725
0.0724149662731927
0.35862156678732915
0.012386011680165412
0.014664616619458514
0.018015442638419654
0.012308050330772322
0.01546231300889792
0.012790715408597827
0.010368313492481834
0.008369454652511417
0.009752750286066448
0.010026403392244754
0.0
0.0017213998617457357
0.0014912670429595262
0.006265121549906076
0.0052724250942229375
0.1465929177159688
0.0330690250026898
0.004060917710691436
0.001210731758061396
0.0018160975725455455
0.0
0.010820337630044143
0.041572471865134485
0.20587988592374407
0.007110645058541178
0.0016467732568183158
0.004237561217761435
0.0003828669869235725
0.0035608688851068897
0.00844417004174766
0.05155064124112317
0.22402767375655627
0.05176849668679043
0.0057560252304762515
0.0
0.0009882328336809961
0.0008561166341354407
0.003596723201976226
0.0030268293306069415
0.08415705013772976
0.018984488736006958
0.0037998462851830377
0.0
0.0009761231265871495
0.0035298591739964373
0.00846120155227263
0.01967866053223442
0.16444271188663342
0.0636556452152457
0.0010541939257066024
0.002712705757807211
0.00024509509751708894
0.0022795162195978487
0.005405597114713262
0.03300051943257176
0.14341295128913908
0.03313998118697761
0.015491267661214687
0.008728778772881775
0.02596997781698324
0.01814336548972312
0.03018444819746664
0.17329339840764343
0.051713868764573574
0.02610533534394275
0.0024324993473589687
0.0
0.0006248723475009889
0.002259665126585982
0.005416499960546283
0.0125974382406506
0.10526920283642645
0.04074962612187363
0.007827345508355156
0.002816605088787935
0.0020944192309787723
0.00557036551704194
0.024203412016123284
0.1133557050532682
0.09167488027611902
0.012226241015160217
0.011812912458995038
0.006656156343883184
0.01980348420950407
0.013835277585336446
0.02301724119533968
0.1321453989357206
0.03943456520097109
0.01990670149627538
0.044790321361306645
0.022504514339479826
0.02361509685379894
0.03534904410572092
0.021119974976923347
0.043024352936026584
0.0531459951497792
0.0699453007537711
0.0059687657136031505
0.0021478106293854396
0.0015971056448745116
0.0042476988750358635
0.018456384177731926
0.0864397317124996
0.06990695397394804
0.009323156630768433
0.014670289000405977
0.002804003917921674
0.008502412331141063
0.022309729395041004
0.05197092124055467
0.05346749829453886
0.031479534196202044
0.03660149720275415
0.11276988876883025
0.005705837195590961
0.0
0.0
0.0
0.02057927173491201
0.04411603182083031
0.11844527681462168
0.06785313886975473
0.07445362550972738
0.01058012821218315
0.00924640327911178
0.0
0.0019246381375220862
0.0
0.00047626528366466643
0.21757010408684788
0.016378776665392905
0.008902838412627612
0.0028581791861269556
0.0080702593719587
0.0010897314126498809
0.007691211476955005
0.08391604140802994
0.0893161806315417
0.03971691886219317
0.002024319203105185
0.0016542539879550134
0.0
0.0
0.00217045238508565
0.05249007942831601
0.13297773918128944
0.14591329095531513
0.0207348039212291
0.018120986355176852
0.0
0.0037718819281307592
0.0
0.0009333787902403602
0.06806135393308466
0.10226528562944333
0.013185913096992423
0.00566846499929431
0.0016213793344602022
0.0013224117730384188
0.0008162160866325793
0.0007158688794294205
0.17504074196903868
0.07783672451290755
0.0039672356429510305
0.0032419864285444934
0.0
0.0
0.004253625638798254
0.10286940601557173
0.04304328044629847
0.04689757555646411
0.0036975326886513793
0.0007158688794294205
0.0016213793344602022
0.0022657400936014617
0.009942483656238652
0.00849715450994188
0.17070489191004534
0.2564918785877707
0.03307162934446386
0.014217094563704276
0.004066586514078564
0.0033167450503414297
0.0020471540866031064
0.0017954729464375514
0.03669629996647957
0.005855927248555911
0.021217072183436787
0.0
0.0062455623110127855
0.0012695910991072407
0.01735797075314322
0.009522902281699826
0.10795698456517817
0.11762395402948107
0.009273793150965704
0.0017954729464375514
0.004066586514078564
0.0056827097232704776
0.02493677395140074
0.021311739457734936
0.03027861553546131
0.03217015032678451
0.009299189442829502
0.004682020450423572
0.026691941344145063
0.005378073887027913
0.014974489071559106
0.0
0.09195878109108667
0.014674611130473147
0.05316874175578156
0.0
0.01565101380449241
0.0031815210270419855
0.04349805931747494
0.02386383605634819
0.06950803816676696
0.03602924781605997
0.07040733599414169
0.013528551741233926
0.01991947211480852
0.005130048388573779
0.011556733421366892
0.010365784856133476
0.075876439322495
0.08061651486036542
0.023303224768677945
0.011732869364425925
0.06688844360887858
0.01347713855949098
0.03752519365004739
0.0
0.030460414584519986
0.006363042054083971
0.01876259411121099
0.01900931767969757
0.04828265766662405
0.014674611130473147
0.06608459057442542
0.004499350173920513
0.0685348487851006
0.035524798513090296
0.06942155544863819
0.013339137059836869
0.01964057748244931
0.005058222039407999
0.01139492637646888
0.01022065240784852
0.011450845586116499
0.017606126231287218
0.037642559967753855
0.04801485356279446
0.07340603326995979
0.038334266516301
0.04165834484012709
0.013309062222204827
0.030033935103633374
0.006273952430416651
0.018499897049933888
0.018743166215686762
0.04760664707850971
0.014469150350555935
0.06515933324397831
0.00443635429705297
0.05628863820166009
0.010151467838748894
0.04538210182159677
0.005784298110795551
0.008590094894002595
0.0654339629771094
0.06772449386470042
0.020863900502292063
0.009311594368474937
0.014316943201529347
0.030610162959117462
0.0390447008193476
0.05969229092019016
0.031172644633824353
0.033875717412837
0.010822658283701023
0.009126467151831175
0.017441580767563376
0.04084728896668334
0.07207658366027873
0.1073708438104469
0.005101850311384767
0.012157429214765408
0.003607552942560285
0.04577277394458867
0.00825496685359695
0.03690380073449691
0.004703673393287875
0.0069852901812456685
0.053209565754985345
0.05507217881297383
0.01696609887545013
0.051056289040982444
0.05788400621604702
0.04888059600603615
0.017817727590398045
0.03829781215729536
0.014957513181211591
0.029199993159370295
0.017459944438753608
0.008930547698325372
0.01706715932765574
0.03997041312870473
0.07052930313580397
0.10506589528087497
0.004992328005738341
0.011896443572877197
0.003530108977744409
0.011525491804651504
0.006521107688124616
0.028046151446868665
0.06805494568786521
0.05983734216128019
0.041089282382769814
0.03401601557303267
0.003530108977744409
0.04996025482746571
0.05664140021353717
0.0478312677723155
0.017435231341394877
0.0374756663802386
0.014636417651088432
0.028573151840929876
0.01708512878273101
0.011163184622906715
0.025172784585789903
0.025699784979851113
0.014923108122418734
0.05685911604034637
0.014009598898278942
0.05059162476342863
0.017338205439584947
0.01333830287268584
0.00754679374068032
0.03245744899671652
0.07875911006266849
0.06924898358971349
0.04755209604344255
0.03936629567963386
0.004085349546623191
0.02733956593807438
0.02841793982075309
0.08012449063356542
0.034527046278717846
0.0791240391591419
0.005777556750633006
0.013382136845441487
0.0
0.012919009448598646
0.02913213862324166
0.029742029375771313
0.017270320374383176
0.06580232094852992
0.016213127942590267
0.05854903420637921
0.020065281320897688
0.05059378294555194
0.01509358748136064
0.035107527932094165
0.009411993471381356
0.01421091039345851
0.015616380728802459
0.0492237452152583
0.0
0.027610191984969282
0.028699240362685886
0.08091761859356099
0.034868819007170496
0.07990726395431597
0.0058347470274529205
0.013514602547409525
0.0
0.019782057508963828
0.011669494054905841
0.026299732081250398
0.02569284989202875
0.10969600062416617
0.05045176190859153
0.01899156903912649
0.004125789179077151
0.051094595412985645
0.015242994312573512
0.03545504667185892
0.009505159931753477
0.014351579872676667
0.015770962531345124
0.049710996095946765
0.0
0.023645018485479955
0.022897063405199466
0.08498334478857007
0.02728157849964571
0.06913628277680468
0.018160367515237856
0.011070653443519027
0.013630948488706393
0.020004155474201403
0.0118005102994887
0.026595005562226392
0.02598130975923864
0.11092758427123055
0.05101819609560527
0.019204791998282667
0.00417211041645385
0.05919679392567404
0.02429745178119891
0.06336174193647232
0.013783987716924583
0.007916022843428263
0.008850382410062039
0.0359381973406036
0.005439766254907909
0.02391048685201616
0.023154134298351312
0.08593747344521117
0.027587875408877468
0.06991249261856963
0.018364258372964522
0.011194946359083639
0.013783986458706637
0.040008310948402806
0.010657192816641105
0.045511086870701635
0.007104847846544796
0.032386353770358624
0.01544706748380995
0.08111002335731363
0.005439766254907909
0.06308895589646278
0.025894998059272593
0.06752774732314426
0.014690278568841223
0.008436497704106887
0.009432290982452496
0.038301117284603
0.005797428383940033
0.04372463986222906
0.05371560414871803
0.03669820235226038
0.04610308508536279
0.038137336920155696
0.030914601124717195
0.024954719241602093
0.029079211887385357
0.04263883898991094
0.01135789834215274
0.04850341989788915
0.007571988324309227
0.034515741633420416
0.016462705065402303
0.08644297008340658
0.005797428383940033
0.04803499555796061
0.009432290982452496
0.022518894973497103
0.0
0.05027376792939518
0.03363252807954513
0.0463180171452874
0.0
0.031372487800151734
0.03854101808827399
0.02633100945397003
0.03307902544074073
0.027363590438429414
0.02218126780889863
0.01790504455680294
0.02086437356715867
0.021449808492450945
0.0
0.003682646301857094
0.003190315732491587
0.013403176809279159
0.01127946923114521
0.3136109618120173
0.07074563286456419
0.034465173798360865
0.006767681442474127
0.016157337374417435
0.0
0.03607149598034915
0.024131384047722144
0.03323323948227641
0.0
0.060689985269521476
0.006767681442474127
0.024075114838037006
0.0
0.014615278740108846
0.01773936577443886
0.045296725342095896
0.024988416720494042
0.008454421693916725
0.0
0.0014515115506229508
0.0012574599231836186
0.005282849440061517
0.004445792110322186
0.1236094634563634
0.027884324163105687
0.00558119563078119
0.0
0.0014337248720970954
0.005184639882934852
0.012427771438767101
0.02890392030077672
0.24153265059017487
0.09349710022092995
0.023920900191100027
0.00266747522827105
0.00948918370258974
0.0
0.005760598267649018
0.006991954212202986
0.017853661375596023
0.009849160774219877
0.05218682090737774
0.0
0.0
0.0
0.0
0.0
0.05496155944320646
0.2553713516397652
0.0035208272307436987
0.0
0.0009044473451591652
0.0032706650132028857
0.007839903668265709
0.018233675434877434
0.1523678418691377
0.05898147247122157
0.011329388943177924
0.004076786250990265
0.0030314862238419874
0.00806261042531854
0.03503229392262633
0.16407233718069358
0.13269126472809542
0.017696400347464974
0.03292140112833175
0.0
0.0
0.0
0.0
0.0
0.03467181011619449
0.1610978127780233
0.021980197617511812
0.008935415942559978
0.005359910081064281
0.003351416128351473
0.012982742243065757
0.06083635320982227
0.019569887269854692
0.017181331344243413
0.007891302097475832
0.0028396193347013836
0.002111532556314822
0.005615880510374628
0.024401176082623387
0.11428192509106232
0.09242394809793016
0.012326140613595252
0.019395581584922876
0.003707172145892162
0.011241034994793708
0.029495681823793335
0.0687107283937545
0.07068935215146442
0.041619076061890116
0.04839082073343606
0.01530995011575182
0.006223819035871473
0.003733358425341525
0.002334374541806122
0.009042918519924623
0.04237457501858771
0.013631087540070926
0.011967377654193579
0.023632669300896934
0.0014086739333522605
0.0032970317435360177
0.015048715184097769
0.03206176124827076
0.1260076621997567
0.1351312690928197
0.0036535605243408105
0.21627541697461522
0.016281312029100978
0.008849860591049159
0.002841171115223735
0.008022235950518965
0.0010832467845265717
0.007645443643095374
0.0834166850383828
0.08878468983475768
0.03948057672684195
0.002012273154801328
0.0016444100742999009
0.0
0.0
0.002157536746963037
0.052177728475315675
0.11812004586150242
0.006884811747977868
0.005460857718298199
0.004605377726813255
0.005513700712834351
0.018712421795816402
0.04007012164684437
0.05659696759596597
0.170400326741264
0.027160220789940136
0.0
0.0
0.00022964786365638993
0.0039305067954577945
0.001706980475040497
0.00993527841446316
0.16242326905572305
0.07222601495949091
0.0036812651442969004
0.0030082941150445176
0.0
0.0
0.00394701127189609
0.09545426409255632
0.03994058892990006
0.043517054641004756
0.003431003205170271
0.0006642668575567985
0.0015045053449841985
0.0021024186066262393
0.009225798975789434
0.00788465358208125
0.31173142767058903
0.04968707844998611
0.0
0.0
0.0004201192437137
0.007190493810950549
0.003122760799033942
0.01817566071424314
0.02181561452288094
0.055587597969340895
0.022540165724973877
0.007056930014599224
0.014784556529044701
0.006674878788675569
0.016778422548663
0.015423615554868462
0.06750490567867978
0.07354960824715938
0.005798851593169202
0.0011226993083037872
0.002542814067776492
0.003553366976798876
0.015592826905086014
0.013326112874840658
0.01893305091870459
0.020115817167599987
0.005814731754084764
0.002927641506147059
0.016690323373468447
0.0033628798723773505
0.009363465239729116
0.0
0.03687128908575158
0.09395043133717051
0.0380958769515565
0.01192714999402381
0.024987866246687543
0.011281432625768046
0.02835776491859966
0.026067960967800858
0.004702785294069684
0.0028678107263212715
0.08327495981138172
0.23346037868938382
0.13973804851822266
0.0007938682961636705
0.002300127308146368
0.0011226993083037872
0.019471316433230336
0.020687708656421108
0.005980044232928283
0.003010874180501531
0.017164828276919883
0.003458486347665767
0.00962966800106155
0.0
0.007816713282257777
0.0016328758494639768
0.0048148333041155705
0.004878147195969663
0.012390234887912736
0.0037657802528344967
0.016958544522181155
0.0011546175830412632
0.004836485201014724
0.0029493424151544084
0.08564246197901709
0.2400976434068451
0.14371079294844946
0.0008164379247319884
0.0023655197910753068
0.0011546175830412632
0.0
0.0
0.022357811206509714
0.10356234501291599
0.25969140216840775
0.0
0.0
0.0
0.011214095428184844
0.0023425735263732763
0.0069075067990160355
0.006998338840507582
0.017775409100146203
0.005402503276244315
0.02432924551889548
0.0016564496216938086
0.021017098097132942
0.0037903634234765214
0.0169448065597445
0.0021597459931810086
0.003207376707251887
0.024431786994866655
0.025287027304403818
0.007790180355305898
0.0
0.0
0.032075198281127405
0.14857370071094592
0.37256121091273964
0.0
0.0
0.0
0.0016564496216938086
0.0018886431115717139
0.0516729350797955
0.09770295381006742
0.10909987027730425
0.0035138601646726012
0.0
0.0
0.030816840092141418
0.00555771415123727
0.02484574186838617
0.003166780999160947
0.004702895454255122
0.03582371217503023
0.03707772943933351
0.011422544691417336
0.03437400357205394
0.03897081189817916
0.032909203024272145
0.01199590967817118
0.02578426980543022
0.010070250329147653
0.01965909955497289
0.011755029669779368
0.002428810241856833
0.002769269691345713
0.07576671955786751
0.1432593734006247
0.1599703841543996
0.005152284406743725
0.0
0.0
0.006359597873788394
0.023515485525111016
0.10261957581905981
0.09628137504737093
0.0418574078363257
0.0
0.0010861969292863005
0.0
0.0412932378545838
0.04681534991187529
0.03953358372228907
0.014410598130778858
0.030974453812182855
0.01209731770769836
0.023616331808099928
0.014121230747078932
0.009226615025087979
0.020805854272620238
0.021241431566943116
0.01233427362123739
0.04699529678068505
0.011579238367613681
0.04181507884658806
0.01433040411144631
0.007639738185032078
0.02824897993098131
0.12327614221457797
0.11566210821103706
0.050282996396932025
0.0
0.0013048403879960871
0.0
0.0
0.0
0.04392565506668428
0.06497850952340775
0.0931400501854879
0.041854083877299435
0.02849541872703199
0.0
0.01073360175533347
0.024204082790338324
0.02471080309873039
0.014348835475598981
0.054671057440458075
0.013470480011368823
0.04864475243485791
0.016670994758859727
0.042035228752947705
0.012540323445756538
0.029168662267540984
0.007819840216663395
0.011806961930866817
0.012974679852162501
0.040896949580286515
0.0
0.0
0.0
0.05110004991494041
0.0755914755284538
0.1083526519145376
0.04869012817286931
0.033149586889208736
0.0
0.002146720351066694
0.006872858657416741
0.033909413490060984
0.02581680907458542
0.16094159272115907
0.049652194544496514
0.03907789102840989
0.0
0.038007579506625665
0.011338759286993776
0.026373836496791602
0.007070574077537306
0.010675665569862144
0.011731497381693193
0.036978365739051666
0.0
0.017588747161194112
0.017032368116573663
0.06321629925206639
0.020293863871715966
0.05142819398397918
0.013508896716491525
0.00823509292017822
0.010139611719159593
0.0019410301036112988
0.006214328543204354
0.030660347700764208
0.023343144610361414
0.1455208063032955
0.04489471778349868
0.035333602177896786
0.0
0.008137929052586835
0.00434027532177314
0.04597791363714132
0.07688773550769741
0.1380092366043882
0.05442151750159147
0.0406968210930091
0.0
0.012926328099146638
0.012517433820757035
0.046458944338510305
0.01491437340028313
0.037795625969890966
0.009927963010356849
0.006052137314705498
0.007451806923973709
0.021629026510939807
0.005761420577354562
0.02460390056799905
0.003840975506996398
0.01750849480237122
0.008350890707545345
0.043849160434710106
0.002940810190474086
0.00598072961179421
0.003189756628809253
0.033790104067171554
0.056506360962745736
0.10142579552209371
0.03999548031659029
0.02990892172247205
0.0
0.0
0.0
0.024498498039757004
0.31082907646860014
0.07968496979368661
0.028581895756600265
0.009078205972058245
0.0
0.016741649877781872
0.004459548193532029
0.019044310141691192
0.0029730541545522067
0.013552209098269132
0.006463891859517236
0.033940838301774516
0.002276293597450073
0.018860388710454045
0.003703480603938196
0.008841785194245928
0.0
0.01973941694120577
0.01320542545132719
0.01818623687814252
0.0
0.0
0.0
0.018962724767371698
0.24059296276878442
0.06167905264403688
0.02212342249237316
0.007026860216095029
0.0
0.007177069948964232
0.001990561036488779
0.0027960181148627464
0.16287172652206922
0.2038438555939341
0.07130763472896515
0.014665821342271727
0.0029730541545522067
0.02309548465425998
0.0045350963211163295
0.01082720602448569
0.0
0.024171898471899635
0.016170700696908333
0.02226995218317353
0.0
0.040669013644322884
0.0045350963211163295
0.016132994092659256
0.0
0.009793855903200739
0.011887340316831434
0.03035382415731091
0.016745007533659123
0.00878867935404622
0.0024375410590616446
0.0034238633389911126
0.19944453522414812
0.2496169464484783
0.08731974769435934
0.017959028149022754
0.0036406527806441664
0.021243978459864327
0.008484336046427805
0.009672371315753976
0.012866373560198116
0.04691452038582859
0.06635297763593342
0.017318325348952453
0.013327787530455278
0.02644117079175919
0.002948516465937322
0.010488950037419767
0.0
0.006367526365679609
0.0077286161480579945
0.019734696684450322
0.010886853759940675
0.05768514703323415
0.0
0.0
0.0
0.0
0.0
0.06075222790988193
0.2822768988661088
0.013811883112442727
0.005516135218332059
0.0062885425291563275
0.008365139704421206
0.030501719490517415
0.04313973359563893
0.01125959932010366
0.0086651303975807
0.09588041684299338
0.0015847800002784553
0.002197694462713109
0.0
0.0
0.003550457714099495
0.029416044475728147
0.2545115564637422
0.04286235385300824
0.0
0.0
0.0
0.0
0.0
0.04514131668125469
0.20974293983784675
0.028617342389782453
0.011633555888489144
0.006978389577628679
0.0043634103980603875
0.016903013630418982
0.07920651032564761
0.02547921425805059
0.02236940951790106
0.07124295534742442
0.0011775544424281455
0.0016329742154828103
0.0
0.0
0.0026381310044022127
0.021857288611019394
0.1891121883860991
0.026624112673431843
0.005554245245740391
0.0034869288801119397
0.0
0.0046434153550495875
0.001460576561974067
0.05054155364099874
0.1267302012363496
0.021906835337991523
0.008905592621886744
0.005342020559395132
0.0033402302631888666
0.012939410350334418
0.060633302553643534
0.019504569770664976
0.017123986016665333
0.033815720564582194
0.0020156556794472223
0.004717685620377201
0.021533037213960486
0.04587681337963484
0.1803029458793095
0.19335781231478258
0.005227838640817786
0.020380999899041935
0.004251825147421804
0.002669275706019889
0.0
0.003554576599163583
0.001118084614772605
0.038690018040771754
0.09701311928344808
0.04298581337916848
0.008171442836659899
0.012578808815157275
0.009014808533514445
0.009112679975646082
0.004311252714551197
0.04090418000089796
0.06869933767259737
0.11510298584394403
0.006708957682719583
0.005321374742624699
0.004487745694891985
0.005372868004481185
0.018234463129105063
0.03904663777467296
0.05515134973488715
0.16604790705635505
0.026466485737471
0.0
0.0
0.0002237821244204961
0.0038301125328681776
0.001663380233401275
0.00968150835326005
0.09393211648032994
0.02008408371445088
0.009718704072884568
0.0
0.004381605747230308
0.008165399484745811
0.016785829337946954
0.11351219870606523
0.19275166788493123
0.026590203419980477
0.002700799197111415
0.0
0.0015704658430978282
0.0
0.013646926163840662
0.038820298081722326
0.199803282073675
0.03184677728884645
0.0
0.0
0.00026927411324407515
0.004608724484066237
0.0020015237521618045
0.011649632799939736
0.013982649791511492
0.03562869679153026
0.014447048614852376
0.004523117187180487
0.009476115194995508
0.004278242650691719
0.010754077374528737
0.009885718075759012
0.2319355693866921
0.0319956451635108
0.003249836468108342
0.0
0.0018897210774782719
0.0
0.016421168360930053
0.04671195864681424
0.016263789113499818
0.1200484034582302
0.11851663575855952
0.013445769736562299
0.022889018665202838
0.0019417633557372675
0.010021684328176253
0.011513983952082555
0.017831515494004312
0.04543585574567105
0.01842374478797029
0.0057681509160995405
0.01208451169427926
0.005455872188062071
0.013714245882353704
0.012606861908553894
0.0022743384057213475
0.0013869168306358693
0.0402730355503916
0.11290498550658427
0.0675794429497588
0.0003839267672556543
0.001112376506229721
0.0005429544398235631
0.0207405614738808
0.15309294005170918
0.15113953780841802
0.0171468537767338
0.029189452432606382
0.0024762533482415175
0.012780254246400443
0.014683324427099402
0.0017169726747218203
0.007331352282033895
0.05543989910594513
0.03397869431275123
0.08587899304907116
0.05275843400810099
0.0022386584187898107
0.0016288632375990521
0.0025296247895791393
0.0015425933040726547
0.04479354032082171
0.12557816791294235
0.07516499467344612
0.00042702117916566286
0.001237236806284181
0.0006038991414534544
0.0
0.0
0.011693796448886327
0.05416616909251704
0.1358262831917575
0.0
0.0
0.0
0.0019096967408545173
0.00815427045822078
0.06166283027950927
0.03779268170244242
0.09551860408043494
0.05868038027697924
0.002489939851222198
0.0018116973332989266
0.0021093289072897847
0.004212783259175574
0.009945979988288273
0.04791591314150108
0.11909961729767736
0.08114269864499683
0.007641838614284554
0.0063481681217152
0.0
0.0
0.013175058586880754
0.061027439150333956
0.15303150234499666
0.0
0.0
0.0
0.0006803955074807196
0.0007757702205478459
0.02122493339138486
0.040132008827404114
0.044813352987760575
0.001443336784075548
0.0
0.0
0.0023765192129020464
0.004746419735975017
0.01120584487872809
0.053985458498663055
0.13418605689185015
0.09142110632918159
0.008609836154987562
0.007152295431902428
0.0021942095601854435
0.0025908688563816332
0.0
0.01125190321186901
0.11482653359733656
0.163050018780916
0.04988896554110488
0.006209890112417064
0.0010333142659289486
0.0011781595074650771
0.03223423174546926
0.06094834076034559
0.06805788168387465
0.002191990501300505
0.0
0.0
0.002705630557425949
0.010004440134757639
0.043658524585414
0.04096199722199965
0.01780783690166562
0.0
0.0004621121746348066
0.0
0.003332338347400907
0.003934743426456303
0.0
0.01708822586252228
0.1743866530110207
0.24762349047561538
0.07576619663015954
0.00943093828877685
0.0026464569917241916
0.0
0.0073667407447487645
0.02078022482379804
0.04491136739833005
0.03563396744639767
0.04547725873478903
0.03037651952177647
0.005415462186551473
0.020024414308412376
0.08738483839340963
0.08198759672954235
0.03564332428925324
0.0
0.0009249418775269577
0.0
0.0
0.0
0.03113689478249221
0.04606030373552807
0.06602273633162449
0.029668452386803493
0.020199103538460397
0.0
0.005297023175496633
0.0
0.014744919934401225
0.04159271540323611
0.08989246932639791
0.07132326426944353
0.0910251306669788
0.06080020510476714
0.02225132244927993
0.031853490500054156
0.06247372381198165
0.007044147505089506
0.013975466488017242
0.0
0.009399516193981878
0.05385769944943282
0.0
0.0
0.030467899864645
0.04507067039768818
0.06460419811910309
0.029031007837312845
0.019765113646189644
0.0
0.0012799607985230649
0.004097874066788491
0.020218152749435045
0.01539301732617582
0.09595983446683629
0.02960463040564051
0.023299806414220216
0.0
0.021773239398997148
0.03116909909207686
0.06113143826870049
0.006892799757846555
0.013675195182213022
0.0
0.009197561933355598
0.05270053437339343
0.0
0.12036700686800046
0.1251650435118415
0.08227676721126885
0.0786569610832161
0.01639123016202274
0.0018101378895980238
0.0
0.0007082393107375142
0.002267472181882699
0.011187288379588307
0.008517401465608187
0.053097350402996284
0.016381097809654414
0.012892456436295675
0.0
0.00296935181598249
0.0015836712663984658
0.016776332218100883
0.028054648250342023
0.0503565433767616
0.0198572180683372
0.014849377382913927
0.0
0.0
0.06660254445143785
0.06925743682739842
0.04552611374243577
0.043523170370971795
0.009069741483869163
0.0010016016215090835
0.0
0.015189361646765888
0.031129706493639935
0.23225675923008582
0.2236004529571862
0.019666618578078963
0.0017705982768437857
0.0
0.0019069926810188088
0.0021703186741523195
0.001157515692375373
0.01226193100485815
0.020505325999689836
0.03680592709428928
0.014513770634540804
0.010853507105559913
0.0
0.0
0.0
0.00889014405190905
0.11279529303565085
0.028916501700972114
0.010371948930929022
0.0032943472164507987
0.0
0.011102003828913558
0.02275290619332454
0.16975798524176186
0.16343103433882894
0.014374460219801521
0.0012941418675861771
0.0
0.0013938334301816272
0.005317370761139739
0.018684386481283396
0.04460453388617798
0.271462180737462
0.009195864728677377
0.0
0.0
0.004092435843165722
0.0
0.0
0.008386885508364358
0.10641011023542063
0.02727957923430928
0.009784807498549375
0.003107858856712069
0.0
0.003174294026091507
0.0008803907516059154
0.0012366304999066248
0.07203535038596438
0.09015661511849499
0.031538134718547016
0.006486439369483492
0.0013149304812618647
0.00501636188556773
0.01762668965739699
0.04207953399551507
0.2560950887187376
0.00867529976786615
0.0
0.0
0.0038607688094308285
0.0035917675586760733
0.003861266907284989
0.042766701318834886
0.07481129280719091
0.11800879032080401
0.0494689197525562
0.003605222255223768
0.008739957014329967
0.0035021984214091873
0.0009713350669956498
0.001364374361366922
0.07947659805100533
0.09946978841665963
0.034796022270654516
0.00715648819348426
0.0014507627264158708
0.008465507140425406
0.003380920740364088
0.003854340588466408
0.0051271176654136665
0.018694954340412264
0.026440979829964913
0.006901174710695108
0.005310986391663965
0.003962796946555275
0.004260135562799056
0.04718449917259934
0.08253929516905174
0.13019909175925012
0.054579056395585995
0.003977641512503659
0.00964279408497623
0.009286992096150986
0.0006023964504570776
0.007292287235438489
0.010219773143907304
0.046217260048638915
0.22929788806407903
0.05273550307311205
0.001638695537653007
0.009586983812086237
0.00382881165536272
0.004364948279523571
0.005806337794726867
0.02117158743784571
0.029943775535322983
0.00781541485209688
0.006014564717564469
0.06655167848486741
0.0011000136682810763
0.0015254445079224172
0.0
0.0
0.0024644127345607603
0.02041800816793467
0.17665934123122173
0.010517295823141695
0.0006821995331398421
0.008258340406493207
0.01157364798925791
0.05233993859734852
0.2596743590845782
0.059721692498477204
0.0018557833962948931
0.04060809347482234
0.011958263161987531
0.0037254718444845697
0.0009647758295456127
0.009830194054369365
0.03850814928479027
0.04651137937110919
0.08601870225704815
0.06656251706399603
0.0011001928160570252
0.0015256929411908461
0.0
0.0
0.0024648140878104035
0.020421333436390934
0.176688111899255
0.02487499213777531
0.005189348787459857
0.003257848610456085
0.0
0.004338357558280085
0.0013646212717533786
0.047221132394972595
0.11840442526817677
0.04061470689231097
0.011960210679833404
0.0037260785733048965
0.0009649329525424772
0.009831794995751065
0.0385144207062273
0.04651895419532357
0.08603271122770344
0.02699561127391446
0.0006823106358766893
0.0
0.0040134715176895425
0.005049263514942847
0.006601157187344985
0.028657886977505705
0.2164227098187614
0.021494897372138243
0.004484203210874084
0.0028151615545386694
0.0
0.0037488474353025744
0.0011791920988642765
0.04080457147500694
0.10231524719485163
0.045335148011386196
0.008618042589978881
0.013266287517044902
0.00950750135995427
0.0096107218405344
0.0045468787156505795
0.0431397456241635
0.07245401207601038
0.02332735988887937
0.0005895960494321382
0.0
0.0034681079656595257
0.00436315318040881
0.005704170497559932
0.02476376016812337
0.18701448871976933
0.03776922287524405
0.010606906449396908
0.03746757095092076
0.0233478750360901
0.05319176139737641
0.035022707753243676
0.05946118877562876
0.11058133471149978
0.06845501010896389
0.014636699408236127
0.007082710477354771
0.0
0.0031931875588362287
0.005950707012857033
0.012233026999419585
0.08272440780722329
0.1404718414531382
0.01937817130198849
0.0019682643516209853
0.0
0.0011445100908330636
0.0
0.009945485138702529
0.028291110614693554
0.050181919255211364
0.024929202542565657
0.009308715614933889
0.006195956803332589
0.000658138843612799
0.001045796434264395
0.009452212131221818
0.05774484561218609
0.0838471466086706
0.0887304875436545
0.10040423174454428
0.10434207437260244
0.0029954922660044934
0.005181615243911145
0.027288732801094784
0.03221819548331925
0.1322801979577159
0.018248129371470558
0.0018534846227697306
0.0
0.0010777677562553145
0.0
0.009365512186098712
0.02664130884767934
0.009275753818895453
0.06846740504681552
0.06759378943419747
0.007668548153909758
0.01305433197718319
0.0011074491151278423
0.005715683844036375
0.006566789563545204
0.07895758350462478
0.08355615143747404
0.09454913891330628
0.0982573454618738
0.00282080953612379
0.004879448315867236
0.025697384896518627
0.030339384977704706
0.028105603083704314
0.01679746538745816
0.03979531636330575
0.07299967884583244
0.028192338494645863
0.010695567245399796
0.004537355997770855
0.010903177554336148
0.015006473651106514
0.11076774242344246
0.10935439209872361
0.012406308755140252
0.02111952221600942
0.001791650176425893
0.009246931373799732
0.010623864807295729
0.001242285809635886
0.005304472831454917
0.04011257777187362
0.024584695141712375
0.06213625643632625
0.03817245019201835
0.001619742484681692
0.0011785357540618482
0.04546972681238
0.027175227659532786
0.06438154548979913
0.11810013272534968
0.04561004884812235
0.017303472168997518
0.0073406123702349935
0.01763934768829008
0.005948993422306165
0.015286495025312671
0.08076457630222572
0.05570030379041713
0.008635567754400357
0.007576462518691047
0.01125388659811882
0.007145539889529318
0.0019842831063750883
0.008472748980982622
0.06407117412796892
0.03926873740864824
0.09924924118398372
0.0609722396065744
0.0025871885713432755
0.0018824561698321098
0.0021917122373319277
0.004377320478779987
0.010334436690861275
0.04978734839892565
0.12375124988367098
0.08431186097898771
0.007940303263639927
0.006596106329799704
0.009502231335378888
0.02441687218765325
0.12900395634159298
0.08896919772727657
0.013793453226384736
0.012101761499094253
0.017975651725630978
0.011413455727131054
0.01387276732567833
0.0228632901797307
0.02234525894572339
0.011090267160345836
0.022666256159819643
0.007882084434843301
0.00762853622387501
0.016696298393897847
