0.02918972256890211
0.026169868888246853
0.019039807811005113
0.01886291061934645
0.018493468709641903
0.0075715547474004595
0.018175168767296634
0.012373482663869447
0.03483558661042265
0.10335112664209418
0.042109096377674585
0.018577712216009585
0.01305561447210523
0.016076911387028554
0.0187905778680218
0.013843250614775112
0.0792955454596595
0.10649681699367794
0.019095975035381314
0.04455956807665499
0.02821318400144075
0.004380806491652949
0.012136412702614285
0.018997186789984744
0.029255140501414166
0.06926205702916208
0.03687095416154667
0.01595991982002287
0.033196007324592075
0.02655879283163776
0.04227148792468634
0.02293401060249296
0.03246485183691756
0.09631756890266363
0.0392433631210524
0.01731340658351919
0.012167115031443142
0.014982797677906027
0.017511785670142
0.012901148620690306
0.03406002445140535
0.04281210388050445
0.07314769070012876
0.02466930730538173
0.003033648514087585
0.02468166899520228
0.011830196363213651
0.006843138799674618
0.027264182815926855
0.06454842987197222
0.034361702512058494
0.014873767968388458
0.030936854068869552
0.024751335003743942
0.03939470311633547
0.021373237217525837
0.043076841088880394
0.12698286049514382
0.0373503987195134
0.021736124087409547
0.005483855781965392
0.0017116667018572198
0.012679323615065475
0.029494645790584386
0.03315618313527012
0.04167601108723351
0.07120659094757326
0.024014664816359065
0.002953145434309218
0.024026698467483898
0.011516261760309275
0.006661544344626046
0.031513417594093075
0.06740690095155635
0.17828384816144344
0.04138581729239335
0.0070431520665330686
0.0032985411838019844
0.0
0.0007986331959929602
0.04193372303856099
0.12361315194075634
0.036359241664268606
0.021159318658779493
0.005338332239122987
0.0016662446826570061
0.01234285596043135
0.028711954647530777
0.06508796923827204
0.015606458842832613
0.0567981830812243
0.009450309373063561
0.002880661454226259
0.0
0.004982684500133458
0.029127252306993784
0.030353534956324313
0.06492592300474793
0.1717219340351945
0.039862571177179396
0.006783921858551179
0.0031771350989927543
0.0
0.0007692387079082517
0.0
0.007669924592379134
0.2610889442347106
0.11335861066423018
0.0013059745673354715
0.00041717827890338165
0.0
0.0009513128315967771
0.06269234187663512
0.015032047622760837
0.05470766953358953
0.009102481349313626
0.00277463584795647
0.0
0.004799291847656832
0.028055194852865898
0.02976375514274619
0.019986825206556338
0.020804014412083
0.0065839349661525074
0.012235924850408164
0.0033286022230085014
0.01980689187544122
0.00793994557799379
0.0
0.009691786127227408
0.32991435277220993
0.14324096632305605
0.0016502412822663219
0.0005271502486574304
0.0
0.001202087503322264
0.0014144925276568473
0.004536418414925929
0.09624822056082431
0.1408134476985504
0.03381214354313437
0.009460477266727685
0.0026671926430032263
0.0
0.037609750358338565
0.025255533210416542
0.026288140886026896
0.008319519807395013
0.01546142537526541
0.004206051892617805
0.02502816782483504
0.010032987088321687
0.0057542709372335535
0.0008500042151774312
0.007644001204938287
0.011819979267512697
0.039034901509651235
0.006437085642771589
0.0003333990803754033
0.0007455030291546618
0.0019877677513745143
0.006374969153685653
0.13525635888293758
0.19788328663616986
0.04751576075924925
0.013294684316618116
0.003748170752975067
0.0
0.0
0.0
0.04206213590549779
0.22952511820338362
0.10856321044915446
0.010111223327052027
0.0009370426882437668
0.0
0.008086401290964848
0.001194499747737089
0.0107420143900049
0.016610461455599163
0.05485523386079618
0.009045951819012646
0.0004685213441218834
0.0010476456050004341
0.0023190623766036
0.0
0.030024417094660746
0.028626355899359024
0.03655984760402648
0.0014815946269381823
0.0016778400017128578
0.0
0.0
0.0
0.049088908704631264
0.2678688880236562
0.12669945098350668
0.011800373616521908
0.001093582196560024
0.0
0.0
0.0
0.000546791098280012
0.19769959951338484
0.14506587507745147
0.0031231545810834877
0.0049211197462469755
0.0
0.0027064779007230514
0.0
0.035040205114189836
0.03340858805760846
0.04266742481459938
0.0017291053298492715
0.00195813486148466
0.0
0.0030931176008263442
0.005187315805183639
0.018834735649034342
0.011871702641243227
0.015493065640899775
0.015280717932987438
0.0035985081102336515
0.001222662100997885
0.0
0.0
0.0007227028757956295
0.2613028441051898
0.191735976368429
0.004127925279696969
0.006504325699402771
0.0
0.0005110281130039824
0.0
0.0007227028757956295
0.1445062054657385
0.1954505369173713
0.011890729640879468
0.00216810856646759
0.0
0.0040882249040318595
0.006856161451528477
0.024894182917800378
0.0156910265481743
0.020477442169028866
0.020196778676774524
0.0047562079339264615
0.0016160128050676402
0.01112621389091187
0.005970463083981521
0.016531152407055216
0.004712765163928698
0.009427273107142923
0.013526471282537467
0.01725385802421927
0.0032320256101352803
0.0005899086268732305
0.0
0.0008342567664073156
0.16681167840230035
0.22561959884516888
0.013726141119201724
0.0025027702288993583
0.0
0.0
0.0
0.0
0.004755995408665976
0.31198767300142327
0.07849458164394968
0.02427605733481572
0.0
0.012843617389469405
0.006892042903403643
0.01908284332882102
0.005440211127107811
0.010882434042821977
0.015614370124994824
0.01991710325974481
0.003730909789847824
0.0005899086268732305
0.0026381516191380902
0.022987785772474914
0.003730909789847824
0.023197893914083726
0.014509835171066085
0.00834256667955692
0.0
0.0
0.0
0.0
0.003477732533334839
0.22813514042075553
0.057397692137436555
0.01775141208516668
0.0
0.0030195174153104408
0.0009645494712872295
0.0
0.0
0.12851503745280382
0.17929144219161808
0.12923719097526956
0.005335624037472808
0.0004313596307586344
0.001929098942574459
0.016809387642510755
0.0027281578807769814
0.016963025284435315
0.010610045109756877
0.00610034557647908
0.0
0.008335832669262628
0.003858197885148918
0.007773925142439742
0.0035635901209740495
0.01301078876518332
0.022984709895532886
0.1158450857200847
0.015930558873298757
0.001993694718091616
0.0006368624259269928
0.0
0.0
0.08485453671035008
0.11838063906636125
0.08533135252737134
0.0035229488683503857
0.015350237255119662
0.005989400052283072
0.0
0.0075755750250693175
0.10296576727080402
0.08522061005909565
0.027525457262653482
0.023998367014079314
0.005503894589028494
0.002547449703707971
0.005132884286984075
0.0023529292348522454
0.008590624683211123
0.015176098830640703
0.07648895626364786
0.010518459314359642
0.012720731617508302
0.0022962401036300023
0.001442436729156395
0.0014522697570419673
0.0399037333771051
0.2184495099199605
0.024548937262821275
0.009529031509468284
0.014460786245376401
0.005642351479956755
0.0
0.007136617454352525
0.09699953989946739
0.0802826044499173
0.025930527793550547
0.022607810541361406
0.012029246178611917
0.014086923058113281
0.04338845279072693
0.06539151490093882
0.027942005925591817
0.02653575318631285
0.03097528731359515
0.007595454014093006
0.011983644144929197
0.002163187236443504
0.0013588564701730351
0.0013681197351007913
0.03759155960709028
0.20579171617078407
0.02312647866015324
0.008976883255528749
0.0342881173357853
0.009766073561161529
0.003290131101745518
0.017398832933329406
0.006479350022612091
0.028511686419450913
0.05515831373380422
0.07174183094268881
0.01180856932812527
0.013828498068936537
0.04259249043638004
0.06419190576977421
0.027429409061882907
0.026048954067606787
0.030407044819777306
0.007456115202254039
0.01300758724982994
0.012018121209450148
0.011621741792078652
0.01246981793475992
0.036774997760371825
0.1161798986874054
0.06293098543339944
0.06044970435609547
0.03365910088451081
0.009586914674303771
0.0032297735566058816
0.01707965086681744
0.006360486169053844
0.02798863875148529
0.05414643295821809
0.07042572508987759
0.038550790250188365
0.007554326633482181
0.05175964625349802
0.028140070082915563
0.03922084344795682
0.029897499830798795
0.02561667406301605
0.007567248172256159
0.010142999278478743
0.009371437793562878
0.009062350791708982
0.009723659882941377
0.028676246300357162
0.09059425133400453
0.049072047535431436
0.04713720507053649
0.011942958412433636
0.007749952277975499
0.01104737571611857
0.009176797135616208
0.03998821616586242
0.07862181383113205
0.08311477006336984
0.04116714787434323
0.030060965971806804
0.005890679656506188
0.04036090971524401
0.02194294030594224
0.030583457112629
0.023313341159105057
0.019975257636007316
0.005900755557281946
0.04920694653590343
0.010352772786896529
0.03355265791651297
0.0362723370937834
0.03176703013647046
0.033355381643293984
0.04205105990326934
0.0488240145143522
0.011437177085322568
0.007421743720862793
0.0105795220941068
0.008788162052616264
0.03829472512765216
0.07529219951228874
0.07959488016226984
0.03942372937063431
0.017872706251340312
0.019544608576739498
0.015583563459429758
0.03478707071464677
0.036985316579220315
0.0690657945033452
0.04066123249819029
0.008060253594183596
0.04712304455261408
0.00991433542668731
0.03213171117425102
0.03473621261279935
0.030421704287887246
0.031942789502281604
0.040270207944330914
0.046756329607214764
0.030572426861525837
0.024078171983959673
0.017381892255345508
0.019259758488719095
0.0293795153589698
0.026808648214497008
0.02675607043294
0.039074244235379335
0.07967316388982836
0.10700397235301136
0.019186913209443976
0.04477176806908292
0.028347539824216558
0.004401668612730016
0.012194208296125577
0.01908765451817394
0.02939445829242594
0.06959189433709666
0.03704653970987226
0.016035923583325357
0.03335409217161748
0.026685270171545396
0.042472791703082595
0.023043226133213975
0.08309641850541803
0.04985734634810807
0.018260406011833423
0.0028621099844513514
0.009609591093040097
0.007161663677576361
0.03809288861002172
0.03901339242934552
0.02743993475742218
0.04613724857190987
0.023419145962831355
0.026926028881839786
0.008346655754656518
0.003945409817074417
0.014536833543131752
0.009003566585559522
0.025249921146810485
0.05977963012577893
0.03182308029393037
0.013774902805389542
0.028651257624087486
0.022922721041825536
0.03648424579622466
0.01979419511812191
0.039894349597469854
0.1176014420144585
0.03459097339674232
0.02013027212111295
0.005078711766641287
0.0015852097802934542
0.011742582700416495
0.027315598838719275
0.023570980012823112
0.03963202440344664
0.020117111293712978
0.023129533441287497
0.00716980042795868
0.0033891179684930753
0.012487180305784547
0.007734088652486382
0.1381113564156315
0.15598358287873632
0.01563975310395128
0.001303034386285169
0.009032625497178504
0.0
0.009411502253200595
0.03686897891658118
0.04069851066838909
0.11997196572285833
0.03528823289568216
0.02053604339825232
0.005181084717556908
0.0016171632776537238
0.011979281079385017
0.02786620666756173
0.06317071842134481
0.015146750292758998
0.05512511870101887
0.00917193821510973
0.002795807823193651
0.0
0.0048359130454365086
0.028269271194140244
0.14089530395211036
0.15912778566231894
0.01595500778868447
0.0013292999987864975
0.009214698544271973
0.0
0.009601212420361023
0.03761215678182797
0.017614920638545743
0.056174762260238
0.0869666970983752
0.013407809682425467
0.002902645000783997
0.0030350661608491885
0.002307706880534376
0.002200680380541447
0.12121558062532194
0.029064449118298644
0.10577722459660995
0.01759963862985677
0.00536475565062952
0.0
0.009279426011056536
0.054244691326710566
0.05754819094678766
0.038644506645435596
0.0402245411610321
0.012730031704541749
0.02365814852073345
0.006435849085469968
0.038296605728799143
0.015351876872997614
0.03380051527400112
0.10779134057724103
0.16687666291102526
0.025727670607270856
0.005569760925820574
0.0058238582070532854
0.004428159698473631
0.004222791140648976
0.005455337560783578
0.002107239321140929
0.007900566822204236
0.007095455446194017
0.019868586369393603
0.010038337193352788
0.014088968831545775
0.0037687707569015096
0.11758278021746278
0.07895866849583698
0.0821870037071936
0.026010070785031664
0.04833845916090909
0.013149762244121692
0.07824783542975253
0.03136703925154384
0.017990100133021887
0.0026574454194686127
0.02389813559246354
0.03695387528885232
0.12203835976810738
0.020124845795664384
0.001042335841609586
0.002330733865376758
0.011146375704751686
0.004305522969304391
0.01614248157874499
0.014497473587728847
0.04059560493333791
0.02051038575732448
0.028786658596134423
0.00770037313611658
0.015161534365520146
0.017860804720464862
0.019034402421733092
0.02058640285080418
0.05682613582628036
0.005953600870589542
0.012644209350731706
0.005369638919290449
0.023219277520268287
0.0034298843382392433
0.030844599998632875
0.04769524791061388
0.15751121575875568
0.025974529109174208
0.0013453113099259892
0.0030082076278571614
0.006658951364352467
0.0
0.0862120550069849
0.08219766470949876
0.10497787793008709
0.0042542480366209124
0.004817746638162435
0.0
0.01956853333016792
0.02305239984621085
0.024567126863926377
0.02657024682477808
0.07334377287499998
0.007684132374860156
0.01631949815555002
0.006930430366075759
0.04364507361687056
0.0379148768058161
0.016925548994502666
0.012716833380560726
0.03657444481215798
0.020925273333072543
0.027489267013411263
0.023624506511044283
0.007685501855070514
0.0
0.09950259018749492
0.09486933753401094
0.12116137082666716
0.004910087097559026
0.005560455197656741
0.0
0.008783430691509159
0.01473026076914381
0.053484418155324384
0.03371170799057515
0.04399518085555167
0.04339218361598647
0.010218572540089269
0.0034719558740284764
0.050373441086060004
0.043759871499557894
0.019534808272020854
0.014677272920197416
0.0422127971915813
0.02415113404793958
0.031727039449047735
0.027266483667043907
0.012077217200825094
0.0
0.059197803702459736
0.03068987816589236
0.06017525706366279
0.017737451556634976
0.020941085637498066
0.0
0.0110267831152951
0.01849247707847293
0.06714472963470058
0.042321924714175944
0.05523187174247489
0.05447486459875885
0.012828470685878926
0.004358718791484976
0.03000968644080074
0.016103566479430433
0.044587916887525975
0.012711296603254324
0.025427293840561433
0.036483674124853344
0.04653720252707439
0.008717437582969952
0.015161826783530764
0.0
0.07431735562732379
0.03852829745639859
0.07554445772419825
0.02226772638191806
0.026289592032271984
0.0
0.04303495148481083
0.02036539844658323
0.06917148635046129
0.018415163741658386
0.047257188234139776
0.009973818741055763
0.04579042741229205
0.007422630450346068
0.03450724552833831
0.018517011948252702
0.05127031895751946
0.014616341751431035
0.029238088622096436
0.04195149133882804
0.053511744515279014
0.010023922097517311
0.001584921226592256
0.007087983307352493
0.061761818633278724
0.010023922097517311
0.062326321063563096
0.03898391159131071
0.022414167910672834
0.0
0.04948461024795934
0.023417565720487938
0.07953823402200733
0.021175048860690573
0.054339634657337314
0.01146859740876286
0.052653050030380566
0.008535061901479093
0.01584921226592256
0.0035439916536762466
0.025383050570041404
0.005011961048758656
0.12386909330997263
0.027775520189627055
0.04013412882417673
0.0
0.0011819867366757385
0.005286005461030409
0.04606011278836173
0.007475540594664782
0.046481101777733756
0.029073032571935636
0.016715814476787248
0.0
0.022841367044218987
0.010572010922060818
0.02130166050567517
0.00976474374881151
0.03565141162396213
0.06298137402213469
0.3174320104767089
0.04365199697281644
0.011819867366757384
0.0026430027305152045
0.018929918160454442
0.003737770297332391
0.09237785633752736
0.02071415027925198
0.02993083010201646
0.0
0.013001854103433123
0.0
0.011000910814331624
0.003737770297332391
0.019367049089055666
0.036228465661258924
0.05027412834532074
0.00976474374881151
0.010631673555987273
0.004920816198789202
0.009915006411760453
0.0045450680641948024
0.016594198125809055
0.02931511968677655
0.14775094262421787
0.020318126361854
0.024572175895277503
0.004435563725480023
0.002786302713741422
0.0028052968170723105
0.0770805944896229
0.4219709953319384
0.04742029174123348
0.018406884556861732
0.006051803650047298
0.0
0.005120450644222948
0.0017397712471224924
0.009014528038492934
0.016862791951074724
0.02340044358310572
0.0045450680641948024
0.0061410827302728135
0.002460408099394601
0.010342552258138488
0.005747926854001627
0.013339392210491173
0.014389744639156073
0.03737427551978808
0.0
0.012793617451078812
0.002309396844850826
0.0014507014427387948
0.0014605908108141859
0.040132369351608535
0.21970115763192635
0.024689595033889112
0.009583629894653245
0.036605647748423904
0.010426161493911228
0.003512510733009363
0.018574818306703232
0.00691728864095269
0.03043878844566017
0.058886458628319614
0.07659085410251493
0.003197383232212521
0.0012810228988813339
0.00538489784634194
0.002992684800087757
0.006945216479738915
0.007492087347765416
0.01945909005165814
0.0
0.01330947141013701
0.01008331841180353
0.0008101899932981279
0.0
0.0014674901348784393
0.00414354237295887
0.2562482299660664
0.11311142184297386
0.0279553885562681
0.007962361374283793
0.002682471377755271
0.01418541386549643
0.005282668211273986
0.023245816165542693
0.04497103405930468
0.05849171420233737
0.03201815533614396
0.006274206106828642
0.0429887009613315
0.023371586658469744
0.03257466448240007
0.024831210658260792
0.021275793414922545
0.006284938022645731
0.010164318011964192
0.007700535340224285
0.0006187344702300643
0.0
0.0011207084001070133
0.00316438430024541
0.19569436073879504
0.08638212795752073
0.04646468174959721
0.02181406568949663
0.01607329308628718
0.02335217649852997
0.04776790291978583
0.03691173203756242
0.07374479534778854
0.05462977999133795
0.03005786037610418
0.005890071090918378
0.04035674003327561
0.021940673382744198
0.030580297538413407
0.023310932659917592
0.019973193993929703
0.005900145950753729
0.04920186297066323
0.010351703242866994
0.03354919159442822
0.03626858980188639
0.03176374828743176
0.03335193570180335
0.04204671561203636
0.048818970509784856
0.04361990569996745
0.020478510827570386
0.015089214050580762
0.021922451599783174
0.044843337829690834
0.034651830381145304
0.06922980848699818
0.051285100035206574
0.02398714412235518
0.006000449972072402
0.016067872640762506
0.03205570731413197
0.027010056442441126
0.048161949107339244
0.03802709996622592
0.04420666591280823
0.049864264053246454
0.010491067466509173
0.03400086190709894
0.03675687117372918
0.0321913813074465
0.03380095037281882
0.042612787469053004
0.04947621673917177
0.03235087164348173
0.02547883603715589
0.018393023485524074
0.020380128066873143
0.03108856665617994
0.028368148241901238
0.028312511930457796
0.0413472527238462
0.02431008128927103
0.006081233591177582
0.01628419323493181
0.03248727095716949
0.02737369085682854
0.04881034990563913
0.03853905603179498
0.044801817022746875
0.004807535529653327
0.0021433621821950796
0.0048526870370422855
0.003634786060308516
0.05701232804485284
0.08473973296825249
0.06011010095622865
0.029097768654532407
0.08321778643121183
0.0499301663663554
0.01828707656685457
0.002866290289191969
0.009623626549196523
0.007172123770579329
0.038148525843987355
0.03907037412124623
0.027480012633524724
0.04620463513635778
0.0234533512056143
0.026965356163737495
0.00835884660854021
0.00395117235431149
0.014558065569330625
0.009016716902033926
0.08391095349992723
0.09623052379359277
0.06086094062394456
0.016571297118926277
0.003652238114261799
0.00352359776347968
0.010344349836306922
0.02155653533597966
0.02760132260733105
0.11185404074546555
0.09286964204127605
0.044632071970756464
0.005472518357511092
0.005385528267053778
0.0032035441783495582
0.00402649424171745
0.020446061779488822
0.03437781623667102
0.01745008905494567
0.020063139903985536
0.006219265487344957
0.002939806292487101
0.01083169472990902
0.006708743306843969
0.11980126936541359
0.13530408877312855
0.013566315783449714
0.001130284848075519
0.007835126874055593
0.0
0.008163774115546007
0.031981080984540854
0.020536320515974496
0.08322320145432588
0.06909816468928569
0.03320777588535009
0.004071739337213933
0.0040070157583927315
0.0023835455630012744
0.0029958483323430495
0.2453203066974557
0.017536841638732474
0.0
0.00788858747087664
0.0
0.0
0.015587081708437043
0.05732480880931229
0.1400055222260251
0.15812286220622657
0.015854248757178745
0.0013209052062403428
0.009156505899477621
0.0
0.009540578863952332
0.037374628568719474
0.017503678928914686
0.05582000752019832
0.08641748519644818
0.013323136711023198
0.0028843142232025942
0.003015899117437286
0.002293133254914046
0.002186782648447937
0.2866931029508909
0.020494396134793126
0.0
0.009218982522772954
0.0
0.0
0.018215812955313073
0.06699252717744444
0.00927672818475641
0.0016708276349159611
0.005484416961051157
0.004373067544753029
0.011171165001807972
0.0021871417996003977
0.005770357217627153
0.0036315454764834936
0.05554596741016941
0.17713855076663004
0.2742362240466633
0.0422794842476931
0.009153048595860715
0.009570618540814224
0.007277001912679
0.006939510157670869
0.008965011329156806
0.003462924920187643
0.01298337092409876
0.011660293749360576
0.03265097712310209
0.016496468946529796
0.023153061342881004
0.006193397229073373
0.02943865935362136
0.005302184628383545
0.01740418383012564
0.013877440754586705
0.03545044271230388
0.006940649883684522
0.018311583253842707
0.011524303405273198
0.013210825411462354
0.01335278687963515
0.09069889866704825
0.03199986114921896
0.007802627607579699
0.0026510923141917723
0.0043277901195861584
0.0
0.017418092071092815
0.006728105841756164
0.025225350180385266
0.022654747734875743
0.06343747987152042
0.03205093718332251
0.04498400943302448
0.012033131828623955
0.023692454705711075
0.027910519914759742
0.02974446427089683
0.03216972671350512
0.08880042195640557
0.009303505539855402
0.019758709778940103
0.008390966495490827
0.02566727078231438
0.02594308726847311
0.17621860248981416
0.062172428711443156
0.015159700425950984
0.005150798846999553
0.008408449693995807
0.0
0.022257125518050976
0.01287699684289942
0.07896013927509153
0.040155259186694804
0.024560632756294117
0.015062273635463252
0.01581880723384791
0.007284329567868412
0.023169301656843732
0.027294227775754003
0.02908767680992959
0.03145938703699441
0.08683962000218672
0.00909807485110721
0.019322417744580076
0.00820568557970621
0.051676119993390855
0.04489152064563456
0.020039986837273885
0.015056833526700642
0.04330443832896085
0.024775692788300826
0.032547514369784605
0.02797160669188266
0.021765665970341692
0.012592659899248152
0.07721662058469611
0.039268590982301704
0.024018309469485466
0.014729683598966639
0.015469512180354047
0.007123484300051301
0.03424974278832466
0.008122021567987072
0.03158250543655337
0.026300094498728995
0.08839618373599295
0.06065781240274433
0.035559880673647064
0.00820568557970621
0.05180590199797295
0.0450042634664747
0.02009031626726733
0.01509464801505627
0.043413195271516776
0.024837915708198585
0.03262925583295203
0.028041855990559084
0.012420654956751048
0.0
0.060881201501907185
0.03156260097212084
0.06188645053684135
0.01824184842697029
0.02153658370119971
0.0
0.034335759313482865
0.008142419621101106
0.0316618233277922
0.02636614587768663
0.08861818635391651
0.060810151480991684
0.035649187544927574
0.00822629375082356
0.015045427730788222
0.029533352933107607
0.07686543174534113
0.05711332779194315
0.046295168475163
0.008170609185325507
0.005718576909244372
0.0
0.012300043266620616
0.0
0.0602900100843946
0.03125610999709454
0.06128549757410208
0.018064709606389482
0.021327451109651042
0.0
0.034912136432996885
0.01652144465250306
0.05611541980227009
0.014939315296118569
0.03833742913948484
0.00809126787951927
0.03714751833070895
0.0060216144792370075
0.014899327990181606
0.029246567121499135
0.07611902427587257
0.05655872459123066
0.04584561581194957
0.00809126787951927
0.005663046244511597
0.0
0.008945486012087722
0.010001357554242814
0.06073587419743243
0.07673138521675588
0.1264123102489892
0.023065387850318374
0.029390799962642614
0.011682426113913656
0.030715153431573237
0.014535309472875936
0.04936947162806198
0.013143376726989424
0.033728672562083666
0.007118571355619016
0.03268180758057267
0.005297722555321459
0.009837623941626565
0.0021997596193529655
0.01575528813733267
0.003110929879700107
0.07688568602200054
0.017240296730463525
0.024911299058437062
0.0
0.007870099153301252
0.008799038477411862
0.053434475382368625
0.06750707664290301
0.11121558007167885
0.020292568692865283
0.025857567670250787
0.010278016392108657
0.009997266169744239
0.0
0.007990528836952504
0.14697409568349173
0.17121066802814372
0.013693290538448085
0.00834750034245611
0.0
0.008421917325261463
0.0018831979916662841
0.013487986013251622
0.0026632441336426967
0.06582126893805994
0.014759290921109594
0.021326379457063484
0.0
0.00926410905778761
0.0
0.007838392640635239
0.0026632441336426967
0.013799451482936013
0.02581358429438113
0.03582143008767367
0.006957596223638086
0.008558585859737408
0.0
0.006840632824474981
0.12582343969907586
0.1465721905911158
0.011722725071611857
0.007146233498445082
0.0
0.006737533860209171
0.0018831979916662841
0.006094156453502859
0.0830253636445771
0.291713801530616
0.032068436311090825
0.033283745351021
0.008007786606688654
0.009036325209784576
0.0
0.0076456639900218636
0.0025977608806770293
0.01346015364657559
0.02517888563910332
0.0349406607513625
0.006786524398944981
0.00916963336880621
0.0036737886786435683
0.01544310937830919
0.008582587826425384
0.019917877889829308
0.02148622456449859
0.05580586013795343
0.0
0.006571872879843328
0.0018368943393217842
0.00594431469336679
0.08098395451447675
0.28454120761858953
0.03127994474899722
0.03246537204121681
0.007810892935005745
0.010490622743257969
0.004798797588882504
0.025015705359116156
0.02599244145471785
0.16669412511982992
0.025628407394796226
0.051023816946631086
0.005195521761354059
0.0038889198349981178
0.0015580851586248891
0.006549554596114769
0.0036399488061695973
0.008447342143507315
0.009112491364415453
0.02366774195551858
0.0
0.016188071182322968
0.012264159197185053
0.000985419546619008
0.0
0.0017848819108379876
0.005039716215126467
0.3116701226673469
0.13757539213264464
0.004449162712058318
0.0020352110468268296
0.010609374316805528
0.011023616437833597
0.0706964022968959
0.010869226483589612
0.02163963659180628
0.0022034651570289154
0.005011768944771452
0.004263026774514007
0.003941678186476032
0.003979955377715304
0.011529825090267103
0.00891245372568757
0.08802988328239722
0.198433020913907
0.008333531973290561
0.006313523189030172
0.000507288682287384
0.0
0.0009188476072899173
0.0025944188002415586
0.160446102757686
0.07082307188810255
0.038095513199533575
0.017884939616893327
0.013178188806467681
0.019146007559716
0.03916399957286944
0.030263230524909285
0.0604619620491199
0.04478992271943563
0.0025800316957838
0.002194583253822106
0.002029154729149536
0.0020488596213165873
0.005935491940578475
0.0045880832402438185
0.04531731042423195
0.1021522518475473
0.0020052346050652187
0.004545549148727408
0.000507288682287384
0.002567953356153961
0.009222889805087868
0.01298685244426693
0.06912451062801961
0.21927317605819
0.03896745060215602
0.018294293540383828
0.013479813715915554
0.019584225047816747
0.04006039269625417
0.030955901141541817
0.061845827016903346
0.045815083049343536
0.02142869955070467
0.00536044803686071
0.01435408956904541
0.028636677939483515
0.024129191095043013
0.04302504424591625
0.03397116788077474
0.039491627563162164
0.0020511307987726344
0.004649588548261802
0.000518899602809616
0.0026267291644149686
0.009433985073425657
0.013284098010409709
0.07070664566683255
0.2242919425096495
0.023458642709630814
0.017094897465366462
0.015356577412106115
0.029660271541173136
0.05358206661001541
0.031265109813320334
0.010551708483030471
0.012067539072317356
0.02558528087786248
0.006400228270023868
0.017138390152936084
0.0341914098313297
0.028809593884197807
0.05137072547074042
0.040560644845573944
0.04715192264171781
0.005059717628783465
0.002255793504016447
0.005107237585004889
0.003825450897400977
0.06000294318934119
0.08918480541916839
0.06326321159775508
0.03062410919513623
0.02800897746123788
0.020410839780301896
0.018335333204970578
0.03541355258161855
0.06397552128582153
0.037329685562963164
0.012598451186496808
0.01440831143015706
0.006958383454072988
0.019406568550765172
0.011510351980029438
0.033214321988742065
0.045378154001171185
0.09920224949796917
0.03379625971180955
0.00952129295368352
0.08089864958583387
0.09277596188733407
0.058676104890227496
0.01597640716605512
0.003521127088729223
0.003397104774282153
0.009972999920700429
0.02078268123161747
0.026610467794505106
0.10783861307254539
0.08953573181200393
0.043029833413287054
0.005276061425719789
0.005192194176548887
0.003088540734044498
0.0038819478641767585
0.047557247393881834
0.060588036394714245
0.04777042799366799
0.0112298337503595
0.01172811242966978
0.0024941167414200124
0.014820403664114691
0.01802877927604501
0.03729531889364334
0.028999255464507132
0.03646295313689954
0.04131796336208655
0.008144425248097241
0.01739981401818543
0.014260676590294355
0.03144794368464477
0.01861654023006947
0.0754433140417956
0.062638716695205
0.030103440158126837
0.0036911042130763428
0.0036324311363671183
0.0021607264957371644
0.0027157898591847326
0.22238722634532512
0.015897459217286105
0.0
0.007151145011384148
0.0
0.0
0.014129967121850238
0.051965959946401935
0.026091604624859387
0.02028772324357777
0.02550928601564828
0.028905825072103958
0.005697796124925869
0.012172816358086123
0.009976692687305768
0.02200081235997815
0.2876926110227085
0.0064315011665125816
0.001639397318484704
0.0
0.0
0.0
0.0
0.0430599280573621
0.2909591376398354
0.020799355702847237
0.0
0.0093561623113138
0.0
0.0
0.01848686687727645
0.06798938563653333
0.009414767237069637
0.0016956897909163428
0.005566025875823297
0.004438139420047529
0.0113373935469774
0.0022196867847803655
0.005856220964625681
0.003685583396537021
0.3764010882465844
0.008414620137544754
0.0021448967095559763
0.0
0.0
0.0
0.0
0.05633722646888346
0.014592212116677548
0.013878437605367866
0.05435675532178615
0.015456277327452545
0.0034897307754006048
0.0009479193963927892
0.0021761780424048873
0.0
0.0181084028076324
0.0032614968588708802
0.010705717524301196
0.008536335982711694
0.021806390319344702
0.004269354875531905
0.011263879975746556
0.007088866569407329
0.008126285409211006
0.008213609204019603
0.055790998208942004
0.01968385749220884
0.0047995773849200535
0.0016307484294354401
0.002662124175254511
0.0
0.02806672201334814
0.026693845123335964
0.10455001126392045
0.02972866866532353
0.00671216281612657
0.0018232321444402618
0.004185669977886588
0.0
0.00888624181785384
0.012581283853746857
0.15608991515639437
0.39882896023356396
0.031828303982442276
0.002446122557214677
0.0016307484294354401
0.0
0.005723223998249329
0.005784724870160656
0.03929278431123969
0.013863053031565544
0.0033802721769645824
0.0011485122754700888
0.0018748951333738106
0.0
0.004962838315662597
0.0028712806274457194
0.017606334847088307
0.008953719504590478
0.005476468612310188
0.0033585481943050784
0.003527238168493545
0.0016242416323712682
0.00625845018543666
0.008860814265634063
0.10993184503404164
0.2808894053632779
0.02241620912913205
0.0017227683519756305
0.0011485122754700888
0.0
0.0
0.0
0.005294442607503646
0.1613640552198656
0.2815165208695119
0.0011485122754700888
0.0
0.0
0.00656005133390263
0.0037953580415140483
0.02327266234611506
0.01183533612088604
0.00723898562479459
0.0044394451643717785
0.004662425406685658
0.002146978766845992
0.010322683035314632
0.002447932376324302
0.00951879245042905
0.007926703011671914
0.026642120843872307
0.018281929149627195
0.010717551347357863
0.0024731482466967326
0.0
0.0
0.006998377355960287
0.21329658924173261
0.3721182740161674
0.001518143248979729
0.0
0.0
0.0
0.0
0.0
0.005137266834654897
0.1903946363519729
0.05345338475670508
0.004800790409471092
0.0
0.01880214801656463
0.004458762001771319
0.017337909531818716
0.014438014109212768
0.04852702518017601
0.03329943743537224
0.019521376963601806
0.004504691197261191
0.008238826367114102
0.01617236619711749
0.042091255703366345
0.031275069033962266
0.025351080841832616
0.004474198513724661
0.0031314737650056895
0.0
0.0
0.0
0.0
0.009357223417140962
0.34679241065553834
0.0973621343156271
0.008744351789798816
0.0
0.005716384265899479
0.008977036362484463
0.060441073467993565
0.105650190878839
0.053175140667160004
0.006913017035229631
0.005246610838009293
0.0
0.0077108138255505
0.01513590641530655
0.03939369783392883
0.029270702398185723
0.02372637265765357
0.004187454647132002
0.0029307828719313677
0.0
0.004629536128322648
0.0051759788196051
0.031432492712226645
0.03971061153717113
0.0654218626658882
0.011936975388763935
0.01521055089499855
0.0060459782383809136
0.0053500308011827525
0.008401713182427615
0.056567506603657954
0.09887924762589172
0.04976723523007721
0.006469973386535447
0.00491036436311935
0.0
0.017589273451334802
0.12268593923157237
0.1472031833250269
0.14380763268812252
0.0289244461417009
0.0075229962085243025
0.0
0.0
0.001981163589369684
0.0022150082627102534
0.013451220242913151
0.0169937582315729
0.027996630476531524
0.005108308986453373
0.006509202816901618
0.002587315794928588
0.002516641702084089
0.0
0.0020114797136880276
0.036998228519970984
0.04309937333721351
0.00344705296655051
0.0021013412180185755
0.0
0.007527153295567224
0.05250221814799349
0.06299412704843006
0.061541035183234206
0.012377926848447428
0.0032193908327257364
0.0
0.0
0.01395563592430066
0.048133847053825715
0.300771262061703
0.2481125650619414
0.015884681777778076
0.0014440086476170736
0.0
0.004519105271354857
0.0015174918191042418
0.0
0.001212887796974817
0.022309297765315837
0.025988183535852288
0.002078513867280988
0.0012670727441451198
0.0
0.0011946076935330215
0.00033390300605044165
0.0010805327789064965
0.01472092611718755
0.05172271618200371
0.005685938138738123
0.005901420177009578
0.001419831601146709
0.008415009307040365
0.029023884912066335
0.1813599167582426
0.14960762487034585
0.009578190898962953
0.0008707124687872918
0.0
0.002724943035503555
0.0016518822794966842
0.0
0.1405771318685646
0.31248068862758926
0.02589978327743325
0.0013767173354872796
0.0
0.0
0.0011045427063337615
0.00030872907645955857
0.0009990682350002216
0.01361107220490894
0.047823188499349994
0.005257258540863862
0.005456494754565753
0.00131278632119862
0.001763171784941906
0.0008065397753248344
0.004204420171143793
0.004368581400390742
0.028016485324071725
0.00430739775105742
0.008575635269904049
0.0008732176918246739
0.0015273420164773242
0.0
0.12997860847817344
0.28892185054742764
0.023947122448297917
0.0012729225668206287
0.0
0.0
0.0005692682670193872
0.003992543732660552
0.0056219813916612935
0.08903363204106475
0.16281959943859767
0.1574639425979869
0.006062420239639585
0.0
0.002128573357401481
0.0009736879254210528
0.005075748623049186
0.005273930797853467
0.03382265116658135
0.005200067384774977
0.010352858929688272
0.0010541842433639328
0.0023977360550064813
0.0020395219957963064
0.0018857820480343665
0.0019040946643042221
0.005516111702574208
0.004263905992504297
0.0421153543569518
0.09493454586438983
0.0006872440205430719
0.004819962688934207
0.006787086719681951
0.10748505545166805
0.1965625042254174
0.1900969354364496
0.0073188025770804304
0.0
0.007394089631828954
0.0008334058105162306
0.0006009774711774359
0.005375305974933667
0.02438653036256468
0.09299159735474845
0.12034225268010622
0.015379281134766862
0.0021776151073293003
0.001852286410133845
0.001712660352400183
0.0017292918034561477
0.005009712454446565
0.0038724638127378007
0.03824901064766164
0.08621920700991537
0.0016924711339265017
0.003836563912587728
0.00042816508810004575
0.002167420668674778
0.0077843633493391426
0.010961247540294537
0.058342918374338464
0.18507237007851265
0.0067152851347410504
0.0007568961061109198
0.0005458055392160361
0.00488183320807651
0.022147757599083183
0.08445462828636335
0.10929439332534494
0.013967406824869345
0.028524390165888806
0.006135562496730185
0.00042816508810004575
0.002638049314816811
0.005513165128615563
0.005267593134373835
0.046504155960339605
0.25111695117807187
0.0017772481808040843
0.004028740046139684
0.00044961217279034107
0.0022759882654558184
0.008174287480599226
0.011510303992681093
0.061265355411430675
0.19434277279285092
0.020326265933295
0.014812256458503256
0.013306050148227541
0.025699806014442456
0.04642738067380029
0.027090354048417222
0.009142763941267151
0.01045618927661356
0.029953196550691244
0.006442897055635709
0.00044961217279034107
0.0027701910252096755
0.0057893233739075576
0.00553145050903334
0.04883358121954957
0.26369557252943815
0.008092782996509854
0.0164925383830501
0.015891668617950626
0.023697986174432945
0.026370084571050223
0.04256718898280121
0.03959268796300023
0.012743659566384955
0.028251153190547836
0.020587319268582538
0.018493867114221636
0.03571975094019051
0.06452867673559902
0.03765245149894326
0.012707381943019002
0.014532890891636945
0.007018548149129799
0.019574364747491357
0.011609874638049912
0.03350150500576906
0.04577050990046032
0.10005998795538365
0.034088474372447664
0.009603617489387229
0.011248030155787611
0.02292271634591411
0.02208757703222503
0.032937453436774004
0.036651360427403176
0.059163457803347426
0.05502924622451584
0.01771220940430597
0.014366349164001507
0.011311184735583901
0.01786980044749748
0.021832391501663582
0.05625645080126814
0.03301889286581802
0.06639809207838891
0.027494130933202403
0.04683782078329004
0.05967148533142732
0.04704777647405071
0.011059953412971222
0.011550694335976613
0.0024563867622469353
0.014596206651882904
0.017756047268234543
0.036731130545222535
0.02856056657455258
0.03591135647761051
0.04069292209146907
0.008021219710086843
0.017136596739852343
0.01404494690057684
0.03097221203962874
0.05568877665534162
0.04821247463524428
0.0755734593768611
0.028437118156483907
0.006909070390444963
0.00045613957998974464
0.00249605771757435
0.008019066521907342
0.15660340108572024
0.047646426597648645
0.03432337591530991
0.009455737173700218
0.0029882987520770416
0.0
0.015765628286965004
0.08437738594612398
0.023988155998764558
0.01865217095781927
0.02345278265398259
0.02657550009177967
0.005238452148077287
0.011191470280975738
0.009172393341680652
0.02022715454180494
0.2644994561326952
0.005913007479101009
0.001507232659132758
0.0
0.0
0.0
0.0
0.03958852996536036
0.1022736506995416
0.03111665492029728
0.022415713419084583
0.006175298582949285
0.001951581004224253
0.0
0.010296126069428625
0.05510469911487239
0.21085180547716922
0.032487225888308886
0.03330713276402859
0.0064923854282481095
0.000549287566734406
0.0
0.0
0.03697196229002633
0.24180102230730968
0.005405573509535302
0.001377887135051146
0.0
0.0
0.0
0.0
0.036191178451668735
0.009374074405508205
0.008915543832880011
0.034918918718709245
0.00992915210806974
0.00224181198040626
0.0006089458459868952
0.0013979823433228256
0.0
0.19275722855983324
0.02969928387217792
0.030448829159130622
0.0059352312353182935
0.0005021495965210648
0.0
0.0
0.03379915561698049
0.0030849177881225923
0.02451359188415779
0.21389570724391163
0.096496225866528
0.011482315244477228
0.0026066686726010104
0.0012548044344575199
0.0013616442971979567
0.009865716569559087
0.009383137439893845
0.03675031156055563
0.010449906437343398
0.0023593883133607423
0.0006408832342089126
0.001471302335766271
0.0
0.0031235975152999803
0.00442243951834508
0.054867072170634634
0.1401921278703295
0.01118794798449231
0.0008598350684632101
0.0005732233993486028
0.0
0.0032467124989028324
0.025799256456598755
0.225113897311701
0.10155716428620663
0.01208452833463492
0.002743380647748995
0.0013206151738362087
0.001433058467811813
0.0005127065873671301
0.0029899030101070262
0.023944808167729644
0.21853587868026858
0.09146005362521421
0.002648835799841075
0.00046214746832196193
0.0
