0.08188255428022373
0.06749126680368257
0.039258422510400945
0.0038117174657934247
0.001961240558103686
0.0
0.012354744159669247
0.02112598077188174
0.04332631054333505
0.0952174185246235
0.03829731408504606
0.006146286285313594
0.021195390215505077
0.0036540865159435812
0.012902584127686951
0.007783843402788301
0.07002913308547991
0.059157627544825224
0.023263422261212415
0.006153953793991396
0.004921454144807706
0.0
0.0078103921783049726
0.041345737688470274
0.11743276695121208
0.16385074866852314
0.024998852871809654
0.004045913416918943
0.0017719963652337194
0.0
0.011357029632806872
0.007451452519561323
0.037703940270697574
0.08286124102793431
0.03332754681122618
0.005348694778806183
0.018444906032333872
0.0031799028814903808
0.011228241112323262
0.00677374932355832
0.008959898911254488
0.06206947313159709
0.17338681815490675
0.06656763480361506
0.008704642342208526
0.0019042886592654225
0.0019657330323202054
0.0020105843704463474
0.10219374729640729
0.14258815864157212
0.021754800805665702
0.0035208831746554588
0.00154204787522447
0.0
0.009883250190426475
0.006484492152787237
0.04183348244172783
0.058718302542985754
0.06350037054154337
0.01669555851786154
0.0029558456965241313
0.0008791025272107068
0.001769111131554534
0.0012432387313260817
0.010280654276584807
0.07121897252592732
0.19894531748886665
0.07638019649600074
0.009987771001429497
0.0021849948914198147
0.002255496619494477
0.002306959376572895
0.011862161637977545
0.09684003145982012
0.19112115777074193
0.03579807107191237
0.0011534796882864476
0.0
0.0
0.010638372050711612
0.04800004714659992
0.06737381460789578
0.07286079479676125
0.019156607320762
0.003391559213098414
0.00100868874140678
0.0020298911963755
0.0014265013150950633
0.00632387957234574
0.015753955103325303
0.007249931727908894
0.003807515393401115
0.01522847358087221
0.00546048109374578
0.0038393899719834017
0.006114474769974011
0.014570714832229603
0.11895205324362429
0.23476091232540622
0.04397204329628867
0.0014168601065915384
0.0
0.0
0.013067490577249371
0.08646657916146515
0.02995948631490781
0.039188457124552004
0.009793422190485318
0.0003436390598462917
0.006159991405925882
0.05059434435910001
0.03937853719869382
0.007767846088609024
0.019351143096498734
0.008905348871852398
0.00467690651246521
0.018705675461935686
0.0067073030440779075
0.004716059190458828
0.0075106267256482865
0.03231404781593058
0.06010146795816783
0.026729850171237208
0.0
0.005108561919797081
0.02924278158382824
0.06386709367822328
0.01567031682690713
0.10808695372500489
0.03745065020899442
0.048987261816684745
0.01224220018159541
0.000429563647826876
0.007700254971292617
0.06324511285773343
0.049224870108547966
0.023654888484281968
0.015447849054760491
0.00825047034887116
0.011118267832516154
0.00701243515583789
0.011561613390514721
0.07118091715053902
0.05803452993059904
0.040393953650298436
0.07512942745044378
0.03341346571765861
0.0
0.006385922759767392
0.03655473837977737
0.07983662203240213
0.019588571979506725
0.012167198929760403
0.022168459370380058
0.018491662694530835
0.013600148070852325
0.03258713119132367
0.03723900149396253
0.02059831463590251
0.018216992936363214
0.03285158211940349
0.021453759214625966
0.011458139165176953
0.015440896665741088
0.009738773003815884
0.016056608847835732
0.09885507372648136
0.0805975528924133
0.030068022203541916
0.022056478048971193
0.008661303709584013
0.014246025266181123
0.02749689823228363
0.030245002091058612
0.04539295617063702
0.03271704481626837
0.016897637673064483
0.030787249914562703
0.025680965519551867
0.018887697630979302
0.04525655731071776
0.05171701047909776
0.02860665461315966
0.02529950795647115
0.03322120810091853
0.026371744182457153
0.015427016916564507
0.019612058277607203
0.035976724050703214
0.04204001021042683
0.0758212305752614
0.011059846802205474
0.03596581607434762
0.026382820505691188
0.010360204408332132
0.017040360055794554
0.03289037029914366
0.036177510280245025
0.05429671102583327
0.03913444018341471
0.009826351489299542
0.03256404741550812
0.04500520330901435
0.026203124877490575
0.06759067052736302
0.014711945644098993
0.009668967076960038
0.004513131254833788
0.03973749428003669
0.0315445191042287
0.018453001306206612
0.023458931754038608
0.04303350022179807
0.05028609014442588
0.09069344218720594
0.013229217844987722
0.02747228292667781
0.017899812453781874
0.020906323139101228
0.030543163698496186
0.05758761842773704
0.023407834748343462
0.024380912721059033
0.02503326722097039
0.010766537811857081
0.035679778826145696
0.04931130579691475
0.028710242564549814
0.07405775284489668
0.016119586118577667
0.010594094842735184
0.004944948118124532
0.026334893549732626
0.006315660457511605
0.043387705968923405
0.10206438138825699
0.05735540527618089
0.012650840397031767
0.004602330430483153
0.008915774316786486
0.03010083378659974
0.01961246835294414
0.022906642290289284
0.0334655367469499
0.06309760769011792
0.025647498787946057
0.02671368096131285
0.027428452806964734
0.03878481854199055
0.02767103780959045
0.02247334826495608
0.018058555631075196
0.0558225868375277
0.01819262698801731
0.05613820921129339
0.02207385579659483
0.02513385635931591
0.006027626519679617
0.04140895301223749
0.09740960206922622
0.05473963716312482
0.012073882309915612
0.004392435144627595
0.008509158792953032
0.058949308617112985
0.043682424272320546
0.069144314631124
0.02846390002799144
0.025583993278891427
0.0016685695297706162
0.011237350635674243
0.05338245160664074
0.03701598627371022
0.02640906401638016
0.0214484218870147
0.01723497163301682
0.05327672490987171
0.017362928490746964
0.05357795291335812
0.021067148794056932
0.037111912286160266
0.04464449679185647
0.026268096985057242
0.0023597136527341946
0.032677687598600354
0.013095800774012194
0.02852916581075813
0.02611150806714048
0.03943112552972122
0.02921912394447297
0.0462505534644202
0.019039470375456512
0.017113104024406755
0.001116104261897199
0.007516651067356731
0.035707461202940355
0.03656467506482862
0.0
0.005918972949223443
0.003036131889785697
0.06096562016050223
0.282592604914921
0.05362708548842571
0.05596143974235591
0.024824115945250868
0.029862653159258425
0.017570700215879996
0.0015784097801640328
0.021858068091868483
0.008759766252498328
0.019083126583365313
0.01746595806667103
0.03939053866092395
0.016987082139521378
0.011058543210337456
0.0
0.0082096357701992
0.018349872513150407
0.017168374977092407
0.05377239165775371
0.01846153552490707
0.0
0.0029884944739509535
0.0015329455722552746
0.03078159344765335
0.14268124646159205
0.027076361053023894
0.028254978500334507
0.0017890572189136384
0.0019682976982890532
0.0018173037710957113
0.00519541596391614
0.031177442940801433
0.29684328185618575
0.1442182684395529
0.004071422016584112
0.019888316456922992
0.008576792213448271
0.0055834678680829605
0.0
0.004145052079619533
0.009264866231640608
0.008668327121260106
0.027149726261446527
0.0206961874370353
0.006453807524463039
0.0057104130204689895
0.007176119409007075
0.05226123524971699
0.06975906337805726
0.0136545771589748
0.002154081071994124
0.0011935388189098796
0.001313116028511078
0.001212383021416795
0.003466032594018076
0.020799495975198645
0.1980339009185524
0.09621274264391262
0.002716179322597761
0.004445131996468936
0.007903961856956429
0.008932931394530776
0.0046612765344659765
0.03160189668121984
0.12232827348656679
0.047539952538743616
0.0077689951819040265
0.013807106250372536
0.004305546926496118
0.003809604041662101
0.0047874249035944425
0.034865186163578823
0.04653856189298607
0.009109416804976603
0.0014370582177719053
0.005380072847737948
0.0
0.0
0.0
0.0034043179209984273
0.054332293482845316
0.2218606268138287
0.03623275953626337
0.005281108749567653
0.009390425785371456
0.010612909174444973
0.005537902656181493
0.03754512873829109
0.14533402291373945
0.05648058584218117
0.00923007651135991
0.0133542691349887
0.0019672723925072103
0.010050301451290546
0.0016104057261849861
0.008140409319567596
0.045245045404803286
0.05436636496772686
0.029422857387353847
0.006391879883897797
0.0
0.0
0.0
0.004044553271573563
0.0645503329764478
0.26358499553709774
0.04304689794587488
0.006225196722126218
0.0
0.004074800490643903
0.0010185100107817425
0.011530539212003048
0.03693156188784459
0.0882929674403202
0.02673842279063285
0.027323147909553584
0.004025085462597377
0.020563152525489747
0.003294927892059565
0.0166554684224613
0.09257242423929582
0.1112348580294829
0.06019985640472497
0.014011939958947605
0.001827697170931119
0.01887254800351346
0.006746378977789683
0.01685176043999805
0.016976790042743006
0.02306752050619564
0.01681167357778975
0.012736898521767492
0.0
0.00833713738897768
0.002083895373879936
0.02359175370676198
0.07556284194906362
0.1806494825257473
0.05470744024938794
0.016140049872807948
0.0038711245042956774
0.008521231700687892
0.0025847541204367585
0.011074976693016743
0.02715224907101768
0.062455134885082066
0.059495276756048494
0.03225891748048502
0.004207806512811461
0.04344922762126642
0.015531816677363346
0.03879687973453382
0.039084728501327305
0.05310708172236921
0.03870458995996886
0.01897056820601038
0.01601586152404472
0.01687253804538277
0.011921643703018705
0.03978607048902002
0.0021039032564057307
0.024538364399310838
0.0
0.03715834770226418
0.008912276694492557
0.019617962328553222
0.005950737023053555
0.02549730874418871
0.06251112727843303
0.1437870165297043
0.13697269821131436
0.025709512773151377
0.0063117095448905515
0.024121335790555403
0.013992974506879498
0.052958588253956274
0.019111219215067168
0.019060614714169123
0.0029753685115267775
0.07113248529542042
0.06008969247566976
0.023629951835858972
0.006250913133901889
0.004998994692113444
0.0
0.007933449727224162
0.041997165302096594
0.1192829926676563
0.16643231833358169
0.02539272522673972
0.004109659279720593
0.0017999152615479244
0.0
0.011535966643613815
0.007568854752638936
0.024654216223201107
0.051374070761725135
0.041251658322735855
0.007413297436378726
0.02577727735142395
0.006160008385766911
0.010750995900816802
0.01460854702201299
0.10289216564142528
0.009537715600278355
0.0
0.0008999576307739622
0.003415099051659083
0.001909098367529048
0.02647939818344439
0.12072104521581203
0.12562363923544187
0.175279250192096
0.026742509403468426
0.0043281136999524066
0.0018955921578950536
0.0
0.0121491763365389
0.007971187321902187
0.05142461691887252
0.07218060840633148
0.07805905792935111
0.020523338027705156
0.003633530457971914
0.0010806537743348367
0.0021747140547964255
0.0015282752418760437
0.10836153593752473
0.010044705593846967
0.0
0.0009477960789475268
0.003596633196605309
0.002010579037496514
0.02788694591052627
0.12713813338478347
0.03141665033450315
0.0030912328118313506
0.002611988019442411
0.003791184029955382
0.002997194330504424
0.007179766419128651
0.014468304384671692
0.06986270373082352
0.1017351213190942
0.14279742646773547
0.1544269691114084
0.04060203865816452
0.007188340606242503
0.002137895222619426
0.004302313006008181
0.003023440454335546
0.01340333382454829
0.03339018665538732
0.015366082488237877
0.008069951250025378
0.032276439281880946
0.011573378351821003
0.008137508769482805
0.012959504615193067
0.062152660043389873
0.006115494173410407
0.005167387410220506
0.007500232191111859
0.00592945455115029
0.014203983451060902
0.028623153463219402
0.13821183444007068
0.023773626246036603
0.01090512268961348
0.013995399397682273
0.00995772051058064
0.02780479536362293
0.022608128692981677
0.010198696208971075
0.021461622114509974
0.012672767567495663
0.03157021081904445
0.01452853404574266
0.007630087992383437
0.03051716970419102
0.010942556213491644
0.007693963200800058
0.0122531298502344
0.05271839998693372
0.09805188274984691
0.04360812179721382
0.0
0.008334307486947214
0.04770781627384927
0.10419527165741366
0.025565167047738296
0.022477813624304756
0.010310724700998204
0.013232561831464606
0.00941496191802307
0.026289258591740666
0.021375843041187698
0.009642802920499918
0.020291828304722218
0.15097007254075756
0.03353851036933559
0.005974511774555179
0.0
0.009686958990749452
0.011788465644716552
0.04797924982042121
0.09903633193167796
0.041419265984114446
0.07703642395948458
0.034261593603639895
0.0
0.006548015468618572
0.03748260061491974
0.08186310040014726
0.020085785117549788
0.012476036713718799
0.022731157317972067
0.018961033184916785
0.013945358140643696
0.03341428437923395
0.03818423225451896
0.02112115788702006
0.018679391534539413
0.118612658801415
0.026350201865815166
0.004693994741434823
0.0
0.007610753192708895
0.009261843952095054
0.03769585781288594
0.07780987616061757
0.03254312570109391
0.01067031432281963
0.04080876096659606
0.05283090530783297
0.031185756741980947
0.031219549909058605
0.031905948411589106
0.008590451753023708
0.015382565728073807
0.028026810880926397
0.023378364935272112
0.017194193406316054
0.04119877470021537
0.0470799722627694
0.026041731593563627
0.02303110952891945
0.030242536090887766
0.024007207167025587
0.014043803417884687
0.017853606602004662
0.0327509876290507
0.03827062887622593
0.06902296554544823
0.010068201465139995
0.04012466311064818
0.013156166110788493
0.05031593463969551
0.06513886517164197
0.03845106934766714
0.03849273527296537
0.03933904330516414
0.010591760168469832
0.03759601876352135
0.011655143486648952
0.05131744161420691
0.030567415121984548
0.044526807336295424
0.03788501189773985
0.02392765615939199
0.009320113518032316
0.034483511266995545
0.027373788902666115
0.01601319584894248
0.020357255838812868
0.03734372830100999
0.04363740058314673
0.078702202848162
0.011480086776391259
0.02383997267558232
0.015533148116417279
0.018142146166494046
0.02650482997504718
0.04997354072951569
0.02031291473971937
0.02115733499931938
0.021723436968136018
0.04286818845912494
0.013289569053747662
0.05851379562807504
0.034853948775793356
0.05077089625850258
0.04319770771537906
0.02728308228798969
0.010627092864926148
0.025335534569832743
0.03092833827272277
0.039260801110030226
0.031054178080453243
0.06075745854930402
0.023040037610065133
0.015102314728280435
0.02653776867228013
0.025542239939702716
0.016642275627053768
0.01943756633917492
0.02839737847002979
0.05354184693580474
0.02176333627630565
0.02266805144415232
0.023274575307019936
0.03291108639184508
0.02348042224092108
0.01906989213991645
0.01532369382733623
0.04736858510855518
0.015437460867556275
0.047636408334257675
0.01873090045107062
0.02714459080089923
0.03313674255622357
0.04206417582032082
0.03327156781826382
0.06509577865340228
0.02468518638273497
0.016180679050431118
0.028432669119036573
0.014014253581277076
0.014012022606872352
0.029594162734023946
0.07204123855283048
0.11751874194027517
0.025897097741473356
0.01664070394797795
0.00904381976944366
0.03649486086533567
0.02603726697256884
0.02114646268667864
0.016992331019197525
0.05252667451758393
0.017118486450666975
0.05282366171643069
0.020770557304169015
0.03658943639418541
0.04401597425431554
0.025898284529775384
0.002326492688909668
0.0322176384412272
0.012911433012583781
0.028127521151778023
0.02574390013136522
0.015540302392052572
0.015537828480996425
0.03281674869511216
0.07988599787466961
0.1303156658250681
0.028717100603681506
0.01845275382441273
0.01002862501247607
0.06429377422170472
0.024556434050330585
0.0352602150693097
0.014302322499220362
0.02265407783603975
0.012273885225148095
0.02443876681397096
0.01918357774101694
0.039403424139377544
0.0474011155505619
0.02789004670132576
0.0025054165139541903
0.03469540384804969
0.013904413988810399
0.030290727465508347
0.027723789045276566
0.06252476846942352
0.026963667262521782
0.017553272367950064
0.0
0.013031189549565869
0.02912683018133818
0.02725143414968899
0.08535314450481164
0.06923842247490324
0.026444998381816992
0.03797197624619529
0.015402272763745008
0.02439633745224349
0.013217834244678503
0.02631828169857441
0.020658931230767355
0.06266436324523883
0.02972712579853773
0.015970708626695463
0.010573189788630198
0.028493189341102988
0.027136271784190015
0.07498694791581627
0.031179491147410157
0.047670038948907596
0.020557598213872267
0.013382939240633352
0.0
0.00993521973107644
0.02220683359877798
0.020776997006627093
0.06507481471036343
0.04960641406497432
0.015469044688939162
0.01368721237364208
0.017200344356462668
0.12526425377774136
0.16720456331605418
0.03272847284027471
0.005163088028263977
0.04777646858572319
0.02266451007089087
0.01217636339826732
0.008061195289106534
0.02172373411239761
0.020689195090951563
0.05717143486192624
0.023771820252817412
0.028623039697082072
0.006220710077483475
0.018012037396778636
0.008655425699790872
0.027095746296680583
0.01381075928241326
0.042470651174472206
0.015148300631795206
0.020849793135349036
0.006501707245829283
0.005752795318287733
0.007229380080150337
0.05264911459028123
0.07027681041124867
0.013755920503784762
0.0021700685154928214
0.008124324090387715
0.0
0.0
0.0
0.005140782082260255
0.08204594497531532
0.33502662252797466
0.05471425564162318
0.012030388969607404
0.00261459169575592
0.007570538220664665
0.003637913337227972
0.011388460863019293
0.005804722625248825
0.017850600733838234
0.006366897113573304
0.07530707221341756
0.022446248511343005
0.0026988359827605523
0.0
0.0
0.0
0.014304385946758756
0.15374149969583586
0.00639922914598574
0.0
0.0
0.0
0.004049203622106015
0.06462455172328363
0.263888060558631
0.04309639245153262
0.006232354335080612
0.0
0.004079485618854349
0.0010196810742473259
0.011543796806986617
0.03697402509625291
0.08839448501731283
0.026769166121308013
0.059316591269065994
0.01768007850176375
0.0021257731337367414
0.0
0.0
0.0
0.011267034949310972
0.12109648444049205
0.010842538507438534
0.0016132095645690946
0.003029386093501364
0.005582527218038895
0.004550348316857432
0.016303767242054398
0.07937140202006433
0.11015017120235883
0.010334556771904244
0.0
0.0067646467869949605
0.0016908460887291627
0.019142047619727806
0.06131072479178858
0.14657668268196156
0.04438891823913203
0.013095830309618643
0.0031409809768353004
0.006914018560076326
0.0020972364782066463
0.008986094627816426
0.02203098808000685
0.05067529870507672
0.04827370762550558
0.01797921358963171
0.0026750413942570857
0.005023360496543738
0.00925700648000422
0.007545436360670881
0.027035081624052826
0.13161450972465935
0.18265219474415925
0.025679849403328618
0.00668094551626378
0.006582431540485489
0.0030656755751539842
0.00809390870533064
0.0237037687720202
0.047782866949671286
0.049205706329571226
0.028765723577506234
0.0068993403553410035
0.015187028390465986
0.0046066971992180525
0.019738459341155628
0.04839229726299551
0.11131112730493574
0.10603589820469245
0.019902734741345213
0.004886140081486083
0.018673265109391424
0.010832506329861933
0.040997304911796435
0.014794738818170053
0.014755563903928048
0.0023033485996090263
0.05640722519942692
0.014675070416579034
0.014458678960003878
0.006733927829564248
0.01777872307249624
0.05206665359280404
0.1049577392130266
0.10808308547437288
0.03412391491545701
0.020908371933651283
0.03508007012604247
0.0023033485996090263
0.022810112713445057
0.007896848871030647
0.025457364698139962
0.008175757922502256
0.02716025652803934
0.056596118414221075
0.045444787703215056
0.008166840846525181
0.028397474051527143
0.006786158053357885
0.011843808132229095
0.01609346981577989
0.11335090064298048
0.010507200879955946
0.0
0.0009914361054879088
0.0037622354518184412
0.002103153510536448
0.02917096373534884
0.13299204187675323
0.03947728740453277
0.01954623643914076
0.02425783677262609
0.024853254238858678
0.013075277764105976
0.0129819444904013
0.016083671131641674
0.017406724314912206
0.18762247225470483
0.08515380627352995
0.030674261040321137
0.0
0.0
0.0
0.003658086908900791
0.031841893913433034
0.11771073507535923
0.010911341084616853
0.0
0.001029569876333049
0.003906942936033476
0.002184047451738519
0.03029297133650257
0.13810733677178796
0.0341272110300467
0.0033579376982947706
0.002837344700926552
0.0041182791948362685
0.0032557857800278966
0.007799221149396328
0.01571659841916274
0.07589030682666352
0.19483902642572584
0.08842909120319085
0.0318540902142647
0.0
0.0
0.0
0.0037987885104901146
0.03306663394362647
0.07066060652673166
0.043990382445518734
0.06532489049720722
0.0064972235432315395
0.0016807270323386282
0.0007280158431208337
0.005199688074045356
0.0026847896682018124
0.05348879956029559
0.005263015964648065
0.00444707192327282
0.006454726411484062
0.005102909606233196
0.012223998510138657
0.024633187337579632
0.11894559467068125
0.02045966702322784
0.009384987244599886
0.01204449033438472
0.00856964957084791
0.023928905456043086
0.01945663569745918
0.008777034111125185
0.018469948071738563
0.11074889817364873
0.06894770120937942
0.1023860394283908
0.010183331052056079
0.0026342636457805007
0.0011410452930104727
0.008149657260999182
0.004207966959197566
0.0015308728818699587
0.004833545145811852
0.046921552049281764
0.2291118426628651
0.053407213429231576
0.0034231357573685723
0.0007216603849192019
0.0
0.016236024470701556
0.007447573921293765
0.009558055836597227
0.006800552520217538
0.018989081987519352
0.015440056426276808
0.006965125114041493
0.014657058129288346
0.10904769623434153
0.02422531319854971
0.004315469511113217
0.0
0.006997019632302213
0.008514965907212985
0.03465605183806467
0.07153526297560356
0.0012148433082198198
0.0038357201599882565
0.03723518405311985
0.18181456617933434
0.04238196169881666
0.0027164721625269786
0.00057268261774651
0.0
0.03150664619261895
0.020581696223001118
0.01810219749652926
0.11921600294044048
0.16435983188328182
0.0038212910070147582
0.009290886917650785
0.00796419112344161
0.0900607570341242
0.020007300671089887
0.003564077596773129
0.0
0.005778727170114358
0.007032374843347281
0.02862188172818122
0.05907983534446388
0.0247094919422059
0.008101804608512241
0.030985460939961785
0.040113689170289527
0.023678862688400856
0.023704521317423663
0.02422569308264379
0.006522597132214399
0.02602083772238348
0.01699809539218963
0.01495031685048323
0.09845859973351025
0.13574216967958422
0.003155943434145287
0.007673195658566889
0.006577498713959277
0.0021151837933197776
0.0
0.023756986783808606
0.13535636147127428
0.1054053214242114
0.024291199644189392
0.0033107863455321554
0.0
0.028783008402702412
0.0094374384819117
0.03609361069351508
0.046726685241135796
0.027582473379897197
0.027612361996647905
0.028219452232767225
0.007597888637414433
0.026969111765362604
0.008360695564865512
0.03681203127148317
0.021927216282882363
0.031940840628914606
0.027176417974703135
0.017164254473453405
0.00668568618168595
0.002463885256677117
0.0
0.027673476727915612
0.15767071612396363
0.12278205716809978
0.028295757966442736
0.0038565904724343434
0.0
0.015002953194080005
0.009197909722218282
0.027542993418053555
0.04104239998426657
0.12331071950742108
0.035918350930654874
0.012624770707468062
0.0035277469556524534
0.03305758425845655
0.01024818319933755
0.04512261419914179
0.02687744431968089
0.03915171695540936
0.03331169134741813
0.021039209352772203
0.008195028304956503
0.0195373678916681
0.02385022985982856
0.030275765956073758
0.023947270583886317
0.04685280338445862
0.01776720715266454
0.011646072754016508
0.02046446457031454
0.018389978641267696
0.011274404522080833
0.033761023854586625
0.05030801931681365
0.1511490083749396
0.044027179042652846
0.015474904217714355
0.004324161405225524
0.0
0.0
0.01428820556828999
0.027505203372153814
0.19230281507573033
0.025849831288100315
0.0
0.0
0.020046504212610342
0.0244717577110617
0.03106474081584273
0.02457132727920441
0.04807376948763398
0.01823021376303727
0.011949564947452362
0.020997760675458065
0.010349641868403254
0.010347994275402844
0.021855533290877013
0.05320304891400836
0.08678856029350611
0.019125220298094506
0.01228929712887367
0.006678935499010548
0.0
0.0
0.014660550730455253
0.028221978432608017
0.19731415275014894
0.026523467986348376
0.0
0.0
0.009847871765736937
0.0
0.05190234573245103
0.0847244169057535
0.13969048191506303
0.017813171807958078
0.009257064354210162
0.0
0.00876253990173846
0.008761144964639042
0.018504020232791817
0.045044441627144514
0.07347966550494851
0.016192396618400728
0.01040475195425184
0.005654730816327905
0.03625262545336096
0.013846367192988068
0.019881790823241322
0.008064493754705967
0.012773706454830974
0.0069207410719189354
0.013780019458708728
0.0108168336222163
0.008337715487326975
0.0
0.043943199316189785
0.07173205539166423
0.11826915725564718
0.015081548784821545
0.007837507501043783
0.0
0.0008296639614054647
0.0
0.002074159903513662
0.21367237265115038
0.1876485400614412
0.018390450356727234
0.0009275925217112948
0.002115236370207897
0.027149123668418217
0.010369365820535652
0.014889216741121824
0.006039395368795297
0.009566064027346936
0.005182853735113662
0.010319678857990374
0.00810058719989972
0.024571364952232003
0.011656322974482302
0.006262285131288077
0.004145860446852693
0.01117248333336384
0.010640421491922677
0.029403181784242064
0.01222581091280954
0.0006213246408982077
0.0
0.0015533116022455192
0.1600164842431465
0.1405275716342329
0.013772371098888379
0.0006946620767711907
0.0015840732384083441
0.007488158382321715
0.00476785762218562
0.0024263503278483954
0.17757540908240232
0.24199280743282608
0.023389223623154286
0.018347106754761106
0.003548874145724396
0.021581111210023422
0.010237787070490065
0.005500185769489687
0.003641322960230499
0.00981282911137405
0.009345517434018145
0.025824911935005124
0.010737970212684234
0.012929314810350647
0.002809957285700298
0.008136218387123317
0.003909742811194301
0.012239421025814032
0.006238458822753784
0.01918442014009149
0.006842639698056953
0.006576874305571469
0.004187625139180511
0.002131071528243141
0.1559650698698614
0.21254308417079634
0.02054283256582162
0.016114324622438368
0.0031169879149224033
0.0016707245191719354
0.0019675907400173273
0.005784141787833944
0.026579682651981153
0.23541890080307024
0.13269071131678978
0.004875374487650093
0.0008628456368968646
0.013251663906488242
0.00288001414521041
0.008339067701378365
0.004007219133784111
0.012544569934537342
0.0063939938679053185
0.019662719306195148
0.007013237966736905
0.08295193225048447
0.02472489808810699
0.002972810561040974
0.0
0.0
0.0
0.015756507577105096
0.16934869583981263
0.0017123784309646041
0.0020166460152516758
0.005928349961630387
0.027242357882971052
0.24128828143156447
0.13599890912048002
0.004996925597084613
0.0008843577986192559
0.010729205028398879
0.0030249691562290724
0.0003954968192641747
0.0015060070261600706
0.004809577858913536
0.039249140184675076
0.08400132580456013
0.06636838364158282
0.0667050003173926
0.01988228953889189
0.0023905570857468248
0.0
0.0
0.0
0.012670444369614498
0.13618012869951862
0.0121930731201206
0.0018141491649187387
0.0034067230770541052
0.006277880638183896
0.005117134673895452
0.01833454646985243
0.08925781612979147
0.12387035478294586
0.00862778726677024
0.0024324999195565406
0.0003180349720472057
0.001211041098532292
0.0038675758828207174
0.0315618194470792
0.06754886007398407
0.053369498838295705
0.051328300371208425
0.0034253415792197092
0.005677755911555027
0.0015901748870443726
0.0030051055593334707
0.0010057149192353443
0.08138259698610358
0.18554750636688483
0.015165981054350226
0.002256473949911878
0.004237348298909344
0.007808549812028632
0.006364791447760092
0.022804864832889276
0.11102060448922367
0.15407235200892627
0.021661687681047603
0.005635568687121765
0.005552469330033986
0.0025859850576769278
0.006827443562463365
0.019994807132191192
0.04030621535633566
0.04150642108120618
0.06384313645238315
0.004260506353349121
0.00706210302665821
0.0019778903950163416
0.003737808633655039
0.0012509277407703875
0.10122525403446929
0.23078759050485137
0.03920086447613027
0.010071235753390398
0.007163456627526459
0.004561738455076357
0.010478688187295701
0.004050513993090853
0.02604495975918388
0.016481403788671065
0.0562511981211943
0.01463447795077591
0.01441868505097437
0.006715301224895048
0.0177295456452092
0.051922632896790125
0.10466741737341453
0.10778411866695928
0.03402952532753997
0.02085053763721364
0.03498303573325661
0.0022969773457337007
0.02274701804377725
0.007875005530000569
0.025386947509219396
0.008153143095829339
0.10179703569903231
0.02615304430711009
0.018602106351119065
0.01184594928113935
0.027211119186687602
0.010518398587999784
0.06763370486382768
0.042799006406277484
0.035563195799187694
0.014761564088879861
0.01664419566696329
0.008297718990909463
0.00662673231418123
0.026260659513295228
0.04740589761594554
0.0074331744236136804
0.033939358244685
0.016804263019529156
0.020854913460257647
0.02136680493052341
0.011241059489153335
0.011160819137784906
0.013827431222232567
0.014964884652192237
0.1613025291062615
0.0732083110827924
0.0263712327463236
0.0
0.0
0.0
0.0031449253546514213
0.027375068444879358
0.03806691352889689
0.00925855554780683
0.00648816845108437
0.008667387157395897
0.008086159485305677
0.009160698902790412
0.004239963390839226
0.02665529175414214
0.21683634172283098
0.16081976472211376
0.02970595508016618
0.004542559709934604
0.0
0.0
0.0
0.04191029464595514
0.12203627795475835
0.05538704104268917
0.01995162200662014
0.0
0.0
0.0
0.0023793488350971528
0.0207110916380551
0.0442578551984053
0.027553117247298156
0.040915860853576604
0.004069497742836765
0.0010527134889105104
0.0004559884403878911
0.003256794035173117
0.0016816022139365362
0.16405136494634887
0.1216710340314489
0.02247456509926478
0.003436753797099308
0.0
0.0
0.0
0.03170797379878815
0.010900666462457081
0.10647747180948652
0.15765127577172733
0.025250877882839372
0.006539621968283353
0.004063776220737725
0.002065546490763251
0.0
0.04493619861137646
0.027975425908839446
0.04154298127257667
0.0041318712350807765
0.0010688485062480444
0.00046297740886685313
0.0033067111577101136
0.001707376255176173
0.0006211493658439556
0.0019612036620779327
0.01903834906541985
0.0929617850461523
0.021669896400893958
0.001388932177236043
0.00029281261413404856
0.0
0.011067741781824791
0.10810945987822579
0.16006760851055615
0.025637899951730332
0.006639855236832398
0.004126062018790262
0.0020972052742699006
0.0
0.0075380050957849784
0.006957047924281667
0.020895922390583417
0.288502649743302
0.08811341549958526
0.0048940953057385874
0.0011712504565361942
0.0011149972205961552
0.0005737668047389382
0.001811598981677862
0.017586064337244616
0.08587046739762495
0.02001687178746676
0.0012829815518672252
0.00027047626100475645
0.0
0.01488049330449798
0.00972067261520613
0.008549612897449838
0.05630535610482809
0.0776266494032791
0.001804784136552835
0.004388057672839164
0.003761463278686853
0.006962990442786537
0.006426349888496144
0.019301938118906237
0.26649506963115294
0.0813919415294585
0.004520763571650987
0.0010819050440190258
0.0010299429215145813
0.0
0.0008553210649774093
0.006357393424936801
0.149692142963239
0.1459650751087498
0.0
0.00546960494797687
0.0
0.016992258160530863
0.011100181639922975
0.009762931009965807
0.06429592938727774
0.08864303352085932
0.0020609100346872656
0.005010788773893867
0.004295271251087072
0.0013812679459640545
0.0
0.015513906848569304
0.08839109110662971
0.06883231248136289
0.015862761214178654
0.0021620263305070016
0.0
0.0
0.0009767039337226229
0.0072596027627615045
0.1709356998981737
0.16667970529709733
0.0
0.0062458238050512975
0.0
0.0006551929072888931
0.0037175556682238022
0.011309217496537577
0.04224337007990763
0.10310427216290945
0.06999960812131313
0.01566195909106261
0.006906339521540057
0.0017132226632130244
0.0
0.019242303338469244
0.10963377594657225
0.08537451263456775
0.019674996507864122
0.00268161765333855
0.0
0.010432060242077431
0.006395617388264121
0.019151573884643863
0.028538167357894075
0.0857421094203588
0.024975242931006603
0.008778429610424273
0.002452961645890702
0.0008126528533609892
0.004610981266282712
0.01402711745746806
0.05239555381188591
0.12788291819824582
0.086822339865248
0.019425936396718493
0.008566113057729736
0.02268989238279976
0.0
0.0
0.0038308822881021045
0.05707734739049657
0.11073185426652662
0.02293316784800891
0.043406304960657414
0.014634199562278342
0.008971836723710885
0.02686602144312237
0.04003362965376746
0.12027989783716618
0.03503552325115295
0.01231446979611955
0.0034410393931382007
0.0
0.0
0.011370130207981496
0.021887825048686572
0.15302887660190082
0.020570529041963555
0.0
0.0
0.031829610400177975
0.0
0.0
0.0053740003990352305
0.08006867989785273
0.15533576452150297
0.032170879681974976
0.06089080338064426
0.021589190871407392
0.005484901391442699
0.003398816332291639
0.020813590595759126
0.049440758444167066
0.0333168235047308
0.030284938766015547
0.0015667768530171968
0.0
0.0
0.011531521361791567
0.02219850762438133
0.1552010159274208
0.020862513509673133
0.0
0.0
0.007746021668808966
0.0
0.040824728862164976
0.066641522639695
0.10987607531661168
0.014011272495924387
0.007281311412558298
0.0
0.02189563454098968
0.005562755782545274
0.0034470601852135694
0.021109025154531547
0.0501425359000618
0.03378973282840243
0.030714812577582237
0.0015890161694934368
0.054686987636403
0.028928926661893624
0.14006415388674834
0.0321158846962582
0.03428598164427264
0.029514913908211402
0.006414218238831941
0.04956337606644058
0.0052228640838840636
0.0
0.027526647771602703
0.044933984175612
0.074085489556539
0.00944729759576417
0.004909526655903776
0.0
0.0005197133570105524
0.0
0.001299283392526381
0.13384742649641101
0.1175457260168977
0.011520040807412693
0.0005810572060763074
0.001325014278032881
0.0368734707691437
0.019505735783844288
0.09444022622869708
0.021654587073733314
0.02311780547060023
0.019900845928543617
0.004324876884954611
0.03341880358737164
0.008735239305496297
0.010875481375823485
0.12172604186316822
0.11841669949712945
0.03651252391091289
0.010948474869393486
0.002676088668635817
0.004108694772330164
0.0003741283100273158
0.0
0.0009353207750682895
0.09635332785105014
0.0846181519724591
0.008292981776559408
0.00041828817290549017
0.0009538437792978261
0.004508966579443741
0.0028709476451158527
0.0014610177803021725
0.10692636880836781
0.145715064435118
0.014083733576591406
0.011047641751543037
0.0021369413012818634
0.006288274632478143
0.007828979980954718
0.0876274540845729
0.08524514343196686
0.026284429063354698
0.007881526123985213
0.0019264475649403772
0.002957743938758803
0.0022757337360575836
0.011409780269957577
0.04765409112017243
0.11333591930528965
0.09305244017235821
0.019931455083408663
0.0033510668333413055
0.002252550701152932
0.00384960569417391
0.0024511196096903927
0.0012473683863574857
0.09129017724341025
0.12440667543061516
0.012024223292948681
0.009432109075241848
0.0018244494068849217
0.0009779160013673703
0.0011516790749912945
0.0033855999260153182
0.015557739578468555
0.1377964514663042
0.07766712485540135
0.0028536761563146855
0.0005050446948906174
0.001942945771363806
0.009741290897285938
0.040685477990287044
0.0967624382715879
0.0794450784304725
0.017016813416196864
0.002861029403500147
0.0019231528672460317
0.003440774715762777
0.0018625127191830688
0.03205460144091752
0.052718608402325284
0.09857597158365154
0.06948915642523175
0.0011556662597301199
0.003903317084464931
0.0010512926251723873
0.001238093779435833
0.00363963390416698
0.016725093832524636
0.1481358245482167
0.0834947740548863
0.00306779794335004
0.0005429400504527428
0.006587056877354109
0.0018571407510232167
0.00024281016500385817
0.0009245935661359701
0.0029527782187842313
0.02409650277903962
0.05157152924035074
0.040746012099500656
0.0036989486607266796
0.0020022638787268983
0.03445977573795448
0.05667427892091028
0.10597248823026931
0.07470318266308111
0.0012423801372674524
0.004196197279592123
0.004843404564379729
0.0023098892209205044
0.0036218616801986106
0.017422106898980296
0.058595368895299905
0.20257804051002454
0.03146000248005462
0.009345716039537448
0.006181865938345644
0.0017429020828609574
0.0002278741350605077
0.0008677188583204361
0.0027711433852873157
0.022614249813921603
0.04839919951129671
0.03823959455812387
0.036777062522164915
0.0024542796178265223
0.0040681492010200895
0.0011393706945108922
0.0021531777643528953
0.0007206013095446182
0.05831116237881415
0.13294600041567792
0.0045454712566856854
0.002167800546136469
0.0033990693827457407
0.01635041737430456
0.05499098032141973
0.19011681723761784
0.02952479709418246
0.008770831151145877
0.030834621182125516
0.0
0.0005809673353425143
0.0
0.0031589262383469575
0.0020189700732174648
0.05644780578601587
0.23747796658545758
0.05191762216934987
0.0034646693661153517
0.005742944614453959
0.0016084323535300157
0.003039608439791688
0.0010172619550875954
0.08231698480035846
0.18767785530308553
0.031878378533322344
0.008189989428432166
0.005825365971670729
0.003709633121215608
0.008521332195892456
0.0032939023169984887
0.021179917769261713
0.013402776590697635
0.04352876772863013
0.0
0.000820142788480408
0.0
0.0044594083283432595
0.0028501494748079904
0.07968651251907267
0.3352440487953225
0.02394478025297645
0.01574796015993394
0.00409938449219674
0.0007193128248474235
0.007870935262624784
0.010305813822982358
0.02192737400393368
0.016008443459227324
0.10658477842776956
0.02738308059309695
0.01947700510244502
0.012403090824076283
0.028490919105538328
0.01101310244663223
0.07081466957911388
0.044811939595458566
0.037235812599166265
0.015455833530480068
0.017427009490892164
0.008687979311271713
0.006938402386248083
0.027495757183608027
0.04963550322333321
0.00778277327542416
0.08005893697188442
0.05265301817598343
0.013706217439331201
0.002405009338115334
0.026316328796624926
0.034457300947481416
0.07331377589575701
0.05352393934627754
0.024707233509835176
0.01738845406709081
0.030053139793407242
0.015707642703800245
0.0394149229690513
0.016490769377885718
0.016123330198092253
0.012041350315504597
0.027618483488495195
0.006717310121040128
0.004707326037894352
0.006288402891219919
0.005866707897416584
0.006646312714523998
0.003076197885411033
0.01933907078213624
0.1573201073691369
0.11667870086787387
0.021552402173839285
0.0032957389689367844
0.0
0.0
0.0
0.030406951165048202
0.03705008596010262
0.0007050905316947125
0.0
0.0016155539226133063
0.007809302184035639
0.0
0.019938226468648526
0.06897374320544576
0.34948498870439587
0.061772356874197354
0.0
0.00517783864908952
0.01154864588734419
0.0069116824180625374
0.004441722093343267
0.015056800425183828
0.11087526258085834
0.0822322194706109
0.015189592037753026
0.0023227540947542012
0.0
0.0
0.0
0.02143005589741578
0.007367291681642202
0.07196354415998724
0.1065497175419058
0.01706598245356028
0.004419849253616977
0.0027465315859547886
0.0013960140448160468
0.0
0.2463082471698722
0.04353560649812247
0.0
0.0036492107043383784
0.008139195724092402
0.004871180269284036
0.003130414234050089
0.010611654979694891
0.002425611297750855
0.041200714289179326
0.11812832286786513
0.06412137708577281
0.0031756759879554286
0.0032161365438370536
0.0009938602147212248
0.0029338009163604947
0.0067895399278106935
0.06632007765329721
0.09819396228743676
0.01572764786339181
0.004073239431677786
0.002531145320647413
0.001286536967265874
0.0
0.004624212199991746
0.004267822252518707
0.012818667276126874
0.17698282977002883
0.054053443286203186
0.003002297681302107
0.0007185071622449679
0.0006839984432115465
0.0022353919821669365
0.03796970539631868
0.1088645596475021
0.05909290262456634
0.0029266357095294113
0.00296392330061858
0.0009159205176206814
0.0027037287679964796
0.0016511992102112598
0.0013501914402746912
0.1125282354191597
0.16193442879478578
0.04081875120906605
0.005388591101206909
0.005934091159548389
0.0006476536166579202
0.004491201633198491
0.0041450628651399455
0.012449951887171577
0.17189210610029157
0.05249865323382674
0.0029159397679968347
0.0006978400646374258
0.00066432395236153
0.0
0.0005516910292351782
0.004100585225208938
0.09655299723267069
0.09414899950027905
0.0
0.0035279523758004034
0.0
0.0016037042135847712
0.0013113546133767693
0.10929147989713284
0.1572765564425233
0.039644643058466815
0.005233593984813786
0.005763403311673288
0.0006290245462537711
0.005461757712955028
0.004724610066381589
0.01668197191484669
0.03360588261445061
0.09740330862581482
0.050885029021831715
0.01623837104475999
0.0056078461601316906
