0.03165563785002138
0.003862803833065754
0.0457911253216836
0.0
0.06218994115918326
0.007725607666131508
0.020964163421449012
0.0
0.09200880719893428
0.00622858387883101
0.023803668348042446
0.005462829555548892
0.05371504481690854
0.12087138891474145
0.12457264958440568
0.03231523574336282
0.027639973848525897
0.003862803833065754
0.016474515474338453
0.0
0.04202062804321859
0.027908383089925038
0.04965394027517741
0.0
0.03109497057959163
0.003862803833065754
0.040278183822380895
0.03443680583477796
0.04202062804321859
0.007725607666131508
0.041851057166365065
0.0
0.06988915632092534
0.00473118265107406
0.018081076679875383
0.004149521772810786
0.04080151974883893
0.09181294325797512
0.09462439135084479
0.024546395406825766
0.035429237577217915
0.010599492634541144
0.022870953386841027
0.005410314267983237
0.06348972285272739
0.03064735610127602
0.020956537928568768
0.004149521772810786
0.023619491718145275
0.0029341549917335417
0.030594987275500186
0.026157923132037166
0.031918534012361145
0.005868309983467083
0.03178972932636767
0.0
0.0561985526988587
0.02561199739497191
0.12173433388398171
0.049072848412400255
0.02755607367116949
0.0
0.008501322014538397
0.01625073816503113
0.02897150483295399
0.008667509466416881
0.018702235269302158
0.004424169321201202
0.051917369332652154
0.025061223049753886
0.01713676278119868
0.0033931830972490154
0.02056148174586286
0.002399342784003526
0.030356704825914772
0.02997897640784856
0.042242759753006044
0.024533049587292678
0.015571288246474456
0.006786366194498031
0.04595517014927126
0.020943665657292443
0.09954566012800875
0.040128277156629484
0.022533392647853104
0.0
0.006951775106475146
0.013288695198736463
0.0053650934875840725
0.004798685568007052
0.07309320978719802
0.24510490505461227
0.05561400437620958
0.013761567945338728
0.02221059757722198
0.0
0.014525581705635131
0.0016950067159377637
0.021445380333613158
0.02117853550856717
0.029842239282549088
0.01733128091998136
0.011000278213493557
0.004794202959734436
0.01225149159553048
0.0033900134318755274
0.023706401608455996
0.007919640431453299
0.026175984953810145
0.022566252361644945
0.0293646159333513
0.01899240520937334
0.00379015018350775
0.0033900134318755274
0.0516364240677694
0.1731534414118317
0.03928830492514107
0.009721808090406108
0.01569059340306706
0.0
0.01557500093594164
0.018788449545449493
0.015320035030080411
0.17082993869923696
0.21556354249199652
0.0
0.0010720163402427286
0.0
0.010438791797897572
0.0028884355942695806
0.02019886221513595
0.006747870406923547
0.022303052237117604
0.019227406575372686
0.025019901418804127
0.016182336834339485
0.013668160919191702
0.009883863475111044
0.030533520951882782
0.009410876648781425
0.030153756190340338
0.01600855916797053
0.02521591007087669
0.0
0.013270563078349387
0.016008557936063976
0.0130533212848833
0.14555437181049025
0.18366930440633952
0.0
0.0009134035062163731
0.0
0.0
0.0
0.028723894570240358
0.22829674550211893
0.10012475258666868
0.005556016829098575
0.0036536140248654924
0.0032933232421550706
0.008094131410489683
0.005853112959663565
0.018081608233223422
0.005573015472490521
0.017856715805985333
0.009480088972044061
0.014932578783308337
0.0
0.002356943204043631
0.004142614018644874
0.030073876508215792
0.03334352062094702
0.049884772501701556
0.003420998246797996
0.0027752052638499248
0.0
0.0
0.0
0.017009967811113955
0.13519476904070193
0.059292754136464274
0.003290210775209072
0.0021636291974691116
0.0019502690418133793
0.009241569088254955
0.003304311691037475
0.10618859645804585
0.3911247878385522
0.04421759772423033
0.013161798773645808
0.006780561322368444
0.0012095055262783593
0.001554088103693166
0.002731498643464707
0.019829690267110203
0.021985582275958086
0.032892320598701716
0.0022556897718123904
0.0018298758656791045
0.0
0.01885685899636674
0.013857197935124129
0.017107387791931376
0.002083447771757456
0.004328219558965352
0.0022556897718123904
0.0066864234219308856
0.011116202003939138
0.006093576016119247
0.002178750629682346
0.0700171451820306
0.2578943687724752
0.0291555784964279
0.00867844200158656
0.004470871283353899
0.0007975067649129249
0.0
0.0
0.06970274185896633
0.13631450907849207
0.12591152336660713
0.05107870687001307
0.07833578409304803
0.0
0.02114174071265681
0.015536271751557616
0.019180286443122398
0.002335898708652679
0.004852669030442784
0.002529011236337829
0.007496615969220293
0.012463149908586534
0.020244739869406517
0.005069611095731127
0.005510462529977471
0.0049499529538934
0.028881609904695564
0.019797249029983522
0.03876347815952661
0.010474774525608205
0.0
0.0
0.07814860871725511
0.15283171003537013
0.14116819668988023
0.05726790324898159
0.08782771489870016
0.0
0.008475115227877942
0.0022839826157578925
0.0056753426199000435
0.0024168068528419503
0.00852009556654689
0.012607053123864398
0.17981313091527726
0.043736455735725814
0.03238850323120779
0.00811060633103941
0.008815901543261314
0.007919171511992503
0.04620618105023533
0.03167258598099456
0.062015666574207526
0.01675804533707649
0.006896250099074947
0.003034524753728048
0.01853446837888658
0.024376577194791513
0.0439289424200907
0.026453321514466215
0.010869552787894367
0.011542115626200522
0.01355889474074186
0.003654024640854302
0.0090796845980038
0.003866523208864098
0.013630856438136725
0.020169366634112274
0.28767364803061685
0.06997167397832606
0.0041269305245406245
0.00489302441510681
0.004313992629060684
0.0
0.007384579551206795
0.07097534138354356
0.09944860852050563
0.02772985735011044
0.010043473624625564
0.0044193828369753
0.026992994980674184
0.03550125163636077
0.06397667837091027
0.03852575430086559
0.01583006201462096
0.01680956058708968
0.023609172114102763
0.020176174776155967
0.05582632702346985
0.039632696355621666
0.046652090150352155
0.013011523156605066
0.027091723406492223
0.021232032378535732
0.006010326957174273
0.00712604110230372
0.006282758102495726
0.0
0.010754660704872545
0.10336617131679057
0.14483370851289026
0.040384859439454156
0.009385442446544393
0.0014731276646820354
0.00736563816633937
0.012845185173053287
0.055580814044597096
0.0392926091596079
0.0754674306747456
0.020499485553522708
0.026618418677569422
0.022747848374688562
0.06294200147128295
0.04468431590130791
0.05259840801719614
0.014669983739434728
0.030544859127023368
0.02393828654796321
0.011141614542490134
0.025872470900542514
0.07696946010764304
0.14072399564484972
0.02924537244674944
0.009321686594739568
0.016356179501219013
0.002348858612879168
0.010581719482112574
0.0016608938574594627
0.008304469110206119
0.014482444165121611
0.06266519518469112
0.0443008808817899
0.08508657806856633
0.023112368637971222
0.04515961449837161
0.005991974757259533
0.05013424497380288
0.013182854063590465
0.015718795709684943
0.006643575429837851
0.010674877242103102
0.011574802978744803
0.013941066790432086
0.032373211573819186
0.0963088769667962
0.17608243534359921
0.036593591443711285
0.011663862084004132
0.02046584810425758
0.002939034973661147
0.04763078340198055
0.0359727854039931
0.032101768917465155
0.04106942423118156
0.028376200554753147
0.011372255870698228
0.04142707675185346
0.03189121135734121
0.05650646049107126
0.007497523808507953
0.06273102116414282
0.01649519001830039
0.019668314679005074
0.008312846261323174
0.013357056649579795
0.014483098548902831
0.03453878592213263
0.01039105760506668
0.030870537759344913
0.014715097781461732
0.005576426716172834
0.018910961233696403
0.01331548421511174
0.012419513738933113
0.06926618184284582
0.05231275484507459
0.04668340103811307
0.059724447170434604
0.041265562462969384
0.01653789181788684
0.06024455670389194
0.04637720161819497
0.021625106530841848
0.003022200558349884
0.013379851003275385
0.0
0.033042703848638104
0.0448270454648333
0.0537514317033232
0.02824147126830298
0.05022738774046879
0.015111002469510222
0.04489290600112847
0.021399157560855978
0.008109414949065693
0.0275009140324523
0.01936379553503464
0.018060847116045806
0.03936189186373215
0.00788093446793837
0.010667830485659585
0.00854807401381652
0.041234037157726174
0.026380539898408065
0.0446827029273259
0.02627502589533302
0.028899811687519733
0.004038871526189357
0.017880844834232485
0.0
0.04415829894341567
0.059906903607338455
0.0718334613494339
0.03774192743367181
0.036124764609399666
0.0
0.011702091417581604
0.0
0.03129227256145432
0.02670684083573969
0.07738047253380707
0.011423653748847518
0.05260326745230098
0.010532087863718653
0.014256498191592604
0.011423653748847518
0.055105204095754694
0.03525497708840257
0.05971400411125906
0.03511396808042768
0.028899811687519733
0.02670684083573969
0.06560961381703333
0.043044265768145726
0.058200835861009145
0.008077743052378714
0.030652874397879958
0.005711826874423759
0.022739463192578656
0.0
0.007366117951037069
0.0
0.019697553404629774
0.016811160729787566
0.04870870235508757
0.007190849733013615
0.04329908013941366
0.0
0.0
0.020150004479431223
0.03282097883501366
0.033753480810289845
0.24004130707129048
0.043947531830556545
0.018191570554062925
0.016811160729787566
0.04129929743773416
0.027095083045375428
0.03663569241623144
0.0050846986217006175
0.019295071307840736
0.0035954248665068076
0.033481199541158434
0.013311914001771116
0.045227363960567625
0.024891382153414583
0.08616940987934474
0.0025423493108503088
0.06995361124124161
0.019887085074637958
0.02527971863723249
0.0035329481346789834
0.015067710199668665
0.0
0.038432368269010524
0.02552520765756907
0.04541385047125781
0.0
0.02843968346688655
0.0035329481346789834
0.036838716267556186
0.03149614999779103
0.038432368269010524
0.007065896269357967
0.03827727752690569
0.0
0.05462120305647219
0.027728412925671977
0.02513137830827694
0.008056361186207414
0.06620741931695855
0.019811645913704705
0.04253542608716573
0.03569222790642793
0.09390349655821452
0.10703546702256828
0.06797942687726435
0.01956713781277888
0.03037062106677585
0.023361447102729995
0.022636250820817726
0.018025212358869596
0.013068332976953093
0.0016234267398948913
0.016927776681778473
0.014472811420086244
0.017660076498991345
0.0032468534797897826
0.01758881067559255
0.0
0.03109386976889619
0.01417075837856476
0.06735389689615129
0.02715131768428879
0.015246388473111942
0.0
0.0047036620498035605
0.008991305147297337
0.043149642018756984
0.04918392024381191
0.03123725997333615
0.008991305147297337
0.01395561906585957
0.01073483008056046
0.010401594779376026
0.008282774221459574
0.003909729218223798
0.19166691174894201
0.35130062796879025
0.02388556935870737
0.0
0.0
0.0
0.0
0.01801115762505805
0.008208427086108635
0.03901481747608008
0.015727430074623086
0.008831486979365309
0.0
0.002724601319285162
0.005208223211411393
0.0021027349950869783
0.001880743382686329
0.028647338667715405
0.0960636869643603
0.02179673354982591
0.0053935556897371775
0.008704974274073518
0.0
0.002264714869654631
0.11102326550783756
0.2034912679301536
0.013835741832117644
0.0
0.0
0.0
0.0
0.008820411973995296
0.03441504617209962
0.2209503212569449
0.14288278086162073
0.0
0.0
0.0
0.0
0.0016939092849614355
0.0015150785458014277
0.02307755997406161
0.07738643798517644
0.01755888850860795
0.004344909883151714
0.007012503612036774
0.0
0.006960842558027
0.008397010037637017
0.006846892161769291
0.0763480087335802
0.09634053228688509
0.0
0.00047910988864481813
0.0
0.007105497257070015
0.02772387694574165
0.17799190176928098
0.11510269707219954
0.0
0.0
0.0
0.0
0.006525378042288457
0.003200529883181312
0.017898033516013045
0.23541395841961973
0.08107600999348753
0.0
0.0
0.0
0.006142375528293845
0.007409676132746591
0.006041823602348385
0.06737088744211313
0.08501265801786731
0.0
0.00042277537968186084
0.0
0.0
0.0
0.013295061109606049
0.1056687899738887
0.046343461572342315
0.0025716423338148697
0.0016911015187274434
0.001524338339672829
0.0057581136285862755
0.0028242064474445186
0.01579355403557673
0.20773360770069127
0.07154296273249705
0.0
0.0
0.0
0.0024696928554979783
0.009902333094408177
0.06406209923911561
0.27641845666248005
0.0
0.0
0.0
0.0
0.0
0.0
0.011079009331648982
0.08805566973580153
0.0386188253659039
0.002142994994841565
0.0014092247754476305
0.0012702580718206272
0.006019260665558557
0.0021521792672506874
0.06916323794009303
0.2547491695705195
0.028800006164019114
0.008572602432512101
0.004416345933074316
0.0007877806214050328
0.00205803869322566
0.008251789130835784
0.05338407920234191
0.230344383945022
0.0
0.0
0.0
0.0
0.014517873850698373
0.021221341666335783
0.10310658300098315
0.03737326906208291
0.0
0.0
0.003964767341911286
0.008540990365494723
0.005119797979541473
0.0018305774872201242
0.05882812284411604
0.21668180797017947
0.02449639940217548
0.007291591949908519
0.0037564080111177436
0.0006700619657276704
0.0
0.0
0.05856396244077856
0.11453090046240494
0.10579035384609682
0.04291612339600072
0.06581740968922965
0.0
0.012348456951422986
0.01805022048773213
0.08769928811130388
0.03178855312376743
0.0
0.0
0.003372309151291056
0.007264703698038854
0.0014832453716172916
0.0041871858542387105
0.0062150684687925315
0.0
0.006675077838761974
0.06984461590089977
0.040178473379154964
0.004599012996470326
0.0
0.0
0.0509761240263711
0.09969170704129529
0.0920836291414817
0.037355696878909744
0.057289778552901585
0.0
0.005528294515865144
0.0014898356222334452
0.0037020104904349487
0.0015764765093131158
0.005557635067928357
0.008223546320246421
0.11729161418945896
0.02852917062317419
0.0012910687199754098
0.0036446732176461235
0.0054098132690036695
0.0
0.005810221535786641
0.06079519988660086
0.03497275042202258
0.004003141985893385
0.0007377535542716628
0.0
0.0
0.0
0.13735378057933983
0.11951035712127009
0.1171754846474383
0.0
0.005368243362156954
0.001446702987116102
0.003594832580804132
0.001530835510378395
0.005396734467940727
0.007985464200643175
0.11389587285957055
0.027703214867837184
0.0016339360853564655
0.0019372483037531035
0.0017079977931949008
0.0
0.002923705871022705
0.028100587293015945
0.03937373530615225
0.010978816894712825
0.000716394651055737
0.0
0.0
0.0
0.13337721402977992
0.11605038036307748
0.11378310541541327
0.0
0.00017909866276393424
0.004743146711258149
0.007998428740074207
0.10034764493995574
0.2281964011328493
0.024110832267977386
0.016352835748758492
0.0005663597070925786
0.0019732315402558784
0.002339528142215467
0.002062672552754316
0.0
0.0035308288315786035
0.03393582260850531
0.04754989932598016
0.013258626188315806
0.003081305091509467
0.00048363791046414324
0.0024181895007532937
0.0042171623448273195
0.01824756225199744
0.01290003293417124
0.02477647481252726
0.006730121629231337
0.00021628944568315004
0.005728086168482934
0.009659344697660121
0.12118536322228322
0.2755825886481874
0.02911757388760573
0.019748588430883708
0.000683967290508396
0.0018005134723830922
0.0
0.004243791761710497
0.0682811615069604
0.2803265406771739
0.002532361011375602
0.002496673054818981
0.0008917842087052834
0.004242036635366831
0.0006658249259686641
0.003329124558850385
0.0058057727595170906
0.025121442142293678
0.0177594917345188
0.03410980436166305
0.009265366999957888
0.018103743863647572
0.0024020837522158198
0.020097991089711702
0.005284788544146962
0.006301405681472318
0.0026632997038746565
0.004279382043305167
0.0046401474132808825
0.002478769185617709
0.0
0.005842433511582234
0.09400276182194973
0.3859259048040839
0.003486304622619321
0.0034371729674736746
0.0012277204534511799
0.002679893592696707
0.0013316498519373283
0.004592438172597624
0.002459933055910249
0.3216211078166983
0.0013316498519373283
0.0055101729412312065
0.0
0.0312517747229285
0.0041466218730919725
0.03469436458280426
0.009122920777267207
0.010877866604740884
0.004597548606079486
0.007387327426746564
0.008010102370715717
0.019102211454431868
0.0057469356350470695
0.0170734298918466
0.008138413145958288
0.0030841293186341188
0.010459000530795936
0.007364335146830454
0.006868804773195496
0.004626193977951178
0.002298774303039743
0.007927743801501252
0.004246484830751622
0.5552017573452905
0.002298774303039743
0.009511992919294335
0.0
0.012554243669964073
0.008575544412954305
0.013598274457500396
0.020860440702814186
0.14389403401606635
0.0053014923816481025
0.016290348221200544
0.0048874558482812315
0.03459397123391567
0.010407660208151337
0.030919862024969085
0.014738609240747496
0.005585336608016198
0.01894117675123519
0.013336759402653359
0.012439357364572473
0.027110391682769613
0.0054279713229157455
0.007347438072154696
0.005887461798079783
0.028399826458489753
0.018169522235483387
0.030775085252464394
0.01809684976432056
0.02273564741016118
0.015530250905482438
0.024626379858470163
0.03777811209563017
0.2605910883856841
0.0096009655942222
0.029501706600778593
0.008851148330433059
0.018919912995685566
0.0062445960361142685
0.05821469050927745
0.047167803741926466
0.14451417861768776
0.028390416145830016
0.001316476441048706
0.003838155372152781
0.033615826903181226
0.006730472453577127
0.009110536258772459
0.007300222697598565
0.03521467566681231
0.02252949796995017
0.03815990380673837
0.022439386943897063
0.018468264696734196
0.01706685881212816
0.0419274605566633
0.027507199786564258
0.037192922011892365
0.005162036986834739
0.019588549718483606
0.0036501113487992826
0.02345995320644663
0.007743055205053519
0.07218394268445391
0.05848623452384734
0.17919193755341983
0.035203007246629524
0.001632379372539125
0.004759162764136869
0.02456900572257857
0.018676424909617694
0.0818892018080277
0.07690557111300753
0.023199626348991215
0.010324073973669478
0.021485830437027398
0.01462518905075078
0.016232582181301167
0.015000823996935895
0.036851916534402465
0.024177305688705693
0.03269051927913556
0.004537144717582945
0.017217250691344985
0.003208245788829413
0.02987572301496609
0.011878399249915355
0.040356982930732456
0.02221091385214314
0.07689011914742509
0.0022685723587914726
0.062420544723041385
0.017745512508731128
0.021594795778248712
0.016415543483729655
0.07197607463060811
0.06759573916614646
0.02039118712393555
0.00907428943516589
0.018884855400855473
0.012854731458628005
0.049873493994278366
0.0
0.006572885273512042
0.015757367531171747
0.08407241939645385
0.08000004718274724
0.039954793157920804
0.07141792171603939
0.027668484795573167
0.01404588563613525
0.012730352312003215
0.00408096663044504
0.03353750690609045
0.010035630726988634
0.021546409161826742
0.018079972792399278
0.04756701283356762
0.05421903997316089
0.03443512104668841
0.009911774636417611
0.015384301703304053
0.011833789953256645
0.011466440257953323
0.009130709068651047
0.04108412564917608
0.02742513086869196
0.026843677162406532
0.002530908088194516
0.03224213909466793
0.024361148367941635
0.010318765363820917
0.0032999002994115287
0.2628113232613096
0.20219321197361556
0.011028148716367403
0.0
0.009912384486707351
0.0
0.006974813494262774
0.0032999002994115287
0.027037141165976143
0.030818160534217147
0.019572959774967685
0.005633863345336023
0.008744453605854106
0.006726338915041622
0.006517536953818082
0.00518990483800917
0.002449797862700867
0.12009660120819049
0.2201215172528994
0.01496646276463568
0.0
0.0
0.0
0.0
0.14938223831492342
0.11492683877502102
0.006268411570999229
0.0
0.00563420998489549
0.0
0.0039644914788018685
0.0018756668731965186
0.07910084637370692
0.10981896647075685
0.006787010816308622
0.010306967645937614
0.006061554088506015
0.0
0.0119433345673829
0.026054142525375135
0.0018007263781387125
0.08827712727366388
0.16180054221951598
0.011001113478806682
0.0
0.0
0.0
0.0
0.007013310470313669
0.02736418711129505
0.1756826331988886
0.11360935362188476
0.0
0.0
0.0
0.0
0.05814315653014532
0.08072254154299974
0.004988799113476901
0.007576146914505007
0.004455551417476334
0.0
0.008778960062734112
0.019151123616992605
0.018479248402376334
0.008692050748492294
0.0303123202437411
0.043041403861056184
0.05738534272014796
0.04658969381491797
0.017982498013501762
0.007151741230211545
0.005527330940340714
0.021566265848026695
0.13845901422318113
0.08953781499398925
0.0
0.0
0.0
0.0
0.005076059091384926
0.0024896762617410157
0.013922791163683815
0.18312734620594404
0.06306862452314374
0.0
0.0
0.0
0.01456386707547658
0.006850379894133556
0.02388974882346152
0.033921795460778434
0.045226541970691245
0.03671827408956545
0.014172368109948834
0.005636431004499742
0.0106521969630802
0.0
0.0013176835993542484
0.07761434670780859
0.15124586927353095
0.042859939118437954
0.008204962997327295
0.004350334333468636
0.004684462878884861
0.002297608404197005
0.01284870747218754
0.16899985598402265
0.05820315033416745
0.0
0.0
0.0
0.0020091969783979213
0.008055956305693305
0.052117159400821775
0.22487781290831294
0.0
0.0
0.0
0.0
0.0098304256025721
0.0
0.0012160299547667908
0.07162673236777295
0.13957789841316112
0.0395534784321845
0.0075719852530552285
0.004014724676956439
0.005945817485301262
0.004729668313730586
0.008800131717228495
0.0
0.06276472109890639
0.09566394987312493
0.010988042106707157
0.003622172734178074
0.002611963222978532
0.010472771869869684
0.06775249271457753
0.2923419571577871
0.0
0.0
0.0
0.0
0.018425383691125775
0.026933100994254874
0.13085789092888647
0.04743234645391497
0.0
0.0
0.005031891051818593
0.01083981209678844
0.007729583893030237
0.0061485856415142036
0.011440202553507644
0.0
0.08159436081850413
0.12436347531873367
0.014284493846961451
0.004708837446337716
0.03055477008386392
0.026624940762728994
0.02590836546575934
0.0013035967238248323
0.0
0.016160214703901443
0.02195083231017114
0.014527725553282387
0.027589943770948755
0.04032929541470918
0.19594500246156518
0.07102461438661725
0.0
0.0
0.007534692004708685
0.01623140181238583
0.0033139894775861293
0.009355356926894862
0.013886219975591575
0.0
0.014914010953969967
0.15605261718042246
0.08977006808981954
0.010275495187263615
0.045752338332801686
0.039867860059941695
0.03879486899053099
0.0019519897611490462
0.0
0.024198107484830266
0.03286890733541863
0.021753638233752662
0.004260843614039309
0.008308561611057103
0.031671357760394266
0.04255860912618574
0.04606827302694468
0.004662715911337685
0.0010586151224858907
0.0
0.0020666089344381433
0.005834014966173414
0.008659468130850494
0.0
0.00930040016549257
0.09731465204965628
0.05598075250820404
0.0064078146003175495
0.0011809193911075104
0.0
0.0
0.0
0.21986168956949592
0.1912997875042732
0.18756236575395277
0.0
0.0026570686299918983
0.0051812317974670235
0.019750307403236626
0.026539614097235865
0.028728245902870483
0.0029076768125818266
0.0006601540183085306
0.0
0.0002952298477768776
0.008135139069782114
0.018202142506484456
0.02534021806396745
0.05561913468638713
0.01267920094544008
0.004469215201135789
0.0033665695491667926
0.0007792020794159375
0.0
0.0
0.0
0.1450706009118754
0.1262246969078571
0.1237586464547666
0.0
0.00019480051985398437
0.0051589857279652806
0.008699663372892947
0.10914527835527105
0.2482027329711532
0.026224666267357682
0.017786514180419988
0.0006160133395937428
0.00019480051985398437
0.005367781516033186
0.012010258615176456
0.016720151059403807
0.03669898701748257
0.0083660746164511
0.002948907270306044
0.0022213522895487125
0.002003597999027577
0.004020452991441213
0.02838132346314591
0.02574588965397815
0.025559465413801725
0.006854436285240573
0.007953113327635274
0.0030913575283853033
0.000172863900323194
0.004578028823107015
0.00771998834122387
0.0968543540463603
0.22025245376362482
0.0232714886954488
0.015783562675735385
0.0005466436568706753
0.0014390151143877387
0.0
0.003391743844789307
0.05457200123385701
0.22404393812425358
0.002023925855790743
0.0019954031539757885
0.0007127361026633679
0.0017779714605036252
0.003567707035317575
0.025185283252072567
0.02284662744336204
0.02268119656414344
0.006082553535645893
0.0070575078062313
0.0027432376466485207
0.006990220237608791
0.00658235562489135
0.059019886245288825
0.1258774369243475
0.04448913712010513
0.005691768649652203
0.0006232696506504515
0.0014254722053267358
0.0014128560452571172
0.0
0.003330087187522747
0.05357996665506788
0.21997116584612314
0.0019871340140320765
0.001959129810821556
0.0006997796626683692
0.001527493517773342
0.000759017642462159
0.002617611221033143
0.0014021197734489777
0.18331853126852377
0.000759017642462159
0.003140704344559882
0.0
0.006863148845094836
0.006462698580213865
0.05794699599630153
0.1235891798090701
0.043680393416268705
0.00558830109876056
0.0006119395723799946
0.0013995593253367383
0.0009139782476644992
0.002128164383041751
0.009763572153798824
0.08493620578601535
0.17180194740017662
0.007369038618975107
0.0004800448916226145
0.0
0.0018237910926816214
0.0009062490933045633
0.0031253658188892543
0.0016740978105207686
0.2188779857726515
0.0009062490933045633
0.00374992662273591
0.0
0.004949277503226377
0.003380749183839511
0.005360867259269723
0.008223841482767839
0.05672755158545096
0.002090014951740384
0.006422167363519272
0.0019267887348549222
0.0010912683868047782
0.002540977883305006
0.01165747397266197
0.1014118186141421
0.20512745732011176
0.008798457629139292
0.000573162234236434
0.0
0.0020264345474240238
0.0
0.0015826960029776533
0.04271092991481259
0.19091334980707397
0.1084281998140987
0.00299259112083239
0.0
0.006753944499687413
0.004613479915024112
0.007315613221464377
0.011222520643191443
0.07741225557902731
0.002852102145892903
0.008763897743183195
0.002629358359750442
0.005620426812858857
0.0018550452639423997
0.0172934942943572
0.01401186088515529
0.04292997354302554
0.008433773250999145
0.00039107788124894815
0.001140178148307816
0.0027653382653587345
0.0
0.0021597982649022712
0.058284719332596435
0.2605265451383216
0.14796463590252312
0.004083786841045683
0.0
0.0
0.0
0.0
0.0765023725353378
0.07970909483986521
0.11353035992951724
0.041233992800117567
0.0
0.008162660745604315
0.002694120155191509
0.025115695254303922
0.020349711975334608
0.06234807809395565
0.01224854128440142
0.0005679704008317384
0.0016559040307926422
0.00854854469680317
0.006498278966561236
0.02849254502790639
0.02675853958097091
0.008072082567477603
0.0035921603345922134
0.0074757840798608385
0.0050886911628110374
0.0
0.0
0.0
0.1111059593928176
0.11576314774323497
0.16488246236225323
0.05988497059404782
0.0
0.01023591247433285
0.0008980400836480533
0.003499991130409693
0.0012700204626043914
0.005802407679755019
0.0034696356248600613
0.2678232484598935
0.02769438156661071
0.008659552615444011
0.006582662969734931
0.028862537609393515
0.027106015074181228
0.008176903343024088
0.003638806665202894
0.007572861566187138
0.005154770833050222
0.01999936233685045
0.0
0.002635739019981163
0.0063187332086053535
0.03371319399114546
0.032080165282914505
0.016021945154892157
0.028638717269492936
0.01036883186347641
0.0009097016663007235
0.0035454405892858306
0.0012865124309083896
0.00587775538190555
0.0035146908995083714
0.2713010920496076
0.028054009522571956
0.2437256812441433
0.17354521982911814
0.005753458427577804
0.0012865124309083896
0.0008136618940909476
0.0032862531593422974
0.007884679832263305
0.003684011095278745
0.029676064770587124
0.01980984010590603
0.019389841929574624
0.0018281365653249465
0.02328928249042178
0.01759665090663593
0.007453495588639396
0.0023835983722287216
0.18983502090673662
0.14604908245923448
0.007965900464846562
0.0
0.007159956781613766
0.0
0.005038077694192286
0.0023835983722287216
0.03428374131233734
0.016631093295223505
0.027947778085962677
0.003656273130649893
0.015702717130040504
0.006754167938225286
0.007490780132888466
0.0
0.11937196375837313
0.24877474954810738
0.0333010396580431
0.006226408624332927
0.0
0.0
0.0
0.0
0.1322136685208629
0.10171824399844528
0.005547980127685893
0.0
0.004986667623425817
0.0
0.0035088506380998026
0.001660095611270497
0.07000974948658405
0.09719742182239001
0.0060069765216879505
0.00912238308360598
0.005364896871403706
0.0
0.010570681597344731
0.0230597278652581
0.0831385335100407
0.17326319514708122
0.023193047298220495
0.004336482920806432
0.0
0.0
0.0
0.0
0.026666506872805154
0.03158288079191105
0.09676435982955185
0.04448421956806869
0.01929813268181088
0.0
0.015546000304396785
0.010758781937851429
0.06062657690367583
0.08417037644283205
0.005201881548233192
0.007899740587830727
0.00464585768610378
0.0
0.009153928495466193
0.019969109660488236
0.019268537197631184
0.009063307095838611
0.031607025212558176
0.04487979561053891
0.05983639522156072
0.048579640727355176
0.018750569521806416
0.007457207615892156
0.023092484140174358
0.02734993290523554
0.08379535630056041
0.038522148392493946
0.01671166849919025
0.0
0.013462421875680199
0.00931681837641802
0.031103909055795267
0.04514074395621185
0.10803765871958423
0.14697637852208156
0.016939174990683332
0.0020367908726079595
0.00496651902079717
0.0014375985485197643
0.01216421100145332
0.005721657993752817
0.0199534878994903
0.02833257646438301
0.037774664966829914
0.030668285512352806
0.011837218452094699
0.004707728770013148
0.008897058097030706
0.0
0.001100571795432639
0.0648260029565563
0.1263254228706459
0.03579800201719857
0.006853049443623823
0.003633539394786574
0.019635871101373593
0.02849731293112611
0.06820408125893379
0.09278606166283682
0.010693686638679789
0.0012858243304158725
0.003135359196812055
0.0009075547302951088
0.0
0.011394385078686784
0.031200125547335616
0.09407891780668412
0.22872880537321938
0.004461456602350254
0.0043086102775972196
0.002088188081629262
0.007144879069117226
0.0
0.0008838261253876456
0.05205922526384419
0.1014470019103378
0.028747974053834658
0.005503415735333297
0.002917953247634488
0.004321496201385715
0.003437583427700101
0.006396048294740079
0.0
0.045618202119471006
0.06952978240725735
0.007986249551418127
0.002632641474483528
0.0
0.009150384606496054
0.02505559945161933
0.07555109603100273
0.18368314966502378
0.0035828211469750466
0.00346007624696322
0.0016769421031197155
0.004510704391773744
0.00276116112954435
0.002249854074800843
0.013523489141026608
0.16556417464992043
0.13345541453261794
0.028976873907750132
0.008171753779932718
0.005542056777076527
0.004408492254636806
0.008202544014040008
0.0
0.05850257744833681
0.08916772891648866
0.010241880679119627
0.003376203019823487
0.02190755323426706
0.01908989350984279
0.018576114109060658
0.0009346695964271239
0.0
0.01158675921733972
0.015738590932009754
0.010416276085789749
0.005784704805664895
0.0035410216826488703
0.0028853013960037843
0.017343054616064415
0.21232601242723528
0.17114847499134433
0.0371610833228186
0.0104797786012527
0.004542519539243799
0.005993206201520664
0.0
0.004808253534878177
0.026920097666488205
0.12552808247900446
0.0889527850860631
0.004893993691439088
0.03708770567476661
0.03231763694853226
0.03144785021360102
0.0015823196011328464
0.0
0.019615440893003107
0.02664415427775438
0.01763390815787762
0.0034539199446862886
0.0067350762570888905
0.025673398076259794
0.034498808732313334
0.037343808277951425
0.0037796851847627464
0.0008581333220616072
0.0
0.007690116093376998
0.010146010614389852
0.0
0.008139982133298421
0.045573535680333975
0.21250883323734626
0.1505898297698716
0.00828513324428902
0.0
0.0
0.0
0.085726605260952
0.1751308473000301
0.017536769880149954
0.0
0.0
0.0042610749527982284
0.008309012717106894
0.031673077328926054
0.042560919808460995
0.046070774263336584
0.004662969069399757
0.0010586725990634873
0.0
0.0004734527725331365
0.013046120426285166
0.029190323744810974
0.0406374781863072
0.0891950245595267
0.020333319568894642
0.007167169390081909
0.005398883950864146
0.0
0.0
0.0
0.10576026552898046
0.21605760377873182
0.02163498056874636
0.0
0.0
0.0
0.0
0.08279144143873868
0.08435689291862378
0.12944445583690073
0.015915480571333494
0.0
0.0
0.0004108240474929272
0.011320368806651158
0.025329003533573837
0.03526191890076175
0.0773962328063274
0.017643611208709924
0.006219090284648792
0.004684715108481869
0.0042254827662997286
0.008478923834171394
0.05985471798060554
0.054296726732976655
0.05390356781862941
0.014455645498768006
0.016772697577389126
0.006519510384319982
0.0
0.0
0.07183972096658439
0.07319809322762165
0.11232143596479431
0.013810167614242136
0.0
0.0
0.02237391762493731
0.0781669729714779
0.11881586106079105
0.050379307934953335
0.03095284253664824
0.01387098162166921
0.004689885592027901
0.012807249739664284
0.0023847875888399453
0.004785354347607067
0.03378094207651019
0.030644110315666558
0.030422218392013495
0.008158510135001842
0.009466213265129694
0.003679496121446631
0.009375960658662816
0.008828893122460605
0.07916318981444258
0.16883901455152456
0.059673141216885627
0.007634351583120471
0.0008359896434731183
0.0019119814344694729
0.012627442594542342
0.04411605426160791
0.06705756631525372
0.02843318857097907
0.01746923577808288
0.007828536204243336
0.0026468883134841466
0.0072281847816104685
0.02673310860785773
0.056106603034103635
0.05102529637968699
0.1588984488352853
0.040498492045487416
0.009396082638250442
0.007985884777722864
0.0023645358114279453
0.006482579004760242
0.006104334187671158
0.054733765522662126
0.11673601146191454
0.041258263177892406
0.005278423095980984
0.0005780067886663614
0.0013219520810522332
0.0008632970569117197
0.002010155113865137
0.009222170360025669
0.08022639123817665
0.16227532322707755
0.006960416583530376
0.0004534258262516476
0.0
0.0184833847860865
0.03879234353668567
0.035279106543286455
0.10986306212333205
0.028000829335387663
0.006496491426874391
0.00552147463915275
0.0016348500985874036
0.002584699008937031
0.0036101212663970286
0.007501573111668465
0.15591712983750833
0.062211415383644636
0.014727455220582816
0.012564990272854692
0.002306353485466785
0.0008962506967575093
0.0020868864395729436
0.009574197600484429
0.08328878046077844
0.168469671411947
0.00722610851359539
0.000470733925770171
0.0
0.0016642957837164731
0.0
0.001299856582098357
0.03507817248091872
0.1567957294959284
0.08905128271523288
0.0024577930686781454
0.0
0.0026833617340886475
0.0037479262491199564
0.007787921983843598
0.16186877406161218
0.06458613977362838
0.015289629331218885
0.013044619110694974
0.002394391248955797
0.0011650070486015312
0.0020886617184598215
0.0008428817819397546
0.009770209975463306
0.05212406481945545
0.05640104798480718
0.04067100981638192
0.007174381156389395
0.0021276684668265103
0.0
0.0016617622229094786
0.04484462569200792
0.2004507447808204
0.1138449114739401
0.0031420910041205278
0.0
0.0
0.0
0.0
0.058861401413304884
0.06132867350608342
0.08735096529616135
0.03172569061122814
0.0
0.0014893679267785572
0.002670186225137792
0.0010775566496305387
0.012490428613985157
0.06663642975260319
0.07210420916002669
0.0519946189535316
0.009171869991376787
0.017982921681513952
0.0053378230855545515
0.0015044888006253657
0.0023882089149616613
0.009345006026025515
0.035530358949675385
0.08304897523160577
0.021888743228000922
0.0
0.0
0.0
0.06973445173000188
0.0726574855438002
0.10348669122304237
0.03758615302063778
0.0
0.006424459572238133
0.0005636451294511783
0.002196731515328306
0.0007971145843984835
0.0036418183189535157
0.002177679211130954
0.1680963603929429
0.017382078559090446
0.02130477959840897
0.006323841386127032
0.0017824023745011163
0.002829365854410489
0.01107124288568419
0.042093630828261716
0.09839002496473803
0.025932095930668964
0.009589135884038816
0.0
0.0007129609377808237
0.0
0.0026335392740456736
0.0036501746011591073
0.05318315411796311
0.23575865991190145
0.004477611905906372
0.000392839913452441
0.001531041027889463
0.0005555595320262625
0.002538213351759537
0.0015177622729763405
0.11715697735689176
0.012114669106473809
0.10524898334575064
0.07494268908508141
0.002484537727552895
0.0005555595320262625
0.00035136669514307866
0.001419115139085694
0.0034048711326451486
0.0015908804539319368
0.006683274837196645
0.0
0.0004969075371333442
0.0
0.0018354799614733795
0.002544037372951071
0.03706670131465781
0.16431511019288775
0.42566831264757915
0.021913705644728734
0.0019046918378324274
0.0016201738011056852
0.001961026228826229
0.001266870624361624
0.0024408055459881556
0.0
0.029417136107026776
0.014270295957990816
0.02398056805859423
0.003137262160185747
0.013473703551085677
0.00579540825834518
0.0064274577476669485
0.0
0.10242701557135633
0.21346096975754017
0.028573929758757798
0.005342564812028085
0.0
0.0
0.0
0.0
0.060291388370902275
0.04415660666425101
0.029483736102165273
0.004239913486106916
0.006448581049909563
0.0011091896767480237
0.001403026249656572
0.019265727028736915
0.20614703534427184
0.11110384671432441
0.051304192470500797
0.003999240204152324
0.014740569960485268
0.0
0.0
0.0
0.08229127936490443
0.17149749211997417
0.022956689924183028
0.004292290378854484
0.0
0.0
0.0
0.0
0.026394751917185683
0.03126102369945873
0.09577824663383203
0.04403088658478186
0.01910146788369919
0.0
0.01538757300670336
0.010649140569299251
0.1656213761685184
0.08926236537776065
0.04121849701107035
0.003213044830521155
0.011842777550920188
0.0
0.0
0.0
0.008800624537706357
0.010698113725868827
0.01969724879152865
0.02481607663285388
0.02618091100567105
0.03747768578729245
0.031594458021645976
0.005935468358438658
0.02132672323234933
0.02525862726386084
0.0773879657610824
0.035576562144431376
0.015433815031313912
0.0
0.012433021221838498
0.00860441023641353
0.028725556585879764
0.041689068487077326
0.09977658671096042
0.13573786723881576
0.01564392529698233
0.0018810481782128988
0.004586755411059042
0.001327672942304623
0.007110825832967247
0.008643980108456684
0.01591520067071156
0.02005116773675956
0.02115394169039983
0.030281634571989575
0.025528039210893513
0.00479580529235317
0.021937941929175486
0.002061857226022861
0.0
0.13570564482015787
0.053355210393868965
0.06476697306022808
0.03465071791464849
0.02865104162855188
0.01604711871874406
0.02328899804903442
0.05573875400864772
0.07582800575850654
0.008739253692693955
0.0010508204894556317
0.002562324889860856
0.0007416853790502109
0.0
0.00931188889664192
0.025497830786982017
0.07688457289115207
0.18692515729357156
0.00364605794094008
0.0035211465934183463
0.0017065401315772073
0.01225531548988123
0.0011518268614977233
0.0
0.07581000516812417
0.02980612030594567
0.03618113726165586
0.019357124809877595
0.016005492010381147
0.008289685654098896
0.0
0.004290929846216876
0.06035442597874909
0.19531952593274987
0.022528559567501032
0.02072743828033384
0.006432027059742215
