0.10833984985798495
0.010985392651615206
0.00889256272531235
0.0006997459676609047
0.004868140231884159
0.002590780920319487
0.008789139494771616
0.01980255162611364
0.1817204244001308
0.035233598464587075
0.038872474132496636
0.0036639175397935055
0.00204066354527052
0.0050796985305216645
0.00565693450592954
0.010566527006316585
0.09965893321903957
0.16756686797716397
0.03900665767697137
0.0018280524269641207
0.007112382888680427
0.0
0.008471833278988337
0.011305778190831738
0.029880701143544696
0.09232106754724934
0.039951652067160295
0.027386157099585844
0.009774926479323329
0.007896653984376823
0.002529386698340787
0.007506264483820754
0.23382938179585844
0.04533695414048335
0.05001928993552716
0.004714558509914537
0.0026258308432808557
0.006536319574545063
0.007279079953437594
0.01359651500799858
0.026721245545775794
0.04699789598148342
0.034827355991980016
0.02013164957649561
0.008906383263449958
0.0
0.0050932005272119815
0.0038048328425677163
0.03844909508155885
0.11879445154592903
0.05140792585877648
0.03523923194379138
0.01257792030425445
0.010161046704122191
0.003254697043263497
0.009658711670094206
0.05487594652861029
0.04786833125810749
0.007764315491393918
0.011318824767176168
0.011606144744140439
0.018667566457913138
0.022482916636469032
0.035452016017882906
0.0202099874790656
0.03554575656666423
0.026340854033959714
0.015226101087875026
0.006736134134530935
0.0
0.003852122787726735
0.0028776961005242923
0.029823593856610417
0.17133570478839888
0.02064980464261878
0.001985985584913708
0.0036787749251244737
0.0020316087724045317
0.0016400575472081869
0.008296015574081895
0.04150413536469333
0.03620408987720448
0.005872357955611548
0.008560727696263029
0.00877803542344161
0.014118776152584327
0.017004426793561088
0.026813300996828403
0.15144321215723497
0.13340053012291614
0.08363183835243868
0.05569462478417208
0.010516936740936572
0.021922509756132053
0.011384345572740479
0.022919678723401227
0.023234497472216908
0.13348153206975719
0.016087525738094563
0.0015472104828945375
0.002866002236672562
0.0015827538798280718
0.001277710296019629
0.0064631296218766714
0.0036789603818632205
0.028406667723947922
0.03382601791983608
0.10897275036965812
0.08035511121618366
0.03037535210751927
0.0
0.0
0.11798400108884803
0.10392759151815924
0.06515458016693353
0.043389694246291896
0.008193370031043201
0.017079044865030615
0.008869137291247471
0.017855903615212842
0.01279623729394503
0.037263266818608
0.028792916626588765
0.020469038887419154
0.0410283277023544
0.00504145358432811
0.0
0.0
0.004314409728182852
0.033313216466709775
0.03966862527209843
0.12779509576115194
0.0942344677723162
0.03562194234972682
0.0
0.0
0.00211906196672274
0.009300267446019073
0.03763714944148136
0.10498449255446567
0.041337967802004154
0.03554145727495919
0.03212747788581163
0.001866534002779735
0.015006470560895869
0.04369957384119849
0.03376618030705688
0.024004558716587347
0.04811495580185156
0.005912239907675139
0.0
0.0
0.0
0.0
0.0
0.016904984951927497
0.136050644630592
0.07667797371782807
0.0
0.0
0.0019830487828636327
0.008703324550559251
0.03522138784162877
0.09824600386824317
0.03868466709475236
0.033260208855199265
0.03006535765278683
0.0017467294682799793
0.0040757023853064634
0.0
0.034334985847368334
0.0309302138176817
0.09641619572300988
0.09559919045989547
0.018215306022603007
0.0
0.0
0.0
0.0
0.015819928987302754
0.12731815750521105
0.07175635485957631
0.0
0.0
0.011900238606695987
0.016287055435323203
0.011282995827847744
0.04045193923583279
0.04298523036915447
0.0694973214282806
0.033427622393609066
0.03179059730551959
0.003715923718754486
0.0
0.03130409834469354
0.02819987925654904
0.08790514976040567
0.08716026484277795
0.016607367588414433
0.0
0.0
0.0006052578178102931
0.005041296025439944
0.017567601460104876
0.04677060891865135
0.10086639937550385
0.011193226313438023
0.0
0.010849756610512276
0.014849331447501137
0.01028700033801775
0.03688108361836228
0.039190750939204363
0.06336251292937181
0.030476831517873573
0.028984313228275643
0.011071646271158
0.011050867648952679
0.034656234162052345
0.0438773087269877
0.10477501394953251
0.05721530918878798
0.04442611332782335
0.02110863780159777
0.0
0.0006157098109795313
0.005128352466631624
0.01787097044611022
0.04757827479351342
0.10260822721523753
0.011386518364407384
0.0
0.009659383305357648
0.02451960379821236
0.056299392306034826
0.003650633416363676
0.02258942084236726
0.014535485086941016
0.0020613421857297045
0.0
0.011262838797372731
0.011241701356146879
0.03525470098408161
0.04463501117643012
0.10658433833640164
0.05820334107077269
0.0451932928988665
0.021473155750184394
0.020692026716855685
0.05069074216841747
0.04408909089644634
0.098393006607307
0.09659443757605729
0.03181574717262976
0.0
0.005373035872155714
0.00926130281976212
0.023509107012026388
0.05397919351906996
0.003500184275132138
0.021658470352674652
0.013936451714016822
0.00197639058247169
0.0
0.0187791463408689
0.0050490466827763725
0.006158483940657028
0.0
0.007723801810825126
0.018390296138447042
0.04165812215574571
0.012781611957236986
0.01983927123723487
0.04860168589849919
0.04227210049874797
0.09433805458695227
0.0926136078066479
0.03050456325087358
0.0
0.005151603440964834
0.0
0.0
0.0058691965784607855
0.21655366446404045
0.11912259625887779
0.06840006097210179
0.018371776131054878
0.0
0.015374294209412855
0.004133602655256388
0.005041887542116279
0.0
0.006323397203438955
0.015055946542968995
0.034105076695646046
0.0104641744163552
0.014264417598184755
0.0063068917835328525
0.01344742308996411
0.00980787752311305
0.039081512697956226
0.025443866420467438
0.018390481113099263
0.02005213546113694
0.0
0.0
0.004805050950253168
0.1772902606521029
0.09752444592688293
0.055998427310738653
0.015040784403155006
0.0
0.03137816595236733
0.020978862709276715
0.031758917083768
0.09434856567243612
0.18722104702530395
0.005338239060968802
0.022352438446193237
0.018671638277959722
0.014615371825833001
0.0064620632316144426
0.013778276414462836
0.010049185382848647
0.040043053679901526
0.0260698739266636
0.018842950837201337
0.020545487654804972
0.0050005113793605786
0.006039059089578863
0.011911571313582059
0.010920266229580207
0.019625424778061583
0.017224925991714546
0.008588666694535906
0.012499145059168056
0.03215017784286561
0.021495015612708942
0.03254029677483207
0.09666986815586197
0.19182733518996223
0.005469578286965832
0.022902386084569796
0.019131025445060235
0.0037486973082808297
0.010245075780885942
0.03157403281848226
0.03211873026051172
0.21380902341061994
0.031179322279629402
0.01062116002945749
0.002302265433085178
0.00582196273493949
0.007031116281175545
0.013868326465265778
0.012714176255382076
0.022849361404681582
0.020054524353202458
0.009999556774290935
0.014552422988863313
0.026854798880738464
0.020509268700272778
0.018149871271682636
0.014474412334934128
0.012666295073969727
0.009603635473596462
0.01951263425521927
0.01852095042762834
0.0043645088227295915
0.011928069928835184
0.036760808748417625
0.03739498552929676
0.24893217358293604
0.03630125773973997
0.012365934841895585
0.002680466564416694
0.008781014378377203
0.012671753196820288
0.048789498940209584
0.05715314381542568
0.08415961848913792
0.0142852763005099
0.05585907339410331
0.08038889737516344
0.036814229356396715
0.028115381731842193
0.02488097292227521
0.019842425104867133
0.01736374545271206
0.013165261097292777
0.026749133218582945
0.025389671319795568
0.04907706640017111
0.02856545903264792
0.014002807591617657
0.003478645400870837
0.015070731049158166
0.005099869846200597
0.012834151910600146
0.03839281126866829
0.012037560912037126
0.017371227787149505
0.06688368109346865
0.07834908591958703
0.11537124189107952
0.019583145659812454
0.07657509366198495
0.11020210275340273
0.04132891676376546
0.012106381999304725
0.026360508394063287
0.024911268516449165
0.017956114210515232
0.010445196720351387
0.0020679786798576158
0.009607851750679998
0.08564051708314611
0.049847329144043245
0.024435194903128094
0.006070309672756803
0.026298743884708452
0.008899380560445262
0.02239586606471678
0.06699626629094782
0.017633699014162695
0.0008553360114191142
0.006104963609824427
0.006998580648503059
0.054669455768387346
0.045206244215450705
0.07109302375977579
0.007646484328529075
0.07211983237292356
0.021125892203347634
0.045999643724310355
0.0434706895385737
0.031333798423354646
0.018227088817251637
0.0036086664597236523
0.01676590416544492
0.020770223410817048
0.013344502116968382
0.07009226460542188
0.025819551745448102
0.034991882539152856
0.023654166406572644
0.01704000132199659
0.04084400756585175
0.012142786105155803
0.0005889950954906085
0.004203954441681155
0.0048193103322338
0.03764607229303584
0.031129586236261376
0.04895554701202365
0.005265464925038206
0.1601865244271662
0.0036593614954931485
0.007235151399786577
0.00283697598128665
0.007348747912132356
0.010488366828931674
0.019231413659057034
0.10803620361951828
0.01430263610778925
0.009189191374764998
0.04826641171804273
0.017779666871038827
0.024095848792043413
0.016288555392721837
0.011733958434835044
0.028125695417119657
0.20733153282213426
0.0
0.003010935838665338
0.0
0.007612382615991417
0.005510881803762946
0.015460826766899456
0.12751667711943704
0.09224029175591224
0.1550931390853492
0.036102990151809566
0.0016919716453081552
0.006582934931580265
0.0
0.00784118741913282
0.010464172605158048
0.027656372613320507
0.08544865904854632
0.036977638870626814
0.02534752319079048
0.009047277963167276
0.007308824647093936
0.0023410983790653726
0.006947495860334886
0.11396016721208814
0.03673213358367477
0.010313126804750033
0.002982035183766732
0.001491017591883366
0.004842889764088995
0.05707654316111811
0.10961569335376328
0.045175963526650126
0.04507956647371764
0.008231413289766712
0.0031980761799092505
0.0014588619979219784
0.0023979223963864872
0.011131998612436541
0.0352207505478995
0.03192815962640383
0.09864700856142337
0.042689183175824236
0.02926268668291436
0.010444715184858393
0.008437741394235296
0.002702703054843609
0.00802060197604199
0.04556903034255846
0.039749900959085656
0.006447493858389513
0.009399161233394675
0.009637751974448808
0.015501562271893863
0.01866983214334755
0.02943938274999057
0.052153816226093476
0.052042529741181835
0.009502832534878089
0.0036920491416998894
0.001684196962262252
0.002768304076387854
0.012851440556871587
0.040660926918285045
0.12852314007497184
0.18042042302253186
0.021368101877055824
0.0
0.0012732758288433274
0.0
0.0
0.08651174520430535
0.03373374323074306
0.029425970715662542
0.0047729368096203675
0.006957990750476182
0.007134614188268229
0.011475462993713596
0.013820862962198362
0.02179332259418867
0.1230900580884528
0.1084253217292558
0.06797430993577866
0.045267493354411235
0.008547958907596518
0.017818183865020813
0.009252971710562738
0.01862866314868609
0.09514283218023165
0.13356124056341775
0.015818332245173015
0.0
0.0009425778768875338
0.0
0.0
0.06404272764259249
0.055676152840362425
0.05947968719739839
0.02429897344372043
0.004650724196649199
0.0
0.0
0.0
0.018266662787561946
0.141475896852382
0.12462070350256456
0.0781275645688254
0.052029053524147786
0.009824758973145479
0.020479668152995567
0.010635078832775266
0.021411207915974836
0.015344107089006728
0.04468278787089273
0.0345258989790908
0.024544646795993674
0.049197513260064094
0.006045261736338009
0.0
0.0
0.06399244405848162
0.06836410853510266
0.02792848678381651
0.005345398214543076
0.0
0.0
0.0
0.020995135923270743
0.03158968149592794
0.04065609162083117
0.009633418379293926
0.01034447522644721
0.005491055720720618
0.021792174668872788
0.03221013192174265
0.02871299189054758
0.02312942218375316
0.06735400496216581
0.052043699195317386
0.03699814494271698
0.07415941820414373
0.009112515319397559
0.0
0.0
0.0
0.0
0.0
0.026055595976178878
0.2096943971777514
0.11818350085168176
0.0
0.0
0.04761769946803139
0.06128423778489318
0.014521236033802985
0.015593069925410775
0.008277115459527307
0.032849119554149174
0.04855295492209684
0.04328143095866167
0.009084137682914679
0.012564710729166264
0.02401285267697587
0.024873325175268114
0.03617615941869343
0.0
0.0017850358729641818
0.002795827364265069
0.0
0.0
0.0
0.024601858744801485
0.1979947779225544
0.11158961002378875
0.0
0.0
0.018506277080405777
0.02532829556378997
0.017546391630309185
0.06290754502324276
0.06684711205110108
0.10807654612690736
0.05198390239059768
0.04943813495945449
0.008577300334934425
0.011863679449544974
0.02267308758390278
0.023485551166625127
0.03415775884619149
0.0
0.0016854421768443652
0.002639837904816446
0.0014781181950714703
0.005514163184421936
0.00840159591287833
0.07201564283300563
0.07123688435281375
0.0
0.0014501200387975306
0.0
0.013792345940739338
0.01887665536332849
0.013076963147447444
0.04688369354211437
0.049819771450646415
0.08054721680574202
0.03874252838675368
0.03684522051967488
0.014074414845154565
0.01404800080141924
0.044055437160974806
0.055777382169558375
0.13319130467291757
0.07273281473185661
0.056475029423807444
0.0268335636778545
0.001101610950660204
0.0041095918905137575
0.0062615358443654555
0.05367177065284492
0.05309137804786965
0.0
0.0010807445032729054
0.0
0.0004267925962125996
0.0
0.002814038318766497
0.07208943479182019
0.08074767308784682
0.006720297915818303
0.0021125156127572878
0.0
0.01208477144062187
0.01206209144398429
0.03782749724691755
0.04789235804765197
0.11436258576707913
0.062450869321233914
0.04849138171624022
0.023040210733584015
0.02220207693772312
0.054390020516294296
0.04730659792739319
0.10557347198135096
0.1036436480662734
0.034137577542486953
0.0
0.0057651460369308296
0.00036645864389556036
0.0
0.002416229042669765
0.061898441414968385
0.0693326993956434
0.005770276435578507
0.0018138777793455553
0.0
0.00571321962266172
0.0021407117822961363
0.017555576931323265
0.0727336140985417
0.027548286433582873
0.0006606427094714183
0.000819426450723849
0.0
0.020998543421094855
0.05144163812643612
0.044742194771644386
0.09985052937770277
0.09802531764685919
0.0322870426189244
0.0
0.005452628135872947
0.0
0.0
0.006212152539577233
0.22920758892145415
0.12608331122974423
0.07239689569002544
0.019445297873973654
0.0
0.005403516556456742
0.0020246677569258392
0.01660392158394925
0.0687908594365052
0.026054944790749483
0.0006248304903896073
0.0007750068587809779
0.0
0.002715655723773591
0.004768121181357884
0.021986120460467988
0.03682926395478673
0.006259643494055675
0.0007750068587809779
0.0002450786798073969
0.0
0.0
0.0
0.005623671483130754
0.20749461210468928
0.11413936109007178
0.06553869293539523
0.01760323276644633
0.0
0.036723959617946444
0.02455296170386261
0.037169578051964275
0.11042241669017325
0.2191172734895996
0.006247697077119075
0.026160548966014486
0.021852663127653688
0.0024583999756106574
0.004316434109574988
0.019903361656123452
0.03334040497681094
0.005666663590086527
0.0007015899791884277
0.00022186222472411909
0.0
0.0030254964412086156
0.0
0.0018963545843697122
0.00710388208340128
0.01266023862374888
0.0065256523383624655
0.006901559632597587
0.0026312298733590345
0.03691228846752
0.024678874897304102
0.037360192134609116
0.11098868805412034
0.22024095689594517
0.006279736694177223
0.026294706233973536
0.021964728573476103
0.00430395741811997
0.011762584780836088
0.03625080437113004
0.03687618284355965
0.24547859074573924
0.0357976289845889
0.012194374935752572
0.002643278871121335
0.0030410118777271563
0.0
0.0019060795236456873
0.007140312412652033
0.01272516321794139
0.006559117373461791
0.006936952406127248
0.0026447234209004363
0.014964569670705748
0.005726795039590101
0.0008919999394684417
0.0
0.012406062983789604
0.03373147105911051
0.017793081749437348
0.003504882586919687
0.003943180594580439
0.010776592689934276
0.03321210096837145
0.03378505744009927
0.22490148516301398
0.03279691275516392
0.011172188276598164
0.002421707498031665
0.007933338413071193
0.011448484430778333
0.0440796005356722
0.05163586024585162
0.0760352626039868
0.012906245945256606
0.05046671302204383
0.07262854837150187
0.013710172987155024
0.0052467496481680455
0.0008172285434030385
0.0
0.011366131692397304
0.030903949362267757
0.016301586622762685
0.0032110877642143446
0.013622456965652856
0.0011002276304019525
0.0
0.0
0.003702978861861481
0.03167654208935918
0.1019299694584482
0.08626745450223897
0.00836493097146178
0.012071309328432181
0.046477636088609234
0.05444497437509226
0.08017176249930019
0.013608376551150556
0.05321222274980992
0.07657971487565661
0.02871956689402806
0.008412754915912084
0.018317982745863604
0.017310902355914384
0.012477748356516945
0.007258393140233927
0.0014370435201840382
0.00667652004137402
0.014363551161721033
0.0011600826413812918
0.0
0.0
0.003904429756484084
0.033399821638204374
0.10747520325595811
0.09096061007633116
0.022701706023728972
0.01566098615071787
0.005968398864812534
0.0062924815996487525
0.005955643023781051
0.013744538413647969
0.13264295177134494
0.1002275612350192
0.042799714581647046
0.012537219331161182
0.027298616170897867
0.02579780129407035
0.018595129594088333
0.010816916420421189
0.0021415731209397703
0.009949772335489984
0.012326146699611039
0.007919331798875044
0.04159644886556366
0.015322684606601071
0.0207660297601098
0.014037630670480895
0.010112436053389262
0.024238989590960176
0.03383151779124138
0.02333899183755557
0.00889448538224718
0.00937745396610539
0.008875475821364498
0.02048298023891649
0.19767291401115203
0.1493654493433665
0.039692790981105744
0.023857785199735415
0.030068272474787362
0.013320675279119707
0.01969816906306158
0.03933176519719186
0.04375462287876388
0.04217991907191287
0.011218354483822897
0.007207594843698767
0.03785803625530688
0.013945583461706771
0.018899716898378206
0.012776021640194217
0.00920359745073386
0.022060550161200444
0.16262167430844185
0.0
0.002361644756367598
0.0
0.0059708158698223894
0.004322491681054033
0.012126787955515207
0.10001843546491157
0.03612546650060428
0.021713605889339373
0.02736593580773979
0.012123501438594508
0.017927828429842682
0.03579688731682142
0.03982224791916926
0.03838906803393898
0.20466600173278032
0.01204493713338518
0.004437588734964464
0.0027564476501693133
0.0029581261008350154
0.008763502097843727
0.014468289397473107
0.1000489961316063
0.1175542015947808
0.03789057827780807
0.010638378453954435
0.0030760815268272047
0.0015380407634136024
0.004995623063359549
0.05887660245889476
0.11307271329708198
0.04660070666417009
0.04650126947597715
0.008491012613857884
0.0032989359454769253
0.0015048710580032728
0.002473547202408426
0.011483075543437572
0.036331529792526344
0.1454419906053776
0.00870289125715586
0.007094920423173615
0.0006680822246022888
0.005646364284201252
0.008045609218871264
0.00921447247672641
0.21467985394294234
0.01883159367789201
0.010431804352352999
0.00811138166750968
0.006430965800115925
0.006391402558483463
0.008731106390063165
0.01900645658127475
0.01824366638661124
0.04494564096781541
0.044849735380126
0.008189446721181923
0.003181771290503394
0.0014514242190210394
0.002385696965446935
0.011075243864884819
0.035041183079781504
0.11075996595961121
0.1554845290952067
0.018414818025326917
0.0
0.001097296466438778
0.0
0.0
0.07455496300779686
0.018162772817972895
0.010061309508592664
0.007823298706779442
0.0062025643089774745
0.0061644061911886126
0.008421013352600124
0.01833142530924666
0.01759572628926858
0.1307259509984325
0.0
0.0
0.0
0.0
0.0036049328153694173
0.060193276919650374
0.20128134692234315
0.10169103294985195
0.1427535864102606
0.016907028187981763
0.0
0.0010074507531455147
0.0
0.0
0.06845046523908734
0.059508061335456705
0.06357337375851492
0.025971349102075214
0.004970810061931204
0.0
0.0
0.0
0.019523864960157775
0.12002221989874828
0.0
0.0
0.0
0.0
0.003309763943439738
0.05526470194860662
0.18480059924841843
0.0744530332206585
0.008475887716617376
0.0011978895252779934
0.0
0.004002754986325584
0.0022977753613199195
0.0010908480907181805
0.040727263840400645
0.08626563812231226
0.09215890304258492
0.03764926890422728
0.007205916179322883
0.0
0.0
0.0
0.02830269767834535
0.04258477813156186
0.05480684069552026
0.012986423569469151
0.013944970684888905
0.007402271200647386
0.029377153530269554
0.04342118237730769
0.038706828662071834
0.10793056061288551
0.01228703886697462
0.0017365160615065891
0.0
0.0058025787665326525
0.0033309614421581668
0.0015813438470098603
0.059040125410278955
0.055113602256657894
0.04635193672992904
0.04214296368617646
0.03964409220269972
0.058909326551187656
0.033757262116199754
0.02273231450889618
0.014826157028627999
0.055523676458753175
0.07145927310230848
0.016932200008178973
0.018181990713736083
0.009651366738014696
0.03830306601233385
0.05661421257910222
0.05046745634643622
0.010592379036529178
0.014650832382030951
0.027999711825289354
0.02900304875946672
0.04218249502860435
0.0
0.002081405766867652
0.0032600191891294667
0.07185924065921268
0.060435443159482426
0.05494762174162876
0.051689496706154296
0.07680825241653588
0.04401402055172471
0.02963926856801213
0.019330915460942382
0.018324223881837118
0.0057125199054699925
0.008791696822987166
0.0
0.023789369410714946
0.05620249364840959
0.010244730856440787
0.021307119657292158
0.01993298462907927
0.02757027629648828
0.05269050734564925
0.05457861006721671
0.07937999783822851
0.0
0.003916837663642039
0.006134779747148649
0.003435032715634442
0.012814490073251882
0.01952466109984002
0.16735880120659646
0.16554902654449136
0.0
0.003369967159240436
0.0
0.03448294964868919
0.010749952496635155
0.016544419061267936
0.0
0.04476738730401864
0.1057631565247271
0.019278772217860653
0.0400962321263311
0.024252647145480862
0.014879027649868608
0.00658722595101375
0.005497152207227987
0.027093175207615793
0.01201246765391372
0.018155266647995303
0.0035833440456719302
0.0031789471174160917
0.011859155254653008
0.018069075394642566
0.1548820121125568
0.15320715821114086
0.0
0.003118732272299661
0.0
0.0012316063966606922
0.0
0.008120542916153807
0.2080303402850794
0.23301564172617356
0.019392936930106467
0.006096140759717913
0.0
0.022444584699856693
0.013769779205368649
0.006096140759717913
0.005087333254098949
0.02507334816227267
0.01111692451942485
0.016801770857633718
0.003316201669012331
0.0036948191899820767
0.0
0.006096140172442218
0.0
0.04463762277616446
0.006351243337595272
0.015311013791735486
0.0
0.0011243891225802857
0.0
0.00741361050829718
0.18992029630360885
0.21273050680667716
0.017704688282083166
0.005565442318690342
0.0
0.017529623343975124
0.00656825287843181
0.053865013340569236
0.22316538550980314
0.08452520939982087
0.0020270212991710243
0.002514210548165019
0.0
0.0033731673677408567
0.0
0.005565441782539828
0.0
0.040751702527239066
0.005798336987380924
0.013978116230787164
0.0
0.01685103157841274
0.0012571052740825094
0.003180252638647942
0.011626748801689995
0.06352309573309914
0.005028421096330038
0.004412210711138166
0.0
0.01863475079552059
0.006982338020035399
0.05726084813704165
0.23723449520612613
0.08985396789179817
0.0021548116594442912
0.0026727149861224555
0.0
0.009365302600670413
0.016443504715697766
0.07582208205720285
0.12701065104720086
0.021587219241726234
0.0026727149861224555
0.0008451866623872694
0.0
0.017913378282545658
0.0013363574930612277
0.0033807466495490777
0.012359738839230486
0.06752780909882736
0.005345429972244911
0.00469037157536219
0.0
0.007245219497431626
0.0034911692949933385
0.007351274321262119
0.10414399605891878
0.05459847805157825
0.021815416334140948
0.017040886608096113
0.003218374940006266
0.0075382676740548965
0.013235615049709167
0.061030291761254414
0.10223271215830686
0.017375865353351394
0.0021513069935836055
0.0006803029829661049
0.0
0.009277173058491373
0.0
0.005814850554718676
0.021782852750110267
0.038820480194448996
0.020009809047520585
0.021162465178616658
0.008068221320423277
0.005831782085184454
0.002810092718116485
0.005917147148572984
0.08382701044615998
0.04394710557663619
0.01755954449735898
0.013716456385066536
0.002590516591690362
0.006812718998553667
0.0024052343037476776
0.01323402681554024
0.4153699885305566
0.046243150845699424
0.0
0.0021513069935836055
0.008403088245994787
0.005305282276467491
0.0
0.003325304313475079
0.012456831612113299
0.02220003919739955
0.011442891560392307
0.012102054228223365
0.004613926171688711
0.026106858322531436
0.009990840366992227
0.0015561634284075585
0.0
0.021643343964124966
0.05884718072947005
0.031041418134670172
0.006114540888732714
0.003895949458924685
0.0013754671646169817
0.007568064912459286
0.2375351871129177
0.026444798112842057
0.0
0.0012302552504238464
0.004805424546679529
0.02988874239836499
0.005516803693171623
0.019039021052713757
0.24997874908521733
0.1274358742661877
0.03659280369501616
0.009987380501237724
0.011958451434943578
0.020384850234051535
0.007801083610956106
0.0012150890787352437
0.0
0.016899633032136145
0.04594926555491005
0.02423787082728789
0.004774377626251074
0.02025443043824562
0.0016358637845140128
0.0
0.0
0.005505741582518762
0.04709798826237928
0.1515536794261179
0.12826600669069382
0.023337834447470902
0.004307650337187772
0.01486611632727823
0.19518929849172265
0.09950493388626808
0.028572523501350297
0.007798382066236932
0.009337440703162569
0.04988061046013199
0.007789606347722417
0.001989559450382688
0.0051695147996510754
0.01715272606512648
0.028355108557581162
0.01923858407225052
0.011933955394401285
0.013051452170923097
0.0010541100134524046
0.0
0.0
0.0035477631992070074
0.030348774458373952
0.09765742879752475
0.08265143058862999
0.02062792320861926
0.014230367504124403
0.0054231903687360136
0.005717668403138062
0.005411599763651808
0.012488985745753958
0.12052612347477017
0.0910718531189735
0.03214182712576182
0.005019428958399488
0.001282022720265979
0.003331107006945249
0.011052790870743191
0.01827132805678922
0.012396865990422263
0.007689944603223766
0.04791105865388678
0.0035441873349152447
0.0003914866192578476
0.0016200641273006488
0.003670944530089849
0.0
0.2630603898870608
0.08480770553243674
0.02099402715255508
0.014482927765001232
0.005519441036465831
0.005819145460781529
0.005507644721568233
0.0127106400000886
0.12266521855987167
0.09268819443802923
0.024631219230541374
0.014804863127150096
0.018658758754522543
0.00826609731865497
0.012223628236762032
0.024407185973829997
0.027151774461753195
0.026174597656318212
0.048761383107489516
0.003607089496622812
0.00039843471547959964
0.001648816991097712
0.0037360963758109903
0.0
0.26772918011169694
0.08631287089288366
0.002267835628009077
0.0
0.0
0.0
0.0031164365238508115
0.019577502101413208
0.09046832056719742
0.035670489283582185
0.03219718000612236
0.019352466421142654
0.024390161473016515
0.010805190795705886
0.015978354744979342
0.031904330552500915
0.035491973078893714
0.03421463730400092
0.18241060219425678
0.010735169580150415
0.003955044934586566
0.002456711283395325
0.0026364592010957332
0.007810558087148455
0.012895006299872166
0.08916965924377152
0.0029644457002261405
0.0
0.0
0.0
0.004073710959937463
0.02559111480960926
0.11825743479810745
0.04662737778509518
0.18227150945099377
0.038956777134805005
0.015207912049180802
0.00603849886479235
0.004574252650332901
0.0035371812278586936
0.00912944411025096
0.026366599561156535
0.14452067521085407
0.008647762008314396
0.0070499770104660376
0.0006638501975530738
0.005610596880877978
0.007994643582325635
0.009156102570553609
0.21331994506443736
0.018712303250920832
0.010365723147726493
0.008059999389461732
0.00639022826779366
0.00635091564308016
0.008675798409919978
0.01888605846948609
0.018128100238041803
0.0282739990980352
0.0033255971165592466
0.0014844141502247555
0.0031213245831586416
0.005098178587791132
0.005168907437959868
0.11810437240758548
0.25953559472213045
0.012255483924649268
0.009428922143892318
0.004522518629248814
0.0017936243882553042
0.0068051882330542116
0.004435861243057918
0.015434166412860736
0.028678898872059815
0.017748910391761248
0.009832049471822726
0.007645034659972543
0.00606123080558712
0.006023942170193157
0.008229129599376108
0.017913719916439287
0.017194784756496297
0.12774719000245177
0.0
0.0
0.0
0.0
0.003522789727623342
0.058821694734635936
0.19669488936857152
0.011624516932492855
0.008943479163346856
0.0042896791923067
0.0017012806022184566
0.006454826780428724
0.004207483314992089
0.014639546664033234
0.027202381202833678
0.35734332713387046
0.03725171059830257
0.0008904910062753256
0.0
0.0
0.0039319415601282775
0.009860002085998397
0.03422371328444678
0.08017916865142587
0.0
0.0
0.0
0.0
0.0022110416024743993
0.036918812714397446
0.12345346075521167
0.04973730957688816
0.005662198476869706
0.0008002333764036834
0.0
0.0026739845954330817
0.00153499675621549
0.0007287258402032861
0.027207280109677906
0.2242827485456107
0.02338064098754803
0.0005589072336804978
0.0
0.0
0.002467841409826902
0.006188525713493216
0.021480150594772672
0.022413002280351098
0.09277511400799801
0.22029515890206738
0.03821109278620976
0.010825321807303095
0.0002794536168402489
0.0
0.0057346696905153415
0.043458098385200365
0.004947360051792547
0.0006992059099841678
0.0
0.0023364007144214246
0.0013412072470356127
0.0006367260217490356
0.023772428904146277
0.02219141951669518
0.018663546407201272
0.016968808942692835
0.015962641623962735
0.023719762915432943
0.013592317226282083
0.009153136561517916
0.005969732642597082
0.019583416684440587
0.0810624874275721
0.19248344493884806
0.03338703769535535
0.009458651948714165
0.00024417329521954915
0.0
0.005010681955600758
0.0
0.006613994159599092
0.02486733094917758
0.08667974634246062
0.3233411248278599
0.005727225076101208
0.008127751855391422
0.0
0.02055104155846516
0.017283946957704886
0.01571448358752263
0.014782691623226006
0.021966410623947243
0.01258758034757592
0.008476541562586575
0.005528453172571504
0.0052405492051908415
0.0016337249448213074
0.002514339493726219
0.0
0.006803527492418666
0.016073364706641398
0.0029298930472209605
0.00609362828706794
0.0
0.0061250912200144425
0.023029151037416942
0.08027242547602527
0.2994399204115364
0.005303871636741878
0.007526952749975169
0.0
0.0028472465266546083
0.0
0.0
0.014940208428430125
0.33244391059126155
0.06364231344664911
0.0014931043248287781
0.0047554980987725625
0.007449031273867698
0.0023222123732408546
0.0035739371559254784
0.0
0.009670682800468
0.02284703218843127
0.00416461406682693
0.008661616541398534
0.005239074061276905
0.003214178120427312
0.0014229772283705887
0.0011874987240370462
0.00585268695068198
0.0025949417941898397
0.003921913595679454
0.0007740765257374806
0.0040471384946549685
0.0
0.0
0.021236339067524316
0.47254304650899714
0.09046257646732962
0.002122331147998763
0.0067595690210269085
0.004608732057316752
0.0
0.005021673983787975
0.008003070990709862
0.09799516448390427
0.14029041936226283
0.06401328102364993
0.0
0.011733445640640596
0.007198482749865623
0.0031869039760980874
0.0026595256268285676
0.013107694868275312
0.005811639256600231
0.00878352919694715
0.0017336240584129073
0.0019315554596974665
0.0
0.003186903669085615
0.0
0.023335389243129563
0.00332026497476831
0.008004200141407555
0.0
0.010321729838960122
0.0
0.011246555789179763
0.01792370127418947
0.21947025792517277
0.31419483485762884
0.14336433201461254
0.0
0.0
0.0
0.014166615269961035
0.022903341643585724
0.0641107030154549
0.048428211208377515
0.0381425221775427
0.0017336240584129073
0.002878527231698515
0.0
0.004749327258612439
0.0
0.03477588648122686
0.004948070788411285
0.011928369935914491
0.0
0.014380001936624677
0.0010727637766108997
0.0027139014540391014
0.009921806241176083
0.05420809019387065
0.004291055106443599
0.003765205606299109
0.0
0.0
0.0
0.02111199428980721
0.034132021572024766
0.09554186163633514
0.07217081137685585
0.056842421077010104
0.002583557224109353
0.05494929909686626
0.15112863852944355
0.20123982583731753
0.11586854666182991
0.03797551163356948
0.004423118275011635
0.002398772693082096
0.0
0.005584089103213624
0.0004165791174226579
0.0010538710358652783
0.0038528680566056283
0.021050261821360078
0.0016663164696906316
0.001462116882192077
0.0
0.0022585327350240817
0.0010882927893417918
0.002291592919248078
0.032464527035884566
0.017019836321825257
0.006800460902019947
0.005312109626473297
0.0010032553407335763
0.021338090472334113
0.05868676425184566
0.07814610342497218
0.044994450742848406
0.014746774140682256
0.001717599668662838
0.0009314992108874668
0.0
0.006065483207771487
0.06418683386313304
0.14795800654325594
0.4087333938324778
0.012797704145704043
0.02260180156533449
0.0
0.013770546309391625
0.001135565770559937
0.000547181814440497
0.00115218807272585
0.01632281219026701
0.008557389161504196
0.0034191980061261617
0.0026708711225390718
0.000504425907316481
0.0013265740019427058
0.00046834770326059546
0.002576932340558212
0.08088092699682124
0.009004475554157329
0.0
0.0004189029267890555
0.0016362510189446506
0.003049659190606306
0.03227244410730853
0.0743916814245392
0.2055067186422724
0.0064345468826953085
0.011363940762323372
0.0
0.006923681374354251
0.0
0.0
0.040397359158704405
0.4177616233374919
0.06447328681525627
0.004063574153637306
0.0
0.002739321665845666
0.00113623601670121
0.0004011487696914497
0.002207191859373442
0.06927606163198323
0.007712505613072482
0.0
0.0003587983725161471
0.0014014803074433103
0.0087169163678782
0.0016089508140031104
0.005552644270903041
0.0729051701299366
0.03716609563025866
0.010672125485383063
0.002912774294853875
0.0034876282065798305
0.0
0.0
0.034601111124230276
0.3578208242710037
0.055222603855736775
0.0034805290192158147
0.0
0.002346281423807242
0.003956872677725472
0.0025178950049499693
0.01685390417212138
0.1974800940379496
0.09474637400985496
0.005457679938742076
0.0
0.0
0.011150633217985068
0.0020581613538061512
0.007102913122230274
0.09325990723157558
0.047542672549289115
0.013651726358455773
0.003726005440223868
0.004461355517368219
0.02383256223631306
0.0037218124711375588
0.0009505958124146975
0.0024699533958730886
0.008195437218962905
0.01354784721321909
0.009192043722217881
0.0057019497564044066
0.005061610557854061
0.0032208779454457313
0.021559424890999445
0.25261548964549435
0.12119905947601582
0.00698143525184254
0.0
0.0
0.008812178732015839
0.0005131473800940134
0.0
0.056244385533649216
0.12319900628908828
0.07378576370881242
0.06551584119325897
0.010726071412223202
0.023477544354827084
0.0036663710978731222
0.0009364354167288865
0.0024331601374194974
0.008073355223310152
0.013346033913891824
0.009055115940117474
0.0056170115905963755
0.03499595714432143
0.002588801658092324
0.0002859558802299909
0.0011833529953833857
0.002681389663757379
0.0
0.19214875207332174
0.06194659253434416
0.008680909546869257
0.0005055033637283085
0.0
0.0554065502056788
0.12136379235865795
0.07268662609800973
0.06453989513619747
0.010566292236502317
0.19039504045257485
0.014420982929321997
0.009312614429385777
0.0011838605350765821
0.03755059108371376
0.0031212703820324536
0.005221081264340279
0.04260903094483447
0.04396353123266766
0.0032521717317622045
0.00035923093115617483
0.001486582468862406
0.003368485043669621
0.0
0.24138610149327844
0.07782015918038361
0.002044693076952934
0.0
0.0
0.0
0.002809796312563935
0.0176511835850878
0.08156673546473046
0.03216070935162695
0.23918300828185848
0.018116302143257407
0.011698934640812541
0.0014872200635726075
0.0471727799044312
0.003921083437157838
0.006558962462050143
0.05352742475400168
0.031090951396468457
0.015949317334999998
0.009723316423607443
0.0030231175278528965
0.0068896115206470996
0.0034314131221953223
0.01674595607280679
0.02361105847217352
0.002963284956375475
0.0
0.0
0.0
0.004072115877610344
0.02558109447793489
0.11821113049567854
0.0466091205972396
0.18220014011077254
0.038941523409800866
0.0152019573135649
0.006036134459728691
0.004572461578351094
0.0035357962264877417
0.00912586942979378
0.026356275584468
0.045058766810054975
0.02311465356634158
0.014091580594136162
0.004381273058835575
0.009984815033867627
0.004972998147606511
0.024269187522570727
0.034218482550427316
0.14022300467916082
0.09327379584044741
0.053539371695123884
0.003794621755097073
0.017638239186310557
0.01979564965598093
0.019102879288679323
0.00913354049282718
0.024204977353803142
0.002846997434465624
0.001270786306714991
0.0026721225599272984
0.004364479776463732
0.004425029761298165
0.10110751045858933
0.2221848126603196
0.010491749321610757
0.00807196909684935
0.0038716652930333943
0.0015354968905677583
0.005825826990313917
0.0037974791100665786
0.013212975186240422
0.02455160641843754
0.019248539319382953
0.020280109258529255
0.010470929447747237
0.012390661124439767
0.006565324311932574
0.0033052425565538194
0.027619688954739135
0.035558795185684965
0.02018722639144357
0.004359563258784117
0.010744848347341924
0.024653217878299754
0.017636450775387755
0.17590851762109114
0.037578371625445396
0.13905679928760148
0.007175707165239488
0.005520727260090602
0.0026479794296461055
0.0010501848359219493
0.003984505080743113
0.0025972406721368837
0.009036857230542443
0.016791779206165265
0.22058474239024975
0.022995137622492497
0.0005496918909765719
0.0
0.0
0.0024271512863859607
0.00608648841312344
0.02112598278814177
0.01380681339431334
0.0029816714405228708
0.007348811233663364
0.016861275155625462
0.012062240749278032
0.12031053846476474
0.02570128033609387
0.09510624400527691
0.14256501176207298
0.01503825277307137
0.02697774278968233
0.10026268065907698
0.00012291484168574078
0.017617853366791506
0.0012109374734971458
0.07945139895173012
0.14771793367815744
0.015399044274014097
0.0003681095501657297
0.0
0.0
0.0016253788401870161
0.0040759097025487795
0.014147336259838078
0.014761734488482078
0.0611038888496141
0.14509161263331413
0.025166731309320393
0.0071298135016867525
0.00018405477508286484
0.0
0.003776989369458409
0.09547083231639915
0.010070595099627865
0.01806605650513403
0.0671424317543663
8.231179652522531e-05
0.011798063941263077
0.0008109227295602547
0.05320583986822141
0.012895729979907643
0.04266424786697999
0.10903433332453177
0.10083450289138897
0.02604675011731219
0.0007765279197020282
0.010552211298110627
0.0
0.01295608820968396
0.05362969876663391
0.12734409586009376
0.022088352222252885
0.006257699101587618
0.00016154130825532452
0.0
0.0033149903540077587
0.0
0.0043757171248970045
0.016451844869998084
0.057345991136379205
0.21391753045915718
0.0037890442959137207
0.005377196006279117
0.0
0.011318332224327234
0.03744558332191308
0.09569732076802705
0.08850048854758968
0.022860727671182603
0.0006815435024110362
0.009261471305571705
0.0
0.01074331231439022
0.01128637295566869
0.044500371408718216
0.10781062436736577
0.015261466835512367
0.010885341015152645
0.004833290966553061
0.001903870608837751
