0.26209332150823783
0.01776008503636149
0.001261112618680384
0.0
0.0020064179244832347
0.0004984985484766752
0.005634651133065048
0.01987701133740241
0.07677822379457772
0.03413312088128601
0.0476452548741865
0.010787174350606192
0.0031485392259344414
0.014739416156460922
0.02109832857951072
0.007397398104247194
0.10483197565182832
0.0008038047379170716
0.001444332932759078
0.0
0.00133761194965549
0.0
0.002756608210958486
0.20221102092026733
0.027465297983717846
0.020742622301196383
0.01142947494948604
0.004094463596423168
0.022198209409609405
0.020508364340922514
0.027260993896182348
0.028056379688343708
0.061810749220852966
0.02747906464420227
0.038357085577694065
0.008684276551784796
0.0025347495538181027
0.011866051475042532
0.01698533037566039
0.005955317751707717
0.017084676352642547
0.10983419986512813
0.19022101048207743
0.03512789288384237
0.016524592234784665
0.008108375784303594
0.002161169525565088
0.0047636884114238
0.0221110955951481
0.01669896699710665
0.009201364331100808
0.0032962713910854695
0.017870795743340002
0.016510376283231612
0.021946619418240974
0.022586949310016712
0.1495300769935894
0.09215298483113349
0.02508070408252495
0.004544254819996782
0.0017026527127000507
0.010326448996603822
0.006606687530730277
0.02233529054445779
0.014682107695010589
0.09438853377902606
0.16347077955150258
0.030187958833624413
0.014200786587901498
0.0069681183324463575
0.001857250501360167
0.004093784678056258
0.035407367437934406
0.1198801990092459
0.04238570860599063
0.05272607593622629
0.01344513576074724
0.0
0.0015190510049742753
0.0
0.12850209443525873
0.079193776913316
0.021553677155222578
0.003905209398388399
0.0014632135826908687
0.008874270319538167
0.005677608157819283
0.019194343188266422
0.03139918040107905
0.06640248489270618
0.01595850006011486
0.019087074900666523
0.002801281712395478
0.0005561067390593333
0.00021812300701855257
0.0
0.051220461444876644
0.17341925016370074
0.06131536204357733
0.07627378523311835
0.01944979555629628
0.0
0.0021974662072652825
0.0
0.0
0.0
0.06031275695265505
0.15306523515419057
0.0809751877941289
0.020711626213721076
0.007418057831864585
0.0
0.04542219954514697
0.09605814166367399
0.02308563997252828
0.02761145080211861
0.00405234707713026
0.0008044665799329576
0.0003155377504644582
0.0
0.008153753345546497
0.014541626037314083
0.04601377985433679
0.02758178718423695
0.0
0.0
0.0
0.0
0.0
0.0
0.06518148441966727
0.16542137591600145
0.08751188319456016
0.022383565427383487
0.008016878110404253
0.0
0.0
0.0
0.015425150742945391
0.21546016617254327
0.21995131703963747
0.012854744539608031
0.0
0.0
0.00881196240244416
0.01571549401616419
0.04972822709828758
0.02980831788252015
0.0
0.0
0.0
0.0
0.018821977368952365
0.016701330691022264
0.026914015465083378
0.016141627495391157
0.0014467805138921987
0.0
0.0037033928569820654
0.0
0.0
0.0
0.012141520981425308
0.16959407216436684
0.17312916905854206
0.010118290131452615
0.0
0.0
0.0
0.0
0.0
0.0
0.38238704019168623
0.09389056280840623
0.015388020451385152
0.0
0.014815247963885426
0.013146034057106987
0.021184693032135507
0.012705477708169273
0.001138797037233052
0.0
0.00291503291117416
0.0
0.0011545053602797673
0.0006843318454874825
0.009765638704420102
0.021083182906521246
0.040759029813812984
0.003999109929141579
0.0
0.0
0.0
0.0
0.0
0.0
0.32113517208212106
0.0788508994165966
0.012923122585905592
0.0
0.0
0.00533455798165633
0.008323602559476758
0.10838121251430026
0.28524110631121596
0.017076745582361684
0.0
0.0
0.0009695733342775435
0.0005747135803863371
0.008201350297498801
0.01770601735699655
0.03423012988776422
0.0033585208709647103
0.0
0.0
0.00047819060804874647
0.0
0.00022542121057607162
0.01569346892384323
0.07045625220145424
0.002639619367911588
0.004665725813814855
0.0035343934848359915
0.0
0.005247219979545488
0.008187327572793855
0.10660678273025835
0.2805711058293068
0.01679716312270014
0.0
0.0
0.0
0.0005653043029786284
0.0065396809139740145
0.10815233863576466
0.26594545483049553
0.0
0.0
0.0
0.0004703616159412919
0.0
0.00022173058836654256
0.015436533630101898
0.0693027342671376
0.0025964032134112107
0.00458933800954376
0.003476527984695096
0.0007839360265688199
0.0
0.0007940480309642659
0.0023570285582281162
0.09674093061073293
0.0037309265054020213
0.0008869223534661702
0.0
0.0
0.0005687507973679116
0.006579551428772778
0.10881171169613586
0.26756684619988574
0.0
0.0
0.0
0.0009976549167662653
0.0
0.02178689486261622
0.1710470607495963
0.1989871131641311
0.0022750031894716465
0.0
0.0
0.0007887154543971423
0.0
0.0007988891087149923
0.00237139866943815
0.09733073166621248
0.0037536728690860466
0.0008923296586977856
0.0
0.00015774309087942845
0.0
0.0044673215935785646
0.03902393077311282
0.0652357797688941
0.005536726888894439
0.0010219715421938805
0.0
0.0010038867726090616
0.0
0.021922986797577128
0.17211550696983904
0.2002300870451525
0.0022892140069401185
0.0
0.0
0.0003174568675862651
0.003567491242656819
0.011703895657699791
0.061269412800510736
0.24489388893811545
0.014898801898542926
0.002693710723865343
0.0
0.00015872843379313256
0.0
0.004495226737638627
0.039267693928999994
0.0656432753552737
0.005571312077853726
0.0010283552919447823
0.0
0.006268895763992225
0.008915269031247793
0.001465309658750676
0.02443894727617316
0.08062061193444954
0.017673689103565482
0.007044199126522141
0.0005019433863045308
0.0003425130331689718
0.0038490654041185342
0.01262765815114265
0.06610527149198366
0.26422281975659584
0.01607473124665317
0.002906319329381625
0.0
0.015381420134144706
0.006101443269304033
0.008468158626064107
0.022046694701195167
0.0975482930148778
0.06414791006209153
0.007312644242731184
0.001746480644529683
0.006763685785318933
0.009618931417762773
0.0015809632961054246
0.026367859113156606
0.08698381780039222
0.019068634136581282
0.007600182120538595
0.0005415606631208002
0.0017605357268963508
0.0026283415599481163
0.003998496749400017
0.0025055179716621796
0.0942770364124752
0.1212473037021331
0.025253246673972083
0.0009222445542123514
0.015121308128684539
0.005998263027743824
0.008324955352012012
0.021673867620049008
0.09589867406526013
0.06306311806065018
0.0071889816327377724
0.001716946272606668
0.013368106374731265
0.018188051888498993
0.011796122780494274
0.006157606996203333
0.022446926548048102
0.10848311292421288
0.06570371745687613
0.002289949540222849
0.0017307636723907513
0.0025838942210008645
0.003930879000242798
0.0024631476769402497
0.0926827370047337
0.11919691569845392
0.024826194257520265
0.0009066486678488824
0.0030491372804958244
0.00723549294930067
0.014365530704497574
0.022104656692852966
0.0723721840225673
0.11979873437082567
0.03931483287701428
0.006018326732927819
0.014448532377562849
0.01965803152887117
0.012749499229437758
0.006655272000312751
0.024261113422862624
0.11725084507608925
0.07101396879937681
0.0024750259421510716
0.01059636013112109
0.022646866654790085
0.02397337117269148
0.016429074299856405
0.01850399576905742
0.01669250044040906
0.013719603021508143
0.004089211277859887
0.0032955721241231892
0.007820273957664405
0.015526569709016025
0.023891180917388375
0.07822138863747793
0.12948100829147705
0.04249230368302126
0.006504734943149919
0.0010918051224372784
0.0
0.00025734093086566694
0.0019011350389728278
0.010173842910601473
0.049940799387695696
0.17594080144453672
0.058297738839188123
0.008803795037532607
0.01881574142478767
0.019917843821030908
0.013649800592142354
0.015373711737835844
0.01386866345828283
0.011398685161986069
0.0033974475678410524
0.035611730176890434
0.00307600242935036
0.001300537738579133
0.0007708924025086792
0.0034093133523841737
0.03098545776322131
0.052334328637795344
0.21384123405603656
0.0009071066290617892
0.0
0.00021380707923046807
0.0015795238189981705
0.008452754211885514
0.041492414034562455
0.1461772472330123
0.04843562671906996
0.11026990967861278
0.02773943310846104
0.020106259180346454
0.004479939368215033
0.016205731357037068
0.00563957506054018
0.002366410837115964
0.11937888280956459
0.049816109153431765
0.004302921313162635
0.0018192806028070544
0.0010783766999853445
0.004769179291682829
0.043344564794646136
0.07320881672814107
0.2991356557046184
0.010678246332043003
0.002949033036310148
0.005876636936135502
0.0022095452983275686
0.007056931216732163
0.0009457989438748122
0.003686124901313444
0.0
0.15425304610595855
0.038803804834008124
0.028126002219496432
0.006266843746687159
0.022669678731791494
0.007889020988290902
0.0033102963539842893
0.16699529697423118
0.016060062385408785
0.0018915978877496243
0.002990878826549202
0.0018076735572573651
0.003435863776479709
0.004879921506387846
0.006551726940350233
0.023190793508707452
0.11637400651469539
0.0008923038722229108
0.0016033544067178191
0.0
0.001484883412484152
0.0
0.003060111572884879
0.22447451285354067
0.030489235241551865
0.023026391020507245
0.01268786344968439
0.004545265223531277
0.02464223869087603
0.02276634119100129
0.030262437214842917
0.031145395212945553
0.14633699435605613
0.0016601500898589124
0.0011067667659085854
0.0
0.0002474805687473587
0.001996430564696659
0.004449003321932886
0.15398649124970884
0.024356989919792144
0.03179014712162278
0.032453831278704166
0.017790718979910136
0.012664095708294985
0.005055043436856416
0.018782217840859226
0.0198689821444364
0.02521933479766655
0.01904640309038455
0.010494834444669412
0.003759640558652186
0.020382960175474155
0.018831301476243404
0.02503173759092428
0.025762081044605947
0.17055007780119583
0.10510727372417548
0.028606392229482934
0.0051830576742907504
0.0019420009569837925
0.01177807645920203
0.007535414245941609
0.025475045667453913
0.020147015121372455
0.026295391051155588
0.026844360968726097
0.014715688822331959
0.01047517482963693
0.004181306347660955
0.01553581243408141
0.016434735368714867
0.3080707529283726
0.0261803538789231
0.00463194265970347
0.0
0.004356142296504399
0.0
0.0031844605541434118
0.014240968779076213
0.1746954021351405
0.10766197053264775
0.029301688152792157
0.005309035072709302
0.0019892024823499237
0.012064349837571896
0.007718567114839546
0.02609423229038085
0.04268640500364684
0.09027252709058572
0.02169518401803173
0.025948403720652335
0.0038082728331505565
0.000756013283962287
0.00029653280433674197
0.0
0.31555860168901206
0.026816683450886638
0.0047445248693878716
0.0
0.004462021009059867
0.0
0.0032618608227083148
0.01458710426713893
0.055624741623192954
0.005632671298653706
0.0005930656086734839
0.0
0.0010484018018965021
0.0009377190924773234
0.0019996441474060818
0.014434905555846766
0.10800367834255131
0.22840445285162606
0.05489241073512222
0.06565376139566138
0.009635561347392218
0.0019128388894961506
0.0007502771342506834
0.0
0.01938777431378254
0.034576685339746845
0.10941032201166774
0.06558322804685289
0.0
0.0
0.0
0.0
0.1407398140378793
0.014251591791277394
0.0015005542685013668
0.0
0.0026526302923871735
0.0023725846960159216
0.005059431059550711
0.0365227031047845
0.045211366589580054
0.021693920559837813
0.008036808814060048
0.0
0.005456663822017177
0.0
0.00384940830851116
0.014440853174092537
0.029135819840315786
0.05196161552272604
0.16442111297616804
0.0985580441567793
0.0
0.0
0.0
0.0
0.06223287352068025
0.05522118001458926
0.08898833993579461
0.05337058071250488
0.004783626447333757
0.0
0.012244876016381254
0.0
0.06794334462373254
0.03260148126503752
0.012077663475330153
0.0
0.008200238535603404
0.0
0.005784865511296248
0.02170161925815843
0.06926928710159266
0.012479265847375227
0.009203062141763479
0.0
0.003189084298222505
0.01484058499744503
0.056371575898122035
0.0654188373960722
0.06118089524565363
0.05428772670590702
0.08748408993017608
0.05246840974949362
0.004702764503898578
0.0
0.012037889855837869
0.0
0.004767633432798634
0.002826009733626776
0.04032808090951015
0.08706489476201432
0.1683180692913207
0.016514683132343444
0.0
0.0
0.06809836599454716
0.012268317584551432
0.009047494498986418
0.0
0.003135176335932385
0.01458972123167644
0.05541867641238428
0.06431300390607116
0.02080713108644416
0.005018730970765262
0.004433808818825359
0.023652464410122673
0.03713488185326459
0.05101046257678065
0.03413246470662137
0.00495714910401837
0.0037228508514635
0.0022067159506641834
0.03149055657656302
0.06798543180092574
0.131432727874394
0.012895643725026173
0.0
0.0
0.0018360986728895817
0.0
0.0008655452002053871
0.06025789084750299
0.2705294269407241
0.010135292364132012
0.01791489174111682
0.013570938194410152
0.01624744158155856
0.003918922696372667
0.0034621808008215484
0.018469246537007076
0.028997117432593856
0.03983199352766508
0.026652652114867437
0.0038708359237034006
0.012928035633020342
0.0013685471687527094
0.035288051351081054
0.059111926125560814
0.07899014945134826
0.014846711024509155
0.018683531826002377
0.01248786266301756
0.0014511993083280066
0.0
0.000684101902806735
0.04762609483377131
0.2138186378844795
0.008010642067173382
0.014159412501815639
0.010726077204824871
0.002418665513880011
0.0
0.0024498639222686595
0.007272103202054082
0.29847327424529063
0.01151096896634913
0.00273640761122694
0.0
0.010217945607004526
0.0010816601166551895
0.02789065558897207
0.04672035744808191
0.06243153047331681
0.011734411166370452
0.014766923403059115
0.009870045617181302
0.003948363686161002
0.0010816601166551895
0.010831266420640008
0.10056801315930039
0.05336084834639863
0.011937911259604281
0.008696158215865201
0.0035241810320934797
0.0023577785560205643
0.0
0.0023881915824843698
0.007089036862921178
0.2909595731705228
0.011221194345446231
0.002667521883144694
0.0
0.0004715557112041128
0.0
0.013354569125614583
0.11665777136166863
0.19501522604491767
0.01655143925023749
0.0030550721094843645
0.0
0.003848968440314295
0.001054430640912023
0.010558602483302095
0.09803633594138873
0.052017553994216995
0.011637388886575813
0.008477243026563528
0.0034354640678176235
0.0037724456896329026
0.002108861281824046
0.027707414769903172
0.04944459792440921
0.04759383026097335
0.012076002399067459
0.004497052639453131
0.0019442739586686074
0.0004318752436582136
0.0
0.01223080891194803
0.10684125382088129
0.17860508581297796
0.015158668825869354
0.002797993917426792
0.0
0.01705668493567169
0.024257052710333297
0.003986878411037793
0.06649455335395721
0.21935607623043962
0.04808734393416596
0.019166164129790258
0.0013657094515618976
0.0034550019492657087
0.0019314048335953842
0.0253758913752432
0.04528393415416317
0.04358890487849159
0.011059831011689258
0.004118634677222619
0.0017806672036570189
0.03959622694953049
0.0077965241144802
0.01717683845919495
0.018175403335029882
0.02587403952778599
0.0019314048335953842
0.02325579915805469
0.01376279104896923
0.012890910266692661
0.018332723562793925
0.0030131583033123845
0.050254508642356796
0.165782478002314
0.03634291411002778
0.014485188821018713
0.0010321605902234587
0.0033554054397364713
0.005009356773056028
0.0076207358582591825
0.004775267268386267
0.17968262500319976
0.23108526352528216
0.048130168542635625
0.0017577061042815438
0.02992559283536385
0.00589236965629112
0.012981718550706045
0.01373640272634784
0.019554791745727548
0.0014596955089710758
0.01757600736938887
0.010401488044166464
0.042298267601217396
0.01219379494724078
0.019002513721809267
0.005714030214951176
0.0016319891682940388
0.0032639783365880776
0.007017055380094941
0.01379931559003769
0.0025219448264117744
0.0037650655410666656
0.0057277952594297745
0.0035891223276988157
0.13505064429963382
0.1736852059384388
0.036174951650540264
0.001321103483814279
0.004442984395982637
0.010543041953741672
0.020932422153755365
0.03220932209025654
0.10545556160172721
0.17456213299176057
0.057286757838215616
0.008769474544608023
0.03179165649545142
0.009164936587792842
0.014282414459368422
0.004294702740807518
0.0012266138067840928
0.0024532276135681855
0.005274065036344822
0.010371656476497853
0.06300780621635876
0.001868322511533822
0.0
0.0
0.0
0.0
0.016213915695615644
0.06401283744966026
0.0032840517539574174
0.007792936534177124
0.015472293296995421
0.02380766423576243
0.0779479492108642
0.12902838001062822
0.042343762838158085
0.006481996264840684
0.0010879884864524994
0.0
0.00025644134115234346
0.0018944892188969243
0.010138278088493468
0.049766220748949055
0.17532576311930423
0.05809394674908674
0.046572501291010766
0.0013809789263515462
0.0
0.0
0.0
0.0
0.011984588180604617
0.04731537461451155
0.08577289667744716
0.0013809789263515462
0.003929849505631262
0.0009246124230076789
0.001631982729678749
0.005159536016502006
0.01242795726798507
0.1787963494389887
0.0008912176859821379
0.0
0.00021006201949539253
0.001551856769448579
0.008304695178651634
0.040765630011922946
0.14361679635941688
0.0475872248980376
0.10833841423789053
0.02725354726042353
0.01975407654004135
0.0044014684372998
0.015921870634552433
0.005540791869833014
0.002324960619589834
0.1172878339591826
0.07026023110419823
0.001131218628191665
0.003219107027581262
0.0007573893973364374
0.0013368265289732068
0.00422639559758721
0.010180268868444607
0.14645970136010825
0.07594616349570509
0.009359036235237986
0.0034668934832298506
0.0
0.0
0.005378069666857836
0.01306630618870864
0.11146175580963176
0.17995849275840684
0.0452702517551758
0.032813050338489656
0.007311179801477543
0.02644745967018489
0.009203684220388484
0.003861939569332438
0.1948241717092698
0.018736386045166777
0.002206822577432777
0.003489292816163297
0.0021089127052946865
0.004008432132444039
0.005693134373927726
0.007643537258513381
0.027055415442698526
0.12615245672195416
0.015546083689821012
0.0057587784553134415
0.0
0.0
0.008933390044571582
0.021704146070263126
0.18514660489364654
0.030625514151231013
0.0016551168742495045
0.004097621774973718
0.0007802296026953814
0.00641498679246112
0.003093788990566711
0.0030508339771847916
0.016407968971966825
0.12344233804636373
0.001400416958827499
0.0009336113390667999
0.0
0.00020876183880671266
0.0016840858166988775
0.003752949651946341
0.12989505894299058
0.020546299974941534
0.02681652786979352
0.027376377581310205
0.015007332602871926
0.010682777723800895
0.004264173823696261
0.015843709884668933
0.016760448178558478
0.08760318377211225
0.004411223486013222
0.004524326971717734
0.000660162907159836
0.001878856549260414
0.0
0.0017714028623894227
0.18106474664573788
0.15804549201356644
0.05352869393290086
0.015164963145053792
0.002539697460152985
0.012702454384123749
0.008747946396837973
0.008849381568706594
0.0598923304547708
0.01717885106240788
0.022421415965304663
0.022889508751996517
0.01254769627344976
0.0089319170689518
0.0035652943406276156
0.013246994968275383
0.014013483855965205
0.26268415193802896
0.022323326673341703
0.00394954054490424
0.0
0.003714372539429885
0.0
0.002715309103814079
0.012142914479705084
0.13214252550081138
0.044755574568658404
0.012679491857585662
0.002123452128351779
0.010620577537465493
0.007314196153881221
0.00739900654369087
0.05007623883219153
0.058102834803034895
0.19482290676054909
0.03877557682441218
0.006701502295102181
0.0033730369047125686
0.0014072403615913278
0.006490820990030932
0.0008900169519716707
0.3586759009895222
0.030480861706241036
0.005392807304844088
0.0
0.005071702679288594
0.0
0.0037075549936690807
0.016580257162504542
0.0632251956125423
0.00640230829458891
0.000674100913105511
0.0
0.0011916533375466542
0.0010658471629965158
0.0022728715439553665
0.016407262322211895
0.07933515010049175
0.26601635881034397
0.052945199972191485
0.009150408793013848
0.004605633959806245
0.0019214832751755305
0.008862738956974764
0.0012152527276167685
0.024203429175256894
0.014389399519382366
0.006830697359569953
0.0007536677547373903
0.001468659757265383
0.0013896946086529548
0.0037075549936690807
0.012056041149580405
0.24360450580165766
0.02466787382756303
0.002597287651015795
0.0
0.004591399355391822
0.004106672488496942
0.008757295945891244
0.06321661785049036
0.0782556996395345
0.03754969290678013
0.013910795980194865
0.0
0.009444860381373776
0.0
0.00666288509071975
0.024995463614029653
0.09325498080031636
0.055441861820137765
0.02631844217226324
0.002903855957308036
0.00565869557054313
0.005354445566776134
0.014285081971119381
0.04645151221304207
0.08877300690044801
0.058754596809148865
0.030189992063975078
0.0
0.007699928432177269
0.0069934112331660305
0.01839175577322622
0.01716620678497797
0.08577554618555745
0.04115796591194053
0.015247529938052819
0.0
0.010352447957022533
0.0
0.0073031435468678355
0.02739735959847556
0.08744949145391206
0.015754535635260566
0.011618469566975848
0.0
0.004026081568793883
0.018735599357356244
0.07116668657952788
0.08258846454421129
0.0973034959561379
0.06440051849809177
0.033091047304583406
0.0
0.00843983978038634
0.007665431029153819
0.02015907983733467
0.018815763831876033
0.07057464015315369
0.02976460076960769
0.0687298493519192
0.03749082275998732
0.03434560395676121
0.0
0.007879471731147746
0.022765224849802774
0.088717282590081
0.01598293559849383
0.01178690728442814
0.0
0.004084449324186721
0.019007217023750418
0.0721984192166878
0.08378578338001191
0.02710714275629957
0.006538309213067252
0.0057762835302336
0.030813990003705972
0.0483786322800924
0.06645548035377782
0.044467139154495516
0.006458081504298936
0.07159778965050252
0.03019611039190439
0.06972625416056823
0.03803434259060684
0.03484352626069707
0.0
0.007993703663802353
0.02309526164930416
0.01139793891361861
0.0
0.008293900616053874
0.032520081254623884
0.10407341069948918
0.018779729490937834
0.007220354534518076
0.010668235885978383
0.025781506548713355
0.006218562513565985
0.005493802611392308
0.029307075711176217
0.046012744174490215
0.06320556974012494
0.04229253704903109
0.006142258226626045
0.020514259655072465
0.0021716162274723195
0.055995223766913675
0.09379904539819953
0.12534189122275513
0.023558821589467732
0.029647104481477865
0.019815791391516797
0.010840538945219604
0.0
0.007888299219491801
0.0309297329994668
0.09898384878178498
0.01786133356829577
0.006867253380013621
0.010146521004824523
0.004855881434374701
0.0
0.040306553710775725
0.025045733370222818
0.10745273688295101
0.027867447572043236
0.012583936603579572
0.0030711291133130223
0.016708267556477176
0.0017687182266713367
0.045606480385514
0.07639659307265072
0.10208732314972024
0.01918797466009491
0.024146703916213836
0.016139385480135198
0.0064563190504197876
0.0017687182266713367
0.017711162722130937
0.16444766258464233
0.08725504768796682
0.019520735680391203
0.014219858254533046
0.0057627004357230826
0.003954974129812246
0.0
0.032828515140327634
0.020399021038733825
0.08751712748610752
0.02269722514868665
0.010249250190920987
0.0025013452977832667
0.0040833349497081655
0.005306154491426148
0.04702133291278647
0.019041367964503793
0.03871731447312402
0.057905350990037824
0.026091676924925047
0.0025013452977832667
0.006489934817163088
0.0017779273160732215
0.01780337847388829
0.16530388332338772
0.08770935381926985
0.019622373237668828
0.014293896020398426
0.005792704775989722
0.006360906047077433
0.003555854632146443
0.04671883352571472
0.08337096616049418
0.08025029586047187
0.02036194103359632
0.007582701430780979
0.0032783358591104836
0.004104595428648597
0.005333781758649892
0.04726615634031714
0.019140509623856345
0.03891890181756775
0.05820684364504277
0.026227527046116444
0.0025143689168792387
0.011260614352471162
0.007111709264292886
0.059620524585782375
0.04903487265070498
0.06405336348810453
0.02325593289878161
0.013675994104585198
0.0
0.00609793571418888
0.0034088497448869493
0.044787399998243146
0.0799242731010143
0.07693261645117935
0.01952014485358167
0.007269220064338985
0.003142804055023099
0.06988570484424377
0.013760542987342712
0.0303164103046133
0.032078836059708044
0.04566661090896159
0.0034088497448869493
0.041045524815997506
0.0242907576599964
0.01079508200804053
0.0068176994897738985
0.05715571389980834
0.04700769025111142
0.06140529194068128
0.022294494328432612
0.013110605982885612
0.0
0.03553889770078763
0.013338290818889865
0.00930535626537754
0.036979863120653246
0.06173412625975668
0.019282788933085025
0.05373000409041641
0.049966637932379036
0.06938057083329624
0.013661081755786073
0.030097283231790176
0.031846970170088945
0.045336532556225
0.0033842105722809083
0.0407488476825557
0.02411518401624344
0.09806582504738214
0.02827053280842523
0.04405611132049749
0.013247613180231753
0.003783662389344278
0.007567324778688556
0.01626859359205474
0.03199282961620161
0.03528202247887691
0.013241881626830536
0.009238097132138462
0.03671257259787669
0.06128791187471997
0.01914341289705974
0.05334164351603416
0.04960547897592868
0.07170174170933982
0.00846052625028319
0.002728437726068644
0.0031200878611823963
0.012642185918050676
0.031185224730581735
0.04419596930626206
0.04628866323010241
0.07323992914028006
0.02111369397694472
0.03290306760536108
0.009893907996279226
0.0028258077179529654
0.005651615435905931
0.012150110819119764
0.023893671143392983
0.14515403635009894
0.004304142137906686
0.0
0.0
0.0
0.0
0.03735275753257043
0.14746937390796735
0.053550056602179166
0.006318698106713799
0.0020377189058918624
0.002330220683444369
0.009441747931747964
0.023290515818206407
0.033007519782887254
0.03457043688087024
0.20242964378071968
0.021040138291732683
0.0
0.0
0.0
0.0
0.004304142137906686
0.09172632390714401
0.05820133459942465
0.0017257998677183818
0.0
0.0
0.0
0.0
0.014977057435184644
0.05912969828330523
0.10718979914547845
0.0017257998677183818
0.004911105902889859
0.0011554817867736379
0.0020394775946648283
0.0064478366793706415
0.015531132734778911
0.22344056836953252
0.08116670901322803
0.008436307797750512
0.0
0.0
0.0
0.0
0.0017257998677183818
0.03677882202613137
0.0585711780163174
0.005222522030080683
0.003346503097543102
0.002149798063355711
0.002440649516915808
0.0016340979947031967
0.02062863724747491
0.281423593002905
0.07461200832077838
0.0012012840318456162
0.003418492033867188
0.0008043005712908757
0.0014196268719250805
0.004488170029307456
0.010810814219977193
0.15553112030521285
0.08065011591364031
0.009938716091361077
0.003681625883558212
0.0
0.0
0.00571117647105698
0.013875606879629436
0.11836547249016788
0.040769861090793995
0.0036352606336632486
0.0023294130500283628
0.0014964180572200993
0.0016988721269742908
0.0011374527627604498
0.014359053438153978
0.19589158324942926
0.18753550559594348
0.0013568991505435982
0.0017115520946731624
0.001995224176579517
0.0011491695330838189
0.008832973326595918
0.019213819728103265
0.032378209969346504
0.14488762932544144
0.01785486600611789
0.006614027026360611
0.0
0.0
0.010260107008857199
0.02492747547187687
0.21264312529259072
0.035173775109465705
0.0019009218401119916
0.004706168395569022
0.0008961031786580472
0.00736769027465129
0.0035532542458870135
0.003503919891104957
0.018844751724759343
0.33690682911403974
0.002437664210755545
0.003074796888447458
0.003584412714632189
0.002064478735775491
0.015868403295982006
0.03451755473820032
0.05816733219929035
0.007760208015172987
0.0071875366711785516
0.009943449817711966
0.002064478735775491
0.008263793318186703
0.0019009218401119916
0.012227859017569447
0.0008961031786580472
0.06902637363957251
0.0034757955983117862
0.003564914773300755
0.000520171180206668
0.0014804331144148799
0.0
0.0013957656626222446
0.14266881997617473
0.12453094412821326
0.04217759525113254
0.011949136631881914
0.0020011385233672354
0.010008818455035137
0.006892888940405351
0.006972814141432422
0.04719178233145254
0.017765197372978558
0.0025160175368288927
0.0012877181145064607
0.0
0.0
0.0
0.0033178791184355406
0.1497345709378039
0.11250094921864025
0.015742658639060988
0.003629332830011668
0.007206108407013472
0.006568173868898106
0.011694767508978706
0.007289944749161517
0.1868890787996705
0.1213335586119413
0.04109466736432308
0.011642337412891023
0.0019497584316521938
0.009751837739220627
0.006715911054165024
0.006793784141302346
0.045980113036162416
0.05335015117484408
0.1788868230480029
0.03560382023505188
0.006153334200547324
0.00309712993169387
0.0012921312064160786
0.005959886161163925
0.0008172155299621013
0.10961243899239333
0.015338459112007506
0.0035361481496444963
0.007021088476340268
0.006399533181687473
0.011394499326551065
0.0071027722843692
0.18209062137299067
0.02087993570036356
0.011392895069913879
0.009646200741104682
0.003864412438867542
0.0025775708774304785
0.0007167454426331304
0.006814705506441263
0.0711893089034081
0.0609802978899805
0.20447124362045122
0.04069588400676401
0.007033384991473315
0.003540081924411138
0.001476932007595621
0.006812269984147999
0.0009340938190425448
0.01860376288690052
0.011060291283729984
0.005250358249215654
0.0005793004000842491
0.0011288730075335721
0.001068177108184885
0.002849781057589805
0.009266774938271896
0.02386618727206502
0.01302230865130569
0.01102580183458746
0.004417101292170377
0.0029462154553811975
0.000819254484580792
0.007789345721877294
0.08137081466338235
0.019266439140330265
0.0631877176743103
0.19719446042140928
0.13662041601285504
0.03604974695796115
0.01661408491682128
0.002492412670083308
0.007565951171189679
0.014953081249101833
0.008889891534835687
0.0042200620360891795
0.00046562225087250404
0.0009073502981191652
0.0008585649679703225
0.00229055852600104
0.007448323192008077
0.014234413792351278
0.00942107598227549
0.0048408503263648464
0.0
0.0012346542186862518
0.0011213668747820744
0.002949048040442644
0.002752535924534639
0.015485718217204807
0.05078817022520581
0.15849829985902336
0.10981091262804583
0.028975578679919622
0.013353844765224044
0.0020033177905255375
0.006081258037813294
0.0
0.0
0.013812168394649393
0.2515649137612248
0.26990780752524035
0.003130422430854584
0.0
0.0
0.013209695385096672
0.00874286400136698
0.004492363306909503
0.0
0.001145772939629844
0.0010406410159839966
0.0027367496026563607
0.002554384158705278
0.009581048339272594
0.0040407726933343515
0.009330603848105277
0.005089666548253572
0.004662678988332562
0.0
0.0010696986818527188
0.0030905537636046086
0.0
0.0
0.012817846928056733
0.23345505679689643
0.250477467599232
0.002905067067846725
0.0
0.0
0.0008198571479378258
0.007546366940805885
0.001352695306509465
0.006322593850761445
0.2742310070007583
0.08131254188573256
0.035205472745809735
0.022766358553690285
0.011654950844475112
0.004915433619248882
0.011350295431991694
0.006191369809868671
0.005671957022680961
0.0
0.001301244406031229
0.0037595314125879855
0.0018553983078948661
0.0
0.0013501115671437673
0.005293738121401876
0.016941451570508127
0.0030570332570020032
0.0011753557978573786
0.0017366145722554544
0.0009973224662211003
0.009179844692876488
0.0016454981487043572
0.007691175112659943
0.3335907296828652
0.0989133594945923
0.04282600815476865
0.027694337869409058
0.008525889524723149
0.015695514998750396
0.0007433602875668746
0.005904098349674781
0.09162978277129807
0.162795026757089
0.10439606630075218
0.01151728688497427
0.003511866494764411
0.0
0.0025554683092417338
0.010019897863171801
0.03206649261777417
0.005786300775937859
0.0022246935487430174
0.0032870346516286346
0.0015730958947801285
0.0
0.013057582857420185
0.008113736070149475
0.03481004665329647
0.009027849622367638
0.0040766520514958875
0.0009949132131383206
0.016137659300719115
0.029708204975525468
0.0014070197629998432
0.01117517736638553
0.17343530101747667
0.308135669602482
0.19759910627642438
0.02179972556287499
0.0006292383579120514
0.0018378853781914036
0.008039139073582658
0.0035893295138201926
0.04024116407059101
0.03094004736510372
0.024219299039452188
0.0
0.004278555599706104
0.0
0.03551442377964516
0.02206799408266688
0.09467745769898485
0.024554228819270087
0.011087806230286424
0.0027059961909629963
0.0044174184308454385
0.005740284580135749
0.05086844581944162
0.020599262816027503
0.04188502306396403
0.06264295431513611
0.028226402183358968
0.0027059961909629963
0.0017114222398824418
0.004998738349373089
0.021865102829539032
0.00976237109352589
0.10944918135266256
0.08415171214189658
0.06587240985756199
0.0
0.011979955679177092
0.052980603990447656
0.09089692006926833
0.044753178428287584
0.025193322393437613
0.013815206705830965
0.0191549401946341
0.03144158956284667
0.001791653716305212
0.002328192894029596
0.020631652043347434
0.008354822246354407
0.01698807989437358
0.025407256219006396
0.011448301572840092
0.0010975206917219103
0.0049152521614358605
0.003104257302368935
0.02602432719595768
0.021403695769868704
0.027959259013523606
0.01015120231178669
0.005969564135512261
0.0
0.004858931172083112
0.021488318916941095
0.03686673725668181
0.018151370467335563
0.010218119564380734
0.005603287717366974
0.00776902173126308
0.012752344308944282
0.02557383871835622
0.17092283257142624
0.42375346795997615
0.05231498620907935
0.01333183883267954
0.0015521286511844675
0.000981652320656498
0.006285642188076822
0.002563118147550224
0.0016187528055616207
0.01357070260547087
0.011161218031257318
0.01457969638503452
0.005293468170144412
0.0031129019765746358
0.0
0.008438138179309116
0.0031669620693696534
0.002209406792412003
0.008780272182079909
0.014657772791506625
0.004578387289041267
0.012757323052249017
0.011863772443892607
0.013335789898191725
0.08912979428232083
0.22097141065053172
0.02728028718310157
0.006952049850128859
0.0008093764027808103
0.0005118945671597961
0.003277724729500072
0.002422474813360051
0.01635754773267038
0.047822339540928974
0.39265582940535115
0.042367051476909
0.006535675257619172
0.004433657353303566
0.006784972277647867
0.007472273395742094
0.0028044582718853685
0.0019565087990374443
0.007775245301671735
0.012979982472836793
0.004054325825001826
0.011297066203295172
0.010505795155501376
0.015185496163771108
0.0017918294012713603
0.0005778476175691943
0.0006607940214155548
0.0026774505218920327
0.006604624925741556
0.009360131376933709
0.009803336727247888
0.0021451881582256437
0.014485194025635391
0.04234839343470986
0.34771079181223835
0.037517540585340736
0.005787574381096014
0.0039261622863870985
0.006008335815764854
0.005294070675077451
0.004747892536931843
0.009406685723372077
0.07994931953798176
0.28488427191846943
0.04259826142345214
0.00208961416699566
0.005593332196905941
0.01687849264126879
0.001991596391556902
0.000642270536025362
0.0007344644460459374
0.0029759533994635915
0.007340959558069898
0.010403671165108071
0.010896288473306126
0.06380398957017162
0.006631660951668094
0.0
0.0
0.0
0.0
0.0013566266034287738
0.02891130619298664
0.005884294590573414
0.005277224292303804
0.010455415749895083
0.08886268758973243
0.3166453723560784
0.047347444838972505
0.0023225805044731944
0.006216920099777895
0.004295950975705665
0.0007966385736109236
0.0047487395362566555
0.003580444894622591
0.02663824108657994
0.24912820529829385
0.03832202807721514
0.036910303595547415
0.05886558908478201
0.006118373336218298
0.0
0.0
0.0
0.0
0.0012516243062056993
0.026673583920468428
0.04247833796930527
0.0037875976437439216
0.0024270280094615833
0.0015591260376484311
0.0017700640239007742
0.0011851181629747717
0.014960775154638645
0.20410049619939732
0.003963446276131943
0.0007349791014509026
0.004381189202980911
0.003303320048282557
0.024576453044827272
0.22984579273667405
0.0353559201060279
0.03405346247291417
0.09627081271916499
0.006776092147257983
0.0046609576808553195
0.002551340994972548
0.0014882193057608637
0.0021046598522874833
0.029920542203488228
0.15483488789488695
0.03787885909140869
0.0033774833079862608
0.0021642337336203687
0.0013903066435533885
0.0015784046398556832
0.0010567956762910203
0.013340849032047792
0.18200085751024514
0.17423731160832576
0.0012606810607039066
0.001590185467577405
0.0018537422845792575
0.0010676816072265444
0.008206624772431429
0.01785136251673155
0.03008226224586911
0.0858467803575481
0.006042388942379419
0.004156277473749407
0.002275086330179225
0.0013270775664707996
0.001876771027099732
0.026680799114208214
0.13806964164281788
0.17161815626185717
0.006960265973645748
0.004603572687576455
0.0007892023199278416
0.005891925527835707
0.004785979570785828
0.007447278224660762
0.05269096819527659
0.32267990156689447
0.002334726338579172
0.0029449541284500866
0.0034330498582477104
0.0019772997686000942
0.015198311138531557
0.03305994477625214
0.05571103761189296
0.007432509352985076
0.006884020818643861
0.009523557052411627
0.0019772997686000942
0.007914829217008958
0.0018206495661329293
0.011711500044505172
0.0008582624645619276
0.3178293401022713
0.012890109004345401
0.008525615828040773
0.0014615682746709233
0.010911589095424562
0.008863425419888906
0.013792034451706854
0.09758137492924782
0.0058210332252774276
0.004248182277837947
0.014711795586217631
0.0025747872642691177
0.009770631067195884
0.0012137664205608414
0.0023652464119309617
0.0019772997686000942
0.016918638722679517
0.002396122645407854
0.0012263549398625168
0.0
0.0
0.0
0.003159773401432339
0.14259932252964277
0.10713998138201186
0.014992479309791449
0.0034563855197423227
0.0068627182786139525
0.006255183008811109
0.011137480900217421
0.006942559597280705
0.17798331980456208
0.013403406040870751
0.021036867397188356
0.024200208099129514
0.011700456436417693
0.014757550804149316
0.007999676918712369
0.0020481674247205747
0.007342391865065044
0.061145893583397185
0.0014011565491154616
0.005276145317144279
0.0035344594724228398
0.0031417576225413768
0.020150905204114285
0.1370269069144232
0.1647635297933321
0.10181503730532626
0.01424734091359504
0.003284600352686247
0.006521635607361941
0.005944295333811518
0.010583939055391517
0.006597508747656574
0.16913740428061871
0.01939461845578364
0.010582448919318787
0.00896000761718654
0.003589513199809101
0.0023942125314894117
0.0006657589654143082
0.0063299339175481644
0.06612517893378765
0.05810689301936288
0.0013315179308286164
0.005013916610438746
0.003358793966519334
0.0029856097174667698
0.0191493888521195
0.13021655836938403
0.1565746485679512
0.05785255677619329
0.0012009228937976014
0.0014737201567790446
0.0013728814164221555
0.002096475933229769
0.0013315179308286164
0.01429294112181457
0.10746803204874637
0.021595510561593447
0.011783340204690722
0.009976785032922757
0.003996849455645785
0.002665906634273609
0.0007413089771195142
0.007048251816979438
0.07362903288391447
0.017433391651388783
0.057175912048413415
0.17843298572046265
0.12362207684460275
0.032619902052166395
0.015033387704636917
0.0022552795520730112
0.006846111469894188
0.06441763748659353
0.0013372030543313713
0.001640957221360769
0.0015286753485639583
0.0023343830280243916
0.0014826179542390284
0.015914897302882175
0.1196634533663783
0.007513151535201475
0.010453009795694091
0.03843745666195881
0.09882747579255778
0.0418473030065857
0.008284720307337953
0.011277803115558292
0.010183010236947619
0.010674532089879823
0.03500902865796142
0.109255196582153
0.0756942683720513
0.019973290234482185
0.009205000534704775
0.001380916257241049
0.004191900121194041
0.0
0.0
0.009520929716756893
0.17340737490939256
0.18605139989802386
0.002157845972937279
0.0
0.0
0.004600331293093454
0.006400417700194093
0.02353540107376402
0.060512439736615485
0.025623262974370124
0.00507276579020199
0.006905441790541283
0.006235095942286876
0.002940726623006913
0.0006498949318455873
0.02037548202398554
0.12889221140157578
0.06781907517034817
0.0027721748280138065
0.0011434654578140642
0.0
