0.025799529550781117
0.07683273644074126
0.1188570641666421
0.06793857873639143
0.0023779074283579687
0.003534685833170513
0.0018620815394901403
0.0033133101230104806
0.014974043697725316
0.050521351215611195
0.12750928907504017
0.04606654718042517
0.025864847219137302
0.005972989396457892
0.0024278572780104014
0.0013467328675728371
0.045823507938906646
0.0408628190482409
0.009704559929148019
0.010315365229891198
0.030546602179222587
0.02076316377054074
0.07540403112668871
0.031557240524670085
0.042016996278023834
0.030864932051165184
0.04950820592367687
0.0015056931484942048
0.00937747318846315
0.003145131642861381
0.012647101451036905
0.010757415776752594
0.01836918331470035
0.06197630917337967
0.1564201061936488
0.0565114451990726
0.03172931304102077
0.00732727507513309
0.0029783374686209348
0.0016520843280386237
0.022090387536890237
0.03212682917231021
0.138815956635011
0.0227777577794455
0.008703108443773585
0.010702757438557675
0.001864634889533239
0.003954438177679825
0.05154371942171825
0.03786309204705675
0.0607334483959135
0.0018470864663350706
0.011503674458605622
0.003858243027924493
0.015514641845809534
0.013196498312986487
0.01825883111983373
0.065320245415499
0.11004327719817293
0.012592337012535346
0.00679380117569865
0.004345858999463486
0.002129692963799788
0.006455371830669687
0.019063601075933984
0.02772486694281951
0.11979563580968021
0.019656789043943086
0.007510623669033582
0.00923628423812936
0.0016091458616091787
0.003412607939667859
0.03022226347540529
0.17257518754581214
0.06359215616313445
0.02218443328232032
0.004416399181341255
0.006427405983044624
0.005600317680880916
0.0031880037856434383
0.01575703785187464
0.05637017905202746
0.0949653388421139
0.010866956906926488
0.0058629263604563575
0.0037503969615597043
0.0018378861397656617
0.005570868015384427
0.012249142911681875
0.21014570053126055
0.0535386845987984
0.010285947297633517
0.0007128593040963108
0.0018701322439816956
0.0
0.0
0.02952279312921574
0.16858107154339458
0.06212036608617459
0.021670992148414794
0.004314185120941777
0.006278648763330764
0.005470702764704797
0.0031142199635477734
0.0035587409260243196
0.04071309032383394
0.2322904827724766
0.008797391387939576
0.0
0.0
0.0014534111881740319
0.0
0.011965646202709963
0.20528204476899553
0.05229957415687766
0.01004788719591353
0.0006963607402271133
0.0018268495147055564
0.0
0.0
0.02768384996673239
0.0818063532373392
0.009565904015626986
0.0
0.0
0.0008444614573176734
0.005049232278141629
0.0050455241651063566
0.0052044736611061215
0.05954077879148773
0.33971275921609984
0.012865727715707412
0.0
0.0
0.002125538330788008
0.0
0.0
0.02488059128935103
0.16868271047399308
0.08536748846388927
0.017547396021628248
0.007376751074066185
0.0
0.0
0.04048619188214762
0.1196375402382876
0.013989637495084042
0.0
0.0
0.0012349809957475642
0.0073842398046525815
0.0073788168820443775
0.002963954389794154
0.004596846277447035
0.024173889922153996
0.02462820373182012
0.015296087438043402
0.003996482434815947
0.010147526742520816
0.0007810705721889299
0.0
0.03968204081665716
0.2690319584550335
0.13615255852417973
0.027986331878468062
0.011765176068813964
0.0
0.0
0.001969670483756779
0.0
0.003964747781225774
0.03030507067378711
0.11342443175153419
0.10627593686388512
0.024395073425521725
0.0
0.004727209161016269
0.007331507498683312
0.03855492321032026
0.03927950804550696
0.024395721106169384
0.006373987549455715
0.01618428459765653
0.0012457290088421899
0.02236346754062051
0.014366434364833178
0.026210656024708612
0.004115689681025661
0.011536510988555715
0.0017617268638480575
0.002228427731089933
0.01437071566916074
0.0020573005186756105
0.0
0.004141138192402832
0.03165333396110433
0.11847064988649757
0.11100412065666401
0.025480402750276892
0.0
0.0
0.0
0.0
0.0
0.12481396385329369
0.33353319150437694
0.04998901541622631
0.0
0.023358411343480847
0.015005592617663497
0.027376760061719865
0.004298795450969202
0.01204976681947035
0.0018401055509785044
0.0023275697964759397
0.015010064395905765
0.008691315387123201
0.006647292078749927
0.006476840260569006
0.0029976445372976645
0.035497496792914494
0.0071110118724030365
0.021135272048482524
0.009032417577345221
0.0
0.0
0.0
0.0
0.09273100115976157
0.24779973180376794
0.03713952592665052
0.0
0.0
0.0
0.0
0.006732251860881389
0.19663303521313497
0.17709018338384994
0.0
0.0
0.006457245266166644
0.004938630506025445
0.004811992690340038
0.002227111218031934
0.026372997977545783
0.005283152860700396
0.015702529399221465
0.006710668413870326
0.004329348985687791
0.0011022019532345379
0.0008646383418690724
0.0009666950824532217
0.021616530318283804
0.10796201938138004
0.024338144854448414
0.008189972112041812
0.0
0.0
0.0
0.006288979850452331
0.18368611601925283
0.16543002520231506
0.0
0.0
0.0
0.0
0.006708197968432566
0.007620989763825976
0.1141200888474284
0.13246711030477384
0.0
0.0
0.0040442914346050865
0.0010296296125370608
0.000807707914426007
0.0009030449277166128
0.020193231985022715
0.10085347050797236
0.022735647113323716
0.007650719351081174
0.0
0.0
0.0
0.0
0.07302694286038677
0.13599376203134608
0.013364018659197873
0.003075660119021468
0.0
0.0
0.006079386757716192
0.006906615527585563
0.1034227314389411
0.12004994485992229
0.0
0.0
0.004338447863847624
0.004578628873213882
0.0012939969689727737
0.014447529667061637
0.05612245085213923
0.16606364463469636
0.06451131299548418
0.014518983233516214
0.0
0.0
0.0
0.0
0.06618156343493656
0.12324601627977184
0.012111305964570888
0.002787354739201878
0.0
0.0
0.0
0.0
0.01707983988151187
0.1359419478082185
0.08031796695546739
0.0
0.003938859366113499
0.004156918738496014
0.0011748146436040478
0.013116854075973534
0.05095334740110114
0.15076851504681146
0.058569561600583284
0.013181726481567506
0.005008417798905907
0.014981673341332899
0.0008471708796679083
0.014964617411879514
0.03481391176036781
0.09192254861545225
0.14016660164323363
0.00941898265081405
0.0
0.0
0.0
0.0
0.015506717932377753
0.12342114764915851
0.07292035915562833
0.0
0.0130545522944624
0.00484307459462661
0.00033228775476500886
0.002750170478146042
0.024024029089388277
0.07801793897914246
0.04662073439409269
0.010524165469758621
0.0031444087938425035
0.00940586574292062
0.0005318748696438585
0.009395157607794174
0.021857036430002134
0.0577112536981209
0.08800006559083053
0.005913470693826612
0.0027989106367286615
0.001063749739287717
0.015188817499271383
0.0
0.049154762140410826
0.302567427471374
0.10678366409503787
0.012885291619159554
0.008195971399061707
0.0030406022332852964
0.00020861848594131327
0.001726625170515436
0.015082880735050234
0.04898159523693765
0.029269652231529972
0.006607331852025537
0.010620627676712992
0.007697323669007978
0.00139165887424519
0.0008973020794677736
0.017518603605028847
0.07307662234200532
0.07165191872211071
0.017630720238920428
0.002005691063788962
0.000762279909261729
0.010884261586649341
0.0
0.03522415681085271
0.2168189214437506
0.07652085708759365
0.009233561770685622
0.006989821153993339
0.0028147247263357314
0.006288484308635188
0.001671409253428186
0.03521256905866985
0.13514246952750447
0.07776454033412344
0.018302906188645118
0.007610710304031064
0.005515879319414383
0.0009972586231543836
0.0006430040097354627
0.012553779402451773
0.052366490905386455
0.051345552515474076
0.012634121849883845
0.001696142305566947
0.0034225238214777224
0.002497024498998309
0.0017077844963127454
0.005833809801710617
0.0932789920322896
0.09794623020700409
0.014313906375408421
0.00783270793201005
0.0031541460367407437
0.007046798457272017
0.0018729607279697824
0.03945877339289615
0.15143899531889504
0.08714199097300461
0.020510012391480578
0.005137182722010412
0.00294829711000801
0.0018371048624216718
0.0017326346460896256
0.008058858041411087
0.0516218761186154
0.13299938227613226
0.032535434088300626
0.001900676283118059
0.0038352382547966195
0.0027981350550798536
0.0019137223794045842
0.006537295776386366
0.1045272954321305
0.10975734533845477
0.016039988081906452
0.005793024817405257
0.0011666606376080006
0.004981664361366058
0.0025348681216710908
0.01357528492164613
0.02120591143853679
0.09234578149283715
0.05575980088815164
0.006760352181738116
0.0038798555314487086
0.0024175655289702734
0.0022800863904765168
0.010605174370992674
0.06793257739279397
0.17502251969507618
0.04281548948614446
0.011018785927326073
0.008115040752977486
0.008802802453901314
0.0009859002656257333
0.009873140215988379
0.0028173954249395548
0.007112172828937244
0.0
0.007623417363648391
0.0015352844571809728
0.006555695476774554
0.0033357974913633655
0.01786459855604508
0.027906235268803994
0.12152380773115658
0.07337794117628328
0.02703888026561883
0.014112992268313565
0.06015164794859208
0.11401681316743345
0.06165726461075985
0.01084433517765487
0.04885600977688725
0.0431602212839649
0.04397699381076693
0.039216201927858255
0.009313502853368457
0.009899695009721455
0.02931568959684678
0.01992648676845924
0.07236553374713957
0.03028560303782392
0.04032387017879975
0.029621191978438037
0.047513212397236236
0.001445019407080857
0.008999596471738749
0.0030183947282378743
0.012137471076590432
0.010323932590774566
0.11106064462423579
0.021225084142641952
0.006373925221251007
0.027647622342772175
0.0562083151347987
0.012429512469503141
0.0564311239736098
0.045310771276174916
0.09756128549132903
0.05867746009088788
0.0035534137230021612
0.002777339953942049
0.0014869126537153286
0.010485635452641315
0.028993754692698836
0.05209460255593196
0.0512324181298217
0.03763441570003161
0.06036664520128385
0.0018359308801712115
0.011434197347510446
0.0038349409447120484
0.015420940263849622
0.013116797293746258
0.018148555847115822
0.06492573999344214
0.1093786644239949
0.012516284860615023
0.00675276961828271
0.004319611931224883
0.0021168305592544436
0.006416384236970476
0.12395389007582237
0.07455108244428371
0.00451469506368974
0.003528675228297595
0.001889157227713651
0.01332224455352594
0.036837241985537034
0.06618740831716034
0.13750732299794832
0.06562183013747977
0.02833963752099126
0.0035424151889240415
0.006037221335118803
0.0027086945085304137
0.002791648357616196
0.009215452932963412
0.017624560145469106
0.06305116611718506
0.10622061975681328
0.012154907375662664
0.006557799710814673
0.004194893573256834
0.002055712191296807
0.00623112664465243
0.01370090990494762
0.23505214451739753
0.059884083270674
0.011505036575050148
0.0007973473059092731
0.0020917801000341677
0.0
0.0
0.13353713127565092
0.063727158340126
0.027521398958522646
0.003440136509117173
0.005862911155502234
0.0026304874990305607
0.002711046256147474
0.008949378994834178
0.0854297292246816
0.09735087093200359
0.02285992790209827
0.0036733706604766417
0.001184117569676219
0.0
0.0
0.0
0.018937031705733447
0.32488279567616174
0.0827701803334989
0.015901954243102555
0.001102072148290853
0.002891202580747192
0.0
0.0
0.04381292373813023
0.12946810216025517
0.015139159604844792
0.0
0.0
0.0013364588189038133
0.007990999409553447
0.007985130887876658
0.11807868982160159
0.13455577346394973
0.031596381734945125
0.005077234807539094
0.0016366556758523785
0.0
0.0
0.0
0.012656579675046816
0.009148410962724922
0.005939175394545898
0.0019473229318919916
0.0093269188403994
0.0033516131128926495
0.012841017762446288
0.001625872375607727
0.10384662514056446
0.30686894015692767
0.0358832622498383
0.0
0.0
0.0031677123127421014
0.018940491740343807
0.0189265820050716
0.007602509550581044
0.011790858809157014
0.06200575475813386
0.06317106455130764
0.039234291605385975
0.010250932330145516
0.026028291542012853
0.0020034372003803133
0.02999898141772278
0.021683821183819247
0.014077200702876285
0.004615599628650637
0.02210692558032785
0.00794408774522969
0.030436141764251915
0.0038536884715865837
0.005779875043109013
0.0031677123127421014
0.05767748886089068
0.048031394983941135
0.014040743686703713
0.009367490132726005
0.015493846398097857
0.0020034372003803133
0.010578633878192944
0.016406579646059787
0.08627890219186721
0.08790039119818038
0.05459318447444977
0.014263824242411216
0.03621748382766268
0.00278771483281536
0.050045370809912886
0.032149465806160155
0.05865467855309274
0.009210164561973213
0.025816612259535392
0.003942424134670424
0.0049868157486276
0.03215904658616369
0.008042499852970507
0.004407764115913726
0.08025626717249988
0.06683405509897095
0.019537218052930377
0.013034544424100037
0.021559161132248615
0.00278771483281536
0.024204118896082674
0.001971212067335212
0.02241971963828075
0.025766421616659714
0.08423607408825554
0.05359822601979656
0.036989437773662086
0.008363144078088936
0.0521677317800251
0.033512884047102356
0.06114214939127273
0.00960075600886026
0.02691146217978627
0.004109617363047814
0.005198300306314837
0.03352287113588558
0.019410832494718883
0.014845793454377781
0.014465113253077979
0.006694818148976838
0.07927867457783658
0.01588144649861341
0.04720266233477472
0.020172636339484542
0.025230585009324586
0.002054808681523907
0.023370511632646796
0.02685914301513564
0.08780841960247807
0.05587125909220088
0.038558113112993675
0.008717814456018182
0.020924530215843676
0.012048502430648412
0.031846838527269605
0.031020570811258207
0.09792214705519542
0.023886483760252035
0.06976134704194802
0.0
0.014394082139851924
0.0110088823069144
0.010726589309537005
0.004964535260090586
0.05878901660309736
0.011776869717612585
0.0350030839249835
0.014958996968672133
0.009650710534194916
0.0024569587797276847
0.0019273970247559136
0.0021548954465040915
0.048186200175836184
0.24066209519751033
0.05425305091044128
0.018256567072263356
0.01551656307098689
0.008934554130851586
0.02361598915352231
0.023003271209713783
0.07261406374026592
0.017712996563689437
0.051731452516614915
0.0
0.004199208740856547
0.0015237411868647575
0.013004144736465087
0.06693849694924286
0.13005129938921955
0.024145419797283216
0.004363330732724736
0.003474664469366255
0.006295130257461408
0.00160266702651542
0.0012572354424776277
0.0014056319976532556
0.03143171745170407
0.15698318086879492
0.035389106443073345
0.011908705308978185
0.0
0.0
0.0
0.0
0.11366987890060792
0.21168070106528525
0.020801724995125195
0.00478740995548705
0.002739131580861129
0.0009939319199332602
0.00848256558031331
0.04366378579495131
0.08483208224994651
0.01574998671925925
0.002846187876173634
0.0022665134715345947
0.0
0.0
0.0019878638398665204
0.005352487084663061
0.1479771210005796
0.08275159554974942
0.0031430886591825814
0.0
0.0
0.0
0.0
0.0
0.08273542200744283
0.15407328927288988
0.01514068205755122
0.0034845500568905403
0.0
0.0
0.0
0.0
0.021351985161330776
0.16994482808620745
0.10040773511452801
0.0
0.0
0.0
0.0014468806976428716
0.0038958454255608194
0.1077061898177487
0.06023133169328229
0.002287719219369097
0.0
0.0
0.0
0.0
0.0
0.018524124242495794
0.14742272864682987
0.11134627437881575
0.0
0.0
0.0
0.0
0.0
0.018452323409001232
0.1468658256288508
0.0867720723436062
0.0
0.015534352397948238
0.005763049221871326
0.00039540805104685693
0.003272583877125888
0.028587555166592993
0.09283797177615355
0.05547665678555589
0.012523301559019985
0.0
0.0
0.0
0.0
0.01600849423640891
0.12740229286761043
0.09622512612767486
0.0
0.0025163614711445938
0.002753698500344622
0.0
0.0
0.009155866009581369
0.13894915748814615
0.13723496132266985
0.003272583877125888
0.013091859386299016
0.0048569150561451535
0.0003332373614235582
0.002758029871580627
0.024092684577474495
0.07824089740381651
0.046753966387063355
0.010554241262388492
0.016964891331084947
0.012295342945806318
0.002222970458071512
0.0014333081558545533
0.02798339377655775
0.11672916089442882
0.11445340631322728
0.02816248361646883
0.0021207096183601926
0.002320729737245812
0.0
0.0
0.007716273410474835
0.1171019418820312
0.11565727173524652
0.002758029871580627
0.014336108516434595
0.01364139853489214
0.003401142468271619
0.0026344726864952666
0.04592543115905285
0.11087706747738207
0.060582332492806354
0.0
0.012810118260186982
0.009284161867676513
0.0016785556654064905
0.0010822849743897017
0.02113014322362654
0.08814169960111368
0.0864232868658115
0.021265373210290543
0.0028548956210973538
0.005760688969886949
0.004202916397147617
0.0028744914057618077
0.009819292875695029
0.1570043887351453
0.16486014339905425
0.024092735908908123
0.010825135387098068
0.010300562795006962
0.0025681884067522255
0.0019892792714445644
0.034678100367172775
0.08372280841702047
0.04574546506459623
0.0
0.02497704193077595
0.006848044949997766
0.006092514136221706
0.016919435277517835
0.01830066015400374
0.019657309360400957
0.057174183334430674
0.04691586642037986
0.002674927637972698
0.005397544493550364
0.003937971373712587
0.0026932881361987453
0.009200300600989768
0.14710708707074233
0.1544676277197016
0.02257396896785458
0.008152846610006627
0.0016419065210583515
0.0070109738316201054
0.0035674611492233625
0.01910525487838147
0.029844260750330018
0.1299633637560544
0.07847387469837064
0.02340252977436516
0.006416355318723482
0.005708451940339103
0.015852861557623783
0.01714701626123688
0.018418144505088666
0.05357001567749134
0.04395836640047506
0.0066378310941452995
0.001434096664599491
0.005834717807170424
0.0047174998372587216
0.012527326412129364
0.020930633468253267
0.05782648169358984
0.0798048000024974
0.0066187277829175325
0.001332949438119448
0.005691720880372856
0.00289617299973026
0.015510224503434067
0.024228474695746047
0.10550819457314865
0.06370746802249388
0.023475428340890992
0.012253042116230592
0.052224266949368
0.09899054623841992
0.05353145850886884
0.009415161089024258
0.042417280052737316
0.037472139081774485
0.005388792305648157
0.0011642431032277572
0.00473680061739456
0.003829809235028384
0.010170062965230965
0.016992122123376835
0.04694528908516089
0.06478795349079643
0.02679953133955834
0.005812220316219522
0.0077104558313407096
0.0011563497804494955
0.0
0.015444057665251611
0.10606686241748295
0.12772202121470472
0.10605804793957038
0.020269025082090143
0.006086819223550205
0.026402267569811934
0.05367647739970049
0.011869639635320305
0.053889250075277326
0.043269800643123496
0.09316675163100499
0.05603440261262068
0.0033933543629103865
0.0026522379279922794
0.0014199364144090413
0.010013322282395709
0.0276877649643622
0.04974806218677587
0.03156480723747718
0.044499681703084784
0.011341735517257302
0.010385548852861384
0.020737276159281896
0.014929542932064187
0.030259714403095547
0.0458651275786067
0.046716460369098455
0.007533197348774234
0.009245287811030931
0.004306676573637894
0.006710075254279802
0.008234310424108864
0.04935521701132213
0.0926779892898126
0.10302883943115142
0.06196587697144671
0.0037525550227828636
0.002932988333634131
0.0015702425842000552
0.011073274054796939
0.030618629938058316
0.05501410128961236
0.11429427421032957
0.054544000162294555
0.023555533125271068
0.0029444088077822724
0.005018058789165839
0.0022514311686120765
0.0023203813144479757
0.007659762996827605
0.05166159182218204
0.00833061759117665
0.010223939943189927
0.004762556184684847
0.007420364602623624
0.009105946398902231
0.05457967181992957
0.1024883395651676
0.17582443870429978
0.03630653434201888
0.014569183636432155
0.003951520676542478
0.0
0.004463510871802796
0.00565423492039735
0.028112978857058237
0.15399863804923491
0.07349188572030382
0.03173842298643809
0.003967258634708241
0.006761268003333548
0.003033549458390295
0.0031264519998814326
0.010320666345197975
0.09851987850749012
0.11226766213427726
0.026362688259042637
0.00423623057766383
0.001365556465668645
0.0
0.0
0.0
0.23690359191927252
0.048918958360674995
0.019630331029277217
0.005324228239912442
0.0
0.006014077257366764
0.007618443556929475
0.03787906686844887
0.08546159764606533
0.0029165460272747887
0.005402897651029918
0.0
0.0031496923637292606
0.0021068793233724892
0.0046499797082982615
0.004833267444990096
0.22211045711528912
0.2531044712363645
0.0594339825496096
0.009550469654498654
0.003078610889510406
0.0
0.0
0.0
0.02380750244932381
0.017208505140761
0.011171812320779477
0.0036629876839511556
0.017544285173287284
0.0063045103371565025
0.024154437429409197
0.0030583270961335525
0.1926709087194759
0.0065752757832170305
0.012180689676004238
0.0
0.007100898024628146
0.0047499036406692
0.01048325611270851
0.010896473461298267
0.02437469969430524
0.018325436460585345
0.023727925631196682
0.0
0.007294553649002043
0.0029370836910891443
0.012020736243819429
0.012471156570023354
0.05009037696864704
0.03620625520893736
0.02350520772861303
0.0077068325126156195
0.03691272781956031
0.013264528694813623
0.050820319303970865
0.00643464208246289
0.009650864998035079
0.005289243046756798
0.09630617518033933
0.08019974570384018
0.023444334139013173
0.015641234796096137
0.02587063193807428
0.0033452110657588635
0.05128374548250831
0.03855625017280132
0.04992294937617119
0.0
0.015347554531362027
0.006179549055524683
0.025291321976140143
0.026238994836068227
0.0660478124328687
0.03420628842948783
0.030887598334232706
0.06176726716209725
0.08241878880452184
0.008544970238456785
0.010910391421388886
0.0077068325126156195
0.007686328193265677
0.004212561046040803
0.07670202304404204
0.06387422957648588
0.01867198914312105
0.012457294140494088
0.020604388071297837
0.002664257569907125
0.02313221073860516
0.001883914599322993
0.02142683572162963
0.024625325027336126
0.08050557948290575
0.05122456491097422
0.035351316581962264
0.007992772307980248
0.052603073704755254
0.02724323251812978
0.02460009729148797
0.04919387921245022
0.06564156271712289
0.0068055501416545445
0.008689464540106974
0.006138024315390871
0.030898462918758154
0.019707576531284576
0.010184210701298211
0.09061080868200197
0.10625166423138356
0.035254352343407076
0.009687604834285558
0.0034737667454837464
0.02211504875443378
0.001801075724409114
0.020484661928410884
0.023542508311341578
0.0769656145444471
0.04897213514228779
0.03379686008301773
0.007641316745358763
0.018340716464401684
0.010560722970681384
0.027914310605356877
0.027190072510320493
0.08583047342993226
0.020936920516695764
0.06114704000868329
0.0
0.029539805840736698
0.018841001439336428
0.009736393928348627
0.08662649991930584
0.10157960089803603
0.033704159524159956
0.009261624651653678
0.0033210194134058848
0.007348347490755185
0.007204302897636456
0.013978022914394797
0.02469917285156879
0.1252083741924804
0.025310005624211998
0.013854053968489757
0.0025471057098115537
0.018429535497497204
0.010611865640318427
0.028049491915329586
0.02732174653487952
0.08624612674832764
0.021038312250213922
0.06144315826451947
0.0
0.0049875391990459724
0.001809797837565616
0.015445453090278437
0.0795050682313707
0.15446623247842842
0.028678314213026326
0.0051824723205895155
0.004126973988190338
0.007383933511630954
0.007239191350262464
0.014045714625471259
0.024818784135849502
0.1258147238273392
0.02543257500319716
0.01392114533214083
0.0025594406404985115
0.009843735930205022
0.001809797837565616
0.02608263303632391
0.08351221877965062
0.06663429214388798
0.011286021509303154
0.029713227497875968
0.0025594406404985115
0.0038875014329196314
0.0014106338629232159
0.012038846939195137
0.06196965163360469
0.1203975901006352
0.022353105037888173
0.004039440647646801
0.00321674009013921
0.0
0.0
0.0028212677258464317
0.007596495676476376
0.21001593130777022
0.11744486775436377
0.004460815884764612
0.0
0.007672628927161992
0.0014106338629232159
0.020329920078106134
0.06509299620828846
0.051937618102430104
0.008796808012610745
0.023159760728648483
0.0019949375353909855
0.012924212661333201
0.009638274007094393
0.02050641421395609
0.05530439174471363
0.11574630782814245
0.0022745787042888366
0.02174912641450287
0.009807695382305364
0.0
0.0
0.0019470435344728196
0.005242575050936215
0.14493844644481632
0.0810523114567385
0.0030785460902328257
0.0
0.0
0.0
0.0
0.0
0.024927609026010385
0.19838433888417228
0.14983684831105595
0.0
0.008919396223855678
0.006651669005769521
0.014152106460767007
0.03816725984138591
0.07988008306736379
0.0015697566449516772
0.015009740329796285
0.006768591901878946
0.0013061164902931327
0.0015697566449516772
0.006157092180465651
0.029592970594336833
0.06505771233875601
0.08025219154194665
0.03194710991288425
0.0035901707457925043
0.0
0.0
0.0
0.0
0.017103224169945457
0.1361146115619044
0.10280541558992261
0.0
0.00268844112994191
0.0029420082896192304
0.0
0.0
0.009781983646888086
0.14845110062505917
0.14661968032678263
0.0034963772881358205
0.00089614704331397
0.0010770346952592175
0.004224477674037732
0.02030420203563955
0.04463711850392639
0.05506228939322351
0.02191941400604501
0.0024632725509132784
0.00089614704331397
0.0
0.0
0.0027540224881185435
0.040857573862283544
0.2143179994694273
0.020587076250226884
0.0
0.002051653893992143
0.002245160846681765
0.0
0.0
0.007465011830308908
0.11328880341575606
0.11189117542061507
0.002668221371179715
0.013869288189101495
0.013197199739797964
0.0032903925783328725
0.0025486875237748542
0.04442998176412077
0.10726662682856936
0.05860961693666546
0.0
0.0006838846313307144
0.0
0.0
0.0021017015767841748
0.031180002262291267
0.16355439338690578
0.015710797861362803
0.0
0.0
0.0
0.0025486875237748542
0.012858593226141916
0.16134109049293804
0.12202587760112982
0.005172859307668066
0.0
0.012918090739360307
0.012292096134979573
0.0030647275704042774
0.0023738908766976923
0.04138284013941299
0.09990995931322769
0.05458999333375612
0.0
0.029806157846961244
0.008172060938537973
0.007270454144744489
0.020190675899925275
0.021838949815018528
0.02345789654621673
0.06822836499054553
0.05598668264754551
0.0
0.0
0.0023738908766976923
0.011976712273262394
0.1502758338104834
0.11365697632847233
0.004818089076187095
0.0
0.00847049953914522
0.009475824679141565
0.00566220582573359
0.023282885960750208
0.034416927675552184
0.08355941280008636
0.07035693147927136
0.020190696958994576
0.030147604833014582
0.00826567668034659
0.007353741452947989
0.020421971911568457
0.02208912776922501
0.023726620482927455
0.06900996085100441
0.05662804287073437
0.008550986184142897
0.0018474318782428524
0.0075163996567332225
0.006077177222493014
0.016137951321004457
0.026963258792507456
0.07449322512523923
0.10280613239037395
0.008567534069823659
0.009584375797795476
0.005727069708007081
0.02354960504875679
0.034811193729042574
0.08451663478768598
0.07116291131487797
0.020421993211881727
0.009062097031921706
0.016405868299774647
0.010799144132867384
0.021073489508952832
0.010409031353092926
0.021609190749156695
0.10465794230223618
0.06560633463934605
0.0065277980453413206
0.0014103241361866064
0.005737997691800195
0.004639299460891253
0.012319665219950943
0.020583673537931772
0.05686791194511201
0.07848190321152426
0.03246403245325868
0.007040724204483404
0.009340181556405813
0.001400762435887046
0.0
0.018708401385909814
0.1284857567137305
0.15471807283396696
0.006917978583730026
0.01252419226427865
0.008244035301169989
0.016087440753928865
0.007946224336863112
0.016496393526554614
0.07989556952587461
0.05008368553032092
0.08266548973776558
0.021500162081676915
0.010919685325311535
0.006019828241354107
0.012344186200760046
0.012867970061081143
0.010613856010286605
0.10614658783469796
0.042082678659733225
0.05932764903274601
0.01512097341908462
0.013846170888729878
0.027647250379944213
0.019904292556578385
0.040342709143772
0.06114808213644076
0.062283091895417565
0.010043372700607628
0.012325957612895573
0.005741726378250164
0.008945973868429482
0.01097810726215481
0.06580112218150434
0.12355969775993793
0.0024191444182369705
0.007894796839690818
0.018483736932701285
0.007444401252706606
0.009256078087483443
0.004768073501234714
0.025928068153525736
0.00932914265462389
0.08661881165083934
0.0041137922688092654
0.011712785856512172
0.005216867870130704
0.0
0.008718198216579513
0.12497828792381799
0.09401870307513875
0.0506775976981269
0.008171944997663019
0.010029205393325129
0.00467184416564094
0.007279029523509912
0.008932506180851622
0.05354009726426114
0.1005362525241138
0.17247552496687912
0.03561500674487633
0.014291685584496906
0.003876256384644863
0.0
0.004378494744432436
0.005546539169231791
0.02757751324267595
0.07047873116674909
0.0033472504859335546
0.009530288742847504
0.004244784950796885
0.0
0.007093696353646349
0.10169051027587006
0.07649976687962216
0.12860967720869534
0.004016357511185382
0.006619167602493574
0.008488350971158944
0.0023383480207171204
0.002904482367048192
0.010167193521299382
0.05637168752936917
0.23716632701246518
0.048973211345949105
0.01965210181295591
0.005330133011517885
0.0
0.006020747097768427
0.007626892700573506
0.03792107619419655
0.08555637780807142
0.0029197805877391055
0.00540888967000419
0.0
0.003153185492347566
0.002109215932669492
0.0046551367126395895
0.004838627722402088
0.17684761224934598
0.005522782198110036
0.009101834410794034
0.011672096795235431
0.003215397729369683
0.003993873420577041
0.013980626781304519
0.07751514936048023
0.011523642859545906
0.009415218994620446
0.0870738228954596
0.1043476927608716
0.004988096015815422
0.0
0.0044716457028770905
0.004998518945978287
0.10941059784632556
0.0037338530203004207
0.006916957772657638
0.0
0.004032334218403073
0.0026972924999004964
0.005953048782977188
0.006187699449495318
0.013841479669156768
0.010406329488312743
0.013474200885937683
0.0
0.004142303999413971
0.001667859900088138
0.006826126205197748
0.007081903050283686
0.014736582905120525
0.012040303311652366
0.11135112616769224
0.133441173426753
0.006378841428157722
0.0
0.005718398116459059
0.00639217040548993
0.0017413510267710844
0.007312707939799035
0.053697101961161724
0.39101527176377693
0.031883800344056364
0.01753412155656815
0.00685029164763592
0.0035344057534661957
0.011309857306147511
0.008502999997596511
0.011009754229809548
0.0
0.0033846718899895054
0.0013628064287574428
0.005577619964039868
0.005786614933456659
0.014565849802326194
0.00754368148173545
0.00681179438831981
0.01362184004349448
0.018176221957941486
0.0018844644277237117
0.0024061224266899808
0.0016996257816190566
0.0014228559448438084
0.0059752053463585746
0.04387584098307535
0.3194981341501489
0.02605221702362566
0.014327110795482744
0.0055973655195908885
0.0028879589241317485
0.0013997554247301778
0.0011664628539418149
0.0032422934190863666
0.2943556766340451
0.16242649232260978
0.0031386304761117385
0.000989776508079419
0.0
0.014664472698347626
0.007594758468281966
0.006857915891616606
0.013714071209712847
0.01829929007085957
0.0018972238164194403
0.00242241387312961
0.0017111336592239177
0.008613748854985157
0.0054939986894243726
0.0028391131784739534
0.025260115740580756
0.029620410358915404
0.009828066138102606
0.002700671398065445
0.000968402680905874
0.0014092329310605365
0.0011743607758837803
0.003264246437350392
0.2963487089448246
0.16352625452535474
0.0031598816101887786
0.0009964781167713596
0.0
0.0
0.0
0.003577466130107229
0.01670120539088181
0.17083210601482654
0.15761983051319953
0.018070616209633898
0.010833505036512918
0.011923991288377473
0.007605328831144144
0.003930177368388045
0.034967515898698745
0.0410034609812735
0.013604967707470389
0.003738532753327885
0.0013405574419644408
0.0029662223217087357
0.002908077509154925
0.0056423466138742755
0.009970029034723361
0.05054141422433294
0.010216596825281034
0.005592305505311451
0.0010281606608424493
0.0
0.0
0.004952277537692103
0.023119437417893088
0.23648246288456232
0.2181927425045832
0.025015109435722993
0.014996794293951596
0.0
0.0
0.0
0.05301964504180449
0.12241273237143543
0.09410167799902273
0.0007270193772887313
0.0
0.0037765280893514723
0.0037024994111055855
0.007183709839011091
0.01269361855506248
0.06434820110981679
0.013007543165552892
0.0071199986159086615
0.0013090312171209384
0.005034599131481942
0.0009256248527763964
0.013340016693103588
0.04271249727921155
0.034080246740989646
0.005772259078412797
0.015196891750753824
0.0013090312171209384
0.0
0.0
0.0
0.06750342930211435
0.15585316006545266
0.11980815720302998
0.0009256248527763964
0.0
0.0
0.041407044503726266
0.19782378593373984
0.14448249152126355
0.03753091536988335
0.0031525646426571246
0.0
0.0
0.0035299666849896495
0.0006489940525090738
0.009353240103944581
0.029947506939633415
0.023895077337867297
0.0040471707303394696
0.010655172377103374
0.0009178161886124615
0.005946076704259778
0.0044343062161393354
0.009434440227860495
0.025444037792749882
0.05325170999700989
0.0010464714408515534
0.010006178116999219
0.004512252356360281
0.0
0.02903219974516888
0.13870247771625
0.1013026793821885
0.026314484520609225
0.0022103940890285485
0.0
0.0
0.003030183742036692
0.09170504174138547
0.18008842046990484
0.1734970341798304
0.057046295640499664
0.0
0.0
0.0
0.003921747571272496
0.0029246561217356284
0.006222505172767269
0.016781669389766916
0.035122278896481056
0.0006902024705845956
0.006599596116872974
0.002976065664751205
0.0005742831740007395
0.0006902024705845956
0.002707196843689938
0.013011661063411091
0.028605066862560473
0.03528589036409836
0.014046746838640782
0.0015785534187962023
0.0019985641494211404
0.060484255856482955
0.11877770178884216
0.1144303389040177
0.03762500595021725
0.0
0.0
0.0
0.0
0.0
0.028615614432045522
0.10225414991402128
0.35703436830808577
0.004711741101350171
0.001353598421844969
0.0009760937061690988
0.0004599518577233898
0.0005527933307519284
0.0021682338502163412
0.010421231108845483
0.02291021962576171
0.028260989628733236
0.011250246561106214
0.0012642866975064579
0.0004599518577233898
0.0
0.0
0.0014135155263557734
0.020970349832916728
0.10999976257801136
0.010566417684499792
0.0
0.0
0.0
0.022918667329610173
0.08189685566657316
0.2859540874763459
0.0037737028887335484
0.0010841169251081706
0.0007817678347372362
0.0
0.0
0.006448445715002916
0.12019847821979875
0.20294439947594453
0.051783568357473386
0.0015177637243943905
0.0
0.0004082544060136727
0.0
0.0
0.0012546398757030924
0.018613334354842366
0.09763606120694959
0.009378778459184082
0.0
0.0
0.0
0.0015214743298274064
0.007676115384396468
0.09631479937869807
0.07284503832380389
0.0030880100345800506
0.0
0.0
0.0
0.005723656358559922
0.10668846642398482
0.1801339506963795
0.045963223294040075
0.0013471708340057902
0.0
0.0
0.0007935039063234881
0.009109394465555355
0.010765884724526114
0.11609481339320633
0.16318258853222925
0.039504112325458515
0.011956555103185544
0.0
0.0
0.0014789865421057386
0.007461756749100753
0.09362516954385139
0.0708108110849982
0.003001776101966478
0.0
0.005277308635490413
0.005903648442046108
0.003527679514292659
0.014505753122584411
0.02144250746840477
0.05205936305273717
0.04383392506501859
0.012579250955136066
0.0
0.0007713449879196456
0.008855010930626208
0.010465243027295837
0.11285281864486461
0.1586256485658375
0.038400943967167915
0.011622663452733446
0.031392095777418354
0.006437070523808146
0.008729737620283489
0.015077687727093864
0.059527850498367035
0.00507085569691751
0.10664144243454728
0.09002148054312559
0.00643581063591054
0.007199647786085232
0.004302093909286512
0.017690130836841948
0.026149677261187217
0.06348770283783087
0.053456574294320464
0.015340712980932035
0.006807319350747031
0.012323856647028246
0.008112164609164994
0.015830107801399068
0.0078191173966514
0.016232519009954142
0.07861756868567746
0.04928255234399085
0.038283450493900605
0.007850169433454192
0.010646134631484906
0.018387619474514772
0.07259571115356629
0.006184036083831683
0.1300519216999181
0.10978346008486238
0.03012061108750843
0.007471447572568203
0.01317195917124265
0.015993402695320222
0.012426663517299107
0.026772549438471897
0.026521238285333
0.08465186229452
0.007144252389979831
0.012933834563621346
0.008513681878400023
0.016613630074718437
0.008206130088847588
0.017035958907896914
0.08250880031291878
0.05172182679063308
0.08536931930041551
0.022203391131944618
0.011276847281178152
0.006216725273146715
0.012747940847134837
0.013288856672565774
0.010961014876040134
0.109618439063939
0.03161145183029651
0.007841252103307264
0.01382391451629784
0.016785007363788868
0.013041729931944026
0.028097675524898974
0.027833925550212666
0.08884176551045758
0.03954952209750337
0.009707148447092456
0.002926458418758726
0.0
0.0049305895675043595
0.008914130794708304
0.06150068545911756
0.16823387671491086
0.002642210880381141
0.008622766772821243
0.020188100580319338
0.008130840738379441
0.010109570163748093
0.005207731952026555
0.02831886482925912
0.010189371928708254
0.09460583041847717
0.004493120216525628
0.01279280806732692
0.005697909121943086
0.0
0.009522093022438727
0.1365023888918449
0.10268805712951092
0.007310859811305015
0.002436736550355968
0.004818968555105448
0.0033449927342020292
0.010437123717988162
0.006763412420553416
0.0038195134719381345
0.0069319585636583424
0.2131197188950525
0.06199712520406561
0.01588225062288326
0.0
0.008599706038170677
0.01450945141614197
0.044426975464947394
0.13588926284604083
0.06058848400143191
0.0028775324010295307
0.008192907810143214
0.0036491162769714054
0.0
0.006098241283842659
0.0874203288417571
0.06576459060724395
0.11056194175165067
0.0034527439524236676
0.005690302928944981
0.007297184675442067
0.0020102087437953264
0.0024968977238251496
0.008740436040870969
0.04846107515650448
0.1364884238270016
0.03970486609488781
0.010171481858092269
0.0
0.00550751628526436
0.00929229901696181
0.028452401720732143
0.08702766406144978
0.06842401252942117
0.043058754584592775
0.035989715102548246
0.06951993157378888
0.009844248783802462
0.007867649092296883
0.010428880858760835
0.0149199837510671
0.117928564248437
0.0036827965444150472
0.00606944165340818
0.0077833881912419646
0.002144146776364822
0.0026632633162983876
0.009322801832845139
0.05168998413558389
0.007684393586394196
0.0062784181476801815
0.05806406310539377
0.06958292189196419
0.003326247914781428
0.0
0.002981859640968596
0.0033331983122096695
0.07298303041599061
0.045927712791920275
0.03838767086134718
0.07415196935996383
0.010500160423972603
0.008391862034670152
0.011123745901227448
0.01591408611767696
0.009165122997251926
0.08842704749106203
0.12727625927213662
0.09257099733907076
0.02656088641051515
0.005929686869362221
0.011163178814631407
0.008990903033606947
0.007518934883377084
0.006143232604145092
0.05681384023935884
0.06808467744639465
0.003254627863087622
0.0
0.002917654883205109
0.003261428606059594
0.0008884763220681331
0.00373110748770655
0.02739746491242183
0.1995047553239947
0.016267829534501912
0.008946301803469283
0.003495172331492078
0.0018033330306520131
0.008967781548370054
0.086523055403071
0.1245357743467778
0.09057777861796797
0.025988983140978063
0.0058020101323924475
0.010922815659432362
0.008797312851354027
0.008054522567040406
0.009801858942464013
0.06150669298273881
0.08990389712022163
0.0476232812886327
0.010965211662277409
0.0
0.0
