0.008437225468801789
0.0007546483986692362
0.0036957898541480597
0.0013915028381710141
0.007521072116946096
0.003018593594676945
0.0045729003107737075
0.0
0.051704259033178504
0.15385552545133957
0.005944638540172409
0.0074851074391989484
0.003800564150662016
0.0007546483986692362
0.0
0.0
0.010234204123183127
0.012018396137648062
0.013521038751867533
0.0021344679949880188
0.005399824300033144
0.0
0.002386407736746034
0.0
0.07537755128762116
0.6118452208147441
0.008552854955722021
0.0032089368013161214
0.000674978037504143
0.0
0.0017092114772749194
0.0
0.030427575284141906
0.09054284252575345
0.003498375957811068
0.004404930548757456
0.0022366039854138935
0.00044410501944976296
0.0
0.0
0.07162310136467412
0.23837057475485968
0.028592295392387237
0.006058992181237386
0.0015888783968934183
0.0
0.0
0.003449835717937102
0.04435913325953653
0.36006640200832574
0.005033292090939373
0.0018884356517215408
0.00039721959922335456
0.0
0.0010058583542978373
0.0
0.028839421187512575
0.02243893279630217
0.025773230878755406
0.013238639005176547
0.008583138446858042
0.0
0.0036585398842522944
0.0034793914872385217
0.11999857794547288
0.39937016758026483
0.04790402428699655
0.01015133988445005
0.0026620342392703416
0.0
0.0
0.005779914195423717
0.02312788475274272
0.0523872911033092
0.022066623732963114
0.011757090252117065
0.012702631624780561
0.0057353756372408105
0.017273993075263554
0.009316570840612163
0.04831806310162
0.03759457458370205
0.043180915034159675
0.022180243863863063
0.014380338023732632
0.0
0.006129580751212807
0.005829432440496585
0.031083512751498378
0.00582792190585497
0.00939904539736591
0.005912899634300535
0.007510519136718084
0.0029762448024180503
0.012477602582598895
0.006965160914072537
0.05136955017500952
0.1163578774122495
0.04901237390112286
0.026113777549268535
0.028213927887479846
0.012738893751830451
0.03836741939391094
0.020693118215192666
0.015701857465735672
0.010928008251909156
0.03912903818187035
0.024465232640289613
0.046979852025013306
0.012942585480744683
0.016728478214687724
0.0
0.0690398661604489
0.012944449090760495
0.020876303185483596
0.01313319387792159
0.016681680739880703
0.006610563756497204
0.027714113883874757
0.015470380749369371
0.057811906211301264
0.08696349777781051
0.0890448090205216
0.014548763570196232
0.012082271485200574
0.001652640939124301
0.02735031239824661
0.018332310580185935
0.013258551465778149
0.009227542674015569
0.03304031817081709
0.02065829133854754
0.03966949689153206
0.010928639243551209
0.014125423685547006
0.0
0.07941719392772391
0.038691516569248074
0.02506237026606821
0.005155689971456118
0.019304344204116804
0.01128063631152763
0.030010926747316657
0.010801096207443208
0.0488160165451715
0.07343144041698654
0.07518888677567406
0.01228488610215819
0.010202195419211198
0.0013954798019053896
0.023094434867249186
0.015479689829335522
0.0
0.013357208680672392
0.15939733938392472
0.055799612281715025
0.07657996279028362
0.06625357750422141
0.008086433107562989
0.0
0.04651991433548203
0.022664185767497437
0.014680691424110099
0.0030200293406326888
0.01130783391182845
0.006607816379656784
0.017579388950510727
0.006326917956290961
0.020059859067757743
0.04139411461257604
0.06415097422681602
0.0031233764517081203
0.012227159140881468
0.008742377208284411
0.004804303151415776
0.0030145143849416283
0.0
0.007824202453583784
0.09336958669419022
0.03268553136819309
0.0448579600037311
0.038809111698413445
0.004736759848072578
0.0
0.0
0.19245833339619026
0.24382521430698928
0.055209375998871026
0.0
0.0
0.0
0.0
0.012376074560333157
0.025538397207766676
0.039578405684074974
0.0019269896022579248
0.0075436339147482824
0.005393672597540294
0.0029640494388085132
0.0018598263659389035
0.005746695892821908
0.003881014161184407
0.09307245198886627
0.10027923858573179
0.008672369811597849
0.002136317796765956
0.0
0.0
0.0
0.11873855523228011
0.15042972245017933
0.03406182224329411
0.0
0.0
0.0
0.0
0.0
0.055528642958465935
0.19776455123933975
0.07394045420554854
0.04395678673441164
0.011257188875713432
0.0033528497648671156
0.0
0.004496200331853146
0.003036495663750075
0.07281965103485512
0.07845822264065311
0.006785240206213893
0.0016714496409598936
0.0
0.0
0.0
0.0
0.18408120295537939
0.10146448764535264
0.0
0.0
0.0
0.0
0.0
0.043445469806235086
0.1547304846984817
0.05785082435832706
0.03439167876437071
0.008807596104387222
0.0026232611759183706
0.0
0.0
0.017440894693453942
0.18011445828557374
0.04778215612589391
0.0
0.0
0.0
0.0
0.0
0.0
0.18599466119176702
0.10251917468818401
0.0
0.0
0.0
0.0
0.0
0.0
0.003986772244823065
0.13075788201491556
0.14042131434104754
0.030724007412502276
0.0
0.0
0.0
0.017622186553053795
0.18198668363050788
0.0482788345413083
0.0
0.0
0.0
0.0
0.0
0.0
0.00854575136552524
0.024674233606053635
0.12008375498389277
0.004404515210257313
0.0
0.0
0.0
0.0
0.004251615183510358
0.13944418251134472
0.14974956066680817
0.03276501600584328
0.0
0.0
0.0
0.0
0.0
0.06644710209017628
0.11504473133456378
0.06593291477803116
0.0
0.0
0.0
0.0
0.009113449183697718
0.02631335320877727
0.12806096878130407
0.00469710898791596
0.0
0.0
0.0
0.0
0.0
0.0
0.1375261490625717
0.12011581332585307
0.0005377915029463238
0.0
0.0
0.0
0.0
0.0698126928638517
0.12087182497988347
0.06927246161571449
0.0
0.0
0.0
0.0
0.027539167897049077
0.07542452830475599
0.16004741203996797
0.0
0.0
0.0
0.0
0.0
0.0
0.0
0.1444919417587822
0.1261997607123528
0.0005650310072067327
0.0
0.0
0.009247499714882139
0.056972394573001794
0.05704574102103866
0.0648877510848842
0.012818773232965592
0.004802763489814398
0.0
0.0
0.0
0.027635696220767714
0.07568890097250487
0.1606083987937246
0.0
0.0
0.0
0.0
0.0
0.0
0.0017128065238203516
0.17248029260498093
0.07479282945504176
0.0028350576154122895
0.001079557763408269
0.0
0.009279913390175566
0.05717209013994585
0.05724569367671198
0.06511519099394432
0.012863704681037416
0.0048195977932553
0.0
0.0
0.0
0.0
0.02563183519099639
0.03800013380450164
0.18064540928054396
0.03239263449910316
0.0
0.0
0.0
0.0
0.0017108079722394783
0.17227903767241196
0.0747055590450646
0.0028317495891989663
0.0010782981045707424
0.0022272343937404567
0.0
0.0012843496468440245
0.00102100183734575
0.008348699258959367
0.08159551552483282
0.0618802695542396
0.0038680927792233313
0.0
0.0
0.0
0.025601927233483836
0.0379557941628479
0.18043462705658916
0.03235483784782556
0.0
0.0
0.0
0.0
0.0
0.0
0.054194640750080965
0.25554900316521545
0.0010782981045707424
0.002756005757617119
0.0
0.0015892691992561462
0.0012633995551482359
0.010330777618634004
0.1009672404548821
0.07657136566033886
0.004786423018833368
0.013427876311682496
0.0033702894873655015
0.006077405854608939
0.0029835824435322676
0.0557322868793302
0.022204231240693522
0.05184486342625428
0.029506588772046698
0.0
0.0
0.0
0.0
0.0
0.06706107913876788
0.3162193103950071
0.0013342986229813493
0.021714825049869563
0.00956980728677159
0.0011080747246925385
0.006274835815955385
0.02028690135396436
0.05939403180247392
0.0773294749349821
0.036295438044822825
0.019924111397441324
0.005000792502793157
0.009017577198662663
0.004427001529398111
0.0826948555708582
0.032946354767151735
0.076926746293539
0.04378149962114802
0.0037622122291517427
0.005431999375828309
0.007700508405068445
0.012134249031955245
0.02705859451613813
0.028583211805003107
0.06866184785264193
0.03348908684917612
0.03222018011091883
0.014199557845777637
0.0016441471263967124
0.00931052125413008
0.03010144516550462
0.08812810592737637
0.11474048741198001
0.05385470747856252
0.02295643529674276
0.004287410947292128
0.006974402468626804
0.0033988693054851525
0.012210561658925645
0.03896230407531243
0.07030902478554968
0.03516071961310363
0.005986694943073367
0.007030392448214283
0.007909392205451516
0.0012485981907279248
0.003158731293746999
0.0
0.0013959751982399464
0.0
0.0440935513581001
0.3579106538531656
0.005003157343351417
0.001877129426954024
0.0003948414117183749
0.0
0.0009998361948307627
0.0
0.014306232309952443
0.09948672094102032
0.02825345571697855
0.0031214953826822836
0.005386699615816715
0.0018699956850554828
0.001990841724676905
0.0
0.0361558538806236
0.3166942134651941
0.010175939969390592
0.0026858425282973147
0.0025664691761694367
0.00497655709023995
0.01296466257829834
0.02235581336952605
0.042697115627363995
0.3465756805961325
0.004844708149182184
0.0018176810377388683
0.00038233684725678415
0.0
0.0009681715421924258
0.0
0.027758885500873756
0.021598206226276787
0.024807577111177873
0.012742622743455737
0.008261551292424873
0.0
0.003521464216879407
0.0033490280293416467
0.035010803761522644
0.3066645582938847
0.00985366957543485
0.002600782324296396
0.002485189507169097
0.004818950321839279
0.012554073784616442
0.02164780832984718
0.02136605397159403
0.034167770732232323
0.023203666861118983
0.007077973255558611
0.004689442144957146
0.002448150369853714
0.005664252411455683
0.006421580738739801
0.05651551573813185
0.04397272231473925
0.05050681932484509
0.025943256842216576
0.01682004964045566
0.0
0.007169501324685816
0.006818431031524839
0.036357019328550656
0.006816664225514183
0.010993650489695209
0.006916058941301021
0.008784724287892658
0.0034811827953002304
0.014594503584465481
0.00814684273312043
0.04350007349738117
0.06956364240536872
0.04724134906751429
0.014410351917983448
0.009547438110872363
0.0049842952359317825
0.011532096499129934
0.013073973999875107
0.019655252154020114
0.05638854919795772
0.03267030985463906
0.05274210508455787
0.1580315389957527
0.08874169510302013
0.05752635445228865
0.016553533634947482
0.02853826360157069
0.00535070707510817
0.008629411910345556
0.005428726468669965
0.00689552614666982
0.0027325373227038707
0.011455883846354568
0.006394824155888792
0.023897083098816222
0.03594716156503086
0.03680749070795479
0.006013865219238269
0.004994318032845866
0.0006831343306759677
0.011305503156574975
0.007577829171153885
0.01542829355888034
0.04426191450347384
0.025644399122799314
0.04139965612150353
0.12404607969831817
0.06965735734313731
0.04515502914474613
0.012993614854466953
0.07310137301955984
0.17989699891883976
0.06650334858236245
0.03338224289963272
0.008388934032601592
0.054165633657760226
0.0033224676834122044
0.0
0.02179503150759771
0.03278515271838191
0.033569804999976076
0.005484869487784346
0.004555004409313503
0.0006230440007861014
0.010311040744508393
0.006911262971365462
0.0
0.005963632525800753
0.07116660227458713
0.024913018182594983
0.0341908828288035
0.029580431001767216
0.0036103737428130906
0.0
0.06667117997714472
0.16407277588420863
0.06065353548463593
0.0304458511854033
0.0076510208714455
0.049401079090625875
0.003030214505406782
0.0
0.008055415217219473
0.030334407891813638
0.13311109768847548
0.06313257054756714
0.016116324582010334
0.0167850215451666
0.06507899748160458
0.0
0.0
0.004394839466415724
0.052445517226947284
0.018359400090920193
0.025196629838865708
0.02179900338220423
0.0026606288943491732
0.0
0.0
0.10810347562808177
0.13695615381895018
0.031011000289861704
0.0
0.0
0.0
0.0
0.005936357842613447
0.02235463912582284
0.09809489484945774
0.046524917734006105
0.011876764542442119
0.012369554095124509
0.047959317635608636
0.0
0.0
0.1264534949656629
0.2148511347461765
0.012652012995953008
0.0
0.0
0.0
0.0
0.0
0.09314236357380032
0.11800194025732393
0.026719195169292075
0.0
0.0
0.0
0.0
0.0
0.04355846372797291
0.15513291110465136
0.05800128403914458
0.03448112538967054
0.00883050309168316
0.0026300838105758288
0.0
0.0
0.10895280965610245
0.18511655051332626
0.010901022261890917
0.0
0.0
0.0
0.0
0.0
0.06401833531334196
0.05605671299540904
0.014148837866142738
0.015848198125484013
0.0024578314243390654
0.0020016052240645985
0.0
0.0
0.05696995886787854
0.20289777940470854
0.0758596718798462
0.045097740531794245
0.011549383400149488
0.003439877206030911
0.0
0.0
0.02287021081223236
0.23618373390375294
0.06265664708544727
0.0
0.0
0.0
0.0
0.0
0.08372935171377485
0.07331637436896227
0.01850521442391435
0.020727801627195525
0.0032145889263503684
0.0026178923112814226
0.0
0.0030539098263097464
0.010385590205943138
0.03579257811797138
0.014022746478910192
0.01607383989734627
0.0
0.0010348128294898778
0.0
0.0
0.034948812556740455
0.3609210738336706
0.09574793308209961
0.0
0.0
0.0
0.0
0.0
0.0
0.016948172789516526
0.0489346292347449
0.23815345680325603
0.008735157582355733
0.0
0.0
0.004666792228596391
0.015870603396646057
0.0546959585916196
0.02142867602951877
0.024563027523075882
0.0
0.0015813356468847458
0.0
0.006190878755773637
0.006383395800596246
0.012069183209121011
0.012546049514065358
0.015751590162112594
0.009554894417333546
0.008850006864411583
0.001457919373195128
0.0
0.0
0.017821054159109468
0.05145490836556472
0.25041906903942024
0.00918504421077229
0.0
0.0
0.0
0.0
0.0
0.0
0.26892792194660947
0.23488257535628027
0.0010516338333744536
0.0
0.006509727447867817
0.006712159693806306
0.012690782085901534
0.01319220842563795
0.016562843963022406
0.010046999933892652
0.009305808572870259
0.0015330065625361418
0.005577130707230625
0.0008313895709245765
0.005208581333412915
0.005337853594107921
0.03452448659003809
0.02576335514623792
0.01092797698369216
0.0015330065625361418
0.0
0.0
0.0
0.0
0.22949687521823303
0.2004433630293668
0.0008974400162178912
0.0
0.0
0.014687824541038536
0.09048938210015739
0.0906058784281043
0.10306136060362227
0.020360086280852573
0.007628240024379268
0.0
0.004759394490272338
0.0007094886512159856
0.004444882969703667
0.004555200930245491
0.029462399194459782
0.02198585203946588
0.009325683075452555
0.0013082323815410155
0.008378855684179388
0.005557129506306449
0.015935444439195787
0.034935845682712935
0.05383803091622206
0.037578141395620386
0.009554562266437734
0.0
0.0
0.013568661563742642
0.08359439462247358
0.08370201432087845
0.09520843052163205
0.018808715979797146
0.007046993714324399
0.0
0.0
0.0
0.0
0.037477687812523745
0.05556204387813408
0.26413138986473905
0.04736301689428046
0.0
0.007740414977889755
0.0051336948726668895
0.014721217009308295
0.03227385139217859
0.049735753495655385
0.03471481303218155
0.008826536661080837
0.0
0.008194339140100367
0.0006554279951239987
0.0
0.0
0.012306416724175859
0.014267490759642544
0.07919838353904744
0.025767936039551215
0.0
0.0
0.0
0.025732022089612984
0.03814866454857516
0.18135149619044652
0.03251924726655829
0.0
0.0
0.0
0.0
0.0
0.0
0.05447002798663759
0.2568475620782822
0.0010837774200730143
0.005626198628304435
0.00045001409193247036
0.0
0.0
0.008449533721892418
0.009795998868099554
0.05437727548409224
0.017692156002001126
0.004025048342478785
0.0
0.0
0.0
0.0
0.0
0.25679005085898443
0.05264066881893479
0.0
0.0
0.0
0.0
0.0
0.055249357316129774
0.26052240576268926
0.0010992835536536962
0.01789011068185939
0.00788424088940273
0.0009129053272588748
0.005169625221484878
0.01671369259392516
0.04893273606155614
0.06370914167531878
0.02990258509461723
0.00408263667760296
0.0
0.0
0.0
0.0
0.0
0.2604640717022506
0.05339382461214909
0.019766574872712557
0.009485746483411234
0.003892467734017096
0.004667130149039864
0.013515319349948792
0.004916263900994687
0.06816386668012595
0.04966575237110382
0.028676656637849993
0.012637913362087723
0.0014633264756272564
0.008286565134178539
0.026790936746555305
0.07843591889068977
0.10212151355596713
0.04793185355817516
0.020431723546158003
0.003815888402162919
0.006207368927127971
0.0030250671378865197
0.010867663769813766
0.034677292676231895
0.06257655157036288
0.03129380034542386
0.03168450383629586
0.015205020231334028
0.0062393666907552565
0.00748109897966621
0.021664157323653257
0.007880443801437051
0.1092621412273451
0.0796108952445341
0.035660422247396836
0.005294364823423323
0.0013882333038753292
0.0037524177455775616
0.00668894806383124
0.022522890673905567
0.12882117148611769
0.03760346475608257
0.013102792858263396
0.09111790360982736
0.025876776622182383
0.002858915367874909
0.004933570749206439
0.001712691753934604
0.0018233722315471085
0.0
0.03311442549984879
0.29005391416427256
0.00931994047547319
0.0024599096069278874
0.002350577934420375
0.004557929389653036
0.011874075896457108
0.020475243614988457
0.21513703391473102
0.08729418632944046
0.046167114956001926
0.0014910278262512114
0.005557965774769638
0.0
0.006699265612058455
0.015583738962095335
0.024272394504465687
0.01698158939349767
0.014104248402931787
0.00575530654928445
0.0052162569856803774
0.009891873845459514
0.00803198231046693
0.022183743416468144
0.03389800938954288
0.2969174357519527
0.009540477449896076
0.0025181182428621334
0.0024061994641035823
0.004665783292783913
0.012155051164396188
0.020959747597530443
0.020686948608205143
0.03308177158657118
0.022466154233067744
0.006853004732771792
0.004540391444431152
0.0023703375903502788
0.005484218035556322
0.006217475201661649
0.024846750151918652
0.017383423327479268
0.014437996056951372
0.005891493888312596
0.005339688839828113
0.01012594443153155
0.008222042438214535
0.022708675487366704
0.20572366000221728
0.11116162073731979
0.018420997431582375
0.0011706262928489145
0.0
0.0033386032391927428
0.01624001342247978
0.05022710354897204
0.019716117840252113
0.031529256407899595
0.021411826009987544
0.00653139578147079
0.004327312570582347
0.002259098532974994
0.005226845732471988
0.005925691413773088
0.00890861179054927
0.025557733388535987
0.014807599785099032
0.02390500694332634
0.07162673979169795
0.04022158073135674
0.02607343602234871
0.007502778583554575
0.19606912551244512
0.10594484741462147
0.017556506905615166
0.001115689238361248
0.0
0.003181923836735563
0.015477875661076916
0.0478699643481155
0.024347472680790273
0.0416245351210681
0.029845841420523208
0.007415122702182389
0.11629124405392095
0.07417683624822284
0.00265226031861605
0.0008994974122009605
0.007522163869603407
0.02158018142491634
0.012503091920245358
0.020184668920298878
0.0604794649072227
0.033961893106253985
0.02201562521916054
0.006335120590025033
0.035641045125799395
0.08770994020518137
0.03242413582582829
0.01627572747871446
0.004090078805131421
0.02640880347004151
0.001619890512888448
0.0
0.020558273681864473
0.03514650559909869
0.025200930882355848
0.006261106600043385
0.09819282902209636
0.0626326896610081
0.0022394888463588987
0.0007595085624942978
0.11649366436129058
0.04815354199742758
0.023880357975852137
0.008857882884375648
0.03671274819989197
0.08375505132590838
0.04240339836021161
0.0
0.03488091289372681
0.08583931176575728
0.0317326120320866
0.01592860788630821
0.004002847897044306
0.02584557131292618
0.00158534239604931
0.0
0.004214418233049955
0.015870303176272728
0.0696408343942875
0.033029589318527924
0.008431710884745697
0.008781558608037069
0.034047917603154614
0.0
0.11400915278760601
0.047126550245880715
0.023371051086932177
0.008668966923449909
0.03592975928539176
0.08196877053961259
0.04149904244895135
0.0
0.0
0.003922467885366124
0.08624352097938646
0.13063233010171638
0.03075914669941724
0.014810244939234135
0.007227271082925774
0.0
0.005062264589266508
0.019063051967679955
0.08365100719157695
0.039674401342980635
0.010127981865694245
0.010548211098608259
0.04089759442217902
0.0
0.0
0.10783397273636183
0.18321558777704552
0.010789079612518087
0.0
0.0
0.0
0.0
0.0
0.004711580384430404
0.10359378167165316
0.15691262288619984
0.036947196628804066
0.017789733806269765
0.008681235809301153
0.0
0.0003502036073486789
0.0
0.08899794446796784
0.035506838945405746
0.017219224845053505
0.0060567700798930734
0.011647526919115898
0.0007219632143370635
0.0
0.16077133654073253
0.2731589514375644
0.016085605540933568
0.0
0.0
0.0
0.0
0.0
0.09446579086785661
0.08271757927857513
0.020878099256162564
0.0233856841548068
0.0036267889220117193
0.002953579151519879
0.0
0.0005221239706385001
0.0
0.13268841088211422
0.05293769494652499
0.025672408446852518
0.009030132120282874
0.017365477897755156
0.0010763861142906188
0.0
0.0042844971910464096
0.03581613409413526
0.01725942943319874
0.017168558064651642
0.006658207953244718
0.0014767895757599396
0.0
0.0
0.18589295169620584
0.1627744268903524
0.04108462397740872
0.046019133646521326
0.00713691688491716
0.005812152118775388
0.0
0.006780182817698445
0.0230577208466832
0.07946541874481161
0.031132806841299633
0.03568657206166281
0.0
0.002297454923388937
0.0
0.0
0.008431177276564002
0.0704801899601879
0.03396368412791635
0.033784864401021526
0.01310224492977769
0.002906076059387694
0.0
0.0035960857159589928
0.018771187723665282
0.07523958375655954
0.07362725097002776
0.03103344164499423
0.004594909846777874
0.0033282845674762135
0.0
0.0051203028626389336
0.017412880630448564
0.060011215334453125
0.023511076954353206
0.02695001919537173
0.0
0.0017350070547220878
0.0
0.006792497429218596
0.007003722940753416
0.013242045136850396
0.013765252467860496
0.01728230189978652
0.010483422196835264
0.009710034915321252
0.001599597405328024
0.002715715561187505
0.014175748474764936
0.05681992159368467
0.05560230956103336
0.02343603769467998
0.0034700141094441755
0.002513475736087946
0.0
0.01530122489385091
0.11000131522215684
0.2474372584591079
0.2015307777970341
0.03306541694944326
0.007339922621645797
0.002602510489586411
0.009368477824362268
0.004133430867791803
0.004261967692213329
0.008058166924863518
0.008376553697149848
0.010516779856520664
0.006379465190828578
0.005908836692919032
0.0009734012209973189
0.003541267188771049
0.0005279009517895267
0.0033072522672181613
0.003389335266389038
0.02192174399139687
0.016358756687151702
0.0069388523173434
0.0009734012209973189
0.009311237280592324
0.06693897739012701
0.1505727182990356
0.12263729893706872
0.02012126121495756
0.004466554908214997
0.0015837027990816541
0.00570098933815817
0.001888675834011226
0.006488655073014088
0.046079399214746894
0.306953022567156
0.14030860550048815
0.005751772303468334
0.004656313896407239
0.0009734012209973189
0.00290762274576886
0.00043344281386148057
0.002715480477906653
0.0027828762384375025
0.017999252261569
0.01343165892336059
0.005697272685724768
0.000799229027367799
0.005118834217383951
0.0033949772784636996
0.00973532679630645
0.021343105673914085
0.03289088214884599
0.02295734444558977
0.005837100208553958
0.0
0.0015507321310767254
0.005327629934156892
0.037834340682623945
0.25202944107939423
0.11520296860794287
0.004722598744053459
0.0038231524126627068
0.000799229027367799
0.005099174178180783
0.0042512765250392395
0.0014762530257207912
0.19579624670048093
0.22134240292494278
0.0
0.0
0.0026998999661612707
0.005200966708599512
0.003449450216960808
0.00989153162901285
0.02168555912421774
0.03341862146886302
0.023325698608068126
0.005930757389318922
0.0
0.0055059690195389125
0.0004403974712287825
0.0
0.0
0.008268970574241804
0.009586662300162908
0.053215254910503336
0.017314081722213347
0.0051809912210093526
0.004319488918138807
0.001499939735138961
0.19893782793348003
0.2248938762080832
0.0
0.0
0.0027432202810682388
0.009215652788933106
0.001694242908856221
0.004736010234690859
0.002396021325652535
0.14435450137055458
0.16826099662474014
0.02870636731992137
0.0058266898885833435
0.006231499399957139
0.0004984293533011232
0.0
0.0
0.009358586106967628
0.010849912187856744
0.06022751451499048
0.019595586077565074
0.004458087598395722
0.0
0.0
0.0
0.0
0.0
0.28441709110525526
0.05830407311044277
0.010430014157482334
0.0019174960179495005
0.005360081909458042
0.002711748903799432
0.1633763258528203
0.19043301838103419
0.03248905144475723
0.006594482173000688
0.010270801602183794
0.008065971308244858
0.004713051319121003
0.0021194350872335206
0.002796113318899631
0.016201727782123934
0.06237462217966277
0.026204993789890454
0.0038211634521950785
0.0
0.0
0.0
0.0
0.0
0.24378260178246258
0.04997420718334612
0.018500620908308094
0.00887823008548497
0.0036431739139735444
0.0043682229305351036
0.012649728208264465
0.004601400865005859
0.06379829915977786
0.046484900022418646
0.008803418694853482
0.006913591105883765
0.00403970066793344
0.0018166327412568117
0.0023966343833665403
0.01388699721507137
0.05346319949010731
0.022461102956111104
0.008999779827912106
0.002143925833600502
0.003242364560288861
0.0
0.002292698071317047
0.0011140509745958967
0.22974103886724917
0.17818207154421925
0.021222435979815983
0.010184397082514568
0.00417915839343091
0.005010876767234042
0.014510758768177784
0.005278359886354064
0.0731843177723571
0.05332376786937498
0.02388552562062339
0.0035461915105067586
0.0009298454717410806
0.002513387799490161
0.004480290200863318
0.015085942575493262
0.08628505211362149
0.025186985017295604
0.010323829247510964
0.002459340633731262
0.003719381886964322
0.0
0.002630000273002909
0.0012779503781949117
0.2635405867436098
0.20439625377113912
0.028891681605723214
0.007298927794574534
0.0009801432462702496
0.0
0.0015341668259183634
0.010201139075295533
0.05088475924675185
0.06305426590905593
0.23905737286327688
0.09700012345817
0.05130027598332066
0.001656810027189143
0.006175936668844532
0.0
0.007444133667691731
0.0173164407255989
0.026971157674500663
0.018869713287306182
0.01567245075411942
0.006395219078087997
0.00579623446733353
0.010991716912522667
0.008925030503049351
0.024650276732530358
0.04021843182007621
0.0
0.0
0.0
0.015185321210866048
0.04977379970826328
0.08306652039593902
0.10815072651586945
0.05848803612867084
0.01645890743485994
0.00899144485654955
0.008822171912085541
0.004420190117445747
0.014615388520638569
0.024288843402611
0.029297067997884976
0.022194056532012278
0.015527530871886838
0.012896563886130804
0.00526250506065147
0.004769611931134139
0.00904487636328054
0.007344239128522264
0.020284247414739658
0.18376015020656986
0.09929376195074242
0.016454331285696216
0.0010456476586473236
0.0
0.002982166624430008
0.01450619391974375
0.044864747654696405
0.04812870088677533
0.013543724243242062
0.007398890246353739
0.00725959873561795
0.003637291010373701
0.012026727327727919
0.019986830750108774
0.024108004232313882
0.2890475995771442
0.01822886638292104
0.01578725628400662
0.0
0.0029538221869889253
0.004246160644817037
0.0034092161088796883
0.07000646926964085
0.13244921679943464
0.07156818814449982
0.011859825371817642
0.0007536738149175123
0.0
0.0021494629457319996
0.010455662020579303
0.03233726508216775
0.016447279392856853
0.028118333582693996
0.020161554301508382
0.005009086421989607
0.07855741772355732
0.050108163843029054
0.0017916630220631922
0.0006076312496817527
0.20833748850723677
0.013138861025338422
0.011379016222385909
0.0
0.002129033061801932
0.003060514758931079
0.0024572683632089615
0.05045872032230258
0.015484139149011013
0.028073522576546286
0.09889757781466393
0.0708457352261999
0.01091200640446103
0.002578845537842639
0.008502011979871256
0.011370682800815752
0.016468127149468742
0.028153974989449597
0.020187110089000978
0.005015435691803732
0.07865699321477626
0.05017167846931562
0.0017939340453566076
0.000608401452953708
0.09331680794295573
0.038573212156936404
0.019129270171555426
0.007095573484055865
0.02940860768361067
0.06709166615784877
0.03396708140827749
0.0
0.015503766076760739
0.02810910718309029
0.0990229354852268
0.0709355357706977
0.010925837923232843
0.00258211435469851
0.008512788709094003
0.011385095715066197
0.011523119202892935
0.006261479070372709
0.008341214501595568
0.1625170789358777
0.05982947560879426
0.008455118175323618
0.0011931734124182123
0.005264133041295485
0.09158055639803721
0.03785551937815114
0.018773351172388306
0.00696355331860715
0.028861431439050473
0.06584335932454033
0.03333509024964777
0.0
0.0
0.0031508153741347093
0.0692771540170293
0.10493351789548422
0.02470801422679909
0.011896680562595357
0.0058054769361091186
0.0
0.011308720168471039
0.0061449780567926545
0.008186017952505021
0.15949328787831651
0.05871628901628956
0.008297802335680365
0.0011709732404842
0.00516618863741925
0.010975787189926206
0.0019383056923385187
0.0
0.011617840951618027
0.11330066630421821
0.051014377623939886
0.03233298401502015
0.017351110759831395
0.0
0.004620293166605055
0.1015866445029736
0.1538724292322204
0.03623134196614455
0.017445056400277836
0.008513036224521554
0.0
0.0003434183865992028
0.0
0.08727360272278549
0.03481889131921011
0.016885601092308366
0.005939419712396776
0.011421855225069126
0.0007079751237535162
0.01609467662498439
0.0028422930199655857
0.0
0.017036171525666235
0.16614184969214202
0.07480647145160914
0.04741244641843657
0.025443324650106586
0.0017728210784017009
0.0007679068684336869
0.003346596745171247
0.007291277209629628
0.03205472596909547
0.10084576083586369
0.02023143212074771
0.004252460927113309
0.0008027545544026305
0.0
0.20400562345721676
0.08139058558436257
0.03947078464525067
0.013883637017373203
0.026699054737429156
0.0016549208696277195
0.0
0.006587323752310732
0.055066548141818536
0.026536007467628537
0.02639629466172771
0.010236853810965204
0.0022705327173274284
0.0
0.004144041933575527
0.0017950137792465963
0.007822807059164823
0.01704365932588618
0.0749292357833219
0.23573109933006692
0.04729180181017016
0.009940301713208755
0.008556469245885151
0.00813917813990808
0.01967590168874327
0.0021614827596991293
0.04228474950469223
0.019684056502045785
0.005798766244029812
0.0
0.0
0.00886284322515849
0.07408868934981086
0.03570258315066533
0.03551460807280285
0.01377306382028437
0.0030548635937632674
0.0
0.00378020089950773
0.019732249540916427
0.07909175827842722
0.07739687602828936
0.03262231584208589
0.004830163602291819
0.0034986886602718426
0.0
0.011512208650830098
0.010950768862747654
0.026472728309397484
0.0029081435122080288
0.056891557143175814
0.026483700114420014
0.007801887086868821
0.0
0.15318858068986574
0.14335494284490607
0.04547321242851666
0.02459651256971719
0.0
0.0038942023003888616
0.013769738906032331
0.08075222127991387
0.001596892542400946
0.008335610454139435
0.0334111975309688
0.032695218434237366
0.013780837121873361
0.002040434474284353
0.0014779716682513946
0.0
0.008997412052941859
0.06468287122667098
0.1454978269420474
0.11850394081316154
0.01944309576915154
0.004316014483925144
0.001530325801323429
0.005508843630454054
0.06471235486888754
0.06055827328519904
0.019209517096186218
0.010390449750109158
0.0
0.0016450508259763098
0.005816831950046527
0.03411263670166262
0.03467717012874631
0.02318241525869734
0.04831855519245449
0.14634096860475446
0.033882465878252194
0.020542393543243834
0.011639410947708114
0.023152721019036364
0.005332752240384321
0.03833743796759167
0.08623633751913788
0.07023710286327617
0.011523892860841925
0.0025580951248261917
0.0009070217410857732
0.003265083119387128
0.0010816865666366503
0.0037161967668700386
0.026390694597611324
0.1757988084139566
0.08035785232189145
0.0032941676506766057
0.0026667743087972037
0.0005574884825334482
0.020553105226940874
0.013740181752364692
0.028638333104956015
0.08673606628162046
0.020082085243935895
0.012175444955282616
0.006898660908594194
0.013722582022337124
0.00027042164165916256
0.000302340591107515
0.008114644834895228
0.18147266180497193
0.0864966909722343
0.007859160939597019
0.0006760541041479064
0.0
0.0009183421447315732
0.003155017557205501
0.02240546182715732
0.14925160368970208
0.06822309227410205
0.002796718641735623
0.002264067349815329
0.0004733026964592891
0.003019726268197578
0.0025176020562240877
0.0008742356868981582
0.11595035759042742
0.13107876785979547
0.0
0.0
0.0015988782819400865
0.0002295855361828933
0.0002566844365465372
0.006889260319265737
0.15406865407445353
0.07343491095263673
0.006672356795094167
0.0005739638404572332
0.0
0.0009369703962063739
0.0011479276809144665
0.002207011651703959
0.04979885299542486
0.16497800272639415
0.03380519503912534
0.0
0.0004733026964592891
0.003123281149926901
0.002603937690655416
0.0009042156801557353
0.11992662050313052
0.13557382638410617
0.0
0.0
0.0016537083018427563
0.005555515037977341
0.001021348370398716
0.00285503118242866
0.001444404732995381
0.08702189866863243
0.10143356292419708
0.017305193564045643
0.0035125306952241177
0.0009691017385683894
0.0011872933401408795
0.002282696270198819
0.051506595311841916
0.17063556107537292
0.034964469974400454
0.0
0.0004895335731682784
0.0037195855338187315
0.002042696740797432
0.0016790863437134245
0.01608544241829874
0.1531373471952588
0.030528185801747473
0.03852922329688221
0.008307954526527064
0.008546327358786361
0.0015711914126990462
0.004392037630675162
0.002222000229028861
0.13387015034991995
0.15604033613305812
0.02662144701157052
0.0054035021008781575
0.008415868991552595
0.006609236596039166
0.0038618623928781764
0.001736659777992854
0.0022911282185015887
0.013275654981219942
0.05110960847983081
0.021472305979825013
0.005722024941650541
0.0031423828253980923
0.002583022718676174
0.02474504266084031
0.23557886011290538
0.04696303902483504
0.05927143620779743
0.012780543042407446
0.014519570356887484
0.012516673506399982
0.01011654402647494
0.004218562630436541
0.01101263638129489
0.016128759406392024
0.049576515035089155
0.043684835689529446
0.007950731676555793
0.006243950186810839
0.003648420821233761
0.0016406761942406173
0.002164499675574302
0.012541921778031213
0.04828482757096585
0.020285551437867363
0.008128073540525783
0.0019362681281260461
0.002928313591571097
0.0
0.0020706304916583546
0.0010061455305080053
0.20748863804404954
0.1609236013333264
0.013717087098475461
0.0118248885091166
0.009557411971277227
0.0039854065657405876
0.010403978128347608
0.015237337753791583
0.04683646678654034
0.04127041512296646
0.009524192789891386
0.0
0.0006221470285530915
0.0
0.0
0.0
0.050902936395973424
0.29887526098102873
0.008189148688833072
0.0019508174383037103
0.0029503172294569674
0.0
0.0020861894139216795
0.0010137058075143717
0.2090477281872962
0.16213279718626403
0.022917685954243556
0.005789712668217378
0.0007774769019932961
0.0
0.0012169438247876464
0.008091827429555859
0.04036320724382282
0.050016398626407915
0.009595758516290092
0.0
0.0006268219028450582
0.0
0.0
0.0
0.051285426093459534
0.3011210392455565
0.03350549407785792
0.005407652996322766
0.0038443923434759325
0.0
0.001390792942614453
0.0014042988048383542
0.011464228012967549
0.06380991593628245
0.04328046370180754
0.0
0.0
0.0
0.01634145623597143
0.053563329898387024
0.08939079317949107
0.11638478631475724
0.06294102504994561
0.01771200699700768
0.009676008862842816
0.009493848316122657
0.004756721465149274
0.015728131698052705
0.026138075446314135
0.0315276014172908
0.014807401752420886
0.0014504116805783228
0.0017065650518840745
0.0006837306457862693
0.0008648584482089589
0.002468262994919154
0.03243751337413906
0.12660437107100203
0.10510084210946732
0.0144944405371105
0.002298392899202426
0.0011024825289712187
0.0011076902738003883
0.0013844490434581718
0.022919581918759688
0.17363448033244802
0.03653985389346412
0.010282548581264869
0.005617321132593246
0.00551156944270535
0.0027614724610941052
0.009130827370669017
0.015174227892011201
0.018303069396868262
0.21944820579413357
0.013839561467540841
0.011985863473717493
0.0
0.0022425752025545596
0.003223733171913326
0.0025883154170890516
0.05314970301666402
0.06101536178847624
0.008414618908307386
0.0013343116140861868
0.0006400364547088031
0.0006430597647839297
0.0008037296140437018
0.013305760018147095
0.10080195766085163
0.30065758192359027
0.013314811752968158
0.003765907859077701
0.001636599766633425
0.002862330066047274
0.0
0.004111666747842939
0.07689325767866352
0.17148302509669255
0.010814624151868863
0.00936609219214666
0.0
0.0017524115922900123
0.0025191161368749338
0.0020225827594289834
0.04153267885379084
0.012745027509527182
0.02310737549463754
0.08140280436281168
0.05831327371197563
0.00898169542850404
0.0021226531876475116
0.0069980239474087755
0.009359232935320172
0.23494232490959926
0.010404569906276324
0.0029427867481216694
0.0012788852742688648
0.002236705544138579
0.0
0.0032129725078318947
0.0600865629707928
0.010846641749874675
0.10555639238268062
0.09570521842692191
0.02408925947575826
9.808602561219627e-05
0.001886722366451171
0.0016703448423985457
0.0025217839582350066
0.01461983463352908
0.02650649504631754
0.09337724360345274
0.06689121839647011
0.010302912394288316
0.0024348977328250004
0.008027440725107405
0.010735986070549961
0.01086614028969769
0.0059044872140691235
0.007865648646422354
0.15325133308920158
0.056418358951019945
0.007973058218123235
0.001125145844713525
0.00496400385374727
0.012442194306270521
0.1210838501519994
0.10978355801283682
0.027632815207067726
0.0001125145844713525
0.0021642612364922292
0.0019160543481432533
0.002892741064962201
0.005963519342992297
0.009535209294250373
0.060381448952346956
0.12889809242718253
0.029046689998367396
0.0006560671065486962
0.003627911619140301
0.002598723618724856
