0.020972870286988358
0.04052753525884464
0.008582819977431625
0.0
0.008755971110242117
0.0018947367293347492
0.008105919397180644
0.00178637497875977
0.13675958903807212
0.2021855207485306
0.006688190321066015
0.000893187489379885
0.015465731718660846
0.011556950419578852
0.01288883148674646
0.020753664578516098
0.10258491849754649
0.2369403667784087
0.0018947367293347492
0.000893187489379885
0.003470014857802064
0.008168277616943295
0.0030156184566874577
0.01001980387110597
0.013957367461756336
0.06491683435572895
0.026200056812986185
0.0037693695996035563
0.009694710403719248
0.0037894734586694984
0.004124097901822361
0.008742910632300814
0.11885018901475647
0.17570824485528577
0.005812336008146915
0.000776219807949721
0.013440411388649692
0.010043505917663575
0.011200970031817784
0.018035861143300386
0.0017182357698049277
0.0
0.0076841837269952
0.04771980808933258
0.04545884440171575
0.016785159501820655
0.00404362459060252
0.0
0.012129575502865498
0.056415627508723795
0.022769019169499707
0.0032757504795853463
0.008425136197247536
0.003293221630725235
0.00358402521237832
0.007597979699242914
0.042243886664547745
0.15387847949034197
0.09160002113026601
0.102387445919919
0.009196058875958988
0.0
0.0021115461819387503
0.003814317897233655
0.0016345448957893766
0.0
0.007309906771812667
0.04539549816805558
0.04324466024458552
0.01596759727090674
0.003846669968818153
0.0
0.0
0.0
0.010717705130968412
0.0684694065021426
0.06771944672464772
0.0015664086098662194
0.0006604558629633659
0.0
0.04018629488413029
0.14638345193530927
0.08713841815181955
0.09740041504334097
0.008748142345321955
0.0
0.00200869816271103
0.0036285322185727544
0.0
0.0
0.06849538808125309
0.23727342910900812
0.04220463102976697
0.0
0.0
0.0
0.0
0.0
0.009632590678912057
0.061537218910554775
0.06086318883844704
0.0014078175122738787
0.0005935879847105757
0.0
0.0008394601928061588
0.0
0.00541359222240048
0.034747540098157066
0.0829502682927883
0.009695281041192017
0.00702371188280102
0.0
0.0
0.0
0.06156056998372808
0.21325067201045655
0.03793162160149133
0.0
0.0
0.0
0.010866632611648688
0.01974943432495798
0.05533628570959886
0.2926625738327509
0.03134179632314754
0.0
0.0
0.0025958873199149286
0.0007460589008103614
0.0
0.0048112569214014455
0.030881406639231918
0.07372092984846555
0.008616549990845717
0.006242229008351804
0.0
0.004301450669911763
0.011774917421808117
0.04267408018546843
0.1460949556303375
0.004299141149960868
0.0006724883992599913
0.0
0.0
0.00965757286793548
0.017552042837017383
0.049179376038578186
0.2600999070749403
0.027854597888799532
0.0
0.0
0.002307059771410137
0.006604204638067793
0.002092942156110512
0.010978383485767799
0.2698634930274979
0.005993209964552097
0.0008341192209620805
0.0011963452976967743
0.0009510422259622376
0.004422460767531622
0.012106174017785307
0.043874604149442456
0.1502049562322876
0.004420086275259488
0.0006914071067118528
0.0
0.0
0.009291146861458223
0.016319879534265207
0.04813576878780512
0.1501030476471319
0.04096874351978964
0.0
0.0
0.0030958759721932934
0.006789996713644588
0.0021518216258659666
0.011287231676591816
0.2774553986754507
0.0061618132982924415
0.0008575849900946351
0.0012300013529141446
0.0009777973189380356
0.00235124880180026
0.0015489920968064879
0.005930581934391849
0.05743369824086754
0.12674002170138746
0.006267845424094488
0.005534923198509342
0.003646646623545245
0.009969152856013175
0.017510795609496622
0.05164839648353405
0.16105656798463636
0.043958369462635
0.0
0.0
0.003321792373994337
0.004296297514520823
0.002884462809459223
0.014041994495347434
0.21582611548959638
0.07221204632183616
0.02827528656906885
0.004417754413186219
0.0
0.0025228272738749688
0.001662027219683473
0.006363356290741427
0.06162482687949686
0.13598866406436902
0.006725231022863608
0.005938825016438591
0.0039127545979056036
0.00041151066276008316
0.0007418613907758719
0.0019149927658672575
0.09477434786608924
0.03656145022955194
0.005442990019451963
0.004693727958433148
0.0013013109915480975
0.004384071242809073
0.0029433926331130385
0.014328873652410931
0.22023546161948265
0.07368734464825999
0.028852953109199667
0.004508009516376035
0.0
0.0012597535831386656
0.002528240304127869
0.004436518125697789
0.03820998480601331
0.20601824077907827
0.0991321462096276
0.0
0.002655793774390726
0.00041991786104622186
0.0007570176828905178
0.001954116233024058
0.09671059595649228
0.037308403807004786
0.005554190774387651
0.004789621224923661
0.001327896887195363
0.0014697125136617765
0.0015140353657810356
0.0027551687336695566
0.07320141095282717
0.06575983801356268
0.0021093141943546887
0.0011877070480217947
0.0
0.0011836463500813966
0.002375498230895075
0.004168488628917931
0.035901552222316606
0.1935717762681724
0.09314313894977452
0.0
0.002495345637195509
0.0
0.0
0.0045071908880635145
0.1421843016955224
0.20882732140569968
0.0072355423675594084
0.0019529168786896827
0.0016267662689384568
0.0013809207417616292
0.0014225658562017475
0.0025887169198131887
0.0687789930148466
0.061786998099079525
0.0019818812827682906
0.0011159524617936358
0.0
0.0012156595843395754
0.0
0.0018813330063096136
0.01856066180126366
0.11923224980558243
0.011367653864750386
0.007013100711013446
0.0024995745474282326
0.0
0.0
0.004373019442417239
0.13795171563904615
0.2026108854261088
0.007020152515298809
0.0018947818479469788
0.001578340189934324
0.0
0.0
0.0
0.18385144639824008
0.16113551209061033
0.0
0.0
0.0
0.0011794714556591262
0.0
0.001825328906313071
0.018008142307886464
0.1156829074942906
0.01102925804559853
0.006804332570451315
0.0024251664429440728
0.007843506039325404
0.0018856607543061182
0.0002706831113566196
0.0006052658550531985
0.09251893580884434
0.011177868587044617
0.01676558975266088
0.011561784324273268
0.0
0.0
0.0
0.20267770023387077
0.17763567084367854
0.0
0.0
0.0
0.0
0.0
0.003684978790280923
0.08132982066856739
0.21672170010736141
0.021512603513686595
0.0
0.0
0.008646675329262825
0.0020787510383583714
0.0002984008642666494
0.0006672446365558969
0.10199280726464376
0.012322474166623232
0.01848237389861723
0.01274570259495198
0.004691264221381295
0.0024651781582726404
0.0007702140978446406
0.0012834707088075026
0.0841557683606718
0.02287407786410001
0.014083697837369652
0.008879154719190643
0.0
0.0
0.0036428612939249897
0.0804002607930339
0.21424467759678475
0.02126672502926111
0.0
0.0
0.0017025664455847537
0.0
0.0
0.0
0.038359206536146204
0.06460841219011854
0.06954058189567812
0.0033015162132072422
0.004637645377150801
0.002437002383592033
0.0007614109292769358
0.0012688012694490672
0.08319390929200912
0.02261263839703238
0.013922728093416726
0.008777670344975081
0.01220159543228561
0.0
0.0
0.0
0.011171285449025577
0.11574029656238624
0.21834940184946316
0.00785853963146176
0.0022169699580234627
0.0
0.0
0.0
0.04994883384715455
0.0841288216577621
0.09055116839991437
0.004299017098327681
0.01025283382058887
0.0006073422242793177
0.004287619818000298
0.00456135270311772
0.007920815570475232
0.0019586197749406307
0.038088687171116214
0.024318113860972487
0.0158881144307075
0.0
0.0
0.0
0.014546512588228663
0.15070939585174817
0.28432021875445523
0.010232873038270049
0.0
0.0
0.007799107122208293
0.01019129057905379
0.02095058430943417
0.05080567309323604
0.08959192355397495
0.021823763111039545
0.008813747480723987
0.0005220957535105833
0.003685810092163563
0.003921121867309102
0.006809050990309113
0.0016837081736771659
0.032742564297138725
0.02090482675606217
0.008725590820513609
0.0005220957535105833
0.0
0.0011905614811547657
0.014160999010922446
0.012915266024103035
0.2735895348872692
0.07738200242392909
0.0
0.0
0.006704425523041571
0.00876084244007599
0.01800996318755953
0.04367459583054833
0.07701681353026259
0.018760582733095964
0.01801831427111648
0.005330760455960309
0.0
0.005500600706868465
0.008186570951762652
0.005455535049958362
0.1291598391801802
0.1878518814622282
0.010673711664287055
0.0006386615701734946
0.0
0.0014563724371050085
0.017322657391347085
0.01579879557092553
0.3346725591220452
0.0946587112400904
0.0028561813291143297
0.0
0.00641193227290981
0.0
0.012327929032261825
0.0031933077827708033
0.004339534619994689
0.0
0.022041176942913916
0.006520933794481382
0.0
0.00672869346422454
0.010014347412774868
0.0066735662140801405
0.15799673745574297
0.2297926707275543
0.0
0.0
0.004144795033443563
0.0036128151356047016
0.03544331622630707
0.00702527734000511
0.005654950628632069
0.0
0.08504225749991094
0.1964220860025804
0.0015707249290691653
0.0007404468569067473
0.002876620670832602
0.006771451189947228
0.0024999288888769007
0.00830635490464983
0.011570570558399862
0.053815650723463844
0.021719683659499684
0.0031247838843824643
0.00803685444815045
0.0031414498581383305
0.003418851434092701
0.007247818375062779
0.23626418972879634
0.02529601039107576
0.0025401030544374243
0.0
0.0
0.0
0.0008442392919573824
0.03765311915855449
0.17126542542878112
0.06456333475239352
0.031156021686001272
0.0052882737594147945
0.0021833432715364243
0.0016884785839147648
0.003527349303650178
0.0014242779937111984
0.011787432511360576
0.054824293042080495
0.02212676583339201
0.003183350290622077
0.008187485563745836
0.0032003286271606118
0.0034829294149612967
0.00738366094562466
0.04105229922995131
0.14953797777298042
0.08901622870949914
0.09949936900153766
0.008936662568715366
0.0
0.0020519850928290245
0.003706726157060886
0.17447537557304343
0.0657734160351956
0.03173996486107725
0.005387389474536123
0.0022242646836188465
0.001720124971739112
0.0035934608108488322
0.0014509725897742204
0.030725193840840787
0.09423338302755785
0.031544212379928396
0.0007543247163123794
0.0011926920849901462
0.0023874536279684887
0.01158939969088297
0.03323057154099036
0.04085832340703343
0.14883139731731554
0.08859561898627141
0.09902922549328315
0.008894436030654831
0.0
0.0020422892778694975
0.003689211541067769
0.0
0.0
0.06964082471856049
0.24124131200411073
0.04291041184216545
0.0
0.0
0.0
0.030580014523935675
0.0937881217788098
0.03139516312642815
0.0007507604638749122
0.0011870565071293861
0.002376172693871
0.011534638730246615
0.033073554088092316
0.012334466413754781
0.006609201010506285
0.005556502088968732
0.0007507604638749122
0.003439337785547592
0.003098863938178307
0.01237144238350658
0.005420589498476737
0.0
0.0
0.07233414824078263
0.2505711972083454
0.04456995022399541
0.0
0.0
0.0
0.012768377784950418
0.02320573884404763
0.06502056583736042
0.3438807991177274
0.03682685429927328
0.0
0.0
0.0030501877787149595
0.01281149563706567
0.006864808502471364
0.005771396984857399
0.0007797957434696093
0.003572352427406276
0.003218710926932263
0.01284990163366583
0.005630228043964363
0.026473777978477584
0.0019892710378854534
0.002295075070136588
0.0
0.0010167292203767414
0.0011027977191135731
0.017309250043992634
0.04608627405586654
0.012430479224691877
0.022591629058356495
0.06329988088006418
0.33478043970798366
0.03585227935669581
0.0
0.0
0.0029694685145841026
0.008500420309711288
0.002693872916702631
0.014130524274233072
0.3473473707579904
0.0077139953249461615
0.0010736136075669923
0.001539842936930033
0.001224107836750447
0.025773183775032613
0.0019366275595214463
0.002234338884620643
0.0
0.0009898228000370316
0.0010736136075669923
0.016851183187926243
0.04486666057689253
0.017102276525323073
0.01145443473929442
0.006441484064990466
0.00402646029799741
0.007054416964356193
0.0005368068037834962
0.002751298758964793
0.0007591594603448504
0.011308669957859953
0.0035838368708196633
0.018798768711033045
0.46209912375096934
0.010262436915811012
0.0014282990143877792
0.002048554650972894
0.001628511416409113
0.003915980789054119
0.002579830466621184
0.009877323448376942
0.09565523596795215
0.2110842075950997
0.010439032334954008
0.009218357877591314
0.006073452588827883
0.02275228679362838
0.015238590246242282
0.008569531232069797
0.005356665782333025
0.00938495630667727
0.0007141495071938896
0.0036602342574821793
0.0010099599160548537
0.00611999759012447
0.001865681035572792
0.0030251856828344753
0.006301067927856158
0.026038392637707235
0.012540260633723786
0.01641104937467836
0.0010099599160548537
0.0056134390274627825
0.003698108291554424
0.014158841914386657
0.13711886336739726
0.3025827737223388
0.01496403447171429
0.013214234866481342
0.008706109051624394
0.000915635421606358
0.0016506852161752412
0.004260971506272417
0.21087849676553236
0.08135137658630547
0.012110972842921749
0.010443820700294064
0.0028954934737178556
0.008772829891405296
0.002674396863017081
0.004336511411090582
0.009032388698072586
0.03732524170023076
0.017976081152559352
0.023524738757385425
0.0014477467368589278
0.015714388939597878
0.0069994787239049065
0.00998602394672252
0.0033353774701586607
0.020218272661484772
0.002047423075379183
0.004366038840636851
0.007678617899039941
0.0011905740772392805
0.002146337921934663
0.005540417178622531
0.27419916898340196
0.10577882618549986
0.015747545340300782
0.013579795953384028
0.0037649258528860492
0.004167009270337482
0.004292675843869326
0.007811605023312124
0.20754464237514889
0.18644588793469796
0.005980442923515279
0.00336745195645176
0.0
0.020432962366526017
0.009101218373847142
0.01298453616484245
0.004336894204914253
0.026289231225993293
0.002662204608043152
0.0056770331741455874
0.009984283268098306
0.012098943825851053
0.01597322935138879
0.020098690200621442
0.004336894204914253
0.010119879656533885
0.001331102304021576
0.003014828282247456
0.0
0.0037176226960353963
0.0038297368948735358
0.006969170991255629
0.18516221656303497
0.16633883430558552
0.005335488572840168
0.003004292769451883
0.0
0.003272717633039856
0.0
0.005064799210803962
0.04996777546971327
0.32098910862265084
0.030603239367929948
0.018880201871387378
0.006729187843248169
0.010794146412205696
0.014250613836741572
0.017931168855874192
0.0038691865749527917
0.009028512261800247
0.0011875510264403233
0.0026896974111662647
0.0
0.011683957044682674
0.009307258801495697
0.0289801668160977
0.032925981668444106
0.034682452475989924
0.004750204105761293
0.003004292769451883
0.005049737333180718
0.002916828392050639
0.0
0.004514031393654533
0.04453406694982542
0.2860833871267783
0.027275312900791535
0.016827088383716864
0.0059974273241522975
0.0193969603918392
0.004663231822648944
0.000669398297572513
0.0014968201411634699
0.22879897387490428
0.027642826200556577
0.04146123924016993
0.02859224834818947
0.010413393839839242
0.008295147876582861
0.02582874016449806
0.029345470320166496
0.03091093501823119
0.004233646698951654
0.002677593190290052
0.004500607408693061
0.060068140923573834
0.013437751114051086
0.02038161406742532
0.0074841004801131155
0.0038635003336045188
0.0017066375046042572
0.017468745656142537
0.01851352874503177
0.021084636519575845
0.0050689667865919325
0.000727640800724501
0.0016270543411992546
0.24870614275388875
0.030047952413088316
0.045068667531947645
0.03107998116821723
0.01143949520000637
0.006011256748275222
0.001878142023020979
0.0031297015729438407
0.20521110361404798
0.055777694792449484
0.03434263904272118
0.021651529949508603
0.06529450450974104
0.014606932847040136
0.022154962200919837
0.008135271460654136
0.00419965286218679
0.001855127335847736
0.01898865312771621
0.020124339917090554
0.04065585749567262
0.007161758277249371
0.006243986827367985
0.0
0.0026560938477311236
0.014739893564758709
0.028691286942298597
0.021638414940233844
0.006926986455155715
0.003640011499261144
0.0011372760883992354
0.0018951361074437487
0.12426199848235217
0.03377520857099463
0.020795585060702587
0.01311070567987658
0.018224827346039644
0.0
0.0
0.0
0.016685912073686793
0.1728746813099171
0.32613605096985876
0.01173785254315488
0.0246184441945575
0.004336677599338308
0.0037809371325515004
0.0
0.001608351223998562
0.008925485022578934
0.01737350753293535
0.01310276411514692
0.08430336305792124
0.005197804032612558
0.0013218304849354713
0.0
0.0
0.0
0.04745885262652204
0.036769351995246204
0.013689254042049927
0.0
0.0
0.0
0.012533325280013862
0.12985173384394966
0.24497127842297575
0.008816678606630868
0.0
0.0
0.006719737522202378
0.008780851016743653
0.018051095502366568
0.04377434268766645
0.07719270949332317
0.01880342936120424
0.06332296770700724
0.00390423780221364
0.0009928693954261154
0.0
0.0
0.0
0.03564787077611722
0.02761864301193834
0.0
0.0
0.0
0.0
0.0024161686776080988
0.005681496675064943
0.10453540337835754
0.17269560724952887
0.0
0.0
0.006113765794123342
0.007989012429739322
0.016423285859631633
0.03982686497796042
0.07023163409235407
0.017107775841081845
0.01643090121292609
0.004861120586738958
0.0
0.005015997915586746
0.0074653342458704695
0.004974902541977212
0.11778086042426775
0.17130213517898188
0.0
0.0
0.0
0.0
0.002198283692656967
0.00516915131233476
0.0951086216296173
0.15712228236728598
0.036441307623753395
0.0060025057748897045
0.0063920864079275545
0.0015500664406071399
0.0017589788880614193
0.008417938107211198
0.03254470613223205
0.1617702079871419
0.024556731241964915
0.007265166422485772
0.0
0.007496637654081793
0.011157282508829029
0.007435218743947786
0.17602886764426284
0.25601885375926176
0.0
0.0
0.004617839507977225
0.004025144870517914
0.03948845350444026
0.00782707057729215
0.006300348803222283
0.0
0.054463196255984
0.00897101864238272
0.00955326466642058
0.0023166449907953642
0.002628874171578215
0.012580992425884539
0.048639547611011795
0.24177295383967315
0.0
0.004332260057427062
0.0065924644790373655
0.010284379305522805
0.02933250079829582
0.003281998393590529
0.0033911777548327146
0.009640704053231383
0.213747924708904
0.022885269793589468
0.002298028139837786
0.0
0.0
0.0
0.000763782259261319
0.03406473104619272
0.15494362180663432
0.058410370320832294
0.028186814875384828
0.004784294829720003
0.001975267998733789
0.001527564518522638
0.0031911886191643563
0.0012885425663270746
0.14658794042233544
0.004003821236119568
0.0005991600942628661
0.0
0.0008817164561367819
0.0024749197381102794
0.010870048886002492
0.08512190328274233
0.039637862763074405
0.00824432784166912
0.0035340953724330854
0.000669881369676557
0.0019669699581755904
0.000763782259261319
0.013869137512706606
0.15270676017527823
0.19279594002671727
0.07267986976170805
0.03507277942063822
0.005953085440405889
0.0024578207620306667
0.0019007445022007456
0.003970787583642313
0.001603330117386155
0.03395145366268647
0.10412823931758688
0.0348564721996811
0.0008335316218072734
0.0013179291973602
0.0026381451535072474
0.012806329835431193
0.03671990535528704
0.049321288110807084
0.010258395393045974
0.004397465552487388
0.0008335316218072734
0.002447495532046084
0.0009503722511003728
0.017257331234060435
0.1900126189974387
0.012780442227768812
0.0009503722511003728
0.0016959056392465875
0.0010867922312947304
0.0013503780707667704
0.0034470931756994927
0.023520054924982443
0.13600376143839626
0.06371219249094535
0.19540366350900965
0.06541052081024928
0.0015641783018628117
0.0024731830202585217
0.004950657297600038
0.02403194159766553
0.0689073787970534
0.02569834941743202
0.013769996304715057
0.011576741743913127
0.0015641783018628117
0.007165717689985845
0.006456354544172242
0.02577538731748017
0.011293573496213597
0.023983361756021566
0.0017834376224870265
0.0031824813042661535
0.002039438915512844
0.0025340755195645483
0.006468702816862311
0.044136969263999286
0.25522023046037884
0.03849112218656516
0.006207602206581665
0.002505084650906952
0.0
0.001483909812155113
0.0011060410870583814
0.05232056115232697
0.028782333470040583
0.04457413561909655
0.023884245357193124
0.02008001557370081
0.0027130884800090124
0.012429034524097689
0.01119863452637503
0.04470775890161864
0.01958885640736856
0.09210835357492952
0.00692113079828953
0.007985093257675786
0.0
0.0035374344604898276
0.003836886534151562
0.06022285615846288
0.16034473164879837
0.06676337349944161
0.010767170222920256
0.004345103304226212
0.0
0.002573861695904971
0.001918443267075781
0.0907507229584593
0.04992334778736358
0.07152787416672242
0.013860566559328791
0.0067717631368244945
0.0
0.03763566779882848
0.02009019736149169
0.07654342741447995
0.03239512682368537
0.09258814357274807
0.00695718278708023
0.008026687399010256
0.0
0.0035558608638094893
0.0038568727754684584
0.06053655543657874
0.16117996315019967
0.061438588579863875
0.04114915943034759
0.02314052686066145
0.01446474317705758
0.02534244028285614
0.0019284363877342292
0.009883825247594328
0.002727220886738507
0.07190046098711866
0.013932765886981025
0.0068070370733844575
0.0
0.03783171100522897
0.02019484667259248
0.07694214012018846
0.03256387218960295
0.04291667512234671
0.013932765886981025
0.042001446260355464
0.032004733629609254
0.02189209211934024
0.013204152319900148
0.03210674630615853
0.024991243681076823
0.08100125166969682
0.05425146469114164
0.030508702809363436
0.01907046254650414
0.033411727559585824
0.0025424698838712716
0.013030934382533717
0.003595595382507874
0.02178802814468897
0.006642079561872133
0.010770074633177612
0.022432663302884532
0.09270023774981402
0.04464504235593204
0.05842557948655993
0.003595595382507874
0.05658177511504814
0.018369098349310047
0.055375128199825534
0.04219536195861179
0.028862753919383644
0.01740848691142919
0.04232985649498815
0.032948706435829214
0.009280730247942941
0.005084939767742543
0.03027614801504084
0.03927494200914606
0.07024170177183
0.020911566877739412
0.028849843606318492
0.003595595382507874
0.026434742762116895
0.008058630338533115
0.013066999480916766
0.027216858723651028
0.11247034025429901
0.05416645335895421
0.07088595416705035
0.004362425015336687
0.04735140592308715
0.021091189710244918
0.030090401559771173
0.01005033113939483
0.06092274026928339
0.006169400637289815
0.013155973052061332
0.023137606843211242
0.011260023858963637
0.006169400637289815
0.036733116888343624
0.047651076183409045
0.0852220910116767
0.025371359330678734
0.03500262572619414
0.004362425015336687
0.008277119401719959
0.0030847003186449075
0.028139466333965805
0.06639668369564172
0.08045988352996698
0.017312730307758314
0.015924078739735708
0.0
0.055769465518103495
0.02484074874549355
0.035439826537343455
0.011837063440828433
0.07175349066160655
0.007266187125838739
0.015494821561914849
0.027250974746343432
0.03302270216122322
0.04359712740353329
0.054857107354090176
0.011837063440828433
0.02762106979049747
0.0036330935629193695
0.008228633661325967
0.0
0.0097486128672344
0.0036330935629193695
0.033142057069202764
0.07820058327085674
0.0947639169870411
0.02039056068347894
0.01875503679079263
0.0
0.012998150489645869
0.04441421919100303
0.044630910607907366
0.013398186527813627
0.1194381347388675
0.04972205721045629
0.024313024586811668
0.0
0.023661895203316477
0.03123883244779959
0.03930699308107384
0.008481660685562631
0.019791440918293178
0.002603235759749149
0.005896097369930226
0.0
0.02561245295308529
0.02040248241788805
0.06352754946900994
0.07217718733406016
0.07602755461542642
0.010412943038996597
0.006585723220362154
0.011069551126977988
0.009313619255667377
0.03182430665134016
0.03197957346061627
0.009600258754956759
0.0855815073422202
0.035627554076681375
0.01742111342191522
0.0
0.04906126959163027
0.009404062954811016
0.003292861610181077
0.011044593369117787
0.17878143827530033
0.04959316882974595
0.054408160835704045
0.006269421749499609
0.019449941297856776
0.015493521299398837
0.04824243543686409
0.05481091792587458
0.057734863466543336
0.007907525734352326
0.005001158236370568
0.008406149930571597
0.11219414465677556
0.025098778972863466
0.0380683956896337
0.013978662215632574
0.0072161733099319735
0.003187625455428469
0.03262779481741066
0.03457922103449521
0.037256830312326114
0.007141388322604632
0.002500579118185284
0.008387197160753096
0.1357655389731861
0.037660751364974786
0.0413172270659581
0.0047609608194354915
0.035033015045918915
0.003187625455428469
0.015263720546222468
0.007556693346875231
0.02725722788229354
0.009584948303857971
0.06712270262703599
0.07620515254199191
0.11124396239995821
0.024886215166429963
0.03774599103794311
0.013860275673696982
0.007155058892043301
0.0031606291700305702
0.03235146710165131
0.034286366515375186
0.06926645230781919
0.012201675692217886
0.010638044366290162
0.0
0.004525256855018796
0.02511274383363732
0.0488820991870658
0.036865935901955645
0.03473631730468401
0.0031606291700305702
0.015134450730222642
0.007492695034303961
0.02702638397878134
0.009503772518448679
0.06655423444840733
0.07555976428180264
0.11494996704831378
0.058619937673764534
0.0703426745649549
0.021752530426441194
0.004383004091700579
0.003920278095439216
0.0012397007448673707
0.013440363737656396
0.0524824816282113
0.009245084727371384
0.008060337283231913
0.0
0.0034287407806166976
0.01902766884935532
0.03703746600349532
0.02793294212735058
0.17972093069398393
0.011080864919519928
0.0028179256005370183
0.0
0.0
0.0
0.1011744828951487
0.07838622235105988
0.08709641294990358
0.044415726509829404
0.053297924211974476
0.016481669559160226
0.0033209573185125204
0.002970354569439123
0.000939308559904937
0.010183625975289072
0.07950869741152086
0.07558715943438898
0.026614673687872438
0.003386725243374904
0.006641914637025041
0.0
0.020447666183499705
0.03871118572334922
0.08494724072507666
0.005237502922591007
0.0013319261335329113
0.0
0.0
0.0
0.04782132565495915
0.03705018260184074
0.0
0.0
0.0
0.0
0.0032412704224292527
0.007621681093162937
0.14023338445162103
0.2316697377334963
0.03758073382256211
0.03572717214073902
0.012579742848275515
0.001600776066581388
0.003139380145473857
0.0
0.009664833221420121
0.018297303489896603
0.016615841021935154
0.0
0.0008879507806381592
0.000992759182119855
0.00031393801454738575
0.018239046086882715
0.05786946901986604
0.22733640057969348
0.0
0.0
0.0
0.0
0.0023332491427728494
0.005486515643388473
0.10094789431813353
0.1667689351781908
0.03867865192225323
0.00637103459418509
0.0067845338532265
0.001645234055035107
0.0018669728554299382
0.008934764397413173
0.03454281535111859
0.17170222404551308
0.011961018911783302
0.0
0.0006391970208384207
0.0007146440157020209
0.00022599027784220196
0.013129493408735312
0.041657705586356265
0.163649554848339
0.04359765087698735
0.0018219918727373245
0.0009587955043174906
0.0
0.0076516981810554295
0.009065355542960545
0.05030823382911094
0.10855555549901831
0.061664881179935405
0.010157259152500344
0.010816495744510669
0.002622975659049625
0.0029764909989020414
0.014244580861935693
0.055071169712139455
0.27374266469730696
0.0
0.004905116115958173
0.00746418805227793
0.011644285893609687
0.03321114625619382
0.0037159780344559273
0.0038395942156777725
0.010915497267902571
0.06950717844193977
0.002904778392199197
0.0015285954373083547
0.0
0.012199004766452156
0.014452780658803413
0.08020577520851227
0.17306873685061164
0.013760865400076525
0.005015034580436008
0.0071287261072406505
0.009466786337392953
0.021106720160758576
0.020579820726984513
0.017039352140192112
0.0450430597731632
0.17201533524050136
0.004698330914465912
0.000703091428806605
0.0
0.0010346605003962916
0.0029042235481160114
0.012755586154080758
0.09988729418876144
0.04651351422063045
0.009674403047286628
0.0041471255992103
0.0007860801375903753
0.0023081639307350227
0.0008962692360575982
0.016274901822560386
0.179195535931269
0.09657227235093697
0.00359580981180096
0.0
0.0
0.0
0.0
0.010648868906862981
0.14095873581025187
0.06535542476444019
0.007139102678933727
0.0024956299601879782
0.0023635692718002596
0.007076977027538269
0.0
0.010954240491014594
0.09904453484289968
0.055761080821476385
0.011597815801671227
0.0049716347945133795
0.0009423643605258446
0.0027670606628523997
0.0010744606626055364
0.019510590225127963
0.21482222810589932
0.014449161797959473
0.0010744606626055364
0.001917337016891611
0.0012286927565482528
0.001526694529437404
0.003897173989809525
0.026591026589797
0.15376153024538494
0.0783490386283368
0.008558460656930481
0.0029917976794971474
0.0028334813956834154
0.008483983517832432
0.0
0.013132103638955594
0.11873603628622165
0.07467245721561395
0.0032308218294795675
0.001911447041588793
0.0028270929394792156
0.0021710571170740975
0.003893994966227507
0.03131373354992011
0.13100079907178416
0.019519420425484997
0.0014514924600681307
0.002590136912671144
0.0016598451054925822
0.002062416685346072
0.005264705222492537
0.03592190570007998
0.20771695937057386
0.03132690088451181
0.005052202378343133
0.0020388217882009478
0.0
0.0012077147395604699
0.0009001774315784785
0.042582313539641946
0.02342517590083777
0.10087526923544093
0.004364527886894603
0.002582180125568956
0.003819129195121066
0.002932888234519967
0.005260410669029325
0.04230182614044944
0.17696941240686714
0.020324167377506117
0.0
0.007694852358238923
0.15522821284794727
0.0277556537299233
0.015991988005335574
0.025579231162387205
0.025599546788264135
0.02977346633644665
0.004801674381741483
0.0019377209415255843
0.0
0.0011478267280537744
0.0008555395426676757
0.04047074695880193
0.02226357112949392
0.03189821966737965
0.006181190227927974
0.0030199022491624204
0.0
0.016783817676131668
0.0089593258021922
0.0341349311748054
0.014446771746157843
0.0193163350393738
0.0
0.007313280956087909
0.14753077512305462
0.026379309751080708
0.01519897925061339
0.024310811360917384
0.024330119578011074
0.019231800106586035
0.0
0.0016232720526763267
0.22642220314529266
0.19453875399397533
0.0354731837161643
0.026446022275603977
0.015209959348670372
0.020067438922604673
0.0038886388852226207
0.0018998459653620417
0.0
0.010558841202298764
0.0056363873971019465
0.021474572989358075
0.009088585904413539
0.011978056120297386
0.0038886388852226207
0.011722615487009863
0.00893253017475755
0.00611008907956239
0.0036852826333316057
0.008961001941528986
0.006975063153764581
0.012098887587927902
0.0
0.0010212141339400727
0.14244411693566478
0.12238597026924324
0.022316478945764898
0.016637415576651878
0.009568713659492335
0.015152333069987462
0.0019443194426113104
0.008132993050075907
0.24742235644557337
0.23726388569039092
0.01855692391477813
0.0044430243466424555
0.005743470090230654
0.011996174531006603
0.0038945209712401433
0.011740347509622445
0.00894604182044975
0.0061193314058882635
0.003690857115840258
0.008974556654573584
0.006985613868978587
0.0019676522979906693
0.0010780825594365736
0.006418991892292633
0.008326869527845114
0.014892281341411776
0.004433561963584667
0.0061165942282641154
0.0007623194865085528
0.01517525299881462
0.0019472604856200716
0.008145295289011555
0.2477966158268704
0.23762277902702497
0.01858499374227025
0.004449745014762144
0.0057521578563377584
0.0012350095552071973
0.002761565311227943
0.014225933771764033
0.01668027859751214
0.20324451224717827
0.08674501661466458
0.022660352815710952
0.006629125105860126
0.0039692450744525905
0.002174761208200594
0.012948706424123756
0.016797371107059953
0.030041443003992176
0.008943599437872964
0.012338694970526554
0.0015377883938504922
0.002917748294980679
0.001087380604100297
0.009919378461609969
0.023405342033011374
0.028362728213769936
0.006102870683057377
0.005613360317400664
0.0
0.002491322068901067
0.005570765485631866
0.02869725388511244
0.03364827908430903
0.4099948349464216
0.17498631759415567
0.04571157917024683
0.013372597486474255
0.0054281192219429305
0.00326214169635999
0.007078649706794383
0.014931489674905403
0.028039744690948453
0.031341422466241727
0.02620886535287441
0.0030755767877009843
0.005867590952608464
0.0021867220711384487
0.019947867133353028
0.047068135860743786
0.05703743799446255
0.01227287112683722
0.011288465927226123
0.0
0.007823454603477952
0.02673246688954117
0.026862891249873417
0.008064232226944744
0.07188859875087282
0.029927200618842548
0.014633762263306944
0.0
0.01091594613940588
0.00656016598025823
0.01423516245308827
0.0300272212912121
0.056387918226218976
0.06302759124944235
0.05270602042239482
0.00618498400448432
0.04450360529891655
0.16844965225446118
0.13257077863110941
0.01930595388287092
0.02077619975721279
0.013601700681757018
0.019144150305201467
0.0
0.0024880777538134335
0.00850167343501337
0.008543152035701326
0.002564651783948084
0.02286258850730109
0.009517688267859533
0.00465394639418529
0.0
0.013106425127965124
0.0025122392478185646
0.0008796683108655539
0.0029504971490965496
0.04776039337198244
0.013248518832388423
0.014534815186786197
0.0016748385730619307
0.01415339334358802
0.05357170887469761
0.04216122184324478
0.006139834230106628
0.006607413610059798
0.0043257218959593625
0.006088376159153187
0.0
0.004065229129599207
0.10198432763091707
0.08354903859674026
0.41902173943776716
0.02091068883289817
0.01940836776419852
0.04654595774563322
0.015667408835209493
0.007449184438950461
0.0014278594909790004
0.0004999693988832862
0.0016769483086064138
0.027145157861971577
0.007529944997342877
0.008261026027715822
0.0009519133794604719
0.007004551604145392
0.0006373384354150015
0.003051850321678905
0.001510896177092123
0.005449849493034629
0.0019164284013077004
0.013420610065805617
0.015236568213797957
0.002310518793440066
0.05796394203512323
0.047486037735503944
0.23815572824215164
0.01188482567450064
0.011030964563022837
0.026454919686299625
0.00890474839282415
0.006126722203574859
0.0022637078044111074
0.008766124763526222
0.45137926792892724
0.016835454377315567
0.0015810421111279978
0.0013462088456094455
0.004339463966128724
0.005936713082998774
0.00054017667963028
0.0025865980802172563
0.0012805612134097507
0.004619024116622291
0.0016242703609950725
0.011374648351843233
0.012913765072602933
0.019645864219865965
0.010018613886437622
0.01202212291878682
0.003717680571554679
0.0007490902822484076
0.0006700067267939539
0.00021187472369343604
0.0022970651304721804
0.005192708101448797
0.0019186072853800483
0.007429735764959814
0.3825668446388748
0.014268902266476003
0.0013400134535879078
0.0011409803393337072
0.0036779160118788675
0.0009475325974919314
0.00391160838224189
0.050988811602548444
0.3582365897854858
0.07639587459250106
0.00054017667963028
0.0
0.001235431312875672
0.021968661569623005
0.011203148683340294
0.01344353940327894
0.00415723459077254
0.0008376577742590606
0.0007492239010500327
0.00023692539294207935
0.0025686549540384403
0.020054783040030996
0.019065638507734507
0.006713121002711364
0.0008542466696509885
0.0016753155485181213
0.0
0.005157593097804232
0.009764270528617933
0.0010595625994114742
0.004374091146139404
0.057017392230622674
0.40059212029446145
0.08542841869694379
0.0006040436058089204
0.0
0.0013815005591678593
0.0067596883636878964
0.0
0.0077313501643005555
0.013482542587760013
0.14779562396330767
0.07848553743088822
0.06291511341268971
0.013922785840047526
0.027943799636985362
0.02656555203553587
0.009353883702663816
0.0011902845186428084
0.0023343399887732845
0.0
0.0071864526206271715
0.013605274049008059
0.012354993771787483
0.0
0.000660251042962892
0.0007381831287253821
0.00023343399887732847
0.013561955757117394
0.043029836911247975
0.16903988245643306
0.00941876942105598
0.0
0.010772657050607249
0.018786215134686677
0.2059344793214736
0.1093596539036139
0.08766424048732538
0.019399638336967204
0.04010729567676841
0.008667670881180745
0.0026945761187508266
0.002666650664783568
0.003997115107435769
0.00337828847228938
0.008906761209254504
0.14044756579890028
0.014831907428367805
0.0
0.0007926173440144211
0.0008861731565934868
0.00028023255421530976
0.016280839638827538
0.05165640465013841
0.20292878609304701
0.05406197638102104
0.0022593070867111824
0.0011889259826153079
0.0
0.00948826182186046
0.01124122578603843
0.06238323612238206
0.13461110310680305
0.048147956014221595
0.010405354669040244
0.003234781359685037
0.0032012574457286154
0.0047984517312662815
0.004055563508395758
0.010692377526235503
0.1686043176505388
0.0703264838018184
0.022472993039210583
0.0069836320564479306
0.0
0.005369893890413148
0.002020785668263957
0.011283171300573571
0.06551162448785569
0.08438744928136602
0.003526640625328724
0.0018558409768472594
0.0
0.01481059825888387
0.017546868138781608
0.09737642843803061
0.21011972548088212
0.01670682592858613
0.00608866574341454
0.00865486164595249
0.011493459665775235
0.02562529967390074
0.024985600289741016
0.02068717932089417
0.054685990818350204
0.10977535381126358
0.03507897208439159
0.010901023888022558
0.0
0.008382076991225942
0.0031543232324188902
0.017612342529792917
0.10225965195659402
0.0018035532813674697
0.0
0.006027410527633164
0.0018035532813674697
0.02099644478181585
0.004511503918624156
0.041685404549603566
0.03745639097394994
0.10068502995465686
0.003748945839203048
0.0
0.0
0.0
0.0
0.011102376062711656
0.14696179547118293
0.0681387394116044
0.007443138175994669
0.002601912238164579
0.0024642274344164453
0.0073783667574556745
0.0
0.011420752614791491
0.10326257956594159
0.02660596386084738
0.002318057852153971
0.0
0.0016391144222522754
0.0028928910303820635
0.0022389914021566206
0.005403714676578479
0.20436998139464205
0.2249167125426424
0.012466039561608442
0.0018325856128364167
0.0008195572111261377
0.0
0.0011590289260769856
0.0020907031586623907
0.04603846308848018
0.0714017217636758
0.007799570195753512
0.002726510870133455
0.002582232708647006
0.007731697046870862
0.0
0.011967661972834172
0.10820754886919898
0.06805114787446673
0.0029443404204461667
0.001741956407109797
0.002576410725628739
0.0019785465006370503
0.0035487090843150638
0.02853710178780198
0.1193847782933708
0.23568737355060895
0.013063004921417036
0.0019203432462323589
0.0008588036183756682
0.0
0.0012145317276255187
0.0021908213523513915
0.04824312219828195
0.09500734519747131
0.05837447390331585
0.04483421400242354
0.004496753712864567
0.0016294652783564066
0.0
0.007287190106756581
0.04401227504376937
0.05216398838443366
0.0022569573664693444
0.0013352808383818508
0.001974924205733407
0.0015166368224630291
0.0027202306681942327
0.02187485579126932
0.09151331583210834
0.010509906333226755
0.0
0.003979113930276219
0.08027064267890796
0.014352830081581624
0.008269676828393953
0.013227372054128004
0.01323787754353387
0.07282701623871189
0.04474642197450009
0.03436725891474849
0.003446945654439695
0.0012490517868973953
0.0
0.005585929289322645
0.03373720908265687
0.004391462529245229
0.05364512500690764
0.273096919379831
0.14436823490431516
0.002289928275978558
0.004100577844487059
0.0
0.002944043294475446
0.006820570324432197
0.0
0.002582309064408595
0.05209290606596389
0.009314496611312593
0.005366737873778103
0.008584112782945269
0.00859093048683467
0.006790721160355532
0.0
0.0005731750442512109
0.07994935666716443
0.06869135629189926
0.012525530525041314
0.009338052708476152
0.0053706149307257145
0.002849909224512566
0.03481385428867415
0.17723057513149576
0.09369005465500792
0.0014860852560445515
0.0026611349970562244
0.0
0.001910583566730784
0.004882715426783323
0.0036370460958470435
0.05817062238431224
0.2309055100847448
0.10318504803130656
0.005019165361622014
0.00296665203198874
0.0
