0.19637390415838232
0.14001232090031876
0.00885891246328997
0.003785086289723764
0.001000185109562615
0.0031435775534457335
0.01650853635102986
0.00861494193506742
0.029491886681543542
0.008945836405132362
0.009408590989509124
0.00045202464500158993
0.003668920880575676
0.0018046644222720815
0.004653237099174604
0.04314052221458236
0.28555568207003834
0.09679744706926792
0.0024183933463964944
0.004867778382362335
0.0016444812368531234
0.0009434444511639714
0.003638954231572209
0.03795268777558034
0.017007031435920705
0.00890413385716533
0.012669675370958536
0.008070670069164744
0.012554953633794707
0.004847574502420427
0.011213734684114332
0.011050069455549105
0.04980647098569646
0.015107902256855286
0.01588941118604438
0.0007633879991876161
0.006196144836727831
0.003047752324474507
0.007858477182968627
0.07285655174218011
0.19427661178931896
0.08396024132105366
0.006798139730272884
0.0
0.00523726545167397
0.009397882468305372
0.0008280105729535652
0.012829890714524632
0.028721804980219017
0.01503747418394907
0.0213967938225108
0.01362990435218722
0.021203049524793325
0.008186677963770353
0.01893797291494296
0.018661571898421936
0.3318446262890597
0.016668708025655652
0.0027565701423453446
0.0
0.0018881545914114005
0.000925743950014397
0.009992831446898838
0.005293738361130816
0.19587513132834644
0.0846510711899558
0.006854075229084571
0.0
0.005280357983906586
0.00947520880528803
0.0008348234932901776
0.012935455819875529
0.14104691601904834
0.02360572520906609
0.015325461627812518
0.0029539222282068435
0.003805343923625825
0.0020191686942620237
0.008307838150212118
0.024535972943225633
0.3345750636492685
0.016805859148603223
0.0027792513657445735
0.0
0.001903690439907403
0.0009333610264015395
0.010075053059531235
0.005337295555827744
0.05889329197588411
0.010697482212389973
0.004258400222778112
0.006723532008502004
0.0028000830792046186
0.0021855961328184404
0.0018479605861112269
0.0026773679513979547
0.3163911953081402
0.052951484696079985
0.034377505442357945
0.006626128461422236
0.008536005937144674
0.004529324105321539
0.018635833501082704
0.05503818180971045
0.020810365786416513
0.013962816434734812
0.023351737861477716
0.005696765319926316
0.01941959484634849
0.0076966942927456025
0.03149466591093909
0.06351125049508595
0.13210724182983802
0.02399619417065839
0.00955228497447801
0.01508197689749702
0.00628104220493558
0.004902647944673159
0.0041452764457685955
0.006005772195034065
0.02987444978467337
0.010754313644034638
0.02381288529173332
0.013058146752163784
0.01612399486040033
0.005490187021058926
0.003970134825753093
0.011813364966097374
0.03039388729117898
0.020392926935563934
0.034105603712078124
0.008320221030000118
0.02836264307211456
0.011241150744263437
0.04599848632142926
0.09275924359433757
0.05026059204453195
0.01943491374364312
0.012163174547578658
0.00819237663862521
0.015439854813106245
0.03676451415994457
0.09543927198507232
0.12217604342261791
0.04363213357037794
0.015706854946496467
0.03477911724680678
0.019071641733275073
0.023549364172658575
0.008018509969415243
0.005798448314805074
0.017253617115345964
0.013629097361773992
0.0044101022124113445
0.008286652086127829
0.010270513912388982
0.0362489232708899
0.050265780544856635
0.03429440540015211
0.043339151275065026
0.02580181304599296
0.009977121052099393
0.006244095880214518
0.004205644259918036
0.007926214776620063
0.01887345696686539
0.048994772103414075
0.06272037998073013
0.030245858694253728
0.005664422208774586
0.0
0.00686188234746989
0.015849131226882595
0.090623818555258
0.25401317181330413
0.09258666047511074
0.006996643051927329
0.00226397318793098
0.004254041570262782
0.005272478279184147
0.01860877286374502
0.025804476618185822
0.017605400188565497
0.022248617321906215
0.013956023639089998
0.010002145336804344
0.010221969686398618
0.0
0.007262643970527042
0.02620274054348748
0.11194809967668061
0.036763128813953376
0.019047757305739526
0.003567250002740961
0.0
0.004321367461786642
0.009981214557939867
0.0570716315053035
0.15996838767484403
0.05830775896648184
0.014414125697587148
0.0017684490061697807
0.0
0.0
0.015598942440933194
0.09157938728875954
0.21748959851573083
0.038116829338598564
0.008789003278688663
0.006298992494743725
0.006437429988064397
0.0
0.0045737527622210835
0.016501546465018474
0.07050089914905498
0.023152100342942548
0.0313709701203057
0.006466337615322349
0.009570609645894212
0.004586198420826856
0.01957095164473114
0.039450675697356684
0.028189268157458907
0.03330831137493818
0.015713001858659214
0.0019278063133264696
0.0
0.0
0.017004584024720343
0.09983172846369934
0.237087877365242
0.041551587852730686
0.0
0.0
0.0
0.0047694526290136445
0.007667017923714854
0.10853471584899312
0.09915849639223534
0.006486123044121867
0.034197850230404225
0.007049027953550198
0.010433030092113802
0.0049994668995217185
0.021334516294725183
0.04300562889233675
0.03072944084472223
0.03630976789877818
0.006309444599806531
0.00730318371626449
0.018124046444904163
0.017317343050103743
0.06462456291293071
0.020553649772450073
0.024293495960393745
0.013682876835359662
0.0
0.0
0.0
0.005020697300749278
0.00807090020356325
0.11425209500682741
0.10438195615034565
0.00682779828063519
0.02056878556364459
0.0022345998622478273
0.026494729761300285
0.006230637496839751
0.007572277728230559
0.037829016695618355
0.13672807475428486
0.05877192923580748
0.0066418127897471015
0.007687899979983282
0.019078782858863063
0.01822958403631026
0.06802884813349196
0.02163637254835829
0.02557322591949858
0.01440366183236046
0.03880744191515436
0.01623849387301648
0.03128250952045209
0.041554205215461104
0.014000238080659635
0.06266933075888213
0.04621636430794082
0.0329674397715008
0.018827538356886803
0.002045430173239172
0.024251822709354144
0.005703183889813562
0.006931247784956682
0.03462660742104922
0.12515338175577986
0.05379660109594413
0.0017288600359535694
0.0012131989251280802
0.001038409833016198
0.0
0.008356865205456858
0.06406191989314373
0.13061270229939045
0.012570810930114291
0.035522204212272486
0.014863826807192239
0.028634293749311084
0.03803644071076661
0.012815050196014635
0.057364068725028354
0.04230392548121979
0.03017658650316084
0.0010589744032060853
0.0
0.0
0.000656748051373545
0.005129640157363209
0.0866176721522463
0.14897425234232606
0.006927470366374665
0.0020576487957488887
0.0014439209972927402
0.0012358911062578162
0.0
0.009946145592265804
0.07624499935229521
0.15545218468053398
0.014961485275856832
0.010490608276671504
0.0
0.0
0.0015632923532457623
0.030028308694739405
0.03754013200633575
0.08631783622936556
0.01631720611023261
0.0012603665769184446
0.0
0.0
0.0007816461766228811
0.006105177789364444
0.10309032835983041
0.17730567226669974
0.008244913272632185
0.01265318387092167
0.007777359520742563
0.005609419239565324
0.00447658820556854
0.033163497927209136
0.10075964321239383
0.08319197614927415
0.011980251573291623
0.009062058092840213
0.0
0.0
0.0013504122685344248
0.025939227797361426
0.03242813458308269
0.07456357398247672
0.014095223630892361
0.006309317091879257
0.0020143334677508893
0.001067594624254369
0.004275713130647506
0.005075286703977273
0.03947100106292638
0.22007339806730733
0.07536438724011596
0.010930146686790779
0.006718283814161708
0.004845561065231669
0.0038669923904028087
0.028647485145971745
0.08703877946096317
0.07186337539638804
0.010348850406075324
0.0028486978201042045
0.0110516324910791
0.0
0.007109666893295049
0.009280389143118404
0.046091384433317055
0.12843199819830692
0.05983682160652334
0.0052698893223805734
0.0016824823160460983
0.0008917138620644663
0.003571311228241074
0.004239159138749747
0.03296835521437265
0.18381742964030873
0.06294848932472111
0.04676080766518912
0.002716436213464303
0.0261581872139825
0.009471222124012007
0.006310670948314158
0.026953967272399022
0.089993598200722
0.06658722505237524
0.0023793894024090774
0.009230932478346032
0.0
0.0059383855813622596
0.007751492426304609
0.03849806423448088
0.10727348239136673
0.049979010830708645
0.05362302042757873
0.010099079247594508
0.007762832741831001
0.0
0.01630340335791871
0.027234334106099326
0.05572682618204473
0.037858573575863204
0.035191065209226845
0.0020443249100654927
0.019686025925675147
0.007127815194374927
0.004749259988112286
0.020284910960519955
0.06772702912597905
0.050111952635583795
0.12193323639458427
0.02040751131454318
0.007622064255381649
0.006536770856031822
0.0006710825204852721
0.00856839188194239
0.003133315939697109
0.1993670989892041
0.04035540237230405
0.0076003254456150455
0.00584212221444296
0.0
0.012269551347547814
0.020495908332462204
0.041938676254634245
0.028491456798089634
0.08734208635480857
0.006131725717586063
0.001864595220997287
0.0
0.0009490540016992789
0.002882196821619875
0.045038443444258065
0.1236364277754023
0.09118416893095183
0.015261154498875143
0.005699935597675641
0.004888330988529408
0.0005018492391731175
0.006407618758689269
0.0023431577673769938
0.1490907956767136
0.018852496269962066
0.0072405490506079195
0.0
0.00393963254032595
0.00826753049727242
0.03751237910177152
0.11468791538313554
0.04882841476443135
0.06531619919597559
0.0045854299467726
0.00139438245589628
0.0
0.0007097220001238855
0.002155365752979489
0.03368066949456246
0.09245785029283808
0.019409890761229696
0.009825954789215208
0.0023431577673769938
0.004317072774192608
0.0027149191164204897
0.004974969589976958
0.18389487356152026
0.05751348496202233
0.27479948758617195
0.09315132047612437
0.002327298296269111
0.00468442089983741
0.0015825375911149766
0.0009079071719619581
0.003501883593898541
0.036523101475842576
0.016366417540963695
0.008568736589691033
0.012192439227907258
0.007766667374314625
0.012082038782155021
0.004664978051370724
0.010791340318579598
0.010633839964815433
0.24915241047782152
0.006845091650478317
0.0047368316716118394
0.0036000045788855723
0.00042201002429732707
0.0015889905360870885
0.00686946946495408
0.15285522987550515
0.018417718143763247
0.024186035788535717
0.004912592446005904
0.0033624062092926276
0.006025981066179846
0.0009436431153699236
0.008745543760400838
0.006791491206584916
0.02702594565988937
0.014149596811108835
0.020133434773381847
0.01282513597684391
0.019951129975141205
0.007703301165656206
0.01781979326369628
0.017559712156050716
0.31225108741567803
0.015684515566907673
0.0025938103446495413
0.0
0.0017766697956517498
0.0008710840319851533
0.009402811552349115
0.004981173202176039
0.03041326841910664
0.03993851967378179
0.008112188031536736
0.005552357885980366
0.009950732127814776
0.0015582425105851601
0.014441559360391359
0.011214822782040106
0.14451722184653687
0.24079346548119593
0.0014072688781189835
0.0
0.0
0.0
0.0007791212552925801
0.006591807058940775
0.36092616879704836
0.018129487265694043
0.00299814498014621
0.0
0.0020536249460946605
0.0010068724658952178
0.010868563429507516
0.005757660525238108
0.06353172292297425
0.011540015052466471
0.004593791482389102
0.007253076849614933
0.0030206173976856533
0.002357733508743305
0.0019935058134884147
0.0028882372362665425
0.1670452059525629
0.27832941651792215
0.0016266401787438662
0.0
0.0
0.0
0.0009005741245882328
0.007619367115495837
0.022296012057670993
0.0073494568956457736
0.0011391461379835909
0.0012736041376604443
0.0038509057793245094
0.0029775012215919536
0.005205599093759385
0.001467090354446237
0.25404127496632345
0.04614450863568522
0.018368975236677406
0.02900253299503374
0.012078398941326826
0.009427756702240747
0.007971336762350564
0.011549056694022569
0.05744835186243125
0.020680467714535414
0.045792006981197925
0.025110722195607824
0.031006326035953765
0.010557590116292577
0.007634540687948255
0.022717015782491683
0.08915400164202084
0.029387923295319987
0.00455504941393091
0.0050927002141263064
0.015398433553279479
0.011905992341244601
0.020815381196972925
0.0058663843350538454
0.026304426146155302
0.017451330721568698
0.031990125661230766
0.04247529440813866
0.0544429126442503
0.01589959913597986
0.01972855229056532
0.0
0.05912150706677349
0.02128277624146523
0.04712567683096731
0.025842059721651784
0.03190937014588435
0.010865074774698225
0.007856892958652068
0.023378637777751343
0.018467416329484926
0.005975685069255537
0.011228407134381075
0.013916538366644008
0.04911726285092329
0.06811009355997177
0.04646889265558154
0.05872451628439878
0.027070529717047428
0.017959592209894966
0.03292182245500168
0.04371236662328469
0.056028535898480634
0.016362667199360054
0.020303136745453466
0.0
0.03082139146579224
0.014543160359347048
0.048110304633248877
0.024806565736741924
0.0670469773822954
0.025081534265524976
0.03654617152616481
0.03929337530548976
0.013015455464073981
0.00421154001721672
0.007913550568343282
0.00980809021107848
0.03461683733921852
0.048002594059049386
0.03275032045808786
0.04138783209909891
0.02596159369315018
0.018606419708736107
0.019015346391264974
0.0
0.013510281780600682
0.048743461692890316
0.20825065603828166
0.0683883488476975
0.02172228322612346
0.010249720512433318
0.03390715388363953
0.017483157676350128
0.047253331627488154
0.017676949843946622
0.025756990549986345
0.02769316330975955
0.020773907243113576
0.0042261206312508215
0.015902656544087967
0.00538454144888734
0.03648519002537081
0.0376980600624567
0.07637957691601878
0.007224120564827939
0.019072548358378724
0.01366910844786818
0.013969524285961394
0.0
0.009925257503117605
0.03580912794801644
0.1529902499399402
0.05024114104718953
0.06807647303074572
0.01403225518971929
0.020768670747124577
0.00995226516463322
0.042469880807612874
0.08560981218803401
0.061172030897303026
0.07228059420285353
0.015261441773171876
0.0031046973102094237
0.011682803049330162
0.003955725075486966
0.026803653094190513
0.027694681692363693
0.056111854747485375
0.005307162204598872
0.0361656042017452
0.0052499904501251285
0.01905397639696925
0.019433604179219823
0.014858564258672996
0.038217057134077345
0.018105711393535718
0.028953984085275546
0.0661481010010502
0.013634769726434737
0.02018036583090745
0.009670351767519889
0.04126685534804015
0.08318478104377465
0.05943923793476584
0.07023313389909186
0.012204210961701727
0.014126377267515694
0.03505691868664209
0.03349653119802429
0.1250017789396797
0.0397564435170102
0.04699034043455824
0.02646646829529678
0.035141157186868464
0.005101276301323419
0.018514242866388145
0.01888311710098273
0.01443767230522356
0.03713449952270776
0.017592838944734426
0.028133817431913854
0.021628944236306805
0.005227635244437397
0.014582848855086962
0.001318368987680699
0.02180443793104665
0.007792652887049139
0.03750512793087412
0.01834416277712275
0.010163581395806462
0.01176434803010371
0.029195156301048835
0.02789567653137483
0.10410060583686352
0.0331088876586064
0.03913322633655082
0.022041089393072238
0.05938478050398662
0.024848826585187708
0.04786981233000269
0.06358799328059134
0.021423753393517656
0.09589924683993822
0.07072222529173193
0.050448163496302614
0.018012433244632392
0.004353538010868468
0.01214449437055231
0.001097928457484758
0.018158583164240998
0.006489666735140286
0.031234007809417753
0.01527689025601808
0.0038535293464576855
0.004195831310339272
0.009276903496521514
0.015825488855005666
0.06634153680892907
0.0461067580690657
0.033932684855628885
0.0021119075948238682
0.04040499916473146
0.016906971936212923
0.03257029344546899
0.043264836437624986
0.014576575523629025
0.06524919273223474
0.048118919184159434
0.034324585973564456
0.001204538423948117
0.0
0.0
0.0007470230256156026
0.005834747895571935
0.09852392464298039
0.16945188720520282
0.007879703429844218
0.002621915054724137
0.002854814973648532
0.006311941794633438
0.010767554557603268
0.04513832865260538
0.03137072336478556
0.023087567077169538
0.0014369275070254732
0.0
0.0
0.0
0.0
0.018981761635667848
0.20733624319833072
0.07103372078935973
0.0
0.000986761271108901
0.0
0.0
0.0006119633675843783
0.004779841917506601
0.08071107669333465
0.13881546348878465
0.006455075253563813
0.009906381229635884
0.006089019898736522
0.004391704572608935
0.003504792929972913
0.025964236094772143
0.07888634579301025
0.06513233660307625
0.009379531707012733
0.0
0.0
0.0
0.0
0.015549912619727732
0.16985043467085065
0.05819102423313189
0.0
0.0016534338994912059
0.0
0.0
0.0
0.01150876485316105
0.18893274667606894
0.11208499691840514
0.006613907603102689
0.00958634419595722
0.005892307111167613
0.0042498255078293485
0.003391566565373606
0.025125431600084954
0.07633783170697682
0.0630281615950875
0.009076515152811573
0.0024984658116980916
0.009692893976870771
0.0
0.006235571754960548
0.008139415430341192
0.040424697701444454
0.1126419778054251
0.05248020762662273
0.0016000178166340393
0.0
0.0
0.0
0.011136960974476048
0.1828290571037271
0.10846396224367084
0.006400237714850312
0.010784882785293035
0.006939763137478477
0.002135182900646221
0.005651538553186629
0.007223047452613706
0.08820197036184448
0.1037904021902295
0.036041523519752136
0.0026295315337113707
0.01020136847411166
0.0
0.006562680379142223
0.008566396802329086
0.042545315949091146
0.11855100488954509
0.055233239616007936
0.05926033923005814
0.011160782390689255
0.008578929310563631
0.0
0.018017359072482163
0.030097444436422295
0.06158531536325044
0.041838596464400454
0.01135064135699921
0.007303812572117956
0.00224719135287051
0.005948009682585776
0.007601957552195806
0.09282891177298673
0.10923508906063559
0.03793220710663875
0.018651680372042522
0.018998323129051767
0.00378801320500757
0.0
0.01467453636283581
0.019523462967168465
0.08425142224604953
0.09083618507161068
0.053368613056651644
0.010051165493768673
0.007726003002419676
0.0
0.016226054003996106
0.0271051243882648
0.055462437581290096
0.037678958550568374
0.11550686491059509
0.008108993541245337
0.0024658621896180245
0.0
0.0012550908381306729
0.003811604838109813
0.05956177164770677
0.16350486640620207
0.0167973104029581
0.017109489567101895
0.003411404889309094
0.0
0.013215578295858166
0.017582419442043744
0.07587505592680319
0.08180515460448588
0.07874196697430683
0.027368254719619137
0.03028602921713857
0.003750546692471511
0.006457651239521175
0.009245560759369158
0.03561730962689838
0.020902629997837766
0.0837604779016112
0.005880284040619701
0.0017881343728079464
0.0
0.0009101364537348457
0.0027640075164301896
0.04319156668082104
0.11856650909903069
0.0248909420050706
0.01260065158590859
0.003004829074721512
0.005536146976609243
0.003481570046249897
0.006379823620051176
0.2358239255005266
0.07375439853369388
0.05710019737602491
0.019846249800154106
0.021962091023189013
0.002719730845408005
0.004682803523088356
0.006704472398870464
0.02582810015861676
0.015157664259822264
0.023840543515170863
0.0087946033833761
0.014911514122884972
0.008000024295493135
0.015418859621995197
0.0230093785364197
0.09213182544596148
0.037558373533340954
0.2171662772954156
0.005966320248034012
0.00412871823445807
0.003137836760815214
0.00036783246761385986
0.0013849962708283605
0.005987568443899936
0.13323170814818716
0.016053255426615
0.021081037685555682
0.004281914878217278
0.0029307412191064046
0.005252366905402371
0.0008224984139921714
0.007622792722446737
0.005919601017666591
0.03138424618680764
0.01165532368710298
0.0019114271463183527
0.0016659526384039506
0.0
0.0009467667889773358
0.0022609131726096907
0.3540049617565775
0.13483202858521215
0.007026751572323329
0.004501897830276122
0.00508032008246712
0.0008779648276788613
0.0
0.006368549311392396
0.0021473125692084375
0.028166444014915713
0.036988003490064494
0.007512888351230371
0.005142169377888769
0.009215607330432092
0.0014431250805153632
0.013374668174664194
0.010386311450468323
0.13384080205514468
0.2230044982726282
0.0013033048445582327
0.0
0.0
0.0
0.0007215625402576816
0.0061048277325609236
0.2365712550905126
0.012328876574182763
0.007898862244919785
0.008913740383363173
0.0015404443839398979
0.0
0.011174019404074727
0.003767594650170441
0.08750377145048353
0.0969639186311087
0.035319929672027496
0.008107020644448498
0.005519413200588106
0.0024642999611516423
0.003421619117902112
0.0013008153525505398
0.13986481820583885
0.23304166689866695
0.00136196505364501
0.0
0.0
0.0
0.0007540392164991857
0.006379598806056139
0.018668166233078896
0.006153606425035952
0.000953792517363255
0.0010663724838093696
0.003224314242852254
0.0024930237577957402
0.004358581659074337
0.0012283760228020745
0.0914422126759566
0.10132814988868687
0.03690963791882963
0.008471908052072125
0.005767835458615207
0.0025752151868390686
0.003575622146210877
0.00135936351254742
0.003363495324795436
0.06899826626875273
0.1354207383192372
0.06050349668586343
0.044059552095177514
0.011632196951887617
0.000983146805903955
0.004060625367492323
0.02428623818985004
0.008005497138771012
0.0012408306188818581
0.0013872908467574233
0.004194652154001145
0.003243284211145394
0.005670270503303362
0.001598048373043206
0.007165528715109803
0.004753877188100361
0.008714357148560113
0.011570598045863315
0.014830669626435075
0.004331173527016887
0.005374209920418784
0.0
0.004375718942532504
0.08976287806567565
0.17617479218921248
0.07871165884670489
0.05731900837831291
0.015132836418834365
0.0012790189033920847
0.005282646064074672
0.003983125860330417
0.01139121815262235
0.022358684191880043
0.21293054028357777
0.19636589793478895
0.011417426949391081
0.0
0.007147741843488805
0.006446533319127167
0.004276869008075412
0.007839950957771848
0.010409594154245538
0.013342547311292984
0.0038965798007283593
0.004834957013417336
0.0
0.007339757629529037
0.003463285307006758
0.01145691218654972
0.005907396501898492
0.0159664616156198
0.0059728770743527155
0.008703047738352655
0.009357262520366975
0.003583455540238334
0.010248213395820703
0.020115194334628786
0.1915649043040363
0.17666237260449572
0.010271792379080876
0.0
0.006430531197705754
0.0013954057650347625
0.005326552316077296
0.01633619440631857
0.008619375545951631
0.29086559189022665
0.11452472815498002
0.02364102996722366
0.0012003734644209871
0.008835950722390387
0.004169268231307244
0.013792377980416081
0.007111605998868076
0.019221188923047125
0.00719043463881549
0.010477144455194976
0.01126471944983534
0.008450180802859267
0.0017190547262408383
0.0064687071849645755
0.0021902643663084093
0.014841043080293069
0.015334400973144155
0.031068841649911954
0.0029385480641676586
0.001679856093337754
0.006412358031516275
0.019666290911963327
0.010376415874469722
0.3501578889255321
0.13787033653555264
0.02846020078054626
0.0014450668966802718
0.0
0.0
0.0022004467444754084
0.02934999332169773
0.08561727630798167
0.1442754812845537
0.0174143529574937
0.0
0.015883522751164295
0.0032312497793542906
0.012159012941857875
0.0041169668087518985
0.027896213219139845
0.028823561579889138
0.05839906443560579
0.0055234906946374064
0.037639772551360605
0.005463988527253456
0.019830647202247146
0.020225749225107847
0.015464223299475237
0.03977484601348398
0.018843729388056972
0.030134195169146272
0.0
0.0
0.004136106285060117
0.05516820261573166
0.16093193599720368
0.27118980562439365
0.032733177886982434
0.0
0.002232738747899165
0.002232738747899165
0.010263165260350763
0.006533085187597053
0.05289067690558292
0.032102351513632665
0.021365743670540747
0.004809466389474478
0.06341484913135441
0.009205635013825396
0.033410337397539874
0.03407599857115658
0.02605386061065209
0.06701198461617067
0.0317475950362114
0.050769579910150714
0.039031049214520774
0.00943365918705793
0.026315842564121693
0.002379095543400863
0.03934774072573799
0.014062425563774426
0.06768081132733106
0.0331034151427132
0.0037616802985340177
0.0037616802985340177
0.017291206414895694
0.011006830898577716
0.08910931360825954
0.054085496271818814
0.03599664183936612
0.008102907239268611
0.0015046721194136071
0.00504682360901387
0.07124598722367344
0.0525319204717663
0.09087415101272465
0.005443954715291378
0.0031918914329867438
0.0
0.026104970561358423
0.0063094741320050725
0.017600713003076633
0.0015912003487734347
0.02631678199722118
0.009405312251433227
0.045266669044897824
0.022140416288359954
0.005584824036840541
0.006080913741594164
0.013444785020892362
0.02293548656465597
0.09614713580734296
0.06682137530926345
0.04917779442641444
0.0030607350402042537
0.0010063634509516546
0.003375445559189879
0.047651150469124
0.035134700835479926
0.0607789717344585
0.003641057067130515
0.00213481916499882
0.0
0.007749881343917197
0.0488000127182014
0.017216921384346984
0.15720898602556163
0.13109677516319118
0.052166142292257606
0.014049541144248235
0.0
0.002698274154358758
0.0029379569124456956
0.006495767045385147
0.011081142432925094
0.04645291057573607
0.032284345713726924
0.023759955693112733
0.0014787757318483901
0.0
0.0
0.0
0.0
0.019534575208085853
0.21337458102461668
0.07310246476083186
0.0
0.003744308574754824
0.023577432732221487
0.008318252049225037
0.0759545763711645
0.0633386186940163
0.02520375799690016
0.006787951330257352
0.0
0.0012549973318517031
0.001215546126288665
0.005291879578555893
0.20497852853317164
0.11841177597883203
0.010552293806374138
0.017400241582168383
0.0007687788813362373
0.0
0.0
0.0
0.0
0.013290328479816317
0.14516918033039802
0.04973518794273556
0.0
0.001413170619108372
0.0
0.0
0.0
0.009836406739766844
0.16147860925811724
0.09579773617601761
0.005652829487213442
0.0008538361650525264
0.0008269955772602459
0.0036003249175097524
0.13945693451207605
0.08056133199076139
0.007179242415478441
0.011838236756715059
0.0005230379341484281
0.0
0.0009644342518810818
0.006885621507266379
0.009611595078891566
0.1344223465564829
0.09876957991406207
0.02019687473174537
0.00193594694662745
0.001117450895181126
0.0
0.0
0.0
0.007778042769989968
0.12768763660111773
0.07575112629624159
0.004469919828066077
0.007532151703286744
0.0048467238612593605
0.0014912096721034682
0.003947029057897985
0.005044569352883057
0.06160017076867682
0.07248711647640889
0.025171365157398345
0.0
0.0007626169859007011
0.00544473810390136
0.007600275140026973
0.10629316054324943
0.07810108277036606
0.015970481867992454
0.0015308311815150414
0.00641447292839204
0.0018862475747924063
0.007328006902930399
0.01390924188142376
0.21196940592416513
0.11851011154363368
0.025354646802893833
0.0
0.006923492463357635
0.004455069075515583
0.0013707077781756848
0.003628076944213129
0.004636927039099644
0.05662237496788255
0.06662956674066318
0.023137313721871
0.011376869766496748
0.011588309670212066
0.002310554976683943
0.0
0.00895095164368943
0.011908626522542869
0.0513904076960368
0.05540688168740804
0.005896131241854142
0.0017338233990166726
0.00673584422652193
0.012785261785823284
0.19484055050802568
0.10893352874796505
0.023305784716780208
0.0
0.006528601422505571
0.0055800371707763995
0.0014019826371813623
0.005285231732251685
0.07341439119404781
0.14593311250723381
0.04412761650167271
0.043161817634145186
0.015069314220136595
0.015349378456886902
0.0030604621201770423
0.0
0.011856047019648612
0.015773656434647766
0.0680695320740205
0.07338958142636681
0.07064151427710016
0.024552789710550773
0.027170402868361938
0.0033647152579971405
0.005793330796295929
0.008294438626303099
0.03195323641510529
0.018752305691106308
0.008647505708774724
0.007391078144719274
0.0018570061294959578
0.007000591492580856
0.09724155693871472
0.1932967479306234
0.05844955005177618
0.05717029425409767
0.007781680210614334
0.012392115976975038
0.011956927147125688
0.008968456787417693
0.015689869691970268
0.0394606194321565
0.04842142125030467
0.031183669634629683
0.08861469721133775
0.030799708190845137
0.034083315567747643
0.004220793209785994
0.0072673166708333466
0.010404776496221584
0.040083036141323795
0.023523418316225328
0.036998515627506924
0.013648483748304926
0.023141414035056485
0.01241536392527654
0.02392877151981475
0.035708617583203005
0.14298083352772573
0.05828743246699837
0.009761557955200659
0.015545017916800264
0.014999104840311217
0.011250283785714589
0.019681812688576533
0.04950050800207622
0.060741189179594736
0.03911766998328467
0.021442049560767142
0.007061766601691594
0.009959444682759493
0.0028036432715931228
0.018890497423547637
0.03382342793389694
0.07070201230373073
0.028613263950558656
0.026500354598053475
0.009841568563566602
0.001613978454804308
0.0014067037136557127
0.0
0.0007994347061968401
0.001909078855453031
0.29891611734689594
0.11385000447087222
0.005933276435273182
0.0038013303922103856
0.004289740873673836
0.0007413394325172212
0.0
0.005377500992776105
0.0018131563262080402
0.04645528565260444
0.002792305300247222
0.0
0.0009092359227207536
0.0007860385343580732
0.0022449429246910583
0.00439696830426259
0.23856103636423523
0.1941486588825238
0.0073442505142454866
0.0020306087664244544
0.0005490539935296019
0.0008362941169490079
0.0036717585572363636
0.00043924318741859493
0.018040634427007044
0.20351595987637267
0.010606204668577063
0.006795181143588389
0.007668253818558254
0.0013252033401680533
0.0
0.009612711754973826
0.003241161490059973
0.07527716768774109
0.08341548074399162
0.030384796272981036
0.006974254279376619
0.004748204404809191
0.002119971726172735
0.0029435279397945855
0.0011190568566538505
0.3470562065836041
0.013128433327041424
0.0036298750637113945
0.000981477787694957
0.0014949424090131252
0.006563561158238037
0.000785182216918783
0.032249072358450516
0.0885455349785271
0.022445780120104966
0.0024591304506465838
0.0
0.0021232610336786276
0.006000151190855403
0.006200798816343034
0.016589278834895454
0.08891454606999064
0.0985272139399301
0.0358893732459227
0.0082377256275072
0.0056083996285887375
0.0025040304982749755
0.0034767839791319866
0.0013217876746987568
0.003270520815944301
0.06709100037466165
0.13167740722533866
0.05883104516001315
0.04284164785548624
0.011310657097056037
0.0009559704365082157
0.003948380630183518
0.10458664015891679
0.026512107347670073
0.0029046319682633345
0.0
0.002507915704012049
0.007087151866542698
0.00732414926015159
0.019594629321759687
0.0034403269308755204
0.014953532566067877
0.08273856336618654
0.05946607186700126
0.07005332926636992
0.020404739669311805
0.011315617852322882
0.002703892742404749
0.002257845949105096
0.04631713171762857
0.09090518520566307
0.0406147658038379
0.02957628050918481
0.007808457045680427
0.0006599664392935833
0.002725815156999969
0.0020552701639739686
0.005877803419061748
0.011536953171114578
0.10987094101198988
0.10132368029511632
0.005891327008303279
0.0
0.0036881939124796303
0.0023750737762027285
0.01032336280035543
0.057119627314520374
0.04105316462733925
0.04836221342310286
0.014086673468120902
0.00781188176663898
0.0018666669985680966
0.0
0.0
0.002229452758571063
0.1206335454315238
0.2007653978431726
0.028441221252428123
0.001863704692655762
0.001958252162724545
0.0019435601387046027
0.005558327381321694
0.010909885570529769
0.1038991297085617
0.09581643794588326
0.005571115923403789
0.0
0.0034877296414639004
0.000756826753335354
0.002888964197268644
0.008860267947998086
0.004674893979715074
0.15775688124791593
0.06211482018922881
0.012822194378100452
0.0006510470105768946
0.0
0.0
0.0021082753930050315
0.11407675467734273
0.1898532033981803
0.02689535657707218
0.0017624068185560103
0.001851815353386169
0.0005763820761007273
0.0006252370975345263
0.014674816517744018
0.03773174375623594
0.070752234664838
0.05919622027480424
0.0015322873703388544
0.0006510470105768946
0.0011180510549783638
0.00426783204255954
0.013089167214284162
0.0069061646181215654
0.23305234220647827
0.0917614763699904
0.01894207345128107
0.0009617839139646122
0.0
0.0
0.0014645372385417676
0.01953428697081512
0.05698374192893825
0.09602450751433134
0.01159035930107897
0.0
0.0008514823047877771
0.0009236552400260298
0.021678929843548356
0.055740650983752985
0.10452142483135397
0.08744986383911539
0.0022636296925120213
0.0009617839139646122
0.038376542513158
0.01368519636069563
0.00892293634036295
0.007764237941839087
0.0379967362442386
0.008229905466153134
0.03335021469424615
0.021586283576022186
0.0
0.0
0.0031543833228926893
0.04207378783122819
0.12273403535688751
0.20682171618509654
0.024963814591741424
0.0
0.0017027884162911604
0.0017027884162911604
0.007827157985344545
0.004982428772981561
0.040336842834552876
0.024482717624063653
0.016294490728875018
0.0036679184540710386
0.0826570485939443
0.029475764790844464
0.019218604240680972
0.016722949771556386
0.08183900550901575
0.0177259245229335
0.07183112745645664
0.04649346641621419
0.04147283883708149
0.006629085269032777
0.008467450314294385
0.004242065860981492
0.012467714361111205
0.008632250748062556
0.032415291115280784
0.01896410575835718
0.0036408351140645345
0.0036408351140645345
0.016735720870384555
0.010653232930435288
0.08624664836657599
0.05234798238031701
0.03484023819042887
0.007842598748818177
0.0014563340456258138
0.004884692784059419
0.0689571870637793
0.05084431570045684
0.08795478980413919
0.005269065926345309
0.003089350898328291
0.0
0.08867559026908886
0.014174048983837787
0.018104768705220264
0.00907021811698473
0.026657975708415084
0.018457138500748413
0.06930909853274357
0.04054830388278505
0.07353937494081042
0.0320713263092436
0.0539987246656608
0.013147575255878381
0.011931137667002345
0.009504561701766999
0.035882297799297254
0.04652309896890414
0.0006840141998729521
0.002294253324880427
0.03238796433867043
0.02388067080241258
0.04131080046749788
0.0024747865536152913
0.0014510131718707075
0.0
0.005267509349188894
0.03316883340871048
0.011702152630695415
0.10685322354207644
0.08910504021621342
0.03545675476067276
0.009549319021152271
0.0
0.034540136488864254
0.015063331568860482
0.02536224059121668
0.0061751822639390126
0.005603843163167753
0.004464123589710867
0.01685327709841617
0.021851072157796345
0.03472971308675537
0.07917510287334344
0.05036594673133876
0.06170119947238369
0.07837759425194005
0.05802393429099273
0.04072388902196633
0.07140263979269022
0.0027068243985644874
0.017044527420998944
0.006013405986905264
0.054908856040947446
0.04578856550666696
0.01822022563564792
0.004907125550733216
0.0
0.0009072589318341533
0.000878738983854757
0.003825589817590872
0.148182467106565
0.0856018882786236
0.007628432797578588
0.012578930799957845
0.0005557633382922506
0.017846619437486014
0.04068585094194845
0.02588163863253129
0.03170650512053857
0.040276033768142656
0.029816862321041037
0.020926857287128467
0.0366918015138457
0.008244770259121322
0.0
0.045331571891809
0.1356862667071562
0.11980381044957802
0.030788203037841008
0.0039048363564993162
0.002659546723391717
0.0006809497232325882
0.0006595438709430813
0.0028713239804908433
0.1112194175483553
0.06424911355093849
0.005725575158249427
0.009441207075775549
0.0004171321748553557
0.0
0.0007691536898698242
0.005491407194457444
0.0076654202254273
0.10720424295717322
0.07877051928591247
0.016107371439225932
0.001543952565440746
0.006188171677422765
0.0
0.03402393765473369
0.10184030437034158
0.08991961247813042
0.023108307454259378
0.0029308030408157185
0.001996141941040466
0.0
0.005729996706706745
0.012252420238335034
0.0825222064226957
0.1153366877917277
0.10230308002588123
0.0069022454633792425
0.0021295854509517202
0.0
0.0005781062173630293
0.004127415213629422
0.005761432532124802
0.0805761451807215
0.05920497755371552
0.012106516157997205
0.0011604554319253903
0.004862528306566095
0.0014298808846822768
0.005555038020114162
0.010543981263360322
0.1606846342542171
0.0898372755530015
0.01922023666766993
0.0
0.0
0.004306742287328149
0.009209083192105458
0.0620247958656349
0.08668859966561578
0.07689236546256316
0.0051878201570100145
0.0016006249541745065
0.006753793321288269
0.0060701843048846325
0.022469094753797637
0.044790740650982874
0.033254953048276956
0.07534194525862613
0.09712026815488736
0.012640238780901565
0.004395685577801582
0.0012926005539720378
0.005021708660530008
0.009531672300884541
0.14525758717163847
0.081212157873522
0.017374935793777153
0.0
0.004867204941506379
0.004160031028662325
0.0010452065270935827
0.003940247587415001
0.05473191951427435
0.10879609894335049
0.03289803423340423
0.03217801156448671
0.006105373588828475
0.00548739666307919
0.020311876770394473
0.04049046098769486
0.030062203917124445
0.0681084985622916
0.08779592325749225
0.011426671847678222
0.0017139222096802533
0.0
0.00012674991143927939
0.0
0.00923508522447314
0.1543242050014127
0.04677968793010622
0.011328727135060026
0.005892927229314714
0.00503672239369709
0.0012654749651575092
0.004770621450538942
0.06626620877782612
0.1317239568934325
0.03983101678577661
0.03895925542738295
0.005302901986687001
0.008444728471869285
0.008148164793083786
0.006111642476729227
0.010692014951593703
0.026890824541627164
0.03299725046477815
0.02125041625741827
0.0020751168236663765
0.0
0.00015346138356824298
0.0
0.011181301350235826
0.18684672635003302
0.05663811162569402
0.013716160591135897
0.02742898146204729
0.0028648408192547604
0.005411615923613258
0.0
0.01037682947632586
0.060312750982201443
0.04914715062206421
0.1602626858258556
0.007930906789086103
0.01262975528072681
0.012186220985848073
0.009140441768081991
0.015990748873256466
0.0402173420245608
0.04934998202668651
0.031781668035723375
0.017420876586898587
0.0057374256180550524
0.008091682476560278
0.002277857034594269
0.015347834326569628
0.027480291103347102
0.05744278443616338
0.023247224507077523
0.041022198004261864
0.004284594654044027
0.008093497027902755
0.0
0.015519364217854837
0.0902024603573791
0.07350342727648324
0.23968544510993858
0.019646961487680616
0.011932831365524945
0.006127353571687255
0.0
0.009858638836893592
0.02557096211019892
0.060054515048463694
0.05822450132648322
0.04743757517819101
0.0028513481456444913
0.0
0.0009284615697193436
0.0008026591924416612
0.00229241188090315
0.004489941490175421
0.24360537101726146
0.19825390097387863
0.007499543507326515
0.0020735456614150286
0.0005606636517041043
0.0008539774212242583
0.0037493972999668996
0.0004485309138016175
0.018422100733448576
0.03176786276602535
0.02159400786023957
0.013435269169605083
0.04918196076594219
0.013103463269035822
0.004690915144530339
0.0353524287550018
0.023727602676758396
0.24141235723487658
0.016953385658209738
0.0018737065594147469
0.0
0.0005615909387958729
0.0
0.00046233507521352976
0.011613583998286834
0.2907243633272349
0.01099751379772179
0.0030406980103975943
0.0008221708747303516
0.0012522933514128836
0.005498207790813414
0.0006577366886956696
0.027014618529940977
0.07417341569974344
0.018802531149168928
0.0020599808360742323
0.0
0.0017786274974599687
0.005026246762736896
0.005194326607057331
0.013896617999745065
0.3540129778615746
0.02486085886589188
0.0027476490695620085
0.0
0.0008235306711734568
0.0
0.0006779794481976547
0.017030443271298663
0.045164163517961924
0.01663161163686382
0.002033938344592964
0.0032461058915628687
0.0
0.0
0.023619532262258457
0.048211711407302384
0.0927001598162744
0.023498953446261017
0.002574514749267566
0.0
0.002222886080042416
0.006281682915451253
0.0064917450823800535
0.017367660600892874
0.003049326910471589
0.013254033752170139
0.07333516054593828
0.05270763414276381
0.06209162861324528
0.018085700290979393
0.010029575304612052
0.0023965899369759497
0.056445090691676233
0.020785790194435095
0.002541967466665669
0.004056905457159211
0.0
0.0
0.029519126156469854
0.06025384310956695
0.05952768690121225
0.10176277519707144
0.09292766623353657
0.042049112376387754
0.04253658241468471
0.04497106338758213
0.03608578301061902
0.020449169212502224
0.0018989021712277597
0.008253661941949528
0.04566788005241527
0.032822535547195185
0.03866621449601302
0.011262477444704029
0.006245700405888834
0.0014924243836363282
0.0
0.0
0.0017824762861340907
0.0964480782188849
0.1605145295660342
0.022739123866270583
0.0014900559817849271
0.0015656479057060216
0.03706957542554747
0.06337056027292151
0.05786868786420179
0.026185172378705084
0.026488733768253645
0.02800475397237556
0.022471638404529377
0.012734276434604707
0.0009447592439196978
0.022108980538759787
0.08217644283524556
0.027095072258033405
0.03026732095124735
0.04557796017754749
0.05713247216810061
0.02965376920901359
