0.0203832058322458
0.0748284933250452
0.036401867853787837
0.016367648337716867
0.02855619090563746
0.006020345951704664
0.015694885961427044
0.003923004858067763
0.0010769522308399465
0.015466038131444959
0.13358384106041252
0.0802974324547466
0.023692949078478825
0.005547966390865098
0.017864760205208885
0.0
0.03555335879062706
0.07182528280033885
0.10646205887948582
0.011659277141669715
0.009987354240499534
0.023098056464836463
0.022138386461650093
0.01917378523971412
0.02480962189282965
0.01899642606600155
0.04550732839113535
0.054473700127185415
0.034559582123086616
0.00975103556383859
0.020350290559443488
0.011948183430600504
0.0009640880199874155
0.013845202834637714
0.11958430201662919
0.07188229008541318
0.021209936439723142
0.004966541485831948
0.015992539688001694
0.0
0.04997729334615435
0.019599504825357376
0.05207721815983147
0.016650328297021618
0.004820440099937077
0.006709718444544479
0.008920246986035715
0.011376956891429748
0.022209582340193223
0.017005607368977698
0.04073817655710587
0.04876487572345388
0.030937750205181334
0.00872913050399275
0.01821758734491006
0.010696018055573369
0.030124414947138897
0.18241482122907884
0.08107883745142945
0.05821274634318522
0.01077000426445893
0.003488103125358512
0.00959032188447204
0.008444798018621056
0.028637366911622834
0.01123066443559354
0.029840639705120766
0.009540763989322257
0.002762148619399377
0.0038447193936501753
0.005111368959340792
0.006519082307658818
0.012414997401579227
0.03641791970362709
0.09881571512965741
0.009810271149346036
0.006847425686233715
0.0028488124231854563
0.003954356233558237
0.003155361038913228
0.017261517502839586
0.10452507160548709
0.0464587868090915
0.033356343738276936
0.006171293863892003
0.001998709460606601
0.005495326941856587
0.004838933106656636
0.010669811625141598
0.30174150521920173
0.19573073348411751
0.0
0.0
0.0
0.0
0.0
0.008581090467651214
0.025171609265156193
0.06830018273265039
0.006780736356337752
0.004732854738786812
0.0019690634108077603
0.0027332014243649696
0.002180945968588936
0.0027356339052427995
0.03235717817031975
0.2683381929163682
0.03670964096680144
0.0
0.0
0.0
0.0
0.007374839950952396
0.20855994329905034
0.13528662769702174
0.0
0.0
0.0
0.0
0.0
0.004210731457812969
0.08121465777250915
0.06761770725340174
0.007434034445943145
0.008839082011389486
0.0014911035862685549
0.012886585991135529
0.004494111838641664
0.003004229505184071
0.03553413677812451
0.2946847218782293
0.04031394197367597
0.0
0.0
0.0
0.0
0.0
0.0019329805321238187
0.03658425019714779
0.25512064428824577
0.04063667481564178
0.0036682819998831067
0.005316346145937868
0.0039220010245243535
0.00462415810087926
0.08918864131125175
0.07425668720301191
0.008163938011681764
0.009706938829229498
0.0016375061665117759
0.014151843118140113
0.004935361913510872
0.006516848814413571
0.008696108888097858
0.00927853001661514
0.004388595197980346
0.005109054358467699
0.005657984916444544
0.015909438241530263
0.017059887407208717
0.0
0.002319755024551774
0.04390447643104179
0.30616831707264947
0.048767759953116385
0.0044022769289621495
0.006380105996590477
0.004706763173109283
0.0
0.0
0.0
0.005057353723908404
0.18237242756513775
0.10793888749876232
0.0697073389666691
0.005504679909752852
0.007820819987705799
0.010436133190151633
0.01113509229337582
0.00526671924111576
0.006131336721607712
0.006790104049490571
0.01909279409970898
0.020473439268256927
0.001006451044091991
0.0
0.010420274936529113
0.01629899827797562
0.021157672713142128
0.043966999529999
0.03277270033826311
0.0
0.0
0.0
0.0
0.0033792156058204664
0.12185735602911484
0.07212245633252515
0.04657695319249763
0.0036781093970440527
0.005312561060078842
0.004901987982381913
0.012642233372459611
0.014844777178689199
0.03373700248367142
0.03964313594830236
0.1767823893568462
0.019111772420761862
0.0006724890645105202
0.0
0.00696260487297819
0.01089064209208825
0.014137104445966697
0.029377808843090648
0.02189801751544285
0.0
0.0005043667983828901
0.0
0.00107650777306476
0.0
0.008715053618978414
0.11087713731824234
0.21553627508648276
0.024761827014077423
0.004508985225136644
0.004160515264935027
0.010729974271261144
0.012599362193149433
0.028633957147781965
0.033646731255889975
0.1500423567202338
0.01622093346257188
0.003336770740103371
0.00505321491180316
0.0
0.004168696505658335
0.012462817666506604
0.11213510092741326
0.012419772256233873
0.0014960109009816334
0.0004280764806728026
0.0
0.0009136756431787192
0.0
0.007396818137213868
0.09410590642058089
0.18293434538548445
0.021016363085755774
0.008467345188897623
0.0014701699105513098
0.0
0.004106076810154033
0.004426137779364955
0.1734529982787468
0.08280226442072525
0.006864440363048279
0.00415236148292667
0.006288347806619793
0.0
0.005187630842018958
0.01550904394634463
0.13954374161188576
0.01545547715451052
0.0018616736141369174
0.0030763161985936393
0.0032825839093270862
0.00784346127220897
0.0124984358038344
0.029961803321997865
0.0763749844783117
0.018894975930789547
0.006060391573828425
0.01053697744422613
0.0018295164353250978
0.0
0.0051097053170317056
0.005507997241845946
0.21584927621623226
0.10304122166603437
0.008542282339866664
0.0028411154433102903
0.0
0.0
0.0
0.0036217257812842943
0.22379484901603133
0.06398375270511505
0.009350124157126443
0.004130299793533434
0.00440723734743132
0.010530727136567494
0.016780552936550414
0.04022708398158516
0.10254198926823616
0.025368626027921545
0.008136755928262029
0.0034426741435609892
0.0
0.009101183851210545
0.02857331329173711
0.07925055609484048
0.06483141236239613
0.023502949782955466
0.008878674700461003
0.003814516379777127
0.0
0.0
0.0
0.004862573377051347
0.30046970435201975
0.08590536977578733
0.012553591172892498
0.0024010158202071663
0.0011920363686803521
0.001922100894322041
0.0015078200097995529
0.02179028148990858
0.05493668472031891
0.06781581772236989
0.011124146108305673
0.004503961842277854
0.0
0.01190684423679075
0.03738172926245022
0.10368145974491026
0.08481726567335808
0.030748303379625006
0.011615741250349816
0.011849091949526814
0.016935381422969006
0.034102619141175836
0.05963006768373401
0.09352906001045291
0.07610885992099155
0.03122750494341288
0.015487004173273167
0.0031411871080348048
0.0015595104547392225
0.0025146350552016
0.001972642052650283
0.02850766359825336
0.07187224854967797
0.08872168627858786
0.014553433613065632
0.0
0.0
0.0004410961596019289
0.00888580316010445
0.03872661428011013
0.08716388915320564
0.02841429666679256
0.0
0.01123267998139822
0.01605437114484743
0.032328536985961276
0.05652799981750906
0.08866350303749324
0.07214953440172293
0.029602991616661016
0.014681341193905005
0.013954807765822115
0.0039779185013068845
0.011283812916310785
0.02279542196357872
0.15752033540031485
0.051806273575651395
0.024605295959994875
0.01358202708200109
0.0
0.0
0.00041814951077580954
0.008423547027933749
0.03671198323251218
0.08262946029641753
0.026936131706475346
0.0
0.008005146661634372
0.0013223048985813162
0.003371229228825332
0.01871968355455443
0.02597569335545828
0.08617408458525469
0.06238866385335206
0.018156692278005652
0.01170549026337006
0.00333673434037335
0.009465021979669232
0.0191211225780983
0.1321302867981532
0.04345583551544877
0.02063927050234725
0.011392796549628862
0.015004394562441297
0.011812045151711468
0.0026905421523079013
0.004308043162351247
0.06896029829855146
0.0701073566003878
0.07263034898673956
0.015027047315775918
0.006714830320637535
0.0011091680641749254
0.002827834791838042
0.015702335514637338
0.021788779233584115
0.07228404181518303
0.05233249425826517
0.01523009046357011
0.008437550309248724
0.005245775661399519
0.0
0.005120766390559324
0.0193567384607964
0.17382870083867716
0.05382084912389544
0.03441309253375785
0.014409360685514778
0.01134361125444195
0.002583842496999616
0.004137197773409172
0.06622551859918852
0.06732708765815258
0.06975002496165114
0.014431115091662935
0.006224318752020923
0.0
0.003336633264819102
0.0029100250262723113
0.022401065252118352
0.06806607782976505
0.041595184137765806
0.005519488894819849
0.00810293978888542
0.005037742327145381
0.0
0.0049176905872985385
0.018589102347053313
0.16693512273722869
0.0516864592036361
0.03304836196884386
0.004879590620167826
0.0019214172862814017
0.007460641469801188
0.0031827930516298997
0.010800445264639668
0.19726233677104496
0.07076088024582375
0.015153619779202735
0.009448676027985185
0.0
0.005065095153303005
0.004417492869825911
0.03400539347061882
0.10332605760273136
0.06314255983669395
0.008378726168270541
0.007231322288167422
0.0021121314890135954
0.007835930804343794
0.0037775199921786283
0.012351921834384329
0.009075182027539354
0.014812249702339327
0.0037775199921786283
0.007407344121666554
0.0029167608819437273
0.011325445726283663
0.0048315617511087506
0.016395353825739273
0.299449303117349
0.10741683701220539
0.023003584753506806
0.014985708860970557
0.0024254591799397645
0.003134795135505416
0.0037000311453421367
0.009418752178363805
0.05129826830859668
0.12142137793949567
0.03211117399778253
0.028805171672360724
0.058192521659164706
0.08625508213375971
0.009446293994871926
0.008091709566582837
0.018713941647136318
0.017936421319074206
0.015534514718889104
0.020100644272678936
0.015390819112616165
0.03686983315350582
0.04413434727877083
0.02800001827796369
0.007900245235724787
0.016487714046913897
0.009680364573094482
0.15201428426702301
0.1419609739850196
0.05790735720178362
0.004698781669341746
0.004921184250209802
0.0
0.0
0.005108610715059956
0.020145876693175007
0.02819527707950613
0.04192357216113813
0.018422141858782128
0.022096733897410036
0.030271152107342644
0.026953003990750405
0.023840849033557758
0.013481662373246649
0.010322745087630404
0.024728891053960932
0.029601258596707924
0.018779835499169874
0.005298757467125551
0.011058441265450268
0.006492697699336193
0.018286124668537018
0.11072945875420685
0.04921648211985277
0.03533630574393971
0.006537608813520745
0.0021173486263200377
0.005821517924865478
0.005126161940077297
0.013512000118304982
0.018910797134134877
0.028118474099117968
0.012355877421786465
0.014820455599090785
0.020303103065959418
0.018077594669040815
0.015990247526485504
0.16196999610667354
0.28113675692316514
0.045018927647877495
0.0
0.0
0.0
0.0
0.01685009751311375
0.011933095926953841
0.07225944683222721
0.032117521507108865
0.023059644062917696
0.00426629012536878
0.0013817320359930808
0.0037989860124615924
0.003345213011332716
0.007376169889141941
0.2085975538553807
0.13531102454548294
0.0
0.0
0.0
0.0
0.0
0.1056978192954598
0.18346325149631812
0.029378295942335195
0.0
0.0
0.0
0.0
0.01099597829760392
0.0259146343494011
0.11498976545178592
0.015266860012286578
0.0
0.0007638027058599841
0.0006884824488472843
0.0027795537555840963
0.0066146340232827155
0.009582721358798871
0.27099867068757105
0.1757887717447618
0.0
0.0
0.0
0.0
0.0
0.00547134128269994
0.1055287220956787
0.08786111316849711
0.009659637516334996
0.011485328569303843
0.001937510546581014
0.016744575291197373
0.005839560152003131
0.03366689268518963
0.14938848996145962
0.019833879604222296
0.0
0.0009922912044267307
0.0008944391963421147
0.0036110460498983746
0.00859337511041555
0.019702463779752977
0.004003881136772014
0.008660161830455315
0.007004303042527864
0.009262838757100229
0.008064766856494866
0.0161872082923669
0.00923569254596228
0.011447896482800618
0.22080177859375144
0.18383516517182807
0.0202112287709114
0.024031191939732216
0.0040539273690945
0.03503531486661262
0.0122183348965266
0.016133576965563282
0.021528709049800292
0.022970592446346347
0.01086472011453111
0.012648340334561302
0.014007312079660158
0.039386543045298754
0.04223467727213391
0.041224218002982586
0.00837747353252024
0.018119987592956494
0.014655370963343706
0.019380991561145946
0.016874219932688096
0.033869114592154165
0.019324192506042198
0.030206987297227934
0.01787682443464997
0.007578746967762274
0.015386097955150956
0.019641264132934707
0.007928834060197685
0.030428144435231067
0.0077175582470392565
0.023130821296051606
0.030865859618641196
0.03293309785393394
0.0155768246519201
0.01813401334340518
0.02008238056843906
0.056468760188434865
0.06055215000141376
0.002976674988135801
0.0
0.03081895732052072
0.04820584249032188
0.0625758356971977
0.1300365959900225
0.09692838808527378
0.0
0.04330796738724862
0.02563012729423826
0.010865702139921062
0.02205915544976707
0.02815981673854424
0.011367624434677046
0.043625041911293454
0.011064716834658976
0.025782813833804177
0.0076636920126339275
0.01599849254983614
0.02079126471830024
0.0556251660637607
0.02302552248572701
0.011244994172010117
0.014500747343870694
0.0011672491154911852
0.0
0.01208509522071384
0.018903046934114445
0.024537979174682898
0.05099149294290159
0.038008709620454044
0.0
0.0008754368366183889
0.0
0.001868510303351661
0.0
0.015126846167550834
0.19245107064620295
0.37410946843288945
0.042979465697580065
0.010110262881346466
0.003005177844003071
0.006273518725564204
0.008152917415944594
0.021812400126235355
0.009029041081847898
0.004409520539964145
0.005686205104204016
0.0005836245577455926
0.0
0.010195424146798299
0.020651235628039697
0.0341066933059194
0.05946024719140944
0.02852464803346483
0.004894338805244686
0.0004401740736693117
0.0
0.0009394964405386384
0.0
0.0076058548382084415
0.0967653726744953
0.18810413479339155
0.021610292951929996
0.008706635363623498
0.0015117174330538557
0.0
0.004222115995450026
0.004551222001037383
0.17835484145850405
0.08514228574723422
0.0070584318795418955
0.0002934493824462078
0.0
0.00512631087905538
0.010383545828174393
0.017149018071763687
0.02989691332698162
0.014342337447637849
0.002460898330648441
0.0004401740736693117
0.0006561727767391178
0.0030052132181389852
0.0
0.011517411387856452
0.2720291357610497
0.02101542839035527
0.006671227667200602
0.007458456755534537
0.001294998427076362
0.0
0.003616835695277018
0.0038987612392036046
0.15278598638875937
0.07293633301404577
0.0060465388450056745
0.002011045082289955
0.0
0.0
0.0
0.0025635895362873043
0.15841015246854215
0.04529003266201499
0.006618358732752146
0.0003770709529293666
0.0005621041969800542
0.002574387451930927
0.0
0.009866281426109695
0.23303118375625126
0.018002667770304435
0.005714844022299047
0.0
0.0019673647193970967
0.0032126288690407234
0.01024735403992411
0.10700253637749081
0.12277453088534142
0.02069932691513485
0.0010364688864706788
0.002490334829044203
0.0
0.0
0.0
0.0031745664807871616
0.19616383712164553
0.05608394696867548
0.00819570352172997
0.0015675206833159277
0.0007782296340763134
0.0012548575823252497
0.0009843912864657806
0.0142259441371614
0.03586581514672227
0.0442740510250472
0.007262479889654782
0.0
0.002436244182337511
0.00397829050965625
0.01268959253867707
0.13250431105875846
0.15203522440937778
0.02563257045229189
0.0012834891618936064
0.0018320038401200783
0.0014349845346187428
0.006704729850067195
0.005687854488472828
0.03478367268572769
0.11760404452848898
0.11852806872059958
0.01054304150547469
0.0026387915140530247
0.001310085267928343
0.002112449025285099
0.0016571413703701063
0.023948201174049825
0.060377135473299745
0.07453170562987624
0.01222578464691258
0.0
0.0
0.00037054806441223044
0.0074646244136340615
0.032532751986968554
0.07322305966461042
0.023869767175068446
0.0
0.0030840270488775986
0.002415677861895292
0.011286858553565569
0.009575032927540318
0.0585554380797902
0.19797668893504766
0.19953220729143908
0.017748338987210826
0.0008285706851850532
0.0
0.0
0.002112449025285099
0.04220228912752357
0.1047753486827137
0.03140511632279777
0.002239575682831018
0.0
0.0
0.0005872907509161981
0.011830867027046428
0.05156195964511041
0.11605303015959095
0.03783178171683917
0.0
0.01124322394968954
0.0018571764806974737
0.004734889541384592
0.026291784943788307
0.03648284659712324
0.12103145296449788
0.08762484302591483
0.025501064014926873
0.001313222080005601
0.0
0.0
0.0033480724728646785
0.06688744714238415
0.1660610299044013
0.0497747421163366
0.003549558642519988
0.0016611091184326047
0.008416614014968378
0.009049914876269305
0.009890163684877398
0.020858653604822513
0.09888241468648622
0.018186413443160035
0.009487901840027475
0.00783470629216583
0.0012941512438151398
0.0032994512115557735
0.018321116243269087
0.02542263580887712
0.08433932209605308
0.06106032505241833
0.017770111810339603
0.009844735509572839
0.006120647822677231
0.0
0.005974789941827942
0.022584987761866654
0.2028192450424408
0.06279690254937911
0.04015238803257191
0.0011575240447396166
0.005865016927251076
0.006306325066719864
0.006891842410965992
0.014535103576614514
0.06890502937550726
0.012672984943877206
0.006611531050003466
0.019382372397679717
0.0033747333928350375
0.00291510629304154
0.014592336425376617
0.04159481566623475
0.16146769823682022
0.0508866943970805
0.01320499896872787
0.0062182050362288065
0.0038659690835722432
0.0
0.003773841244445557
0.014265297885092574
0.12810619947490612
0.0396642464708594
0.025361349854241565
0.0037446032871529056
0.0014744977696416457
0.005725304589409585
0.0024424789395653935
0.008288273748524781
0.15137933736722226
0.054301978464175234
0.011628904728797972
0.012242438157949427
0.0021315741960615535
0.00184126111005289
0.009216920024147915
0.02627242672038147
0.10198742804092191
0.03214143224764925
0.008340639625198282
0.003520598894274755
0.009980222942448826
0.0010657870980307768
0.011755328058024938
0.018424742276451352
0.17903379707006198
0.11566802256049159
0.006136659074355164
0.004475245669695199
0.0017621999588589672
0.006842418971148825
0.002919052422752789
0.009905471516726603
0.18091628727620856
0.06489731363838301
0.013897922300447436
0.009053815724748965
0.001465373487954786
0.0018939282589176985
0.0022354231272306963
0.005690464653432541
0.03099253245699877
0.07335834367985275
0.019400393720343793
0.004207533815502268
0.01192755175401922
0.0012737421642616006
0.014049013194004173
0.022019755302471918
0.21396665110446642
0.13823702469684587
0.007334036436683361
0.014303961785875181
0.009240506924701887
0.005272771863271931
0.003526658998066234
0.011960542160138433
0.0171887865581166
0.043418354339024176
0.05236664242926632
0.1395279465482553
0.13030040752832717
0.05315089091370307
0.00431282731595284
0.004516961917942239
0.0
0.0
0.004688993315487778
0.018491109700424682
0.025879338459747634
0.038480001822303475
0.016908961134609213
0.020281724977326214
0.027784702691282977
0.024739104737883863
0.021882579822407468
0.09814755491455869
0.05474049388445215
0.00969951818164639
0.010528315114110592
0.011046367233698777
0.005388824078088998
0.014153582412304775
0.01628146826881843
0.059862403294001484
0.09603286854842032
0.016077226738889408
0.0020418308235345232
0.002402615811783157
0.0
0.02314385749946476
0.04950700975253378
0.010275764924448285
0.014381505638165818
0.021383868216911326
0.009396543125363973
0.011270834552700148
0.015440342844580724
0.013747862018360148
0.012160451689406725
0.12317684948442467
0.2138021906801613
0.03423652409783772
0.0
0.0
0.0
0.0
0.012814360530105451
0.03326636389202484
0.053366790755740655
0.00893433683983215
0.0011346735754670005
0.001335166773959444
0.0
0.012861361106086964
0.027511728748097906
0.2965898106277119
0.015442495594557048
0.0
0.0
0.0
0.0008023353702054363
0.0
0.056667554078271856
0.11808246496364287
0.20495969653236304
0.03282055982257469
0.0
0.0
0.0
0.0
0.012284380422629646
0.028951059946231223
0.1284631512801823
0.017055682648157593
0.0
0.0008532977014571327
0.0007691521469978389
0.0031052349154039685
0.007389672705718273
0.2843233616431202
0.014803820300876151
0.0
0.0
0.0
0.0007691521469978389
0.0
0.05432388064016028
0.029117807540502097
0.022740583605278468
0.0075850380828366894
0.0
0.0004266488507285663
0.003263506504565103
0.01363154422005113
0.014280030324260343
0.06570945435197145
0.29156941371517564
0.03871083139934278
0.0
0.0019367072040427536
0.0017457242666327516
0.007047869484047918
0.016772144516788743
0.0384543401870459
0.00781458649146962
0.016902495689164725
0.013670668550971652
0.018078772109167734
0.015740431841197607
0.03159343020810016
0.018025789413726324
0.06608791695245629
0.05161370060797226
0.017215560141417348
0.0
0.0009683536020213768
0.0074070943201165335
0.030939155054698884
0.0324110067983505
0.0062942984131389495
0.04595276759800479
0.085562631448797
0.04333902111446038
0.0208943241867064
0.0017457242666327516
0.0028500337258699953
0.0029451325942054865
0.037415264110035894
0.0076034282753744955
0.01644577275940055
0.013301272935835525
0.017590264972938672
0.015315109079490083
0.030739743020639827
0.01753871392477195
0.02741598173220683
0.01622507691044082
0.006878500870566992
0.013964483657960618
0.017826489393578265
0.007196241307123915
0.02761670482967367
0.007004486539360624
0.006124219954612753
0.04471107625052011
0.08325064057879324
0.04216795590252268
0.02032973791888605
0.0016985529899006392
0.002773022864447887
0.002865552062921472
0.002884557311257531
0.007466976410369367
0.055906017314849815
0.28990009226060526
0.14379466720374096
0.0051023946516516455
0.004075094094001771
0.006871304911401489
0.02349816663809534
0.013906471221111452
0.005895545206283466
0.011968922623851793
0.015279037695391075
0.0061678797080644
0.02367020588288553
0.006003527195337934
0.013989316340995109
0.004158188962452552
0.008680509997914724
0.011280986673856682
0.030181269181957213
0.012493256944174453
0.006101342612909264
0.007867858918807582
0.0024723465692070867
0.006399926060917419
0.047916902037957405
0.2484726150928384
0.12324603527341879
0.0043732491854190396
0.0034927525493016103
0.0058893775683982515
0.013209095708456783
0.00180572915178606
0.012030268614160167
0.130376932124964
0.16373247893851145
0.02375325585906905
0.004395617413995815
0.007290415217676749
0.017770252216330863
0.005282035578065196
0.011026618332826525
0.014329933897916328
0.038338454324652334
0.01586984821058202
0.007750371386764446
0.009994329528455966
0.0010258047404403915
0.0
0.017919935482127357
0.036297539440465064
0.05994745630496544
0.10451000155359022
0.0501362027758896
0.008602509748964168
0.016779158935813554
0.002293769164943834
0.015281726589980619
0.1656143095615533
0.20798496336922936
0.03017312192288807
0.005583634552912351
0.00926081832893036
0.005641926072422154
0.001146884582471917
0.011772668193696875
0.004237238928284385
0.07022113668185036
0.043615918872434836
0.009968834478654504
0.0016219397268637558
0.0006154088914635692
0.0
0.010750669396809544
0.021775906884892986
0.03596415202259762
0.06269846654767745
0.03007810722268333
0.005160885673175749
0.0009231133371953538
0.0013760961354744572
0.006302398457170371
0.0
0.024153798912934885
0.5704873102440015
0.0440726144370446
0.013990599636465756
0.0033847489030496307
0.0006880480677372286
0.007062752195452944
0.0025420378839371353
0.04212761959370226
0.02616640694400245
0.005980582009261118
0.0009730469064721095
0.002203864689399248
0.007035224840987158
0.005713930607418365
0.001946093812944219
0.017298393083099745
0.02932900963286246
0.017629328190931284
0.001568990977465026
0.0005861184759118251
0.0008737338494999494
0.004001623667933208
0.0
0.015336131800827962
0.36222329299580786
0.02798331750007359
0.008883144252830232
0.0
0.0030580685198303343
0.0049937050885624735
0.015928470451910634
0.16632456850109748
0.19084053111029564
0.03217500008856977
0.001611085551270286
0.0013993144295706493
0.0044669219860093675
0.003627983871689247
0.001235646256709765
0.010983383492643042
0.018622062680022453
0.011193506316366137
0.0009962098513550048
0.0023638197216436195
0.006193844884649408
0.024176319878685494
0.01613163153872133
0.040680899586217456
0.008951227818874717
0.012356433128214443
0.0018017526269901477
0.0
0.0024830594348143747
0.004054737967586009
0.012933437750431131
0.13505053479998327
0.15495675726216124
0.026125129969131317
0.0013081528920734422
0.0018672079148739954
0.0014625594237762467
0.006833568996403872
0.005797153197469243
0.0354520812264892
0.11986394239784745
0.12080572278458009
0.010745638253999
0.0019193503428605735
0.005029215296803995
0.01963044280551011
0.013098398427447101
0.03303166390133659
0.00726812710202547
0.010033051143460984
0.0014629688087883942
0.0038620507602018755
0.0007094455419978297
0.003173601328864927
0.0375057525165172
0.15804669971990745
0.06330675606269762
0.0013736965520485746
0.0008088923627516731
0.001816920046501485
0.0014231695972850723
0.00664952649344093
0.0056410235695861675
0.03449728150651825
0.11663575226974386
0.11755216851371203
0.010456235430783044
0.0004881431530907249
0.0
0.0
0.0012445257192701589
0.0248630066821092
0.06172722495092519
0.01850197307133506
0.0013194209678782968
0.0037580375441428103
0.0006903386692445302
0.003088129515778941
0.03649564307410417
0.15379016697445758
0.061601770886375466
0.0013366999911177304
0.0007871071762485781
0.0
0.0
0.0013806773384890604
0.003102686269199304
0.0942602795506561
0.22095511970601459
0.011924723047689191
0.0040120506978487845
0.0006389767549979957
0.0
0.0
0.001629077455200923
0.03254554166874677
0.08080060458584956
0.024218982975235368
0.0017271149317431818
0.000808248757277307
0.0040952865423434
0.004403432845586928
0.004812274172038767
0.010149231418633997
0.04811338875939981
0.008848994868341509
0.004616544925481615
0.0
0.0
0.0018072991905369246
0.004061399594600765
0.12338619761668146
0.2892290601558486
0.015609398163259883
0.005251752727795397
0.0026628746703866242
0.0
0.003920637685894737
0.004088874977360955
0.08912846748325015
0.15010566626927593
0.07691393516773902
0.006426476996889997
0.0010625880252146521
0.005383989026318784
0.005789102636321396
0.006326597923247704
0.013342985898180228
0.06325368308694447
0.011633591635773486
0.006069276706600836
0.017792698910767245
0.00309794972105757
0.002676019606927998
0.013395524711537848
0.038183356310230405
0.14822468991908797
0.04671314808087516
0.012121971755928773
0.0035008265857802453
0.0
0.005154381765176889
0.005375559873645314
0.11717536389720866
0.1973408335719538
0.10111716936835956
0.008448757192298201
0.01587287882703344
0.009460014332742248
0.010903054261535145
0.00599703051807884
0.023612077284026475
0.050602674077605755
0.034654773967725205
0.01571709049364764
0.014455236965194615
0.0025168524206884745
0.0021740657634712435
0.010882861838415159
0.031021120874294542
0.12042147330309189
0.03795093865667841
0.009848195324167978
0.0041569408494907065
0.011784130394393093
0.0012584262103442372
0.013880082585674556
0.021754981498992007
0.21139383577329746
0.13657481082080788
0.007245849229535654
0.012895526750342492
0.007685554033130653
0.008857916035407655
0.0048721387160592005
0.019183046602027475
0.04111088759118219
0.028154411660143364
0.012768960382485746
0.0030959636972222823
0.003237274832057851
0.005606900634057851
0.001779683433219042
0.030084575526609546
0.07391789388453272
0.08208351656974525
0.027345670895786357
0.004301576051002098
0.012194143463123282
0.0013022114685690821
0.014363021509864385
0.022511917006835188
0.21874900178175363
0.14132674884438307
0.007497958870105462
0.014623668436334333
0.009447040720140175
0.0053906231450550355
0.0036054830576143205
0.012227871235043352
0.017572971685161563
0.0443887943361364
0.05353708486315098
0.003203683616613139
0.003349911483536741
0.005801985248543203
0.001841605139904298
0.031131328126952407
0.07648976821817807
0.08493950283216303
0.028297126969779048
0.05941034484223595
0.0009987506541032387
0.0006316653562251122
0.004501013759060498
0.00738107028848654
0.013976982922928986
0.03761287729005557
0.05739198091784843
0.1278037048087064
0.07128081721018568
0.01263031320090415
0.01370953844085258
0.01438412458031383
0.007017104831003546
0.018430212247086537
0.02120105759427055
0.07795035674996162
0.12505004729440333
0.020935102683590903
0.0026587880265330544
0.0031285873829987477
0.0
0.030136978293257562
0.06446598966100209
0.023825602478981682
0.02030149404038944
0.028723253677743688
0.004456903427143422
0.017461079840640693
0.0037731117222877596
0.02397752016631926
0.005447736939564425
0.14697055125206343
0.02281785165159104
0.011218599567804655
0.0
0.003734635273518852
0.0
0.017427105973541173
0.059081163551364876
0.03348365428757501
0.053715373820309914
0.008992694452711236
0.001142085075889283
0.0013438878628461272
0.0
0.012945369392989795
0.027691430817171233
0.2985270862938058
0.015543363425706683
0.0
0.0
0.0
0.0008075760923511358
0.0
0.05703769718379714
0.06313134838322391
0.00980143116904238
0.0048189607486215195
0.0
0.001604216344895047
0.0
0.007485830931123652
0.025378373335828937
0.28711992485284926
0.006227209574045854
0.00522123791165241
0.0
0.002015831794269191
0.0
0.01659948745844455
0.05936564209477241
0.24497593084757058
0.012755123734290054
0.0
0.0
0.0
0.0006627093956869804
0.0
0.04680601393486513
0.025088202268192028
0.019593520576450647
0.006535346776004721
0.0
0.00036760503515524527
0.0028118707487231995
0.01174507861365408
0.012303820906592253
0.23561503824978278
0.005110144211448192
0.004284628351361142
0.0
0.0016542226581986038
0.0
0.013621795402923218
0.048716361429989107
0.014273954141877395
0.03373634125865522
0.20054037088699628
0.020188689765276997
0.008206041573735227
0.00666883750520916
0.013353922080491671
0.010384194379647512
0.02325235803427038
0.01815975296775645
0.006057118859665807
0.0
0.000340705316437418
0.0026061104218016787
0.010885625448403944
0.011403481439255849
0.002214584556843217
0.01616801155380814
0.030104337260819135
0.015248391571082525
0.007351454384966133
0.0006142152385595827
0.001002755233628402
0.0010362147983591463
0.013229448994537636
0.03126766427210849
0.18586570908278355
0.01871137029456278
0.007605559564485675
0.0061808413247725555
0.012376740830530539
0.009624324733667842
0.0
0.008347775433707199
0.2098341118261328
0.3122717068415282
0.034543204643667766
0.003696207020454573
0.0
0.0
0.0016812592658776643
0.012274365027815681
0.022854487902238898
0.011576211682410067
0.005581047137806944
0.0004662974181232249
0.0007612676259010085
0.0007866693217007775
0.0007918867616526587
0.0020498811883083727
0.015347670450358888
0.0795851912413475
0.03947541375257011
0.0014007413760168252
0.0011187203849044387
0.0018863537130574767
0.0
0.00633743008548387
0.1593010046578553
0.23706915998146796
0.02622436912639698
0.0028060713611222335
0.0
0.0
0.0
0.0
0.033264849507486795
0.245868570014466
0.08344047932402936
0.008050436152227067
0.0
0.0
0.0008814836013647193
0.0022818119202659714
0.0170841595999243
0.08858973831601162
0.04394180022325045
0.0015592261577084768
0.0012452963246255562
0.0020997823741407055
0.004709534415960137
0.0006438096728146497
0.004289238667213169
0.04648423044559437
0.058376724765322775
0.008468920085708261
0.0015672012640012523
0.0025993044589953575
0.0
0.0
0.03702855100332693
0.27368700053330086
0.09288122718536528
0.008961290673949258
0.0
0.0
0.0052892249288741516
0.00844228779699443
0.012581959550560653
0.05220107835251614
0.1276654740765152
0.06277886372104174
0.019472381094443745
0.014188214521131764
0.007623965078586388
0.0010422224426603626
0.006943575080741574
0.0752503577468651
0.09450235876922344
0.01370979491475175
0.002537042232321406
0.0042078483080698285
0.002563528214772643
0.0005211112213301813
0.005349160320482884
0.0019252789572137543
0.031906455853301756
0.019817813492674766
0.004529550392257779
0.0007369625548267483
0.008562389100261844
0.013666681600104555
0.020368132337791764
0.08450499842944635
0.20666949853940003
0.1016287009307222
0.0315225965772455
0.022968396126381862
0.02520752900831257
0.008562420215529342
0.0
0.0014175758047158715
0.010532541162751794
0.08074717734728175
0.06363949120769932
0.04683454773080979
0.005579333953622844
0.0011341609247859238
0.01164206097965226
0.0041902305557931846
0.06944209603633442
0.043132039300004976
0.009858239184783396
0.0016039457576472126
0.0036327944680555196
0.011596685589091976
0.009418697799972852
0.0032078915152944252
0.028514230932963767
0.04834519308753627
0.02905973594277609
0.002586284798145972
0.054862365731942773
0.01863548899457945
0.0
0.003085251324135296
0.02292331490195168
0.17574039779891804
0.13850675488582043
0.1019320095059893
0.009844222084942704
0.012068164755463755
0.03323815900988437
0.028356706167082055
0.060194486377201276
0.013537067621680415
0.03352532719597806
0.010606013586382036
0.00305677087303683
0.009757890528686126
0.007925249102326337
0.0026992414335685233
0.023992954005345443
0.040679476744640286
0.02445196258393495
0.0021761979957490188
0.005163710972699171
0.013530314727986995
0.052812626569614
0.03523918597570357
0.08886650942507644
0.019553755679521327
0.02699235002710753
0.0039358880564755935
0.008283301354250705
0.010154610958559592
0.027967846028229656
0.023860406700408895
0.050649920961184716
0.01139060147116758
0.028209480217731123
0.008924301579670326
0.08963515159480946
0.07185569562311792
0.06982200767414526
0.054316789549465845
0.04776181134015147
0.0556642935779062
0.06480714338171577
0.015862006997963363
0.002072438251525134
0.005430346885351853
0.02119617229644605
0.014143130270996054
0.03566627845473269
0.007847834908938403
0.01083329004866673
0.0015796556013856784
0.004170088985862395
0.0007660311125997951
0.0034267286394563386
0.040497221602399075
0.17065254774627478
0.06835612025304745
0.0014832629650148549
0.0008734098389951354
0.03597477043709035
0.028839044823892455
0.028022830918931478
0.02179986311346781
0.01916904437657096
0.02234067938056501
0.026010131788250703
0.006366163834951293
0.006898428159607805
0.0027883952026035047
0.03105621169819637
0.04014319418568883
0.2551816404909955
0.07830177839882956
0.005520961667884674
0.002592084409886405
0.002505689910074121
0.000460286683605916
0.0020590254561850974
0.02433364849028081
0.10254034589332693
0.04107328198284308
0.0008912512557944218
0.0005248075588672318
0.0
0.0
0.000920573367211832
0.0020687312427134117
0.06284850234105846
0.14732290657645997
0.007950867406205897
0.0026750544224801148
0.004145072657562432
0.001675468736554496
0.01866080953215044
0.024120923311286336
0.15333151498257944
0.047049349963507285
0.0033173915453662
0.0015575110684525615
0.0040261520865475025
0.0008853791185090068
0.005396637570103227
0.040745628795411555
0.2291878199677665
0.05243702988632815
0.010564585207593959
0.004723621241439378
0.0
0.0
0.0009586400353409262
0.0021542754355713604
0.06544735341174901
0.15341486229906037
0.008279644059616105
0.0027856707107138633
0.0014124602509059422
0.0
0.0020796115382802245
0.002168849116585631
0.04727613317451982
0.07962007727923674
0.040797217147818234
0.0034087760165410247
0.004192637671265268
0.0009219904677758132
0.005619794157846276
0.04243050301001534
0.23866497517633772
0.05460535572048074
0.01100144181603251
0.004918947902594064
0.007687888420005544
0.00187180442104421
0.0022302550322734634
0.007645427880780013
0.03780802331565087
0.07161567933536246
0.07198520688453193
0.02699636112267225
0.0021912027445401827
0.0
0.003226179644584211
0.003364617258225735
0.0733412446097595
0.12351762234927684
0.0632902583464305
0.005288162522220838
0.009934995292489672
0.005921118587676159
0.006824331864590685
0.0037536020160726857
0.014779037830439247
0.031672725170192796
0.021690773298493737
0.009837485799997565
0.011926510636196739
0.0029038006428880703
0.0034598785662164414
0.011860640003712772
0.05865300945761635
0.11110009857700816
0.11167336057103878
0.0418804710055777
0.00807124621804726
0.0005994991380610343
0.0005994991380610343
0.0015773865339344182
0.005128990805812061
0.03672335838956996
0.08761601424425651
0.12759266590994506
0.01421186909998521
0.008470075708758101
0.009762109422209534
0.005369474160314107
0.021141202877942914
0.04530738172557163
0.031028341908594603
0.014072383161390815
0.0034119917437308825
0.0035677275573609947
0.006179238693428162
0.0019613489609216273
0.03315553196006033
0.08146324321382806
0.09046239175338097
0.03013704695792045
0.011545802624723043
0.0008575749685677304
0.0008575749685677304
0.002256428944390326
0.007336948211976664
0.05253224052747627
0.12533345903476256
0.1825194892040931
0.01172955217133081
0.006552687991447458
0.0040486475528031
0.0007521430192684435
0.022235191310280924
0.05500056476651742
0.08150757124156408
0.03523246011074695
0.003892282377240683
0.004069940416423071
0.007049062154205261
0.0022374391761765967
0.037822686116781475
0.092930455220663
0.10319637316581373
0.03437930264395176
0.0721799858937664
0.001213421809215147
0.0007674353115266917
0.005468460257205402
0.00896755524174476
0.016981191287366693
0.04569737744208657
0.06972779545491865
0.013380668137102349
0.007475080219502214
0.004618557342756882
0.0008580187875431361
0.025365138544253117
0.0627427453106656
0.09298102310421422
0.040191974042101335
0.0471402223264488
0.004520863599085536
0.005357834731622133
0.007104354992488987
0.004136744703840696
0.02140339907368475
0.038362864884636264
0.1177793989293859
0.02784448047070493
0.02372592906443543
0.03356826240975799
0.005208689289028085
0.02040639673431333
0.0044095563064023595
0.028022023476467636
0.006366655573854046
0.17176139187737033
0.026666743275711877
0.013110941343454606
0.0
0.0043645896900377555
0.0
0.02036669219043867
0.06904691313236479
0.046407517043111024
0.06397766571325388
0.027917615403658128
0.0057811402436022015
0.00858183437649101
0.0
0.015853375799611172
0.006948956533026107
0.11708732371013926
0.05761500790809587
0.09339048961473985
0.029190943380189228
0.006753677242507682
0.007636637838161983
0.01633359388913594
0.04165417645622439
0.06023060665893845
0.00935107772217527
0.004597540473762715
0.0
0.0015305062562371854
0.0
0.007141874043159774
0.02421229486110884
0.2739274180044499
0.005941083471880978
0.004981333917034486
0.0
0.0019232089128556247
0.0
0.01583677880251382
0.05663792600089179
0.04105835695700562
0.02020353259271271
0.03274872067692044
0.010236224855413291
0.002368274226523065
0.0026778970803607027
0.00572761001823834
0.014606637093556352
0.34945742572050525
0.016290546991596586
0.001627413655380957
0.007353403742541521
0.007116917037308881
0.003037103805209977
0.005582832320918192
0.013595180577753795
0.19985911666668557
0.004334650774950498
0.003634411639889733
0.0
0.0014031849651595584
0.0
0.011554610507315793
0.041323376618646664
0.012107800449952919
0.02861665967336407
0.17010722948420096
0.017124941315793694
0.006960728111582381
0.00565680349983346
0.011327388484488103
0.008808333845869985
0.254966271452168
0.011885682548596633
0.0011873709392991694
0.005365088267483958
0.005192546123453518
0.0022158894796154905
0.004073268547870612
0.009919126756233706
0.0028937133317462386
0.015315559396799227
0.03191906551868584
0.07339125267393437
0.035719346237713306
0.014479590894992431
0.0034295390317267416
0.005227253197863364
0.010805502380111744
0.02553869181190425
0.1518107339696778
0.015283006596611215
0.006212041938410589
0.005048365632876992
0.010109030433356911
0.007860921785900185
0.0
0.006818266380920728
0.17138756086531592
0.25505617602901676
0.0282140760471547
0.003018974847206287
0.0
0.0
0.0025824695759390924
0.01366823926434139
0.028485895506680875
0.06549739225762215
0.03187742335059276
0.012922186364534398
0.0030606626135925067
0.00466501716017123
0.0008799988868918921
0.00237116826295834
0.04020818904992773
0.057711868424265164
0.03380527806406697
0.004660684957254991
0.0
0.00043999944344594603
