0.022329295605430042
0.20357561962775164
0.039512553098606504
0.008330085479078075
0.002860080071870017
0.0020038393866490213
0.0014616475722726235
0.006565605916042924
0.058613803718421786
0.14215824315971098
0.05350915122912
0.012528121086519496
0.0
0.007676080671939825
0.0033358837541529363
0.008213677531210174
0.038330107164979074
0.21448487839174785
0.049683521310219456
0.005511759917291421
0.0008254879665273018
0.0004476837236490007
0.001415700216968871
0.0
0.008902372239804342
0.047390732747969996
0.05162651016779439
0.0070731304548045494
0.0016341715203543289
0.0
0.0
0.0
0.10041793453694244
0.2435473600054389
0.09167257718107027
0.021463340771750834
0.0
0.013150761723605424
0.005715079643297358
0.014071779688602447
0.01925789149317671
0.00737764111789681
0.00856949749877691
0.002498906901986836
0.007390832929681029
0.010961971654279135
0.02727554025532628
0.02287069459654282
0.015251660463714338
0.0811904226793545
0.08844721191112555
0.012117779531830419
0.0027996840051774615
0.0
0.0
0.0
0.010134594356029723
0.07003354141716019
0.08500042518141365
0.006948263476588145
0.014979120406170344
0.0049669588732420104
0.009122711604933793
0.002765377051291692
0.014027184425285113
0.005373772752898311
0.0062419046181641175
0.0018201695646798488
0.005383381487939032
0.007984550027909444
0.0198671299813019
0.016658700728153182
0.02881888372734221
0.03394173096934698
0.020260929910272913
0.024331314733564313
0.019623509186706672
0.003758150493506066
0.01920872672345114
0.026954853937415237
0.0073818997348620114
0.05101147245337919
0.06191314561460632
0.005061019959329785
0.010910586163617607
0.0036178648203754682
0.0066448581967779195
0.002014262772103768
0.07831636378300688
0.04208299620631077
0.287622297411039
0.17162811832689281
0.0
0.013153087843866524
0.0003533250565986709
0.004033488595955656
0.012773198385139843
0.01504376322512395
0.008980114554742222
0.010784203614667733
0.008697594890415796
0.0016656995555043056
0.008513753672276829
0.011947017103178593
0.03331466190926997
0.09206011502368033
0.016055509189122238
0.06633751096652783
0.026473985316267004
0.011198861425026258
0.013067093756028776
0.010621922591959527
0.034711630778885276
0.018652161002138453
0.12748088023046103
0.07606956690615144
0.0
0.0058297539209501035
0.00015660186858985607
0.0017877357953132694
0.010701181655224903
0.05069304791709538
0.0573316618854135
0.2475293460558806
0.014074528525776155
0.0
0.005561020278137753
0.0018857362612172942
0.030264755564374735
0.08363215229402163
0.01458565187885483
0.060264413297027766
0.024050332451031747
0.010173622789592707
0.011870821308048039
0.009649501824297795
0.007538808618642924
0.01795712239863447
0.013127217778580688
0.011570352846020355
0.004670863036089454
0.001987883761620229
0.0022834097678801537
0.004312340337801529
0.009721504841543497
0.04605217691244602
0.052083035925350664
0.22486841300665364
0.012786026965439765
0.0
0.005051917376941448
0.0017130999906302194
0.0
0.0021681551300646875
0.07734139597430423
0.12419106447863013
0.10469770425892477
0.02207698498542322
0.009309141437359862
0.0
0.008791665528729214
0.02094137442312005
0.015308799290469894
0.013493202628866097
0.005447102801131362
0.0023182454982261062
0.0026628842778408744
0.0050289980570992305
0.004637811627296624
0.012841930686194209
0.04101417383329292
0.010030474543317541
0.004227384532456873
0.007581283865038441
0.004367447480325533
0.004908142657804656
0.0
0.0025284757422796137
0.09019458104422443
0.14483008599699734
0.12209716999500776
0.02574590730352787
0.010856205803462101
0.0
0.017696229555223476
0.035435274221984225
0.04218646798430794
0.1994325675708239
0.12907184797068472
0.004577958990555154
0.0027513656493768773
0.008994790277617647
0.004821449932239606
0.013350418432770197
0.04263816677795096
0.010427640166014955
0.004394771609006826
0.007881471589367979
0.004540380474734791
0.005102484962005349
0.016889353667618828
0.002643795409382034
0.006334925908634921
0.0017788876749080952
0.010020079008001321
0.010300782321848707
0.003974197696103326
0.009222573459105259
0.01839692761296184
0.0368383656401469
0.04385687896576591
0.2073292786928495
0.13418256338605208
0.004759227376743161
0.00286030843634911
0.009350947054270118
0.0038797105335997392
0.0065440930330873896
0.33491876256027187
0.03243846336753888
0.0005028531270729972
0.0
0.0029538106863714
0.006866274328681333
0.019401241328951165
0.0030369967833722136
0.007277094717371701
0.002043454696798625
0.011510326256126016
0.011832777478414692
0.004565264610385355
0.010594210819158461
0.005919387442797061
0.004389230929545094
0.004264251633649669
0.09773749270249076
0.04903720818527418
0.008601942913081603
0.010965073120750426
0.0
0.0044567247409328875
0.0075173704519822864
0.3847299231162134
0.03726290943510647
0.0005776405103095
0.0
0.0033931194226928646
0.007887468514377442
0.0002801968112002373
0.0036198985862012107
0.06453278960037832
0.22430719281265993
0.007740058530839186
0.0006265391261213815
0.00189203539685865
0.0
0.005844317653761541
0.004333566615780656
0.004210172309796323
0.09649798388017759
0.048415317337794875
0.008492852902329494
0.010826013845802066
0.0
0.015872252835947405
0.0
0.03651433875725246
0.13358026549081228
0.09053208494409333
0.0062632611993540584
0.004503248956599413
0.002014723467361017
0.00027664334967934595
0.003573990960484504
0.06371438348184169
0.2214625245414377
0.0076418989549290614
0.0006185933444885768
0.0018680405664032202
0.0
0.008833469710029001
0.01496444824962113
0.018410598880438903
0.08470478628485495
0.08768992235652157
0.014168942433319833
0.0
0.004171179637344151
0.014008311428987877
0.0
0.032226315584937146
0.11789340675850492
0.07990054425923877
0.005527741672747287
0.003974414626475669
0.0017781265246836532
0.006045983666423616
0.00883723944234697
0.019117378566359408
0.12290475243537155
0.08713390500225741
0.01656170545261662
0.01650471609180827
0.006548830392408869
0.007796120435806515
0.013207113924552904
0.016248569461246847
0.0747575683217929
0.0773921480617971
0.0125050275015669
0.0
0.003681341520331311
0.006739266673080267
0.03358576722497704
0.056835071902784105
0.05488765040581172
0.0413240372379358
0.025640140061037587
0.016751597340900745
0.019685051761352695
0.006498176437821219
0.009498196536414497
0.02054721048002927
0.13209707641241633
0.09365084652237457
0.017800392802911683
0.017739141079115613
0.007038632205966849
0.00763310467088142
0.0074218809223054495
0.018282782661652643
0.019418974709534253
0.009073334527302758
0.013142180588849549
0.015707417356592465
0.012299987405399523
0.007243311646111152
0.03609772259880968
0.06108589527484005
0.05899282172645944
0.04441475530052916
0.0275578240365356
0.01800448713433273
0.02115734123519059
0.00879096976651826
0.016568792496167554
0.019944391331565444
0.061014509007478054
0.09248685955779488
0.09877214250991372
0.004284188595138759
0.015734484516161693
0.009597108806394845
0.009331537012874019
0.022986957739083172
0.024415492939193466
0.011407910994267625
0.016523674507651562
0.019748948814200612
0.015464784322586064
0.019602145775279665
0.015745980503534464
0.012484465773947752
0.010770042293941903
0.01111559876774485
0.00821053881796522
0.01243258208432903
0.003628461284292798
0.011052893547346178
0.020831956488543312
0.02507609969198145
0.07671359256310425
0.1162838049010301
0.1241862963473445
0.0053865138587068226
0.01978298037628005
0.005291715335986928
0.0
0.0025821664838038254
0.015930390816205682
0.13853733269926669
0.13009156466326832
0.056208304584603165
0.028577946045484304
0.026711625697624256
0.021456872236044828
0.017012442444390274
0.014676216665328527
0.015147102622990145
0.011188409789191675
0.016941741118484677
0.004944463774296537
0.002495068580064814
0.0036978480243717235
0.02459515836144478
0.011445725363643232
0.013983224300901256
0.027000250315677845
0.025975303194738383
0.002137466948880835
0.00721096154337951
0.0
0.003518689504457288
0.02170816611495616
0.18878328008747078
0.17727432606310817
0.0765944305472627
0.038942848743455334
0.02050569131424661
0.01658639762312828
0.01954525917463468
0.006052947128169578
0.019612074097209563
0.14176612828297905
0.0036317414356783905
0.018857851156740865
0.002541499202168683
0.0037666611165604294
0.02505284858791358
0.011658718366444856
0.014243437510468394
0.027502696793154847
0.02645867647605997
0.0021772429778669474
0.0018318730263152166
0.0
0.0
0.0
0.0
0.03918021648397601
0.33446192698635885
0.06234173953954855
0.020887280827255366
0.01689505317121906
0.019908976047954483
0.006165586156598785
0.019977034326501924
0.14440424796515014
0.003699324353248763
0.01920877608431416
0.01180337168915624
0.003184857566610943
0.0075532372765354325
0.0
0.0022898412828940206
0.013795364319980222
0.12233208713085966
0.03667713163520017
0.0017628680619261221
0.0
0.0
0.0
0.0
0.03770433392858292
0.3218630552143203
0.0599933838101485
0.004470056776297576
0.0
0.0025337863884697773
0.0
0.0039664531393337745
0.00098547321992645
0.03036951525923526
0.03118227218874866
0.011358749583048916
0.0030648869246443482
0.007268713806948616
0.0
0.002203585077407653
0.013275705691920369
0.11772395043424126
0.03529553797339929
0.02056884568263795
0.0057293212012598975
0.0
0.0006968347947070737
0.004020708049479009
0.000794513891452521
0.00981480512296179
0.2733523617200119
0.05887546988990701
0.32945115298637623
0.07631443998666879
0.008466124387655743
0.0012679586756325014
0.0006876471667154699
0.0021745312408998343
0.0
0.013674142534937279
0.07279269131584909
0.07929889242997153
0.010864406857169214
0.0025101055869071786
0.0
0.0
0.0
0.06589302261187213
0.05487951982899848
0.042764902798651284
0.008819140613085983
0.002835241845570221
0.0
0.006828409570083722
0.015110747837226412
0.017515927638598033
0.009978571012500062
0.07438191071685782
0.012419845227786377
0.01567534832513937
0.0026464233533693583
0.009689254952032378
0.004183776977337114
0.01123829640943875
0.05982575063541581
0.06517296830797636
0.008929073560674756
0.002062967424288333
0.0
0.0
0.0
0.007467749208911338
0.05160472192003375
0.0626331785571633
0.005119878236638767
0.011037473295299022
0.0036599395983007202
0.0067221360794118
0.0020376880969921016
0.014395724352433638
0.008201036262024267
0.06113187411939547
0.01020743360489308
0.012883017004467954
0.0021750021980564455
0.007963257576067206
0.0034384990256002084
0.3488094444252681
0.07092706942942978
0.06283577569301302
0.008795305574745923
0.008008129719765365
0.0005651530006297863
0.013469874955839236
0.06868125821537556
0.0048372551859494324
0.03342710122472798
0.04057081448672577
0.0033164152757107607
0.007149553827243083
0.0023707359884308126
0.004354282220938812
0.0013199180956372017
0.051319612899230725
0.027576396178601345
0.18847485061001656
0.11246549468976554
0.0
0.008619033672797658
0.00023152894562984008
0.002643088409357691
0.22594228150308268
0.045943205218017924
0.04070204734131575
0.005697183490398973
0.005187288155106376
0.0003660794178638269
0.008725148724393552
0.044488474798190285
0.03484997583274721
0.03990115296227011
0.04924532291241525
0.004196362442291985
0.0
0.0
0.0008185784514885304
0.005260607483570695
0.04431347943261034
0.023811677365638956
0.16274433777337535
0.09711174937346377
0.0
0.007442366569257974
0.0001999207045923698
0.0022822550142111166
0.013661317043965874
0.06471563812602515
0.07319060968296658
0.31600032436640835
0.01796779109352748
0.0
0.007099296466056157
0.0024073641356432873
0.03009227077226376
0.03445386317708372
0.04252237070292242
0.00362347668411723
0.0
0.0
0.0007068264416811056
0.004542431408903719
0.029243099735592006
0.009490121050628597
0.004233298649330667
0.0
0.0
0.0
0.0031933504795363474
0.004950582802628519
0.012774241318688888
0.060513431893445026
0.06843809475640175
0.29548134980319757
0.016801081378452366
0.0
0.00663831502910424
0.0022510458041267215
0.0
0.0028489968682052515
0.1016280578165276
0.16318940875237897
0.1375747645571177
0.029009576026512714
0.012232388002571891
0.0
0.027344245926415867
0.008873895251398565
0.0039584161868577135
0.0
0.0
0.0
0.0029859953845933224
0.004629124643356446
0.007752276626530971
0.009712818036747685
0.015841461451961022
0.005589477244254875
0.0027814034940940287
0.0
0.00018693917408155465
0.0009630253749484966
0.0
0.0027584206789444156
0.098397067181989
0.15800124061591106
0.1332009451082075
0.028087294616561818
0.011843492141296024
0.0
0.019305562133044848
0.03865783307450771
0.04602299468953058
0.21756938745489643
0.14080991506405133
0.004994288272475888
0.003001580666040349
0.009812795547003868
0.0075058138512421515
0.009404025122802952
0.01533782481176178
0.005411774855601953
0.0026929762542808396
0.0
0.00018099594606300586
0.0009324085744887362
0.0005327027139019806
0.002950367068600751
0.010922785912147362
0.018090363682346216
0.013002620688453651
0.00028617972750754917
0.00028617972750754917
0.0
0.019951323422845668
0.03995091804012853
0.04756244058633442
0.22484697343223303
0.14551993551006898
0.005161344689390616
0.003101982021307061
0.010141028595351036
0.0042075155847399424
0.007097017467217035
0.3632167660164777
0.035179258602393564
0.0005453402646077742
0.0
0.003203384476662929
0.007446420550406714
0.0005505213502741857
0.0030490553549337527
0.011288147576844666
0.018695477198542768
0.013437551774567659
0.00029575229466081515
0.00029575229466081515
0.0
0.0041860520780571285
0.006613485631017185
0.020176396595603618
0.001508937497427644
0.0013226444513069235
0.0005915045893216303
0.0008569027541264131
0.0
0.00555663589180173
0.009372643116548174
0.47968053306118785
0.04645932428771193
0.0007202010845912302
0.0
0.00423053481318618
0.009834080673618555
0.0003493488488494196
0.004513282640955206
0.08045935877486841
0.27966577942868887
0.009650290187790364
0.0007811677853578675
0.002358986117806198
0.0
0.00552829021150759
0.008734069045521186
0.026645864342600353
0.0019927712893332426
0.001746744244247098
0.0007811677853578675
0.00113166463759085
0.0
0.0019214186686718079
0.00039058389267893377
0.0025103559819241988
0.0016571070272873218
0.005617927261884854
0.0039058391766631064
0.0032514371016467676
0.000552369036859526
0.00046927976789871675
0.00606268558543809
0.10808093209840429
0.37567460860899543
0.012963219871474465
0.0010493414768935018
0.003168822400549973
0.0
0.014984522924796864
0.025384715770157766
0.03123054134322384
0.14368768486118022
0.14875147534984196
0.02403527149373234
0.0
0.007075717577688293
0.002581038723442942
0.0005246707384467509
0.0033721573047126997
0.002225989304701895
0.007546552994842014
0.005246707720122555
0.004367650425708871
0.0007419964721956367
0.0028156786073923004
0.0026233536362912464
0.005085160974155331
0.002967985665012516
0.024709528190280727
0.009586232938184266
0.022244180362987313
0.0007419964721956367
0.013121660113009245
0.022228910060936854
0.02734798770089117
0.12582455728727515
0.13025882176197207
0.02104722751918585
0.0
0.006196070543989608
0.01134286821544486
0.0565282470671842
0.09565918101797821
0.09238147344657181
0.06955253906072266
0.043154951991975256
0.028194634557944673
0.03313193538328691
0.002465635900395129
0.0022972206018435693
0.0044529782000857256
0.00259900827754287
0.0216376612116985
0.008394480826001548
0.019478803274582797
0.0006497521183735016
0.0004109393167325215
0.0004594441301662706
0.0008717338931402144
0.001249823177631722
0.10624716394193756
0.045617844576466594
0.005896677587123176
0.0012995042367470032
0.009119608062014192
0.04544842167728605
0.07690949254169882
0.0742742324094845
0.05591988586167726
0.03469636079928818
0.02266834205744071
0.02663790668220387
0.011068169184561506
0.02086074726703415
0.025110756083091094
0.07681961448437388
0.11644451478302408
0.12435792785740936
0.005393958283210548
0.019810321418693197
0.0003303931099869106
0.0003693907320376191
0.0007008695938993353
0.001004851445889379
0.08542217668822985
0.036676513847246454
0.004740898637031186
0.0010447947634552308
0.0029735379898821954
0.0
0.008951577610735466
0.030369176990464555
0.05123876056919807
0.02547120097116382
0.0038031404891684813
0.0013622456575295967
0.010191280509582965
0.019208030117067988
0.02312132700387853
0.07073349049816617
0.10721906163228691
0.11450552528173616
0.004966615616778277
0.018240825487607547
0.004879206981854394
0.0
0.002380877264958978
0.014688559221147774
0.12773784643267835
0.11995045656910769
0.05182666389900297
0.026350191765593046
0.0027379559577984085
0.0
0.008242378383731026
0.02796314335226333
0.04717930971388059
0.02345321522327061
0.0035018322268267807
0.001254320148829151
0.010572155628834403
0.0016453068236059617
0.004633700357530813
0.05193626123679123
0.06730001154533058
0.01480389637715607
0.008403589406364704
0.010372770637248207
0.00426027627450209
0.0
0.0020788613727862663
0.012825305544363601
0.11153421417393992
0.10473465998420169
0.04525241651289828
0.023007652109251396
0.01211487672938082
0.009799336170104483
0.011547448067746277
0.0035761149030994416
0.011586922696437066
0.08375621880919648
0.00214565308391529
0.011141323579088551
0.009231070533258846
0.0014365985396710623
0.004045912331605506
0.04534811135422482
0.058762959539650224
0.012926012104084901
0.007337588403553618
0.009056977662776924
0.005076366116875232
0.0010714097131575091
0.00047886615878020447
0.0
0.01368600282164036
0.07524186656444978
0.22850097706814743
0.07843783107583288
0.016355312840235704
0.013229289267137869
0.01558927340930676
0.004827822791706593
0.015642564905036488
0.11307248035116034
0.002896672266498963
0.015040997664332065
0.009242363242123295
0.0024938306850139885
0.005914391616407436
0.0
0.001793008426800547
0.010802148018419205
0.09578937402006907
0.028719198393380732
0.006853190320270828
0.001446423387557973
0.0006464783761652451
0.0
0.01847636279595202
0.10157794369961717
0.30848064307461437
0.10589255626874011
0.004216928137093678
0.0006464783761652451
0.006614123442002001
0.017795443113214328
0.029191242005939415
0.014062712885456772
0.018908425133112375
0.013782091581390734
0.010172110448559504
0.0027447007332879166
0.006509357312849947
0.0
0.0019733783746442557
0.011888803744939686
0.10542542711258658
0.03160824243740152
0.01842003545842837
0.005130783774075065
0.0
0.0006240370424872951
0.0036006680191055496
0.0007115116851269223
0.008789460583834497
0.24479546753456904
0.004641135350389092
0.0007115116851269223
0.007279479545427866
0.019585598194589864
0.03212777187350934
0.015477369253925167
0.02081054204683591
0.015168518495261112
0.023803456590613524
0.0037701340249349947
0.005018627975246368
0.002179667567948561
0.007206006310823211
0.0018692107443879992
0.1241472642592825
0.26380946922736936
0.07055329698522778
0.05876086583110257
0.045789444285623405
0.009442873041271475
0.0030357639098410414
0.0
0.007311347836820694
0.01617945326485355
0.018754739055408084
0.010684303985870827
0.07964256045813323
0.01329823696247769
0.016783985039581246
0.0028335912574341364
0.010374526089400572
0.004479673991292072
0.09286382209378893
0.04096958951776476
0.014328440460648597
0.001357634867257978
0.000658549658118891
0.0011872172691473825
0.0009313298420688691
0.01874354106841977
0.21290290644998383
0.1820693252707266
0.05937044831875007
0.0
0.0
0.0
0.0
0.006692111717204751
0.009950643718592967
0.005668738020318461
0.04225570623051999
0.007055604330622885
0.008905026874202674
0.0015034097229263432
0.005504380122799123
0.0023767667324564017
0.24110481849907295
0.04902636231547808
0.0434334807610355
0.006079510139804524
0.005535396743005136
0.0003906462792759753
0.009310676096468573
0.04747400783138459
0.1129592345954728
0.096599957082911
0.031499994582044805
0.0
0.0
0.0
0.0
0.0035506129531417733
0.025744998355273864
0.10774683762181915
0.08901728013627701
0.027956482509595218
0.0
0.0061335008247784175
0.008551103119315853
0.00466460018243044
0.26688257423916745
0.05426802277030067
0.0480771774941407
0.0067295018254908525
0.006127214467984572
0.0004324122814265775
0.010306128347004272
0.052549698087178756
0.04116472224916189
0.04713116264401419
0.05816847763363459
0.004956734983771351
0.0
0.0
0.0009669032413793245
0.006213819113170373
0.028497528492426375
0.11926660599174727
0.0985345752209845
0.030945453787609475
0.0
0.006789264932178097
0.009465345517664817
0.005163316570084693
0.05046066421209833
0.023853719550209762
0.011092081731215278
0.0
0.0016522449331163977
0.0009669032413793245
0.00416148377206527
0.005176015142165004
0.1032626613247104
0.1182296155550465
0.14591697641730825
0.012434084768200907
0.0
0.0
0.0024254992258656797
0.015587509487675177
0.10034870172923145
0.03256567652863256
0.014526709799351632
0.0
0.0
0.0
0.010958091915197029
0.016988095022026396
0.12658174752678994
0.05983760921156426
0.02782474450486085
0.0
0.004144694768524548
0.0024254992258656797
0.010439178643354101
0.01298415413571361
0.058579348178983484
0.044883897224010975
0.02998140732704299
0.003068040843889965
0.007870519410880577
0.022030032698857907
0.012104647894051784
0.0040002357045615415
0.15168811914780056
0.04922660818007358
0.0219587224238865
0.0
0.0
0.0
0.016564363299388422
0.02567937738495576
0.043004596424285946
0.05388040699984311
0.08787814074912834
0.031006789965320712
0.015429420352113725
0.0
0.0010370171401976964
0.005342239395105168
0.08854913908254103
0.06784695599056412
0.04532020054543927
0.004637681774239969
0.011897157268402994
0.033300821707401014
0.018297508989697647
0.006046797015970366
0.04316920889364399
0.004919004185067299
0.0
0.0
0.028467948644439474
0.037082891654043125
0.07494236657672848
0.03282557760893507
0.044930716568130684
0.0562936406053175
0.09181408879129926
0.032395543905921344
0.01612048409457617
0.0
0.0010834637940283795
0.005581511374561345
0.00318882337448895
0.017661256881465155
0.0653851278062066
0.1082911219669255
0.07783527228018586
0.0017131067301993672
0.0017131067301993672
0.0
0.045102701816668665
0.005139320007939761
0.0
0.0
0.029742991172382528
0.03874378631521306
0.0782989380572904
0.0342957926911118
0.04318379850045901
0.04284302817751214
0.021322739764438124
0.0
0.018675688700121245
0.03075497683053994
0.06683303270888258
0.021054959714435727
0.0036989724631916404
0.020486710989555266
0.07584546362533645
0.12561557387228467
0.09028738660559162
0.0019871701494069967
0.0019871701494069967
0.0
0.028126232267845105
0.044436244339410944
0.13556592378551913
0.010138604522571742
0.008886894943385695
0.003974340298813993
0.005757559973955666
0.0
0.05009235782298982
0.04969707094352902
0.024733959196187316
0.0
0.02166343196852628
0.035675168876512627
0.0775250048652701
0.024423339599292992
0.018404511138191207
0.008417787346746669
0.02544676618319966
0.01661304805640406
0.05242186241627912
0.02677913596875624
0.011311170109286266
0.0
0.043174512723952285
0.06821081396066911
0.20809728959337323
0.015563026920719892
0.013641619508642037
0.006100717798474168
0.008838007308879849
0.0
0.015005781459506241
0.003050358899237084
0.019605229128099515
0.012941576092666206
0.0438745548389619
0.03050359094382017
0.02539288046491627
0.004313858914383104
0.028251412871335032
0.012921526902312078
0.03906146119741782
0.025501469513029836
0.08046894956820753
0.04110668416620081
0.01736294620465296
0.0
0.026087013591373002
0.012887470208710734
0.0589797769521511
0.039494331686453464
0.05992910761153012
0.006820809754321019
0.02418375725994019
0.008627717828766208
0.014361830574380525
0.0029194572651958634
0.018763899758869346
0.012386207523406205
0.04199174330400197
0.0291945745196644
0.02430318261109904
0.004128736048658265
0.015667451535687844
0.014597286014695022
0.02829567014664946
0.016514942949495882
0.13749272888409503
0.05334125832916509
0.12377464419171408
0.004128736048658265
0.02496752804256747
0.012334423513320328
0.05644874718370179
0.037799490940200374
0.057357338723959705
0.006528104806536602
0.023145947137539785
0.00825747209731653
0.0052224838452292815
0.006528104806536602
0.042476520032242504
0.053998745545058416
0.1007884456638066
0.02043619992251816
0.0018464268391991607
0.0
0.007962248705535416
0.007418387183779661
0.01437994957151949
0.008392946537737082
0.06987424215637474
0.027108197150991137
0.06290266788116253
0.0020982367926299394
0.0013270414509225694
0.001483677468395066
0.002815079899313075
0.004036039131589374
0.3431027036181343
0.14731316325742957
0.01904207084164663
0.004196473585259879
0.002654082901845139
0.003317603627306424
0.021586702589887652
0.02744233424544636
0.051221008674678416
0.010385741804178457
0.0009383599928036363
0.0
0.012903925767765455
0.0023923579763293163
0.0042987575259038095
0.010807844549315436
0.07334676616912802
0.023086916409713897
0.017622176126666195
0.014541447100082776
0.0009731706680886085
0.0010880378997523033
0.0020644066426355853
0.00295978312914792
0.2516104429676552
0.10803042316863082
0.013964284830645522
0.0030774359005473462
0.008758536012797477
0.0
0.026366811233538102
0.08945220516941912
0.1509234222745572
0.07502524997300562
0.011202124556488353
0.004012485359308505
0.009462946354578368
0.0017544083559054983
0.0031524446583988727
0.00792580916997206
0.053788011960987425
0.01693052605924822
0.01292302128350285
0.01066380389212757
0.024031305947202212
0.0017544083559054983
0.0069930247096616285
0.0050836788122235665
0.0026203421827780517
0.005952921736402438
0.05702371979076815
0.030430184114892345
0.00740970388641962
0.0
0.022306269379286196
0.07567638602206846
0.12768091230606834
0.06347121088413771
0.009476974889534855
0.003394554559989058
0.028611323139689133
0.004452678039068529
0.012540138730101527
0.1405546044801248
0.1821333742360504
0.0400636424437486
0.022742553219988644
0.028071729453807516
0.02033043659494519
0.001484225947592803
0.005916084867756123
0.004300782071022244
0.00221680422699756
0.005036159840106022
0.04824195248319844
0.025743874680782923
0.032154271851999205
0.02932304598651664
0.013547538879496801
0.0029990295773633267
0.009585433031958544
0.001484225947592803
0.023535240244833645
0.0055143111854780305
0.0115404060324772
0.0017959921759600074
0.0050580775989424245
0.05669284141511056
0.07346368011318684
0.01615971056925644
0.00917323176885214
0.01132276037529343
0.006346319849596913
0.0013394441167391385
0.0005986640322620633
0.0
0.017109828048036818
0.09406511278044336
0.2856650314482262
0.09806061124336407
0.012969457967358976
0.01182748016025797
0.005464413464796616
0.0012096616034569497
0.0038662940768534656
0.0005986640322620633
0.009492962879459107
0.0022242029758340843
0.032807174924486315
0.0005986640322620633
0.0008409063817877761
0.0
0.0
0.0010631717520452222
0.01044419005846469
0.21820083159232917
0.005859562350216029
0.0012367098574714165
0.0005527469946372314
0.0
0.015797518345268168
0.08685039619490953
0.26375475909138435
0.09053944322035425
0.0036055256298068573
0.0005527469946372314
0.005655157217187076
0.015215323608214206
0.02495887238212402
0.012023793169990929
0.01616693697884715
0.011783858489771964
0.030290891660098296
0.0005527469946372314
0.0007764095557038462
0.0
0.0
0.0009816273553393431
0.009643129293107922
0.201465007734435
0.010193041932943004
0.002816218966604659
0.0005527469946372314
0.0017479395083540477
0.006253703242048139
0.006959044931221853
0.05823903443052381
0.11497491064584893
0.0036130122059704933
0.00055389472811619
0.005666899684047886
0.015246916970942118
0.025010697419090202
0.012048759583375644
0.016200506288138492
0.011808326698611161
0.01853041825185413
0.0029349586301319203
0.0039068811320639414
0.0016968187595080486
0.005609702538651879
0.0014551355918630668
0.09664565828036625
0.2053693246177738
0.010214206942599087
0.00282206661267675
0.00055389472811619
0.0017515689603680728
0.006266688540291291
0.006973494813223261
0.05835996297513219
0.11521364655118863
0.023653519014961426
0.01382684760915255
0.0023898092161526107
0.001900208607671431
0.004079491078515055
0.0036704232502422366
0.09528845409116753
0.22673760899090542
0.07033149328267782
0.031028794044817388
0.01085181065443953
0.0010282205211244477
0.0004987602255862391
0.0008991527756179112
0.0007053534633247133
0.014195638333901086
0.16124448678977127
0.13789231628143647
0.044964897986888054
0.0
0.0
0.0
0.0
0.005068348466318352
0.06569317387217187
0.020753447538209333
0.0070835276423133545
0.0010282205211244477
0.0004987602255862391
0.0011152617852584637
0.00568817568555864
0.014502866634250803
0.33272080337823584
0.007263074968776043
0.0
0.0
0.0
0.0
0.007218125588551911
0.05772497012751539
0.12256537614418977
0.10481489289282148
0.03417877872769329
0.0
0.0
0.0
0.0
0.003852559852257491
0.027934373126251275
0.1169097128602045
0.09658737917539657
0.03033392362056894
0.0
0.006655098526134967
0.009278295608322995
0.005061281425722024
0.2529081845149785
0.005520818312827773
0.0
0.0
0.0
0.0
0.005486651329482774
0.04387798192328556
0.03945228376063169
0.008457791230951852
0.0492127141903782
0.007257005074952463
0.004746863467432312
0.0
0.007301946408600964
0.017605845191206747
0.032975860186538204
0.1380091233228182
0.11401909386249597
0.03580847222524539
0.0
0.0078561848348488
0.010952806328125737
0.005974721820497491
0.058390460366422085
0.027602285616651262
0.012835181003272564
0.0
0.001911892040842856
0.0011188502227520874
0.00481545292858089
0.005989415948712865
0.04657247855358656
0.00998422051063314
0.0580944335212922
0.008566721137541592
0.005603558931470465
0.0
0.00861977330836682
0.02078327968439292
0.016228147740065833
0.023291910694700966
0.12705489401852568
0.14722894357209013
0.027613380904123287
0.017967661412649345
0.01209442587677633
0.01203608300032319
0.043282451761424375
0.020460441452432615
0.00951419288591124
0.0
0.0014172071004670305
0.0008293577493760306
0.003569497616267612
0.004439708220357628
0.02003020073044834
0.015347276794798805
0.010251626650182822
0.001049063805977578
0.0026911887645309682
0.007532790834548369
0.004138976185744635
0.0013678118077834938
0.012029259871028262
0.01726533743266277
0.0941805782468554
0.10913477318135653
0.020468665933653922
0.013318689961996175
0.008965101513306848
0.008921854333547363
0.0
0.0029672005319987095
0.018596513820988494
0.2793806384887392
0.25969665437577133
0.009152727632259583
0.0
0.0
0.016345527240515044
0.01252405476575038
0.008365779500922784
0.0008560823352897609
0.0021961287284126157
0.006147089559419329
0.0033775871196882246
0.0011161947633423837
0.007968722081699695
0.000908012406854422
0.0
0.0
0.005254976331452727
0.0068452321724236905
0.013833815969760271
0.0060593629543065665
0.0
0.002421366504337076
0.0151755754887424
0.22798692326374684
0.2119239240531953
0.007469029434672325
0.0
0.0
0.0
0.0
0.006120692627710266
0.08533262925898455
0.3064802966049065
0.04144084680812862
0.002220044590193623
0.001629932176663844
0.009950065300077483
0.0011337806299244085
0.0
0.0
0.006561573752006618
0.008547230837203358
0.017273456250215948
0.007565963080916097
0.009526737815652483
0.009451560790128998
0.004703989882803627
0.0
0.004120026397652529
0.0067848269713445064
0.014743973484307624
0.004644915173833593
0.0
0.0
0.007642541765546177
0.10654973591111823
0.38268356370579937
0.051744699790488506
0.0027720365216700707
0.0020351985457928608
0.003264203262981102
0.002535210612965816
0.0
0.005083073552660158
0.13872339067544895
0.13087507967936554
0.054792992426006354
0.006289956846117214
0.01739961304667672
0.017262309892184566
0.008591356802303218
0.0
0.007524807174126858
0.012391793095857811
0.026928360826296575
0.008483462883438903
0.006392818905617754
0.002923923905921295
0.00883895077252137
0.005770553039821404
0.01820876798118626
0.009301750283490456
0.003928942289005038
0.0
0.005961733678474364
0.004630303101756149
0.0
0.009283714385292506
0.2533640963971944
0.23902995841163296
0.10007380116156817
0.011487963384792585
0.009732756614986716
0.0
0.0
0.001877669005422086
0.021030635657357355
0.10767509295539941
0.06621796446980717
0.01568650475866988
0.01379649189546003
0.006310188520362417
0.019075546249292235
0.0124535653866649
0.039296767762025724
0.020074324690630058
0.008479142182543987
0.0
0.01273951406357135
0.006293557037208034
0.02880259541079513
0.019286937241345014
0.02926619816255427
0.003330921781665844
0.011810064599532741
0.004213319866266359
0.02100448952826603
0.0
0.0
0.0040522413661519185
0.045386706347669586
0.23237613472777108
0.14290653679220305
0.03385341255027638
0.04353325086629062
0.06737485617329217
0.06628688347788565
0.04913970109307273
0.047639124286588896
0.007448167482064342
0.003768507742573368
0.0
0.006701704024261879
0.0033107665106148366
0.015151792180650893
0.01014601846514805
0.015395673415964832
0.0017522530135214301
0.006212761103643964
0.002216444250727102
0.0014018024108171441
0.0017522530135214301
0.011401411655626886
0.014494170576575743
0.027053312236303143
0.005485419422694142
0.0004956119868041886
0.0
0.022900949052214827
0.035442980202970015
0.03487064510802772
0.02585025856740968
0.025060870402951893
0.003918156825986027
0.0019824479472167543
0.0
0.04127245400755607
0.050096591739977915
0.1919244308555762
0.3940018759801486
0.017693009573073095
0.0
0.022144708404747908
0.009868778488496219
0.0006888811863366764
0.0008611014829208455
0.005602942273913374
0.007122802289901393
0.013294682391662718
0.0026956739482685245
0.00024355627497696058
0.0
0.003349281849907094
0.0006209491043893213
0.0011157651413825809
0.0028052329374107926
0.019037539203248254
0.005992330666884108
0.004573928563999312
0.0037743091304318042
0.02028232856524876
0.024618733198741666
0.09431652320936627
0.19362249461809908
0.00869479274005519
0.0
0.010882470224922756
0.0048497675424071995
0.004471098901097247
0.0
0.021834833992757027
0.24781325493576795
0.2729151620363567
0.023919343147566732
0.0
0.0
0.003116169115865435
0.0005777305429448943
0.001038106982316844
0.0026099864490683193
0.017712511029457038
0.005575259590862907
0.004255579425095194
0.0035116141528389933
0.00791356207682121
0.0005777305429448943
0.0023028184679698906
0.0016740666507071619
0.000862884462937041
0.001960310263744261
0.018778036757841655
0.010020726777453188
0.004159906790157302
0.0
0.020315111832157576
0.2305652513401787
0.2539200453412711
0.022254537458620438
0.0
0.0
0.0045544120413748
0.003081688605691664
0.01071413096479064
0.0907409546913623
0.21205247805141023
0.05441636665053458
0.010737817844542707
0.0
0.011312923947455119
0.0008259013616132406
0.003292020703198063
0.002393181290368857
0.0012335464371018854
0.002802384149119192
0.02684435904612401
0.014325245550748478
0.017892327611789025
0.016316884667182726
0.007538562996578472
0.0016688177534424095
0.0053338389654127094
0.0008259013616132406
0.013096245214974234
0.0030684527000971774
0.006510812267507155
0.004405463492608734
0.015316509504963459
0.12971977844839302
0.30314206595933146
0.07779154462153581
0.015350371357133992
0.0
0.005539171882272349
0.0035923604859332318
0.006176977413992054
0.021131372106118387
0.13853147962851717
0.12353829873275697
0.0006478903269560136
0.019835016813464265
0.01809554066598947
0.01650220454507664
0.007624182623272978
0.001687771439063363
0.0053944183226820605
0.0008352815798723311
0.013244986510485687
0.0031033028134186827
0.045773969080001746
0.0008352815798723311
0.0011732684331317046
0.0
0.0
0.0014833825532635763
0.014572179223057863
0.3044431025081423
0.005602083318970843
0.003633160909554722
0.006247132760644517
0.02137137277893756
0.14010485821228896
0.12494139147400933
0.0006552487755035859
0.02006029406269848
0.04660274141043671
0.004773738715541761
0.007604982629616461
0.0
0.001853323441809349
0.0023868691368375094
0.03249138059353838
0.14690225337053028
0.035247264996356706
0.000643190699519178
0.0009034502405106233
0.0
0.0
0.0011422469800351318
0.011220994660782524
0.23442989380411128
0.011860887231744574
0.0032770252298131965
0.000643190699519178
0.002033947621611765
0.007276970841746773
0.008097724674623646
0.06776844679051464
0.13378777980329418
0.03588544338769161
0.0036759153053996323
0.005856054072354673
0.0
0.0014271120418516154
0.0018379574825748036
0.025019292075728495
0.11311893543824666
0.04807286448565583
0.00530164557748314
0.0017569279598146897
0.002962374255474935
0.0028205777794576207
0.01317175217197392
0.05107858965659618
0.16968131569758604
0.009189808885425386
0.002539037340655244
0.0004983437992433315
0.001575901495425343
0.00563819299465928
0.006274112611695334
0.0525069551964155
0.1036586980025446
0.02128127229425009
0.012440132428301857
0.002150131683496356
0.0017096338506822177
0.003670352830330622
0.003302311025016793
0.08573183282917077
0.20399775581935897
0.03724682888947344
0.00410771206937481
0.001361266814251846
0.002295245939279936
0.0021853821078678688
0.010205466318123226
0.039575663094146306
0.13146898981679206
0.06502935777170621
0.00867023090637107
0.007889980528632221
0.0044802204820754985
0.0029672611641427516
0.004486093531675006
0.0300407283163924
0.13182492224692394
0.06358725007462399
0.020088154989901047
0.006856451242236191
0.0009952588915223147
0.00048277148632428445
0.0010795098768692961
0.0055058300347888955
0.014037948741302571
0.3220547841181999
0.007030242826278524
0.0
0.0
0.0
0.0
0.006986734386778054
0.055874482761189934
0.018342095474579472
0.0028261935886655016
0.0037550808161366162
0.0015266575046831152
0.009219279950221686
0.004897424591457942
0.010451016303462709
0.010814963248867222
0.2624061039914924
0.0
0.0
0.0
0.0
0.0
0.002377373878574901
0.16880408224809215
0.2704836240850866
0.005904478528572605
0.0
0.0
0.0
0.0
0.005867937166746245
0.04692721032698449
0.04219395552767042
0.009045551563664142
0.052632671065213014
0.007761318742773842
0.005076738960308936
0.0
0.007809383200710527
0.01882933453312801
0.22038658479799916
0.0
0.0
0.0
0.0
0.0
0.0019966811058026402
0.14177320809512775
0.033750690676741774
0.07736515781081771
0.020716686204432642
0.0025643824829424456
0.0030409837316221276
0.007167303138286665
0.009873975557435036
0.008831883200654696
0.04446990692907073
0.009533470638808902
0.05547168911820774
0.008179966012232767
0.005350579395668957
0.0
0.008230623077784228
0.019844993050614105
0.01549550812077966
0.022240368839330598
0.12131884510689556
0.14058211246762276
0.026366740979663315
0.01715648931662966
0.011548408197385257
0.011492699281595856
0.03557121048303451
0.08153825173237753
0.02183414889333433
0.002702705847812842
0.0032050150744783834
0.00755390907313785
0.010406580008150713
0.009308276956493772
0.022652159024843823
0.028305521773641106
0.07936570508619877
0.09715231287301977
0.04418263450043869
0.014801349012770483
0.01093174747151121
0.013205798161846364
0.008034390365271593
0.011531587330342648
0.06290358164800051
0.0728915477398727
0.013671103137724006
0.008895605835769057
0.005987826848405867
0.005958941885564418
0.0
0.001981805000616498
0.01242068531837431
0.18659943622329267
0.17345242518495943
0.00611314307721374
0.0
0.0
0.011745099728465568
0.01467635715134489
0.04115096138231434
0.05037328240073017
0.02290860875137149
0.007674470238362335
0.005668089479615761
0.006847180272518954
0.010257240989367113
0.017980868237998455
0.006957501660708559
0.1120151995706472
0.11074186074637171
0.006712456187478075
0.0038486018008775393
0.0
