0.03278992101470694
0.015694235035310006
0.010266094298444899
0.00981813610631088
0.008134423147330903
0.008694029136102802
0.00877163213557116
0.018371137157771184
0.031952839914892756
0.07053004264472991
0.10391841644987211
0.03430360311711635
0.01361752943017246
0.03384265201378318
0.041884593259605134
0.07190313934976977
0.04367115828802449
0.003875429432919541
0.045054660130905026
0.02133400413175846
0.016416540121060322
0.002085251178262163
0.010878350666180571
0.022640211346197387
0.0691502190005911
0.1142673226748712
0.08337805761031487
0.018529441172847754
0.010161701963413155
0.006087560784123438
0.011295972461172915
0.0066814281450772025
0.019412934719048255
0.0428504983356947
0.06313559107802418
0.0208411399335537
0.008273324392034516
0.020561089280731772
0.025446967369671187
0.043684722672838995
0.035299303658834755
0.11359908277803488
0.1821543314443962
0.010643194735880709
0.0005063181374071643
0.015006118139269357
0.010818055701964051
0.007867170307387922
0.042012187049473744
0.06942306478911117
0.05065630453196979
0.01125755434656318
0.006173737839127723
0.0036984950450474896
0.006862863412485277
0.004059298915397541
0.07933692936267278
0.02682720694458782
0.022178852833248202
0.0
0.015875766242737177
0.00874480785549451
0.007405628984935555
0.025387297140571696
0.043532953500392775
0.14009634966342302
0.22464227955611168
0.013125746218984049
0.000624418094622526
0.01850633229176221
0.013341393937678768
0.009702207229956858
0.02726026218408826
0.05813505296388544
0.00840337000146136
0.0057605614572456675
0.0061189580162443165
0.011943589594908582
0.021952405870115023
0.025147498837139362
0.097842464264724
0.03308471928374316
0.027352125084773426
0.0
0.01957882796521423
0.010784555905760286
0.009133010253069753
0.03130894695835042
0.049705356283229384
0.016691055060289926
0.001225138307275075
0.0020868280545422715
0.005838002744794955
0.0017820581847890222
0.019538714466822163
0.0457546179508117
0.06292462128321709
0.1341926268474225
0.019397424400171413
0.013297052890689368
0.014124336487299882
0.02756928187068098
0.05067254365729277
0.058047748398794834
0.014771871983755928
0.024542684385707565
0.03740237868624002
0.035267699722326434
0.02081152333772302
0.007169996897596789
0.007902862123169043
0.025216882372690246
0.11473443280729738
0.038527814273888836
0.002827975882412597
0.004817006679118153
0.01347580992750055
0.0041135090933923455
0.045101041210943875
0.10561497857469732
0.029716678335360274
0.011832483949288378
0.017431426891506903
0.00963119205794214
0.021223618747316497
0.008550800367974024
0.011279990877626283
0.007809243750557676
0.027080742245396246
0.04499322161675452
0.06856843720826981
0.06465500694960094
0.038153018105131574
0.013144497738514763
0.0144880332292204
0.046229204566506615
0.01056941818234587
0.0029542422356682464
0.01833985711624503
0.013638315110831157
0.09132041175049764
0.04348090142538236
0.01450617809798098
0.0
0.05447851885490176
0.021692067755923847
0.031956408716340715
0.017656518410385107
0.038908497815488115
0.015675875136989
0.0206792020553206
0.014316406029843787
0.031277311079034927
0.032434329011429675
0.057940243813234295
0.0469737628323512
0.030207243871809803
0.019373848781330513
0.026015142901835108
0.02829229180198084
0.01630712850790792
0.004557981049609569
0.028295824959486935
0.02104200565317251
0.14089457566337954
0.06708492699888749
0.02238099641070993
0.0
0.013249541912675187
0.0022789905248047845
0.027762462267895412
0.0
0.017326324039652168
0.0
0.01771853376425707
0.0
0.048256500248950444
0.05004161649508684
0.08939366248372081
0.07247392181781623
0.04660553676550491
0.029891128945738362
0.04013771346093677
0.043651034545000064
0.04426161720749971
0.011907504967931037
0.00797869813978626
0.019052711273853284
0.010191955317442452
0.0068369713314192036
0.041461854298836524
0.05895697637775798
0.01624049606969345
0.002793450287179605
0.034029565876193574
0.0
0.021237571783445278
0.0
0.02171831900723027
0.0
0.006449073128725305
0.00558690057435921
0.036854210178910496
0.00790107054369878
0.11455068464599458
0.11604227392688467
0.10806677570295246
0.0
0.054253243246772546
0.01459550744516974
0.00977981100286254
0.023353674006193835
0.012492689284379575
0.008380350563689892
0.050821461316959596
0.072265935641745
0.03331773554411712
0.019790443006964444
0.05442947449743491
0.04803511085455359
0.03135542582558032
0.02297585860455748
0.04478021782582462
0.00790107054369878
0.0035933700200742333
0.0031129746288062316
0.02053486002206139
0.004402410928131396
0.06382669071505075
0.0646577918821845
0.060213910468376146
0.0
0.003480411390021338
0.0
0.008568536144943023
0.04039739512139387
0.3011805563074481
0.05037840255918105
0.007875271849870014
0.004402410928131396
0.018564365708263576
0.011027070582973827
0.030327651425800496
0.026764765077150265
0.017470983020248656
0.0128019577150306
0.024951165697126635
0.004402410928131396
0.02311401607859432
0.011848684208987784
0.06053163820983458
0.01785557761322649
0.03676778796509817
0.022438207345636146
0.0216341216398382
0.022873712833069607
0.0021014937835170367
0.0
0.005173734775741095
0.0243921954057765
0.1818546705745681
0.030418789027405375
0.004755137534447354
0.0026582027700750854
0.0
0.0
0.007149824669011033
0.022138239428303317
0.31435758613685905
0.07038534257865624
0.0021286009882578835
0.0
0.013956384937868223
0.007154308332467458
0.03654937510226049
0.010781307480743359
0.022200616301813855
0.013548327472239302
0.01306281558218112
0.0138112883616195
0.01777569821604624
0.021993356092619484
0.017154579756533034
0.03736887302293118
0.03164871571291902
0.014840970933517295
0.028411387242316285
0.03222763979689755
0.0
0.0
0.005311682024979964
0.01644673735087363
0.23353964845269526
0.05229003175665542
0.001581360681009245
0.0
0.0
0.0
0.0
0.006876471274047451
0.42862912478291965
0.04578126164839419
0.0
0.0
0.01320575833207128
0.016339101954832874
0.012744322715184202
0.027761739667543164
0.023512172976021484
0.011025517714089317
0.021107126664776068
0.023942261935268935
0.010201608153631761
0.007845022486307312
0.021208497970208972
0.007177873609766445
0.009207100689141256
0.0013963998270650167
0.001581360681009245
0.001287416978561791
0.0
0.0
0.0
0.00557388591461987
0.3474354426870354
0.03710908099312309
0.0
0.0
0.0
0.0
0.0
0.0
0.4196725526778813
0.07092185144355519
0.0
0.0
0.008269154007609239
0.006358967934809225
0.017191048052879014
0.005818194683862907
0.007463032535215564
0.0011318848021121845
0.0012818091830147436
0.0010435461848187634
0.002825140354813388
0.0009125546799427352
0.009833549251580137
0.006021912367151602
0.018618253111616186
0.02567031755622822
0.0068474976138018905
0.0
0.0
0.0
0.0
0.0
0.36454702644061715
0.061606006607860496
0.0
0.0
0.0
0.0
0.0
0.07492563129155533
0.23694178618673042
0.030513860620722037
0.0
0.0
0.0024540478262229967
0.000792687281822151
0.008541876556250258
0.005230912131192122
0.016172677403013223
0.022298427364851065
0.005948053733184405
0.0
0.002675616897213014
0.005440588883819745
0.01229507965139536
0.03632347451720695
0.03625928283543984
0.048425899449799956
0.026793837764742756
0.0018129451459320126
0.0
0.0
0.0
0.06851987033910112
0.21668446681822778
0.027905080507649012
0.0
0.0
0.0
0.010149427755133892
0.003867383144307202
0.019698981834470886
0.1317045618957268
0.0698080980186353
0.03277350492883903
0.004386168515677895
0.0024468652410914917
0.004975446165239049
0.011243912783921808
0.03321800192112868
0.03315929830214393
0.04428573098627492
0.024503100713066734
0.0016579475433150615
0.005661873165544146
0.007092933407337787
0.005598379840516022
0.02679811463235288
0.01957530387806894
0.01312643752553929
0.0806419360355569
0.10051691674986718
0.0
0.009421366620077124
0.0035899594875577413
0.01828589102581787
0.12225683980346859
0.06480046957831333
0.03042252359531415
0.004071530202551386
0.08740685467607524
0.01923046340707677
0.015215304242971074
0.008042811605839096
0.0093285505663362
0.015229131712659084
0.05520382116247942
0.040105024493628634
0.005255723193062357
0.006584127465562768
0.005196784511251939
0.02487577317357033
0.0181710850093412
0.01218482296019971
0.07485715083389621
0.09330641559976076
0.048076091594504274
0.010396596940770952
0.0053482601628717765
0.011400805713669037
0.0033800695044222655
0.06446808061589025
0.05916239890726759
0.054725032743415176
0.07659366105484182
0.01685144261954942
0.013333003004756467
0.007047826950741489
0.008174505796585775
0.013345119863673935
0.04837449857589259
0.03514358987112623
0.06297806984178866
0.0210142568165282
0.013864140917460582
0.020412943187704615
0.017160861104573762
0.008724843396921703
0.05295459887744211
0.07287659154735701
0.04212854790482359
0.009110423034398242
0.004686621291501984
0.009990400087281576
0.002961917562678174
0.05649266678052985
0.05184335651806651
0.047954941574068245
0.07191942083241853
0.010910469706402791
0.012430069301806916
0.0034224676912309464
0.0
0.00469237028001627
0.025153149232107985
0.15745301543872534
0.04731398749972105
0.0041986983385207755
0.048812894134350915
0.0231135798632072
0.017785925643504466
0.0022591923834804624
0.011785768173187895
0.02452874433877267
0.07491838379505786
0.12379893020030118
0.09033303741355639
0.020075074314421026
0.0110093402263769
0.006595354603241453
0.012238225885840257
0.007238759403895981
0.03364324837095532
0.02632078383385342
0.005015533982387873
0.004714182672956069
0.003196757512158457
0.009940849724744781
0.004053409300412592
0.030724635996165157
0.013431404840673657
0.09721797340856815
0.0897144610342063
0.02516850984196606
0.03915111863770211
0.030288640152402433
0.008496932517410146
0.052915373030035705
0.05598175101327237
0.09250707950589732
0.06750014285668463
0.015000828300262848
0.00822658087578889
0.004928289700601618
0.009144849096844628
0.005409065252961598
0.10571742481553004
0.0357475800482579
0.02955359157115016
0.0
0.02115465190848616
0.011652562991988635
0.00986809083381267
0.03382888269420025
0.010036435964848663
0.07264481834340396
0.06703792000700066
0.01880682924504019
0.02925514492494311
0.022632777505996488
0.006349218128723315
0.0395402982243365
0.10115725291990418
0.016830163582362875
0.0059322939985073575
0.009963260417409261
0.018423174448340303
0.017310180863897847
0.0322662335453976
0.02559241051812044
0.14069973821474274
0.04757659547020654
0.039332991743054754
0.0
0.028154809774658503
0.015508442107480787
0.013133481064445882
0.04502299358385437
0.07147745786532005
0.024002125203599848
0.0017617773673818287
0.00300090725616708
0.008395183666543732
0.0025626410982951377
0.028097125631428306
0.06579620429813522
0.1346305874285941
0.022399331181985914
0.007895313512028152
0.013260142639123961
0.02451947563506323
0.02303818807779446
0.042943257660077644
0.03406104023501341
0.09848984552302875
0.027147586848669036
0.01712654560792061
0.004627813621298726
0.005802843095600136
0.0010039137433494728
0.004911256059389839
0.0036200974488720906
0.1336429235125177
0.04487728409097366
0.00329403262212731
0.005610860135229862
0.015696653492286564
0.004791424576609877
0.0525337935039299
0.12302056286050458
0.034614053276306886
0.013782503723653425
0.020304164964046727
0.011218434013577692
0.024721318504884387
0.009959991360808633
0.013138958560177121
0.009096224557097455
0.1841485593513263
0.05075842064224288
0.032021866656557416
0.008652721575335838
0.01084969917986825
0.0018770388822223984
0.009182679931512788
0.006768573210578702
0.033265760918019006
0.013572172075506398
0.012587650341689115
0.01668760924475449
0.02596471322327792
0.029097631197708966
0.01992728213458934
0.024333900440209576
0.05670227661950837
0.02257751591267505
0.03326083683783894
0.018377239544812216
0.04049670314751663
0.016315748426234022
0.021523306063707212
0.014900787171976501
0.03255401912525161
0.03375826535358819
0.060305305671946835
0.04889118408437615
0.03144027286230444
0.020164669595907812
0.02707705459182411
0.029447154395450745
0.05449360011308088
0.022232965587988478
0.020620192208251488
0.0273364528551766
0.04253354381182118
0.047665666888953406
0.032643454230883065
0.039862062468621555
0.028054997139137814
0.013949622175645063
0.025466782058833935
0.029640872318757398
0.014812714614729912
0.0324425839121086
0.042745023386065874
0.017706246756938812
0.0372036808327099
0.03857992848282805
0.06891865904808703
0.05587426858754534
0.035930859177851035
0.023044771487563755
0.030944446307789045
0.03365306536636165
0.03412379827033177
0.009180172869051957
0.0061512322178730785
0.014688818823856335
0.007857558064410533
0.005271010080803362
0.03196530179578832
0.04545328651485518
0.0320620675226382
0.015942034351052806
0.029104179975679653
0.03387445184901214
0.0169284015184767
0.037076329426809856
0.04885025720244686
0.02023521429276868
0.032240219211617634
0.02535361258086434
0.04920591014015152
0.05398759619084808
0.07357904248750557
0.014056027381712384
0.019487972342669795
0.019174819830607252
0.04162990871902715
0.011199508200580126
0.007504300480003556
0.017919874627764343
0.009585961749758225
0.006430458496517845
0.03899661419261709
0.05545151080787971
0.025565555281504646
0.015185715850048288
0.0417651354896212
0.03685857582905655
0.02405982457173723
0.017629967154192246
0.03436101270532117
0.006062694612019191
0.0393320043750223
0.030930571358951452
0.06002958789473715
0.06586308720910312
0.08976400569837552
0.017147889933506622
0.023774683677274637
0.023392647938198313
0.029913825478567666
0.022098250195968932
0.03077466198655968
0.046276937563221564
0.03002664000262383
0.04531911662013773
0.04695469867181414
0.00819354562518485
0.025980498604885483
0.015432188548698987
0.042443007099711036
0.037456811219650936
0.024450329039871318
0.017916111424539773
0.03491871124343945
0.006161095551222505
0.03234765312859104
0.01658202216003044
0.08471294773955074
0.024988562311254216
0.05145586328902953
0.031401870863809765
0.030276567264107844
0.03201135302369032
0.03039934366983852
0.02245691721009204
0.03127415203792043
0.047028038255419805
0.0305139892369924
0.04605467134038463
0.04771679980752949
0.008326531473313342
0.04342360927192584
0.01926412865202252
0.04011944531943899
0.022311937074701242
0.05336496040378646
0.010594186306159154
0.027486121435795895
0.011128329074542323
0.02333067499284613
0.011959747688709478
0.06109903069445657
0.018022946626290528
0.037112430323780976
0.022648531575953035
0.02183690878376598
0.023088119268129162
0.029715362516565563
0.036765956605752256
0.028677048298702403
0.06246897281984205
0.052906673434867414
0.024809423856508823
0.04749488100230236
0.053874451961252574
0.03131918445249413
0.01389421120642173
0.028936063334183002
0.01609243645223181
0.03848936249679251
0.007641034004540974
0.019824305753596012
0.008026283323228398
0.015790002982503465
0.012921955350834385
0.05798116926714592
0.07022325135842589
0.02922984635195082
0.03995027440993706
0.039191066254013404
0.014677493215020668
0.030032183928402546
0.03715795055409726
0.028982799336545108
0.06313500905459285
0.05347075765103299
0.02507393877496891
0.048001265376573087
0.05444885450885038
0.02320022559335341
0.017840941224787767
0.04823180129986268
0.016323729015986135
0.020938543201421925
0.0031756553004728826
0.0035962883489906055
0.002927809408628764
0.015958353983943813
0.01305972759358133
0.058599357111798187
0.07097196272369215
0.029541491252255855
0.04037621914928779
0.0396089164126669
0.014833982778963164
0.013170502995021491
0.028485908904746803
0.053826456816297524
0.03436365395347344
0.03885689406924128
0.04200988848701178
0.02185786025208797
0.0079401620117926
0.03265138649591291
0.025108870818407028
0.0678801669104055
0.022973586313238585
0.029468354261471538
0.004469333635412596
0.005061321510049512
0.004120521854532975
0.011155282577314348
0.003603291887664209
0.038828520661785076
0.023777981153023927
0.07351559514633728
0.10136121049746379
0.02703786758746413
0.0
0.01853581905510545
0.04009031798392163
0.0757539377426572
0.04836250156843789
0.054686169372810754
0.05912361067870798
0.030762176867324957
0.011174774902252665
0.03258950513107842
0.010307292102513924
0.04168038542453826
0.010441114556890712
0.04152064595509949
0.015036888590998021
0.028484445516602005
0.01043584404266673
0.006978716802682947
0.0022542103677903776
0.024291025143260758
0.014875445373651553
0.04599117194487933
0.06341131907115116
0.01691482215117314
0.0
0.007608805500282916
0.015471715202241856
0.03496422442816772
0.10329515147844699
0.10311260590482217
0.1377115126136277
0.07619517591267184
0.0051555762756795385
0.02038791267483373
0.006448216088425868
0.026075144586301936
0.006531935080254437
0.025975211974851014
0.00940703978969338
0.01781979767559372
0.006528637859774474
0.02945526660976042
0.011804599053759125
0.017310632899429763
0.05007314759385989
0.03766151057374046
0.037805996802396574
0.012055317791079772
0.02642735451271087
0.003542167287300575
0.007202629041545925
0.016277079495682512
0.048087535749219486
0.048002554347170066
0.06410956556144522
0.035471541434190096
0.0024001025693475755
0.00819632465860245
0.010267977273348286
0.008104409511376674
0.03879388346278851
0.028337891221558775
0.019002287833807776
0.11674007338561655
0.14551178722571165
0.013712465356083921
0.0054954571524229575
0.008058710079597813
0.02331081605023929
0.01753276131709082
0.017600024751882534
0.00561217556632084
0.012302865494634998
0.18727486802642376
0.013975332573533774
0.01736763270458492
0.0033185398491978675
0.003835668446009187
0.002503751512003307
0.01735010237590765
0.0507006461347041
0.005466757182080806
0.006848501107823412
0.005405451924887125
0.02587461452230541
0.018900711820619333
0.012674082325717442
0.07786290333773539
0.09705296471616455
0.05000649945901986
0.010814053348582545
0.005563009805312829
0.011858584295112558
0.003515790036968466
0.06705667893375696
0.061537957242946716
0.056922416725557305
0.12490796453898059
0.009321220534883065
0.011583805519938987
0.0022133885991916184
0.0025583012995091386
0.0016699438017043588
0.011572113200003842
0.0338161472291278
0.09939894662275675
0.018896121979656764
0.02361809970930018
0.01879452342839815
0.014634548693957788
0.0
0.047608135011232365
0.06204551456418234
0.04234504115115298
0.009157240338963469
0.0047107052418912995
0.010041739481934136
0.0029771384800939106
0.05678297540575832
0.052109772929535635
0.048201375915986715
0.07228900558348367
0.010966537221738328
0.012493945846076302
0.003440055317146892
0.0
0.004716483773725934
0.025282408064977537
0.15826214644731576
0.08417010849902014
0.01600106129167265
0.019999588351948858
0.015915028578315678
0.012392400455505529
0.0
0.040314128323106484
0.0525395677739419
0.05874050997214865
0.02579263204591231
0.015575341205797196
0.0005198309076871448
0.002465774469764087
0.004169501683286806
0.03385707707902083
0.10377066775033601
0.03799228985017384
0.029723254944752343
0.005663888894176539
0.005323582091206032
0.0036100003377645307
0.01122589709338463
0.004577390961914796
0.03469639029610282
0.0151676740656958
0.10978527946110853
0.10131179277879306
0.028422027221320166
0.04421215902939532
0.03420403354484437
0.009595325620147508
0.05975570989817896
0.02749936881010842
0.04034782013664413
0.046844598662468664
0.03632822002387861
0.028700400966173014
0.018156305722196363
0.02746591907585011
0.011754476795241638
0.037047074260609644
0.03995686664374016
0.038400166574910126
0.026608390408842487
0.016174683177422246
0.021535203401771813
0.03438259678322401
0.01353088619271701
0.010260415302040844
0.07426600521890328
0.068533979857579
0.01922653412471499
0.029908020905291058
0.023137864622814218
0.006490911223078795
0.04042270407235724
0.10341474099042401
0.017205755963683914
0.006064682755080754
0.010185606723645877
0.018834317449338608
0.017696485608943973
0.03298630684915781
0.026163546643043174
0.025061084909459068
0.027029460427308423
0.025976405810118577
0.01799967054480875
0.010941622694453163
0.014567832190951372
0.02325865657651238
0.0091531840109829
0.170711032852459
0.0656803071159886
0.0
0.0
0.008278148143826027
0.016276009963672424
0.010651238143147876
0.06961724759211656
0.13326854319912024
0.022172719381776108
0.00781543741244084
0.013125991098166019
0.024271414544813772
0.022805113026067927
0.04250880500405147
0.03371644808706203
0.09749343357594754
0.02687293741931123
0.01695327805363276
0.004580994492315028
0.005744136310582976
0.0009937572481047063
0.004861569371521019
0.003583473283929006
0.21999195122841345
0.08464092026328365
0.0
0.0
0.010667886734023262
0.020974573993796902
0.013726041152447119
0.08971437804009913
0.01676645389619532
0.014748292203976363
0.024759375868769425
0.014709831847388501
0.008074270899247471
0.008660356483934362
0.0027277712497918915
0.009069560199873292
0.21501860213151694
0.05926739091168455
0.03738990427287976
0.010103234607512715
0.012668506120387057
0.0021916993433109813
0.010722033393310891
0.007903233972017408
0.03884232076878411
0.015847365180827716
0.014697801547426611
0.01948506371900784
0.030317350087782382
0.03397545985430886
0.023267824434537943
0.028413153355596334
0.03697786965984806
0.03252687957754416
0.054605999539491266
0.032442056509900744
0.017807542296014615
0.01910013502279184
0.006016010920447192
0.020002620531415036
0.04187021937147244
0.036375220571436766
0.017061205114594295
0.04580409010495525
0.042786470027037775
0.00504567088366452
0.018101478566321674
0.01336496030122562
0.051931816993556916
0.021187777972891012
0.019650822223320763
0.026051346653223836
0.04053401149381416
0.04542486979418298
0.031108862098263895
0.037988118399416786
0.02673611165643534
0.01329384045927565
0.02426957041835625
0.028247433709515463
0.014116358305445952
0.03091743483685363
0.0407355492620064
0.016873863431962576
0.05598008890413307
0.04863332726849457
0.02281067053060083
0.061239637019798704
0.057205107400022874
0.006746014443883779
0.024201506336729545
0.01786882603181614
0.01214247119393822
0.04833383131209652
0.09370218724760447
0.048966891508560935
0.021939869703093702
0.0
0.007175331057017484
0.00398561363823071
0.026961345343911664
0.013405832088643486
0.02447402516140326
0.028485399264787433
0.014235279092272757
0.031177893348738144
0.04107871875836234
0.017016014337509006
0.027111155059295244
0.021320131773341737
0.041377791226763244
0.045398763637477794
0.06187342638397489
0.011819868077261252
0.016387650360112697
0.016124316967246803
0.012244763314693461
0.04874101120407837
0.09449156490392104
0.04937940450523192
0.022124698290716255
0.0
0.0072357783761191905
0.0040191897418964265
0.013313396709028707
0.006242224388525796
0.10186727931648738
0.10796284973563212
0.05191332739368341
0.023838356589825378
0.013567361165879106
0.004810337722279964
0.026321043206256774
0.020698790160060536
0.04017190076472601
0.04407568827662316
0.06007022296209337
0.01147539666507798
0.015910058137846392
0.015654399181372056
0.020018382113925967
0.01478818604424201
0.020594455346918127
0.030968604128100992
0.020093877782381177
0.030327628748702904
0.031422162997175936
0.0054831344560177745
0.01292539876054586
0.006060304604292588
0.09889851813133302
0.10481644276487168
0.05040039534727276
0.023143625286146708
0.013171961823867687
0.004670148016486209
0.004490459161150685
0.0
0.004885474077089414
0.03706084591332803
0.0746438797846366
0.07663784051697425
0.060811270295911324
0.01930868343203973
0.02130677520803359
0.015739961101054706
0.021919924802684922
0.032961758992751194
0.02138712981550391
0.03227953011706107
0.03344450913769258
0.005836031734478776
0.030435429512130702
0.01350214870508957
0.028119554559344298
0.015638345119211423
0.0374032817174678
0.007425421699525787
0.01926490970113525
0.00779980017356596
0.004779467360698147
0.0
0.00519990563437221
0.0394461005090679
0.07944799725450064
0.08157029029775359
0.06472511409443989
0.020551399963704108
0.0
0.020989668698435833
0.07548680239392586
0.05762278884028475
0.03453331393868527
0.05465438009072849
0.10637541459762519
0.010151970269300694
0.02883705132071779
0.012793056033378547
0.026642799229113542
0.014817065768500325
0.03543897266243556
0.007035460647659057
0.018253173970132652
0.0073901778782789005
0.014538600998739548
0.011897854178842137
0.05338599912549001
0.06465786190576642
0.026913299119472316
0.036784103212635505
0.03608506443055335
0.013514260747850724
0.0
0.01988735375725223
0.07152246015791908
0.05459661143825424
0.032719727051245096
0.051784094683144745
0.1007888943637779
0.009618818999927118
0.0
0.04319574105592698
0.11764548626685471
0.03878566074859402
0.04757639264540746
0.0028931295401493293
0.0
0.0
0.014492076354883062
0.011859780128362656
0.05321515981320326
0.0644509517637281
0.026827174487766343
0.036666391246972754
0.03596958944287638
0.013471014071755
0.01196037731887045
0.025868580638152575
0.04888080079433247
0.031206269608229642
0.03528666404640583
0.03814995658239191
0.01984952709072189
0.0072106079524752445
0.0
0.04305751135494556
0.11726901164248314
0.038661543644532684
0.04742414452167149
0.002883871302613421
0.0
0.0
0.047155108012325336
0.022570639951799
0.01334500590965089
0.014738106464243303
0.07748102398029187
0.04807049829038575
0.02615258083967883
0.02582520733213261
0.013855694168729085
0.029967879135037095
0.05662676088489849
0.03615141197563572
0.04087841146033858
0.04419543939654207
0.022995008387320617
0.008353246381489427
0.02436095296701098
0.0077047950595338305
0.031156469080770813
0.007804828567372954
0.031037062367280644
0.011240211665139978
0.021292383383250416
0.007800888809815851
0.05462760393698606
0.026147325960295023
0.015459739741845162
0.01707359979960982
0.08975915588023237
0.05568805273384985
0.03029688380029935
0.029917632621296167
0.032164368778645105
0.00269349362160429
0.02732708172995133
0.00638528761136779
0.03423820586148805
0.04499590409091614
0.09304717352209133
0.04475609040722509
0.021269119137132135
0.006726920916038328
0.027202164614358922
0.006814258410545079
0.027097912715082446
0.009813630909931422
0.018590005058714724
0.0068108186775852515
0.030728382288604916
0.012314817492346732
0.018058833160081375
0.05223740942640136
0.039289316569715
0.039440047782859505
0.012576372796169794
0.027569597759946166
0.028082144095514582
0.002351641859437334
0.023858793938462092
0.005574882194261665
0.02989277474061784
0.039285131664949416
0.08123784901578866
0.03907575455987284
0.042142339316891576
0.009068499535025287
0.05710520008461606
0.018694444805975628
0.06778718691515698
0.06783882396242516
0.07869834331059032
0.05276574743292531
0.012174052149941205
0.00487891711840727
0.007154596509281434
0.020695555677549222
0.015565745842488836
0.015625462935052004
0.00498254079370945
0.010922596501507037
0.16626434054876213
0.012407428069634931
0.0154191431501289
0.0029462300276928855
0.0034053415253211166
0.0022228534903170234
0.015403579564006292
0.04501249731914547
0.016696063975831513
0.0035927822436020483
0.022624089915750177
0.007406414820169088
0.02685610784362575
0.026876565546228106
0.031178918778695018
0.02090487403293182
0.24066219750801332
0.0903753364918189
0.03382068498231789
0.021309809189000443
0.01940509791295106
0.007682827914598778
0.022156448953892485
0.05337056791375403
0.11561200421861596
0.008627512198913825
0.010721710001293587
0.0020486627334906234
0.0023679061757430116
0.0015456624448254863
0.010710887852788833
0.03129946573495871
0.09200143064287838
0.017489825745625655
0.021860382188640774
0.01739578841037591
0.013545409306668995
0.0
0.0440650196012229
0.05742793358306525
0.16734459657269532
0.06284254187798417
0.023517232630561977
0.014817787997866408
0.013493345923546306
0.005342258781058315
0.015406499442228347
0.03711125489945475
0.062318593339672025
0.03418697863511157
0.02938136620173425
0.00834841948280695
0.012242041257171692
0.0061258213333883855
0.026482798794577486
0.0343186320011385
0.0993362265206552
0.018884198647064664
0.023603196838841867
0.018782664203844664
0.014625314386960766
0.0
0.04757809458132619
0.06200636423975106
0.06932461783152023
0.03044005508804213
0.018381770556629103
0.0006134961890782066
0.0029100679046907166
0.004920779728994326
0.03995758515730141
0.12246849554633793
0.0672869308790194
0.03691252875117241
0.03172378981617196
0.009013995576358536
0.013218035577273357
0.006614201228680943
0.028594134695259982
0.03705467815579007
0.05683754794980937
0.019493680611881007
0.01780514763492603
0.0029676985219275723
0.012638464222512552
0.00825246579022093
0.013489779863820084
0.06426374497834271
0.036387564204982396
0.053388821608645186
0.061985453311955145
0.04807002835954904
0.03797678739744288
0.02402468743023868
0.03634330303079441
0.015553694415182633
0.04902122672608969
0.052871506268702684
0.05081165812841986
0.035208608644031504
0.021402575698295824
0.028495693914301068
0.04549555142966396
0.017904265130144228
0.015994136844862474
0.012885282149717835
0.008263832706587705
0.00517146465549707
0.007757686879817467
0.004130038470045964
0.013009133664397697
0.02442305343787505
0.08521347048669903
0.031391707688069224
0.023237206515036052
0.028735134000037674
0.028336199287779473
0.004690404235196486
0.061426692014368935
0.030392699533433307
0.021102100746312354
0.022759525340430953
0.021872825315129085
0.015156201840791885
0.009213137629941177
0.012266502573988664
0.0195844081002333
0.007707224641196336
0.1437432348509362
0.05530456733288502
0.0
0.0
0.0069704211431797095
0.013704833738932198
0.00896862610623998
0.058619576035007497
0.03668172665691825
0.013513145681437449
0.01000288866051947
0.012369574021795384
0.012197845139196993
0.002019071927046849
0.026442264503961168
0.013083104000854717
0.14296977860683396
0.02653689833187747
0.024141857162021416
0.15169093442834777
0.01656410462438188
0.01754440939149289
0.01732314037016018
0.059945885250803285
0.10893893329459661
0.04191376782226665
0.0
0.0
0.0052826850928988575
0.01038650598094111
0.006797068134337256
0.044426119184374425
0.008302665585651863
0.007303281832115906
0.012260721272403297
0.007284236452512625
0.003998339275523532
0.00428856597726699
0.0013507789197044814
0.00449120164673422
0.10835275267698409
0.020111564904044338
0.01829643092218194
0.11496227007985119
0.012553466537966284
0.013296411802440315
0.013128718267644597
0.04543129143708893
0.0016904957153221665
0.006333503796278515
0.059896793699874
0.2910738727344749
0.022535051260343848
0.003698092047863441
0.0004921037063301348
0.0011221690916861265
0.009719975091440677
0.00854999117591997
0.014353692093392949
0.00852769464796263
0.004680877215189729
0.005020647170117512
0.001581364119525702
0.005257873834197859
0.011005974468177119
0.009561563203949014
0.004484695583312255
0.012040028779421542
0.011246819428461069
0.00132630126505314
0.004758141082798572
0.003513103443248501
0.0019790723925475996
0.00741466683275294
0.0701214973449068
0.3407617425465823
0.02638190526587175
0.00432937617687577
0.0005761084459671158
0.00131372936884551
0.0
0.0
0.009642022749978614
0.288972972175453
0.1306282239070042
0.0022497752991896543
0.0
0.0
0.011849504421091511
0.010294389268786413
0.00482841572051273
0.01296281166782084
0.012108808440915842
0.001427952858639462
0.005122818879856727
0.003782357927768273
0.00257024004270426
0.010230993895022087
0.019834275075159044
0.010364995997263626
0.004644090213757881
0.0
0.0015188278323124721
0.0008436490072006757
0.0
0.0
0.010381015468870144
0.3111207027846323
0.14063995161727358
0.002422204633609847
0.0
0.0
0.0007468956286885688
0.0
0.0
0.1324071346987435
0.26824006392843286
0.021657722461288526
0.0
0.0
0.0029267188234585145
0.011649978958286601
0.022585184748365295
0.01180256644758612
0.005288201109863651
0.0
0.001729481267338998
0.0009606586889714919
0.003182141438840903
0.0014920039815083694
0.02434811324709819
0.02580506429032662
0.012408219625538869
0.005697796287171831
0.0032428435150877797
0.0011497572960104023
0.0008504861255456046
0.0
0.0
0.1507713081441587
0.3054435505094151
0.0246615347000828
0.0
0.0
0.0
0.0
0.0
0.0328935235340692
0.3027530695606658
0.04739693685955994
0.0
0.0009606586889714919
0.003930960679568112
0.0018431012881705222
0.03007769379065608
0.03187749350825532
0.015328112966972774
0.007038597622241475
0.004005947124853691
0.0014203173581466358
0.0013656691544071391
0.0
0.0014858037925072692
0.011271197951858975
0.022701207277215474
0.023307624253637724
0.018494339465757445
0.005872288874929146
0.0
0.0
0.0
0.04063400389643682
0.3739967047143652
0.05855035004187876
0.0
0.0011867202025463426
0.0
0.0
0.002617482000283599
0.001572910963841979
0.19172822973023268
0.14077929651265683
0.004891698415203235
0.004021998691017028
0.001997787933545393
0.0
0.002173528543650534
0.016488227175783753
0.0332087737567904
0.03409587918366766
0.02705469923249621
0.008590358666861145
0.0
0.008773552299920993
0.03155301869086975
0.024085970999400123
0.014434712633326326
0.02284519441612248
0.044464268436385235
0.004243461075285582
0.0
0.0
0.003829019597875379
0.002300954469070443
0.280472281766779
0.20594093302787464
0.007155888405987021
0.005883636185030012
0.01460255221712492
0.042459778416244626
0.05094035666516045
0.022120580839230346
0.009581856495673387
0.04240304366370245
0.019299041576135264
0.01900027832021293
0.0
0.009131376445798227
0.03283988991212076
0.025068303093158974
0.015023423857974729
0.023776922170161394
0.04627771734868599
0.004416528127594716
0.0
0.01983353729467671
0.054017504559141685
0.01780862719683256
0.02184493505174851
0.0013283946803595635
0.0
0.0
0.015198108680014812
0.04419147538761461
0.05301792900886858
0.023022755656741514
0.009972646850512147
0.044132426741717044
0.020086141582171816
0.01977519344340894
0.0
0.0
0.09002921505720829
0.382900463884004
0.02630610376074681
0.0
0.0
0.0
0.0
0.01431548754296807
0.03898885519660493
0.012853944155591658
0.01576727796781798
0.0009588111901721341
0.0
0.0
0.015677830420178743
0.007504142828953441
0.004436862694771137
0.004900031907477597
0.02576039809785428
0.015982173558232005
0.008695043755330412
0.008586200693534706
0.0
0.0
0.06498145477058064
0.2763706110255661
0.018987268639773663
0.0
0.0
0.0
0.0
0.005962736377614773
0.011405708143751404
0.3679314788386978
0.07557178662206963
0.0016327966173629008
0.0027288245273241014
0.0
0.012684329112080332
0.006071313108731647
0.003589694819836372
0.0039644272012371974
0.020841746515565803
0.012930561430112182
0.007034825207357513
0.00694676447571404
0.007468448364333756
0.0006254193319027523
0.006345248067904631
0.0014826403448210056
0.00794998572251553
0.010447883762999094
0.02160521214264647
0.010392199905932502
0.0
0.004824220481737881
0.00922791942343437
0.2976791968790319
0.061142223599284985
0.0013210328924763563
0.0022077868854319016
0.0
0.0
0.0
0.0
0.1340544634304061
0.3324134414208144
0.014474500965167121
0.002274292479577333
0.0
0.006457204288897859
0.0005407362005216659
0.005486087743990141
0.001281887632669634
0.006873540446400806
0.009033217685018082
0.018679819649859784
0.008985073542736815
0.009690203613216476
0.0020852095157786244
0.013130761727116488
0.004298598026173903
0.01558697628614428
0.015598849701576949
0.01809588606289744
0.012132948590816747
0.0
0.0
0.0
0.11590319889504107
0.2874039418790654
0.012514622201618598
0.0019663483546953553
0.0
0.0013740963972795537
0.0
0.00021209418584116192
0.0010926125240875058
0.3752737243189366
0.04838572972797039
0.006635066953642426
0.0012813718822594696
0.007052070970021704
0.0015175166673050326
0.009555946116939619
0.003128315932477236
0.011343462672756864
0.011352103581826468
0.01316932831080322
0.008829785002800756
0.10165071834203766
0.03817266679155488
0.014285155536975876
0.0090008212100761
0.008196310690977428
0.0032450670878263763
0.009358424278482156
0.022542620415385187
0.001000002239380197
0.0
0.0001543520972914187
0.0007951516160187324
0.27310643230158715
0.03521284109165121
0.004828687292402594
0.0009325217315722266
0.06019454607354691
0.0
0.013425917595040021
0.015179883075572272
0.17517092015291674
0.0047663960555985865
0.01672020817887282
0.12611168718672933
0.11927027943983969
0.044789301142693465
0.01676126367355027
0.01056097269575176
0.009617012869493385
0.0038075486792307125
0.010980560659250647
0.026450030851747842
0.044415871167322624
0.024365833008789764
0.02094076432090121
0.005950107413016123
0.00872517972830174
0.004366011435059246
0.018874889762013857
0.024459665340856765
0.07062832853564986
0.0
0.01575309028224015
0.017811078227657363
0.20553405757617801
0.00559257621337531
0.019618394580117226
0.14797117439720536
0.02970443916450564
0.027009429361299245
0.016230030105339743
0.012011024090167764
0.0033161993235356103
0.0027123907385789123
0.016513536859210233
0.015258794438119307
0.0993752757665658
0.05451567898801011
0.046852491563494
0.013312663907495019
0.019521561073212682
0.009768435898161535
0.042230340773854576
0.05472561776957427
0.08394270518242468
0.028789987315576363
0.026296212848027238
0.004382958995987426
0.018665598965068503
0.012187969535003212
0.019922897009638785
0.0949103681143873
0.06646018091919514
0.06043041418607587
0.036312779081645215
0.026873250480729822
0.007419605055854525
0.0060686545270616276
0.036947092022202636
0.03413975377047302
0.01962123816521546
0.015777914392961636
0.02231472969227503
0.007253153405957485
0.006374051426384834
0.005929152394895259
0.01401248899266911
0.004664411030480479
0.00805027570413289
0.0064855062099890785
0.004159407431994731
0.002602936105570628
0.0039046507363681387
0.002078758527267751
0.006547843980962172
0.012292774259638725
0.04289021269342633
0.015800283826737403
0.011695905871907131
0.014463159427688095
0.014262364945761486
0.002360805564152277
0.030917692596044558
0.015297456374809013
0.017503974369155136
0.17623883232700874
0.07675511189950017
0.06966603193411494
0.012117582443855711
0.004383329085773089
0.018759185002083154
0.005856313598166189
0.028318647015512066
0.017768150571511595
0.029349618341306557
0.022730098034057115
0.0044725628027068665
0.1605145495749905
0.13743710132081616
0.02431866012068966
0.024067322167075935
0.00886613745442236
0.006563015592089317
0.008115826330544213
0.008003152944649825
0.001324737382218361
0.017349087860449572
0.00858398193408228
0.09380419177288737
0.017411178253458257
0.01583976292785322
0.09952624702914004
0.01086790832211177
0.011511098073582518
0.011365920806661154
0.03933121650503181
0.0158906649852658
0.009970381988411684
0.016469182028775734
0.012754718569132144
0.002509724319966461
0.0900707908523959
0.07712116092406578
0.013646120898951964
0.18335939179301872
0.0886732155448428
0.010643619042092017
0.010242931413417622
0.017109594683305286
0.0
0.033867968368377056
0.035139627295174364
0.08364269068022998
0.015525082296517174
0.0141238932502112
0.08874489441769941
0.009690623382037711
0.010264138492761272
0.010134687804029742
0.03507059454413835
0.0013049747857765432
0.0048891355860007975
0.04623721007911505
0.2246938937934139
0.017395887741322228
0.002854734758687532
0.0003798784716976502
0.000866256185540868
0.1634966689781915
0.07906753631432464
0.009490630625669162
0.0091333481764397
0.015256168287497
0.0
0.03019916219802401
0.03133306647516318
0.007313435414882556
0.01882275448908814
0.027207525278912795
0.008603320938079159
0.0020386417762394637
0.002891682341233437
0.005291694571871442
0.02403567913764301
0.0015700483201515388
0.005882243241371017
0.055629162191060975
0.270334932401572
0.020929434517430238
0.003434603918181032
0.0004570414408395769
0.001042214825721705
0.0
0.0
0.007649261178354164
0.22924958745406537
0.10363068288045875
0.0017848038012718561
0.0
0.0
0.008798979959478943
0.02264613415394993
0.03273406492234879
0.010350874004448939
0.002452741716592523
0.0034790564934661086
0.006366572185054024
0.028917936242961018
0.008661105399121741
0.010843895106086028
0.08588102188185771
0.04856222569447223
0.013297013420480112
0.0035450644197306904
0.010423875500032603
0.0014452919165487707
