0.008934720444869508
0.026836393757464386
0.006884948633289891
0.003930452901187239
0.007330533868728431
0.002195124612562986
0.0035156540950250594
0.003773084388817084
0.01795369335786493
0.3170291348458768
0.09298743198665912
0.00821820911088021
0.004414625705323062
0.0016622919120498547
0.0015347725921012942
0.0032557442591826117
0.09594423473210044
0.058582988751410305
0.007711843431113314
0.0
0.0038788128250329713
0.0020084150555711084
0.005263425560291353
0.0008775397892607454
0.1839442830377851
0.08724468269390719
0.027945289779283823
0.0011461497405998618
0.0017159279424242306
0.0
0.004668672000665131
0.008610645760298836
0.011983812899495816
0.21161204883883702
0.06206767402789341
0.005485527595389003
0.0029466944443896715
0.0011095541658911118
0.0010244369902284755
0.0021731589858952497
0.03366868834205858
0.043045355572647964
0.12099339060247156
0.010393504592747823
0.01660943647526667
0.019679450475758236
0.024595706004726912
0.032743441584136765
0.12277996665744893
0.05823447761079501
0.01865304912264335
0.000765037241773846
0.0011453553873927934
0.0
0.003116266421057956
0.005747472995023316
0.06351038862379556
0.04162358117453351
0.0014298009320024814
0.004057094767147263
0.006797113957396221
0.0
0.015381532324475478
0.056626799344950456
0.02920322343248268
0.03733626697148138
0.10494608473368248
0.009015018161232931
0.014406533439822835
0.017069372689346253
0.021333587178637887
0.02840069178862242
0.04972228693573354
0.2302032789601278
0.05087077684376667
0.0
0.006359181314251624
0.0009384306407561361
0.002479794369431559
0.009389107309646602
0.055087030727823914
0.03610306195330867
0.001240166996024041
0.003519003881827897
0.005895615403167553
0.0
0.013341485734224107
0.0491164091911233
0.15947201323254034
0.03790112211592681
0.0033454761960886007
0.00038966211421352686
0.001025768185196748
0.001953104716118806
0.002103530748697299
0.01783275631056322
0.061310585435898
0.28385455843073154
0.06272674291714465
0.0
0.00784125496427226
0.0011571417068991414
0.0030577363576820655
0.011577336871470473
0.009916158049802594
0.026051663424171544
0.1966464406280313
0.0006264652636225182
0.0006264652636225182
0.0
0.0026232361286889633
0.013550867505462666
0.1966386321804866
0.04673437463985489
0.004125174379230858
0.0004804769413663461
0.0012648341786293473
0.002408296177479327
0.0025937805686962337
0.021988866496617143
0.022242332691605343
0.0038458728412454914
0.002634656388947065
0.0017334073961606743
0.0016713416274316026
0.0027179880344967433
0.0029795800111322903
0.004373538015730355
0.014527508777591515
0.0381665728969544
0.28809372318977156
0.0009177929164121677
0.0009177929164121677
0.0
0.0038431301411117336
0.01985248174150547
0.07065494673517352
0.02585283509050008
0.014106904113132278
0.006108211367563302
0.005223418126512286
0.0025380018381908013
0.07850283270826744
0.14788407321616265
0.03258577382374819
0.005634334505167245
0.0038598612107768908
0.002539500786130326
0.0024485723241724705
0.003981944905499586
0.00436518604764698
0.006407381930940256
0.029665632180601652
0.017360642235171538
0.003362117938375315
0.0072160869527197686
0.008880598054631705
0.01465881160715597
0.08211837750517555
0.05772466729204558
0.0634731365415489
0.023224991419723957
0.012672990248050518
0.005487334603919215
0.004692477275517709
0.002280023475525322
0.07052331435570493
0.13285221212822776
0.006714496035964962
0.0008942987871572399
0.0
0.0
0.009972261116315112
0.01766168048198599
0.09080425831154323
0.07436587171393677
0.026650231993640625
0.0155959981000659
0.003020371266730432
0.006482598793293768
0.007977918587993786
0.01316879841641236
0.07377135259181601
0.05185717148123603
0.014492898748325772
0.0013414481330589901
0.004294577182429831
0.0
0.0020557266887066866
0.026674953785507913
0.2120536809777404
0.02494267079467488
0.008581512413079834
0.0011429653248561601
0.0
0.0
0.01274512369919553
0.022572644243170042
0.11605306871687342
0.09504386446941093
0.029732301425279627
0.011193543855136661
0.009845385354398729
0.006587559149400472
0.004089196999647174
0.013937908851162658
0.04183127450823724
0.022272555595593376
0.0185227587959091
0.0017144479263504566
0.00548871683035473
0.0
0.0026273370335679483
0.03409212631931644
0.27101680986966714
0.031878168948699825
0.017024181594216117
0.004909432023467375
0.009628095481920158
0.018721896250504647
0.005664119845015093
0.004400941548829752
0.1146322293739441
0.0640495064170353
0.03984285746379461
0.014999941173600208
0.01319333743259837
0.008827677900531395
0.005479740396409178
0.018677535511195713
0.05605612172166005
0.02984640325202549
0.06346005486415482
0.02130566185968286
0.0036435741354386283
0.006936572209034423
0.006604588549073117
0.006969341137710727
0.06970959987065754
0.06180169779829168
0.02281330432495201
0.0065788987384907665
0.012902157503616184
0.02508833181432043
0.007590220360503571
0.0058974945910991216
0.15361325416335847
0.0858297283583501
0.014994613381113884
0.006851249140938097
0.012529312627911314
0.022706756314057053
0.021881746733019517
0.00919619247506022
0.09603113143302126
0.0681404643850975
0.060573270893067854
0.02033647197666761
0.0034778287475065346
0.006621029061298529
0.0063041472651835535
0.006652307338599651
0.06653852546852733
0.05899035212624685
0.048222259584986875
0.04949917449257583
0.009758874893663139
0.017841837941140717
0.003975900271680449
0.008849827668745055
0.014293140176831162
0.07865465913634391
0.014312511708590814
0.006539587320847944
0.011959356945704332
0.02167383095174661
0.020886350875523253
0.008777859697238597
0.09166269633570497
0.06504076961189882
0.04288551357183362
0.0036549007468497288
0.0
0.008776682490725071
0.012833950303928612
0.022548575201907475
0.09031276968346144
0.11754461907351704
0.03939560111967617
0.040438788037835516
0.00797259908590573
0.014576047178633578
0.0032481468629375456
0.007229944922039652
0.011676907179384124
0.06425761887160106
0.013957767327481397
0.0
0.003679993102034446
0.002790228744561315
0.006577030082603595
0.016867021784503927
0.12394628206434194
0.07875713420269524
0.03503569930212087
0.002985903464376982
0.0
0.007170188322454673
0.010484809117504068
0.018421257778387663
0.0737818153085992
0.09602911532221634
0.01137393597276613
0.0
0.002630308143958585
0.0
0.0027735383101251915
0.016009949854641947
0.1840546871044174
0.10387733958601766
0.014241053456165784
0.0
0.0037546820529963973
0.0028468590838301453
0.006710517147305778
0.017209353992203042
0.12646188943814435
0.08035558495281131
0.028097018859887066
0.01539413579088995
0.004053635927445953
0.0014673912145634078
0.003373894498689332
0.022735364946136316
0.038264062749446034
0.06412103687136637
0.011604780793003608
0.0
0.002683692742932517
0.0
0.0028298299011940745
0.01633488697447937
0.18779025157921475
0.10598562873419809
0.009445243126459352
0.007374320304730996
0.004449061131102557
0.009876737787000014
0.00978665418785015
0.017498574900477026
0.10899240689173598
0.07626110117946981
0.033331146214241464
0.018261873028123207
0.0048087782006616215
0.0017407480619210044
0.004002409344850013
0.026970682442601868
0.04539218472296752
0.07606599354992466
0.06248124256873001
0.0
0.006731762640519481
0.013943289769256602
0.008575927871268124
0.018186217635921473
0.06319103747793171
0.06292532988084547
0.011204775184406922
0.00874806503612912
0.0052778662325841455
0.011716651967238078
0.011609786906936042
0.02075834313445024
0.1292963452267531
0.09046760179603579
0.07141064058559755
0.02927990933748305
0.007829860200437074
0.009223542048409
0.010811839174232849
0.009022692235514993
0.06937041365500246
0.057362630110555965
0.046304644976595956
0.0
0.004988887325553432
0.010333326547739828
0.006355592160113412
0.013477746544046822
0.046830671667576484
0.04663375663444267
0.05818326745576225
0.004086860572071177
0.0023715095290007234
0.008145816927803293
0.017499177737325004
0.002894597984134379
0.07490071773363122
0.11065842611942073
0.052922192708156325
0.021699245262731138
0.0058026838438559976
0.0068355369134741025
0.008012618730432531
0.006686687772558854
0.05141018718763589
0.0425112579870877
0.0524409333906822
0.02034194250872804
0.0018710127742847247
0.01770480718365709
0.005923525504097936
0.01776296236686931
0.0548215802140376
0.17958751910144163
0.060235635738155296
0.004231021314144642
0.0024551626332615763
0.008433154113008903
0.01811644725357125
0.002996702615804182
0.07754278072058632
0.11456181370623356
0.03402930675470232
0.005666337758714698
0.010112162000519143
0.009944314381395064
0.008116275435442306
0.022363022102715385
0.03583152248059357
0.022585742290572464
0.05429074542593708
0.021059488281469644
0.001937011255322487
0.018329330114364783
0.006132473134510756
0.01838953667521014
0.05675536766431278
0.1859223253822627
0.058449942331925304
0.01026873236068982
0.00668294717541005
0.002773181099227846
0.006558408677237263
0.011510855262814392
0.030545123806904325
0.073172812601622
0.03227940724446648
0.005374955928920722
0.009592161182997678
0.009432944843629509
0.007698909706783815
0.021213041537227452
0.033988947076640304
0.021424308716345326
0.008336472366023489
0.004962781482651708
0.001052094313042438
0.0014878860425981421
0.0
0.009051198600335554
0.30126400001166115
0.14186579141969216
0.05544425296548485
0.009740680177369013
0.006339287926825268
0.002630574954403473
0.006221153610157823
0.010918929011363175
0.028974392508288937
0.06941002454786704
0.018111721480412478
0.014776904048765145
0.005385913528116306
0.007000430513899829
0.0004705108736326295
0.006754433309387237
0.07979409528367115
0.0690014936603805
0.09840776741160268
0.060087207401493765
0.007909858229655408
0.0
0.003978407992776219
0.0020599845546370936
0.00539857303330118
0.0009000721274928836
0.18866736779359666
0.08948483946340334
0.028662832993856902
0.001175579099742231
0.0017599873335240356
0.0
0.004788548156597068
0.008831738849230593
0.05739618298161972
0.04982970953551522
0.03511060779398476
0.006537834278144391
0.01303796095117478
0.0019525306627246409
0.011781601774428276
0.025957665203358172
0.1799589554055079
0.01857412623001319
0.0058997187720480826
0.00197678670156785
0.0
0.0
0.01507521089526184
0.07479806495030258
0.1352374350052781
0.06414304870214277
0.02054561983561751
0.0008426592470876096
0.001261565131326583
0.0
0.0034324482165135678
0.006330621572635037
0.06995426279625415
0.04584678190606418
0.0015748710141911455
0.004468734638225645
0.007486760927386778
0.0
0.016942169269489986
0.062372252611334736
0.12899521427518487
0.013313999226189945
0.00422893923477609
0.0014169676833836315
0.0
0.0
0.010805964367241402
0.05361551690435167
0.2604709432032051
0.014921722695349311
0.004825110980748836
0.0014169676833836315
0.0007978838466708921
0.0088595651982792
0.008195469507877865
0.047696304028103
0.061287480649279025
0.04016672675235572
0.0013797569004260683
0.003915093615734343
0.006559210219960537
0.0
0.014843167946532596
0.05464482180453786
0.17742175964031978
0.04216717179298919
0.0037220341144080242
0.00043352144722798454
0.0011412259286855766
0.0021729409974294944
0.002340298584850624
0.019839964014523044
0.22820064500945167
0.013073038788339545
0.00422731773651259
0.0012414165485377425
0.0006990323228141156
0.007761934854949788
0.007180115389661666
0.041787107651730125
0.012192647926316288
0.007675805523699702
0.0014862940640817392
0.004390221120426693
0.002276577679568144
0.012065584740699416
0.04485312043990861
0.17885379031690035
0.2998768450541569
0.07127061792067033
0.006290952415731602
0.0007327344972882148
0.0019288909752784268
0.0036726875672915362
0.003955554028617729
0.0335333491603536
0.033919888885727494
0.005865013407200718
0.004017890263770999
0.0026434721162883843
0.002548820893860984
0.004144972265326381
0.004543903928830563
0.006669710663354509
0.020607916415732192
0.012973585361585181
0.0025121223894020305
0.007420316771475064
0.00384785346201957
0.020393155231407542
0.07581038693123893
0.30229725189818957
0.025313974903133127
0.010088897378973082
0.006962145641977673
0.00462750432145024
0.003319156917384418
0.0013535673271586276
0.004459824900418058
0.012396739514638561
0.06685712735143151
0.011560118890839395
0.007919383284361047
0.005210363528136899
0.005023803104748836
0.008169865754710117
0.008956172134464802
0.013146201531477374
0.060865792519978666
0.035619306605927825
0.006898149738358283
0.01480544384142832
0.018220566996714416
0.030075886481665235
0.16848453108562508
0.11843528569668892
0.04989461049154066
0.01988552200668744
0.013722599722924536
0.009120951037922684
0.006542158716160414
0.002667922158455509
0.008790449825376556
0.02443434868742901
0.019651008614838643
0.02183551444042154
0.016363056190083734
0.010883117769710918
0.025332395932589673
0.03162666066393252
0.12344548564139737
0.03555561496597442
0.03147547960529942
0.018419784121956276
0.0035672347703799155
0.007656327575547789
0.009422387537529057
0.015553119615656431
0.08712827357424652
0.06124634651344303
0.0171169593977062
0.0015843285478242953
0.0050721463344563025
0.0
0.0024279332157370027
0.03150467748454906
0.25044777518020217
0.0294587501559771
0.01016211069094174
0.011291782477244742
0.008461814429218074
0.005627978166720957
0.013100122063930627
0.016355070253699252
0.0638372672859998
0.01838684731408142
0.003619319172312502
0.011741929662894363
0.005735241722351822
0.005359454619484505
0.019488769943358717
0.027857308464264194
0.18562539840464337
0.021267759390809982
0.015822618468040787
0.0014645256530554291
0.004688603530538747
0.0
0.0022443390818370473
0.029122373910841645
0.23150955147892857
0.027231154402681212
0.014542495157655235
0.004193763502403433
0.008224567574563236
0.015992726819689683
0.004838437311224163
0.0037593978194361078
0.09792180795041416
0.054712740918858374
0.003345635462875498
0.010854034809444324
0.005301557331901056
0.004954186293872144
0.01801507873334728
0.02575080965814774
0.17158887794805014
0.019659545523954033
0.015553151435202011
0.006120874610207632
0.005974112267330071
0.01972239673558179
0.014912928213052967
0.04355573641927203
0.10393017990784773
0.014491511621939065
0.015565966639997054
0.0044889121204269656
0.008803396054538877
0.01711826268182262
0.005178956771842983
0.004023976656647923
0.10481334732176097
0.05856331328929034
0.010231119891509323
0.004674742161463506
0.008548996656080492
0.015493266834676223
0.01493034655652685
0.0062747431605167285
0.06552393143033768
0.04649358025230158
0.016647750868236277
0.006551649421725442
0.006394558241121724
0.021110419245025346
0.015962470026806706
0.04662110131258993
0.1112445763808865
0.015511394985852184
0.007336634648907055
0.004087790226966907
0.008791474049531633
0.0
0.007568616327766053
0.17284886920131437
0.15145813575241973
0.017137401716330287
0.011104308797495412
0.005073714418364034
0.009278622456243061
0.016815560861232266
0.016204597382822622
0.006810269688773159
0.07111616088403082
0.05046163838341342
0.03327256566399751
0.002835641105037876
0.0
0.006809356357492755
0.009957172449402656
0.01749422792333776
0.07006882532856126
0.09119655405367107
0.007962789757109361
0.004436668269061602
0.009541794414136719
0.0
0.008214570229308648
0.18760089210782757
0.16438453728643965
0.01860001668075321
0.012236738963954533
0.022674880953733042
0.004741971018555753
0.01345726302844693
0.024622261915515677
0.0097997118146322
0.04949201338773425
0.04373434977577598
0.029978826472824828
0.002554933499436255
0.0
0.006135280179303613
0.008971485638801527
0.015762428076211633
0.06313252716644391
0.08216876619926174
0.009732280491970512
0.0
0.0022506629805736176
0.0
0.0023732200404500458
0.013699155949254417
0.1574891792121125
0.0888842180957812
0.011025391840779771
0.020430234574289625
0.00427255077771985
0.012125093003137575
0.022184839149101073
0.008829612448325202
0.04459266820974542
0.0394049709322083
0.006516951211285935
0.0005109867107839433
0.000323176361755127
0.001842388763972368
0.0014452886694729147
0.023130952740875756
0.2403999595974037
0.07983167850086047
0.008510627575572334
0.0
0.0019681465656063712
0.0
0.0020753195446656927
0.011979557564126943
0.13772021393780015
0.07772694983290386
0.006926881950109147
0.005408124018541044
0.0032628192658836278
0.007243328285650752
0.00717726344765796
0.012832974335112149
0.07993203836991425
0.05592779753606379
0.005698905280544358
0.0004468446624752304
0.0002826093697561977
0.0016111213227490043
0.0012638675606633661
0.02022741991542203
0.21022354698923099
0.06981073809105612
0.0058277722695248505
0.003966663182366784
0.0
0.006470743822906611
0.0017073909811929505
0.017548038837417936
0.17801043443841635
0.05821160525786241
0.009761864996318481
0.007621521044041062
0.0045982018187044555
0.010207824149135885
0.010114720782551281
0.018085159219237274
0.11264603223609962
0.07881751313516833
0.06221463806496916
0.02550934912596227
0.006821559286890735
0.008035767856345554
0.009419529856132055
0.007860782751714836
0.06043714413666266
0.04997567927576766
0.00821291982946147
0.005590109771037953
0.0
0.009119042027846419
0.0024061793422182833
0.024729970470815977
0.2508652293253592
0.08203602080114587
0.023124760313076722
0.011996647673399195
0.008136083553904562
0.009799973734928002
0.008931184628624906
0.009951454708595216
0.04064444098456171
0.022328334623164386
0.054284893652719754
0.022257982165015233
0.005952097962024365
0.007011546109841995
0.008218936771194745
0.006858864231571339
0.052733955290501684
0.043605886316889615
0.05379124232174539
0.02086573003249454
0.0019191897439894416
0.018160690740967905
0.006076051191083233
0.018220343370129344
0.056233188753239634
0.18421174325747555
0.02017732793091395
0.010467580675460223
0.007099075783614305
0.008550890088671244
0.007792834979629946
0.00868306362213049
0.035463987657006237
0.01948241295231941
0.11558048509149083
0.022508827291733827
0.01909672839947783
0.01045695366240508
0.00863608241949101
0.005758956194497364
0.058175818363161894
0.08166631844647229
0.04654237743001159
0.018053880903444022
0.0016605612655362372
0.01571337054831604
0.005257247381050845
0.01576498443677241
0.048655249108986186
0.15938751573067642
0.05010797430449767
0.008803180238351834
0.005729157839747892
0.002377393060077127
0.005622393459538157
0.009868027524414777
0.026185727783140593
0.06272959847947082
0.10000495114977755
0.01947555568716281
0.016523268518890733
0.009047782931145498
0.007472290843934467
0.004982883853174085
0.05033609150282633
0.07066103053951368
0.07277040170711806
0.015700275261804574
0.005151479381336548
0.01367939501022397
0.014382434923790214
0.02209454810509294
0.035120783055612614
0.060137915889821016
0.06717044986108998
0.011800787899048515
0.007680017297895721
0.0031869290977839465
0.007536898132785415
0.013228230780765416
0.03510233928925196
0.08408991598555586
0.021942264789019943
0.017902149265634656
0.0065250087294297975
0.008480988410695613
0.0005700216948745358
0.008182963962571697
0.09667016849878841
0.08359498275033483
0.09754975504568748
0.021046441547801616
0.006905631135510624
0.01833742292355686
0.01927985789363921
0.029618054936285335
0.04707990754093398
0.08061572873571714
0.04019038263213057
0.004743525673971613
0.005110943126868124
0.010492623944415564
0.0036051335149375127
0.0259075016881611
0.04757695870039058
0.06827564970058168
0.06885223627316588
0.05977552436651078
0.042118547574845684
0.007842760390142192
0.01564028688489737
0.0023422481345766375
0.01413316333786617
0.03113871349691828
0.21587805797155624
0.02228144906719694
0.007077279528646862
0.0023713455837575097
0.0
0.0
0.01808416393753509
0.08972746571637101
0.057673493330286714
0.04695912281014613
0.00798068725909457
0.004140548712501161
0.0038303302605163046
0.007079625585565136
0.011081308406970773
0.036788853686455576
0.04658362184053823
0.003639479753940314
0.0
0.0
0.00585040614127785
0.0025791332027606324
0.057202739552813645
0.11134707199788413
0.1346187703851469
0.013894424028126753
0.004413300160148483
0.0014787404965711955
0.0
0.0
0.011277051200058289
0.05595288941363741
0.27182619364678484
0.015572236323363287
0.005035462058418661
0.0014787404965711955
0.0008326676532345537
0.009245798612304191
0.008552751620117437
0.049775628004941765
0.029048945275791726
0.0022695325959511655
0.0
0.0
0.003648237752334728
0.001608314173647461
0.03567089000900776
0.06943459682371503
0.19041765447801404
0.00506714844261397
0.007005840483668336
0.0023094045463384785
0.0
0.0
0.005726937377044986
0.06383763491900848
0.23419573495169674
0.013416482354641945
0.004338374171273285
0.0012740299702218355
0.0007173966953058478
0.007965849693049143
0.007368745170068014
0.0428849023962981
0.012512962625467847
0.007877457646514058
0.001525340696024545
0.0045055572119710955
0.0023363859590274476
0.012382561345753607
0.04603146282021374
0.18355248237982963
0.16405704667374396
0.004365674027608048
0.006035981812551357
0.0019897004323774703
0.0
0.0
0.004934124596477264
0.05500022505874546
0.02473273812556455
0.011986844920756629
0.005270752874516046
0.009026248331639428
0.023536061326300924
0.03653280449871033
0.034953332898739344
0.03469255824778665
0.02052645840249749
0.012922303976957731
0.0025021925888964887
0.007390986088567449
0.003832643845874432
0.02031254611619058
0.07551072716081894
0.30110234538512076
0.025213915000856537
0.010049018454794579
0.006934625996594543
0.004609212937660825
0.003306037108343561
0.0013482170092019043
0.004442196312042895
0.012347738259437444
0.04057196808699675
0.019663406741287203
0.00864622494823064
0.01480679807457523
0.038608920863366106
0.059928980395345284
0.05733799063016021
0.05691021183904389
0.003749546025819618
0.0023099532194919893
0.0032063078386966987
0.0
0.04153848945424213
0.05781781241898887
0.06800696363560646
0.014544965766572458
0.04929392226223263
0.01964611741197499
0.013557391415897787
0.009011142626260588
0.0064633967477564554
0.0026358026685645913
0.008684620364270295
0.024140180128886295
0.019414427359815807
0.02157263361269225
0.01616605905648439
0.010752094385060047
0.025027415657025494
0.03124590285049364
0.12195930808723902
0.03512755591940684
0.007330469318593987
0.004516024363021925
0.006268423183949539
0.0
0.08120893046472247
0.11303547071754491
0.1329555516717727
0.02843582251228741
0.005976835933835663
0.0358482053241043
0.030876787809630737
0.057178255199018375
0.06440965204952206
0.01343237135565924
0.003828651992215023
0.0
0.016313473188591433
0.018126961641751982
0.013583947962792033
0.00903472454896788
0.021029931335790498
0.02625517554331289
0.10247945333161823
0.02951683462259103
0.005810177439919547
0.018849593412586827
0.0092069172353216
0.008603657438839663
0.03128577670709725
0.044719986679851886
0.29798877930890993
0.034141629938419786
0.0050221905056571795
0.03012237886677717
0.025945017112625087
0.04804550326785815
0.05412187093250173
0.011286896384248004
0.0032171235579538373
0.0
0.014722392605112329
0.010852134673511751
0.012310381746071377
0.0053618728376415075
0.024332938990830284
0.009706991443320592
0.04199333238073362
0.016011469057464447
0.004277964305152546
0.01387873066176127
0.006778943276772792
0.006334770288465735
0.023035343996962034
0.03292679246400997
0.21940558174022792
0.02513807464687512
0.019887350971357846
0.007826579849879233
0.00763891921824809
0.025218440617066035
0.019068716627576296
0.05569342140046907
0.13289242202487983
0.018529863798453405
0.010839921964927881
0.007990297241014105
0.009063987156513425
0.003947882976963777
0.017916052567865805
0.007147141947789066
0.030919189445903144
0.011789053571802077
0.002846858909050811
0.002401403513371061
0.00212600007412115
0.0031847648656578536
0.03807430164736123
0.06274238211201659
0.15761002465890178
0.012868464137005452
0.015180841203307833
0.005974353549507113
0.005831104393145978
0.01925028340647769
0.014555943599075865
0.04251310230141228
0.10144230665955438
0.01414461484832122
0.006690170128882023
0.003727596286079739
0.008016816958955416
0.0
0.006901710838297282
0.15761836276172447
0.1381124649212219
0.015627346669950946
0.0021731256761529246
0.0018330910664801595
0.0016228641798465863
0.0024310633309110284
0.029063696219163607
0.04789386685695693
0.12031027962659106
0.009823033287625606
0.021084444227501206
0.009415708800458025
0.0010654625190492063
0.0
0.015687508169763897
0.07127106007085764
0.07016438761538744
0.04057311706893559
0.006160652537438646
0.003432562263139569
0.007382297129807535
0.0
0.006355450096114254
0.14514309020377775
0.1271810568457124
0.014390464078042045
0.009467322288768735
0.01754310576378265
0.003668768946441593
0.010411617555161607
0.019049755798446016
0.007581842708214076
0.03829098935933452
0.03383639919398957
0.019415640010390162
0.00867046864218063
0.00098113265359115
0.0
0.014445863879443018
0.06563005553116542
0.0646109746498777
0.03736181170392792
0.013410446756218055
0.0014944167539668956
0.0013163275575672807
0.003665814065803431
0.0
0.03847758960379391
0.16224423714655828
0.11837959510738578
0.010001203552923466
0.018532396631537242
0.003875658174807831
0.01099874952053681
0.02012400967903678
0.0080093980027545
0.040450294935014404
0.03574450150899807
0.005911568182771462
0.0004635193180605915
0.0002931553475905906
0.0016712426477174106
0.0013110306086962836
0.0209822353776943
0.21806834303661068
0.07241582686481479
0.014166688706022907
0.001578689907604894
0.0013905579047594776
0.0038725366625327177
0.0
0.040647417940964846
0.1713935146072382
0.12505525755536565
0.005854974512849337
0.000927038636121183
0.005627203752116707
0.0008546873587299635
0.005350497800596714
0.019024131880258796
0.12488294849626588
0.010520455555071084
0.0054240734686736986
0.00042529541359894964
0.00026898042852657576
0.001533424401941037
0.0012029170807795373
0.01925194511962176
0.20008543879603632
0.06644408946415345
0.005546725799517525
0.0037753693854313893
0.0
0.006158689812275566
0.001625051420552269
0.016701778183651882
0.16942581549491287
0.05540432909562555
0.005372146769356571
0.0008505908271978993
0.005163159018216351
0.0007842059641650954
0.004909271493982457
0.01745531571419421
0.11458453437151647
0.009652891092574573
0.031119315600210293
0.017072618501409176
0.0536866450478151
0.014791396011351278
0.011889141980349729
0.054282133693797814
0.07583916745847946
0.029273299636788108
0.007111745839356514
0.004840597586635905
0.0
0.007896376751154333
0.0020835630057390356
0.021414219090796504
0.21722965619290913
0.07103677397617664
0.02002423271595769
0.010388158042341082
0.007045211637836209
0.008486010320613017
0.007733706944916428
0.008617180989095011
0.03519490510890347
0.019334590395783953
0.03989969420566425
0.0218896927634099
0.06883444185775686
0.01896481867756146
0.015243687730088577
0.06959794884431458
0.09723734381822477
0.037532821058916054
0.0283752508516344
0.005625351293022811
0.011492410710994836
0.0
0.008556676746108507
0.02092550406832656
0.0510592441356017
0.05632787249601659
0.024511007189206215
0.012715803899717854
0.008623812735000153
0.010387447195939955
0.009466577282384253
0.010548008913523916
0.0430809302101394
0.02366683862067533
0.1404048202373222
0.02734326514676904
0.02319831687786409
0.01270289442060911
0.010490937105026936
0.006995862741041087
0.07067079977189163
0.09920658104042702
0.034733214874479494
0.006885808207533015
0.014067483411437803
0.0
0.01047394765205856
0.02561422392218666
0.062499947830001686
0.06894910318347855
0.08262445590048556
0.015765942481973827
0.013690082982663781
0.00394388344492966
0.0036116084038446783
0.003746175233554072
0.017651265038502895
0.10172857195991311
0.11629056722553097
0.02264711288644649
0.01921405136835404
0.010521197171733507
0.00868913919485689
0.005794337010741519
0.058533228259998245
0.08216804495883091
0.08462092320885384
0.018257035224763338
0.005990387999980409
0.015907058468120475
0.01672458709436178
0.025692603238062314
0.040840135773128595
0.06993126110440696
0.06843386734962133
0.01305817272494518
0.011338838030828299
0.0032665291840196895
0.0029913217307617006
0.003102776970903713
0.014619694823198429
0.08425688887507929
0.04302215747923247
0.02346582042921599
0.027028832501511366
0.007691870596894163
0.010254149942900368
0.0035763734406593054
0.020317645504861304
0.061753073764201305
0.10097321835525273
0.021785056630966748
0.007147981050287342
0.01898096625732921
0.01995647554461735
0.030657486807001692
0.04873215501206935
0.0834449002633272
0.04160084542902891
0.0049099975025806855
0.005290309300201035
0.01086085770448958
0.0037316539998807317
0.02681671341739999
0.049246649950924266
0.07067175189045596
0.05133583440756046
0.028000396595016894
0.03225193134949284
0.009178261118986229
0.012235679805531223
0.004267478097022641
0.024243862844223005
0.07368634570330854
0.026834186159432883
0.0006596695135105845
0.00405187075124413
0.005848846780330472
0.007080316095535979
0.01464034932836546
0.07414253214607892
0.08673504257168856
0.08009483621341833
0.06521511066903414
0.011083286306709945
0.00575024247382124
0.005319422444248674
0.009831924840772369
0.015389315448672638
0.05109101322545849
0.06469362866886319
0.005054376247412449
0.0
0.0
0.00812482987607674
0.003581805774529367
0.07944107060071956
0.15463473737303252
0.11215129861746624
0.026649790099539508
0.00707249384426792
0.0011500485294472153
0.008050339185885996
0.0031284702561414648
0.017169510316563885
0.07078679343416511
0.013742774864183193
0.007896762312316126
0.008430096869786687
0.0019584620257510005
0.014325823293550803
0.018030072429080377
0.09608105385598058
0.034070144396195
0.0404515364587004
0.0031603929050682327
0.0
0.0
0.005080281609107519
0.002239626217567436
0.04967279513986904
0.09668977989539483
0.2651623533786861
0.007056157737295315
0.009755845145438759
0.0032159158040740016
0.0
0.0
0.007974933819620937
0.08889584085916855
0.008593061942895443
0.004937675860128256
0.00527115850347531
0.0012245842390933388
0.00895762960254047
0.011273817023792708
0.06007741926085798
0.021303329501737887
0.13855199810503613
0.02530383738023818
0.006653241380152042
0.004180690718788319
0.0030929688805800357
0.0033805379195407737
0.03364665169147451
0.0841956479482056
0.20911349928737188
0.0055646580940629554
0.007693697430550868
0.0025361496405301247
0.0
0.0
0.006289227321890968
0.070105428305677
0.03152531098941651
0.015278899246426832
0.006718306831774878
0.011505207562461895
0.029999980148202005
0.04656613502679492
0.044552879028399474
0.044220485504977064
0.10926548504275832
0.019955223328492054
0.005246908427533096
0.003296994669509277
0.002439190697939496
0.002665974655984651
0.026534570178819206
0.06639874153655825
0.031854814872013255
0.02476245963284944
0.0862523307791352
0.051724264302303785
0.011232562699094539
0.010459691866120517
0.007398380790052052
0.008842312556237407
0.03202203547345463
0.015519639245705498
0.00682416296419316
0.011686487876941074
0.030472670954179215
0.04729984830888116
0.04525487070281069
0.044917239863839664
0.0029593855439965277
0.0018231652893442032
0.002530626641759282
0.0
0.03278487698613202
0.045633577259758126
0.05367551796628976
0.011479832793387254
0.03235673114134816
0.025152626124427313
0.08761135447021742
0.05253925098098996
0.011409547120057323
0.01062449864779321
0.007514952419809801
0.00898163531006132
0.003283908870648742
0.014600577699657778
0.11088697204480873
0.193292956262115
0.04492398019514924
0.002332766995684934
0.008101953281090367
0.001502117402593516
0.0028942098767172253
0.00178301303053003
0.0024748936939701597
0.0
0.032062843238763176
0.04462857172599797
0.05249340173033264
0.011227008093313397
0.002359769455326424
0.014153558988158997
0.012190748007533527
0.02257507176391782
0.02543016593014017
0.005303357828218713
0.0015116252355459234
0.0
0.0032115861033894574
0.014279023654032011
0.10844486631435976
0.18903599236961752
0.043934602385961544
0.0022813915857254814
0.007923520899262994
0.0014690357028317226
0.0032530123720191603
0.012987531747962426
0.0462270375901016
0.14666860894686565
0.16186393743618568
0.017242434067311418
0.0
0.010088952198066688
0.0030117996491431085
0.01806434264094961
0.015559185448818616
0.028812811804339162
0.032456799817104386
0.006768733788911596
0.0019293038749089622
0.0
0.008828995402041639
0.006508007883277126
0.007382516330647211
0.0032155066027399716
0.014592424766175508
0.005821267311603605
0.02518333456052231
0.009602052497852606
0.004151855385105929
0.016576129279687355
0.059000075316906014
0.18719475496616805
0.20658871945259188
0.02200670779812183
0.0
0.012876640394582785
0.013836333040396229
0.017999438825025728
0.003062024213341083
0.0
0.10903522584216783
0.06809606019409561
0.07973451913868426
0.012104142739654765
0.012093523015998113
0.008914348636596774
0.01011220723254862
0.004404442559720606
0.01998798467243013
0.007973685227979194
0.034494891237210425
0.013152418547726297
0.003176088707215552
0.0026791178712922466
0.002371864936997162
0.003553072367862902
0.04247746845228155
0.06999833067112574
0.17583710168130715
0.014356659367561886
0.01895232746891601
0.024654744712536893
0.004194209942732651
0.0
0.14935108166121458
0.09327462907791922
0.10921641687005972
0.016579658516652038
0.021283946793549495
0.006588653541188213
0.008265433765915606
0.012059684873656953
0.021202503343870006
0.02580221914380416
0.03988034053532004
0.023110545922176217
0.0030637763738237743
0.0025843793399430263
0.0022879914340439545
0.003427429199446999
0.04097538710687926
0.067523061062521
0.16961917862965903
0.013848981509062965
0.02972585653388481
0.013274715991905597
0.001502139949327076
0.0
0.022116998304385155
0.1004813446266154
0.09892110494060079
0.05720191834843675
0.02053130732137755
0.00635566664398987
0.007973152838548495
0.01163323225441718
0.020452743861747523
0.024889805258088985
0.03847009840580873
0.02229331454807112
0.008214497787834986
0.0013435548350917209
0.006000474472187376
0.012914890945999437
0.015789044670942658
0.04880662100127113
0.11216783573702403
0.01560911151923661
0.021277595800477864
0.009501964759869395
0.0010752230685463376
0.0
0.01583121918468939
0.07192396404175977
0.0708071535184687
0.04094480158183394
0.014696505777298004
0.0016377310061040215
0.0014425630932566936
0.004017364863075886
0.0
0.04216758234743063
0.17780342533719912
0.12973217335978846
0.005879889901044011
0.0009617087630182166
0.004295104845330526
0.009244404077742296
0.011301706653971457
0.03493549640422905
0.08028908663762853
0.01117291154696611
0.03777256539758228
0.020964534865111652
0.021770773334559627
0.0
0.0006451338411278025
0.07715098931081447
0.0565075726633103
0.02424857876065984
0.014438503613513521
0.0016089800805660288
0.0014172384068927564
0.003946838654799466
0.0
0.041427316079240335
0.17468202565482346
0.1274546808764396
0.005967313351415999
0.0009448256381755428
0.00573517237478166
0.0008710861637130796
0.005453157292513101
0.019389146087490112
0.12727906573982725
0.01072231053422687
0.03710945514866032
0.020596495316126527
0.021388579994680534
0.0
0.0006338082968478363
0.0757965774198566
0.05551556298167131
0.023822886702714152
0.0159360581771253
0.006595249247147169
0.01886398668096547
0.00860357738596094
0.041041556587125556
0.09577341493921165
0.02733109048044554
0.009653769668168898
0.007257672962331563
0.0011491327980417067
0.0069753342966121755
0.0010594480507281163
0.00663233685085804
0.02358181530528843
0.1548016300956555
0.013040880992032267
0.04204163161107377
0.02306479830384819
0.07252968485976176
0.01998290804694092
0.016062015428971635
0.07333417923247261
0.10245734131628464
0.039547697487347974
0.01938203874124025
0.008021392429391918
0.022943096504851452
0.010463997329484795
0.04991629868133213
0.11648326192716829
0.033241109479175884
0.011741281038747583
0.01235162497064914
0.009634584278181037
0.0037209009122947255
0.006704722269683844
0.0395550215517979
0.020496639413472677
0.01510088292092511
0.016724311012360195
0.0438558991140167
0.024060138218619312
0.07565963593913655
0.020845251854603997
0.016755156763117084
0.07649884751812075
0.1068787925698346
0.041254341583164045
0.03118876381031346
0.0061831260539507845
0.012631926503503981
0.0
0.009405103462555223
0.02300034658411482
0.05612196043675463
0.06191299313621829
0.012884647856156861
0.010050355800132735
0.003881472929796275
0.006994058322163337
0.0412619817108021
0.021381152820359763
0.015752547475779446
0.01744603309630623
0.048500794057653146
0.007453749219229684
0.02225873886270803
0.02150630285547589
0.03492848767902408
0.05800823351251663
0.03101605520765165
0.04042276195180972
0.035975203985570636
0.007132030702217829
0.014570508002757696
0.0
0.010848474714439808
0.026530136466285208
0.06473481882968164
0.07141458286000282
0.08557893837235238
0.016329700514723284
0.014179612502342526
0.004084908694441312
0.0037407521737868083
0.0038801308395965206
0.01828243837083132
0.1053661787612892
0.05594405633702121
0.008597652354865192
0.02567471657157104
0.024806806608518465
0.04028885135693851
0.06691057222233737
0.03577599034412561
0.04662631439068578
0.04005776032483717
0.030504188432841983
0.03502564034818339
0.0075827706136362754
0.012724379189820247
0.04443905928448556
0.017545188203881977
0.024847241877915423
0.08552835201103583
0.01632004790455845
0.01417123082555365
0.004082494073845493
0.003738540986727727
0.0038778372647480766
0.01827163148246878
0.10530389601169289
0.05376890670754082
0.029327481079568812
0.033780518187379364
0.009613266669169774
0.012815592335440013
0.0044697360883159416
0.0253929056485631
0.07717872502637828
0.04003408187806201
0.030486157175068977
0.03500493642579669
0.007578288380258093
0.012716857712509739
0.04441279101857471
0.017534817109700056
0.024832554484273225
0.0656273116416029
0.02495458776243534
0.04507791658670187
0.001954258396962486
0.00387603912154479
0.026374839178036607
0.055235899237913076
0.0666571060734863
0.05030547362918217
0.027438401046225473
0.03160460330909047
0.008994044374876484
0.011990097655870906
0.004181825606817612
0.023757264629168155
0.07220738814099546
0.02629559760316488
0.0006464292963940766
0.0039705457129094015
0.005731454662509764
0.006938207175177485
0.014346503092031896
0.07265441847237343
0.08499418480618824
0.06140003948932382
0.023347180247469047
0.042174298920472114
0.0018283781514794436
0.0036263706248504403
0.02467594857305448
0.05167797231977762
0.06236350145663443
0.05409658991817471
0.04138435565372479
0.00492305882269213
0.005073763382786747
0.0026660422589968296
0.018939515878879428
0.09171497308484947
0.06405120196614258
0.10503986496546663
0.024959945965152677
0.006624032066761101
0.001077124774532532
0.007539872934471544
0.0029300961941995784
0.0160808039443797
0.06629825347831597
0.012871355336761097
0.007396034260640215
0.007895550455180292
0.0018342773490885053
0.013417433082128939
0.01688679842868299
0.08998862293334306
0.031909780901751665
0.059761739118122666
0.00899423387937001
0.004375210641000454
0.0017368114955247883
0.007604117336886884
0.0012281111716780837
0.04083871790535885
0.1237968318709934
0.018293435554347117
0.009765266108614681
0.017392079188662722
0.03565479031736212
0.0700467217631252
0.10360254499334877
0.03507240873825507
0.049086696857043706
0.009189627437219954
0.005280469506896626
0.005637103878847412
0.001309599883899754
0.00957950487439669
0.01205649149657287
0.06424823934306703
0.02278229373816697
0.1481708443077587
0.02706053323037451
0.007115136599712545
0.004470931361977663
0.00330769542641846
0.0036152286838405665
0.03598253982216401
0.09004085407752034
0.01306077354659885
0.006972005279597949
0.012417241535237994
0.025456079083836795
0.050010527979387334
0.0739680294053841
0.025040282176808017
0.03504591742189425
0.05198633001797563
0.010264199119000388
0.012764325872028012
0.024775326565339085
0.005350105121963688
0.01392258757003007
0.06506313114799014
0.12405573320925001
0.12363192780670099
0.022578975684309513
0.005936782357825949
0.0037304900701290934
0.002759900330433015
0.003016502293237506
0.030023388112411408
0.07512897981362714
0.0360431491336118
0.028018276955863737
0.09759295836075615
0.058525073197402716
0.01270944232897757
0.011834952905453233
0.008371134575243619
0.010004917354910704
0.04337675356946825
0.008564321344070331
0.010650396318414848
0.020672227384703194
0.004464061828675431
0.011616835615549628
0.05428787539509912
0.10351057607714696
0.023194168492256792
0.023639437754192957
0.08124552773110966
0.047105349545425855
0.017119052239924607
0.010766322312565427
0.003097315752312319
0.006782667630956737
0.029869187627548904
0.023218924858452335
0.08087590719664971
0.04850010152467725
0.010532395939058789
0.00980770097489992
0.006937212626913372
0.008291138839288269
0.003031446216884213
0.013478104227419614
0.10236212548753654
0.1784328445433985
0.04147028287757052
0.002153426895352436
0.007479085623494185
0.0013866365653771888
0.019221155398825667
0.019590152876827638
0.06732868714395168
0.03903650368112572
0.014186667803765238
0.008922119985148424
0.0025667653235467666
0.005620839936414514
0.002744471983660343
0.031190506601307975
0.08167961825010439
0.12459633521715681
0.008995426456067998
0.0021069684920357098
0.003323541851424329
0.0010635017364995032
