0.003981264927262297
0.0012691731727338651
0.0017148473284370467
0.0
0.008690557665821046
0.0017549901742454337
0.0031224369197434434
0.0
0.07347155996076121
0.29029690267623814
0.015866855012035785
0.0011078330810581018
0.0013303300416838443
0.0019432677988472332
0.004044209923936353
0.004485005163820437
0.02445964125196862
0.003631974999867642
0.007463188453607493
0.0022778351983816073
0.0028244312413918398
0.0004858169497118083
0.005399092741183516
0.004654352669635787
0.0669822252335034
0.34983464870074277
0.05690681548114083
0.016662708186218678
0.0018563038749390692
0.005091883281429425
0.006045040309968844
0.032344529481839
0.03769686610358779
0.14894584348442935
0.008140982840070308
0.0005684081751371011
0.0006825671522657114
0.000997053908419545
0.0020750075277951147
0.0023011712181520844
0.04266732869590804
0.08339804133335006
0.12812060072556072
0.010556111684392305
0.00716119759357166
0.0
0.0
0.0028659880852578827
0.03436731134191609
0.179493533518421
0.029197809393455496
0.008549320032874034
0.0009524343658760155
0.0026125488880004116
0.003101595709651315
0.016595365576988083
0.09075448259423981
0.14816047694039158
0.008435747035937793
0.0
0.0
0.0004985269542097725
0.00031529612003256365
0.0007882403133701472
0.04405813910524834
0.08611653502747581
0.13229689838904984
0.010900205173756209
0.007394628381504662
0.0
0.0
0.002959409590279457
0.0012017595777851881
0.028165328468939817
0.2898504359923815
0.04693163705029073
0.021637293112335605
0.0
0.0
0.0
0.09371277135859986
0.15299000669722596
0.00871072381903481
0.0
0.0
0.0005147772445008111
0.0003255737056974931
0.0008139342779656388
0.013612712010607696
0.016186135365782336
0.01930430389437808
0.0005869363565559351
0.002569727881256132
0.0025883925274202404
0.003254579422106596
0.013317008231978643
0.0017625938966448218
0.041309457377358826
0.4251171522689811
0.06883358248481436
0.031734933912492456
0.0
0.0
0.0
0.045393628744393705
0.02361754858522752
0.05265441390644218
0.02911192709359619
0.038855212030440255
0.03543032610367287
0.02377191493111324
0.014759110513241733
0.01996546027192937
0.02373984275504934
0.028313190801371492
0.0008608464279444754
0.0037689624141690886
0.0037963374332827485
0.004773418853147934
0.019531758152919052
0.013907098343653373
0.018459572426710803
0.006733956520885704
0.0012290709132507568
0.003017255653210784
0.0014528396287833932
0.012191194418941016
0.0059071770392126795
0.08740423901629114
0.045474969034658655
0.10138469000255436
0.056054250437684604
0.07481468949002462
0.06822016165810549
0.04577219737627991
0.028418279363192727
0.0
0.0
0.0546156519709788
0.20838068285180464
0.00978428189616879
0.0
0.0
0.0
0.026777752325030196
0.03554342151423696
0.012966056284925183
0.002366543738431749
0.005809646454384011
0.0027974045186287618
0.02347382441900057
0.011374114124124935
0.013331769710950831
0.005248156309290467
0.020794945052378017
0.028011572601898
0.010997780971459913
0.010137958846642705
0.007676285998938385
0.0023682579426135687
0.0
0.0
0.07643813973961405
0.29164225235883384
0.013693735766965386
0.0
0.0
0.0
0.00045495620006969005
0.0
0.008138504040617762
0.03765606018380464
0.3403249260737251
0.013368951389665346
0.0
0.0
0.01865867456244065
0.0073451344233342935
0.029103871480576592
0.039204008806998605
0.015392106262300385
0.014188729549651911
0.010743459076161595
0.00331453026786421
0.010992777829805818
0.0057096196959626035
0.010184113941003206
0.007860248959139364
0.021733809781006332
0.003674993902748184
0.011543626725960297
0.008632186637814052
0.00041948343677130495
0.0
0.00750394795062149
0.03472003137609693
0.3137899199669737
0.012326579292921587
0.0
0.0
0.0
0.0
0.0
0.0488980991592424
0.4144454878056379
0.01130984434353379
0.003062465398308018
0.0
0.010135675089171214
0.005264442802082149
0.009390062418729956
0.007247388312881069
0.02003923283092703
0.003388456014452067
0.010643574504686738
0.007959138301944014
0.007738488004348195
0.01548820942897736
0.017091700163969846
0.0030560975932039463
0.011813608836256434
0.0028139803814704136
0.017473980497021455
0.003979569150972007
0.0
0.0
0.0
0.03959069231979639
0.3355587246368362
0.009157095578121307
0.0024795468005737085
0.0
0.0006792754713993592
0.0
0.0
0.13778075151756414
0.35004424089667996
0.0066911007499776435
0.0054242217043358265
0.0010740288371778556
0.006265521622892699
0.012540138464079968
0.013838416094872748
0.0024743910620692987
0.009564972067717954
0.002278359146721165
0.014147932074143587
0.0032220863495816742
0.003396377356996796
0.002743487411861467
0.014288630696069103
0.004296115024807637
0.014187421128046749
0.002278359146721165
0.0059976791046538885
0.0
0.0005583523954293308
0.0
0.0
0.11325333519757931
0.2877301605021378
0.005499966197973527
0.004458614081436612
0.0008828326639898159
0.0
0.0
0.0
0.08518453190473683
0.36507120271216414
0.029500324657059415
0.007960364588776705
0.0038896524281885497
0.0027917619771466538
0.002255098016548975
0.01174500112615545
0.003531330389716094
0.011661808655464241
0.0018727708283053548
0.00492998589835891
0.0
0.0013958809885733269
0.0
0.01883161154365796
0.003799570915486206
0.009975815264745357
0.006138059487644508
0.016198777569202023
0.0008828326639898159
0.0
0.0
0.0
0.06897733970181172
0.29561282784281695
0.023887598718736025
0.0064458271955332635
0.0031496079260161934
0.0
0.0
0.0
0.0
0.38973342375358055
0.05406152717571975
0.012235174027776404
0.0
0.001130300947592213
0.0
0.015248712853550629
0.0030766653041154075
0.008077818624258895
0.004970233502752165
0.013116801350678125
0.0007148650958366626
0.013738314235693773
0.0010109719163827438
0.0024508585569527714
0.002973557422111768
0.004091467461088323
0.010646176410996596
0.037952451717183255
0.02669718890177313
0.0
0.0
0.0
0.0
0.29292076240724557
0.04063224448315326
0.0091958664203962
0.0
0.0006796206743154425
0.005322169028038836
0.0
0.0020459291443829875
0.13036916709348811
0.32364814947741116
0.023729402384040997
0.004249499413155958
0.010325615497258885
0.0007598390244979002
0.0018420471873842766
0.0022349037933616558
0.003075116720869692
0.008001587549244694
0.02852478236316359
0.020065409971565966
0.02083855419097592
0.002074729426359252
0.0
0.0
0.008130291958865802
0.00701003808585932
0.017660812140182187
0.03666324408616642
0.0005376059365958401
0.004210039177990287
0.0
0.0016184081730336339
0.10312699543625657
0.25601805993111254
0.018770864506706855
0.003361516502384705
0.010711345674252196
0.0021332885107781794
0.0011404343585576762
0.002749469973259416
0.015535109195305445
0.14988564419766734
0.05903874354592449
0.0015026542641881438
0.016484093063276934
0.0016411902971673203
0.0
0.0
0.006431371776243153
0.005545208133223615
0.013970377609876792
0.029002027778862006
0.0
0.0
0.0
0.0
0.0009503620081898114
0.1088778433158745
0.1582157143087415
0.028541460290631274
0.00925123958905012
0.001842491478285215
0.000984977220179044
0.0023746787975169963
0.013417456739660298
0.12945413653906254
0.05099093785132326
0.001297821491367643
0.0035128368752686276
0.002851495492387427
0.0036456906387536156
0.0036113861628216427
0.0035082378229057045
0.21135539299849987
0.1337525084733623
0.005538467037915859
0.0
0.0
0.0
0.0
0.000820814387050259
0.09403627192010447
0.1366487016977967
0.024650860442744886
0.0011672360357710696
0.0005191286076173739
0.0021754817331804733
0.0
0.010034670845098773
0.052510964953222064
0.09316171335961998
0.006884252226158369
0.003938095555332258
0.0031966931922400113
0.004087032393012597
0.004048575069489605
0.003932939748697262
0.23694175485995086
0.14994438336770452
0.006208945419278192
0.0037949814630712504
0.00239333799936304
0.0016803697659013156
0.0
0.002499321695805209
0.001163947051852483
0.041045764820776244
0.0012030869513549789
0.0013085398518945413
0.0005819735259262415
0.0024388422372984228
0.0
0.01124945280907294
0.05886786236627576
0.10443972844045082
0.007717649312010056
0.012135623083972168
0.00234925898007286
0.004970051648980992
0.002065129778740179
0.006305104737595011
0.006785585110343511
0.24528229124004622
0.0674235109529501
0.009159817390925562
0.005776718342963082
0.0040558512221115966
0.0
0.006032527578205011
0.0028093793214596105
0.09907076334568332
0.002903849962655285
0.0034550796748230666
0.0007023448303649026
0.0015907485488358664
0.0009932655820265289
0.004397374131592993
0.0
0.0
0.0
0.029291339748554378
0.005670326316704703
0.011996044241884518
0.004984533349080919
0.015218416371470325
0.01637813546815817
0.5920295049790237
0.16273782999832725
0.0063503305319706615
0.0
0.006931723163603968
0.0
0.0034550796748230666
0.002011209521485175
0.0007023448303649026
0.0012950598272664729
0.01951449451709424
0.0028976776679190265
0.005954312602448438
0.0018173121196568879
0.002253399688338219
0.0003875965351985488
0.004307527024200698
0.0037133553479620366
0.053440042460016476
0.2791065602162411
0.04540163640391241
0.01329391237550285
0.001481004214918472
0.004062427872654958
0.0048228796477138135
0.02580524942002326
0.1625318058691362
0.0003875965351985488
0.0014950987410793058
0.0032907106596658598
0.0020800612507737406
0.0003875965351985488
0.005363156812950391
0.015362892672538549
0.1820314490781414
0.1005816702863424
0.01612054610673218
0.0005481442754059047
0.0008666921878223919
0.0
0.010382665862185714
0.030310303139827254
0.03810801006687201
0.19903044827122798
0.032375835375266726
0.009479867966287931
0.001056101771876766
0.0028969109143748405
0.0034391878768416212
0.0184016826972425
0.10063262447001274
0.16428695543228994
0.009353933153770538
0.0
0.0
0.0005527889569429978
0.0003496144227492173
0.0008740360716081897
0.12980633949060252
0.07172463058356554
0.01149553602578921
0.00039088081902059253
0.0006180368333937297
0.0
0.007403862665213527
0.021614229405724977
0.11513891161455778
0.010229102770718297
0.0005527889569429978
0.0
0.0
0.0
0.004718448960932063
0.04546907620874533
0.17370399456726912
0.2835790139050526
0.01614601191494644
0.0
0.0
0.0009541801227919491
0.0006034764780279142
0.0015086912205044174
0.02523223269204283
0.030002275344991412
0.03578204603471309
0.001087932714105662
0.00476319280129914
0.004797789191405715
0.006032619012973735
0.024684122473853362
0.1987435882042031
0.01765665977083171
0.0009541801227919491
0.0
0.0
0.0
0.008144609533858618
0.07848508580928641
0.0227532635665914
0.006137320574417393
0.008452751119554892
0.003313839153225405
0.006045026230006063
0.006362329573674286
0.016203276870073734
0.017870217895224538
0.07230044576156518
0.08596852715250053
0.10252988350834485
0.00311736266657188
0.01364845382433435
0.013747586329054599
0.017285868003477988
0.07072989060755915
0.050361444003860056
0.066847209973693
0.02438551636515747
0.004450805225138767
0.01092631603441924
0.005261133545154956
0.044147681989310024
0.021391519519739444
0.06519720701980225
0.017585879883389652
0.02422051513689926
0.009495475524680047
0.017321419646213934
0.018230620725200587
0.04642887352865258
0.05120532675209842
0.01719348597303609
0.0076725238805438484
0.027832437500841817
0.006409664532906073
0.013835318006858378
0.003571362088516322
0.06089954421556425
0.005799918527566115
0.07161873021971472
0.09506304657744909
0.03467850758391261
0.006329465427069128
0.015538253436586057
0.007481828836986165
0.06278217371955837
0.03042076127437003
0.03565663042552901
0.014036513830723237
0.05561734762360692
0.07491865772953829
0.0294142353267737
0.027114588663126542
0.02053069463688535
0.006334050170603576
0.024450761049364268
0.010911053659678052
0.03958035501478232
0.009115148385059986
0.019675129008636136
0.005078814219758331
0.08660490408781338
0.008248031972439963
0.004347094706915244
0.011137473410135872
0.017573780068779313
0.02984098171275506
0.06443243264920535
0.04742403988627268
0.02854471357171884
0.005498688258007481
0.042640496337274604
0.01678576773644137
0.06651080820961097
0.08959255858968374
0.035175438025042124
0.032425372357926655
0.024551927622387636
0.0075746653533016305
0.02512169346325719
0.013048141062656402
0.023273661360377552
0.017962954218995034
0.04966807439942836
0.008398429562895104
0.02638054334888349
0.019727056253680327
0.005198535972577258
0.013318908390495963
0.021015858641492375
0.035685768852470934
0.07705245491769913
0.05671272284948034
0.034135607879312725
0.006575685748407458
0.015933050499046524
0.0060735733172434326
0.02728153579396893
0.024737641464892473
0.11326486348120425
0.05086322762389164
0.006735960092357987
0.006575685748407458
0.029895694232985128
0.01552774442091519
0.02769647136764622
0.021376544046985524
0.059106746428468866
0.009994425042117413
0.03139376964422107
0.023475887194447865
0.02282506780932478
0.04568326916870478
0.050412847445141
0.009014116809071642
0.034844845996902664
0.00829997965818153
0.05154040292098736
0.011737943597223932
0.01896088759362032
0.0072277647627336595
0.03246598217972947
0.02943865891689582
0.13478915069668443
0.06052902058416537
0.008016028202129606
0.007825296124805866
0.01133637511829437
0.005533319968782642
0.03161514376551236
0.08510354219634517
0.10908212245566569
0.0
0.005249367922745852
0.0
0.026583055651853756
0.05320470006113944
0.05871297033584764
0.010498228123115069
0.040581806286574124
0.009666513282933407
0.06002616993794174
0.013670513949397764
0.014409987504609081
0.01163993725330131
0.06062311932570211
0.018227351474449184
0.060193712208279036
0.009666513282933407
0.025446666218249387
0.0
0.01320283002781687
0.006444342417662855
0.03682035616194887
0.0991152454518054
0.1270417313142286
0.0
0.00611363965238257
0.0
0.014409987504609081
0.02327987450660262
0.0882713868434099
0.0378392532734236
0.06819462381900007
0.0
0.00611363965238257
0.0
0.013582123257166486
0.010971214404554832
0.05714027709269238
0.01718017689456561
0.056735539726023645
0.009111165074490488
0.02398473676328242
0.0
0.006791061628583243
0.0
0.09161714759739549
0.01848518638799687
0.04853306034885394
0.029862101856625613
0.07880822052931344
0.004295044547464456
0.013582123257166486
0.021942428809109665
0.08320013156185883
0.03566536069197806
0.0642767931540193
0.0
0.005762406614301445
0.0
0.022172211056803188
0.0676922766495332
0.11072976446548238
0.046048316843495876
0.04429122187190541
0.007934158947960599
0.009604011455599812
0.0
0.004071668350344084
0.0
0.05493023927967807
0.011083031267074526
0.029098620595053217
0.017904207273368496
0.04725048229949355
0.0025751492040099943
0.049489350052935664
0.0036418109387513376
0.008828695790065639
0.010711607089540621
0.014738639831509913
0.03835058232692333
0.13671562144931326
0.09617093511782514
0.01329363433209905
0.040585775166075234
0.06638945456149797
0.027608860666074327
0.026555371774991152
0.004757027051417002
0.005758208601070486
0.0
0.055863406568730394
0.026968105344098294
0.08541755810751134
0.05664353216089242
0.021453807918208105
0.007283621877502675
0.0059450941461968
0.029914858510650264
0.033311554096820725
0.0024513230011476463
0.005942643762760416
0.007210041729088228
0.009920659647696778
0.02581398819061885
0.09202403779637255
0.06473318611565063
0.0672274331168445
0.0066933018705547555
0.0
0.0
0.026229202557716973
0.022615142214027537
0.05697569303811904
0.11827959689816973
0.037601966644469326
0.018152380241360663
0.05749502882283066
0.03812707347730958
0.01444067627248617
0.0049026460022952925
0.004001675614044145
0.020135856027819306
0.09216041853664131
0.03920907390880582
0.03314821879806423
0.0
0.0032887948709381955
0.0027406623924484965
0.011368016563282768
0.08379900618204326
0.03222321711664021
0.003208209943509791
0.0
0.0
0.012572089244351622
0.01083981053418673
0.027309389069599076
0.056693360948262
0.0
0.0
0.0
0.0
0.0018577741105775276
0.2128351478538372
0.30928115328301864
0.05579304049307196
0.044174008115186195
0.018793555590764847
0.01588848780680702
0.0
0.0015763736062054253
0.0013136446718378545
0.005448877770887836
0.04016624531341916
0.03898052144185497
0.012125387717136935
0.005201767609840212
0.005826113641173695
0.0050082066696912515
0.0043920077769818615
0.027194258745782622
0.05129701463233941
0.0
0.0
0.0
0.0
0.0011723831776292162
0.13431360978245943
0.19517766944984152
0.035209244078941826
0.0016671831223358234
0.0007414802374308544
0.00310727763482083
0.0
0.014332691382418232
0.07500230615288343
0.13306446288598714
0.009832894778451737
0.024599388770381182
0.0076519532169516844
0.003282672960609493
0.003676678227443247
0.0031605227009063952
0.0027716588386246348
0.017161446755085054
0.03237194267868163
0.010283546572028039
0.0
0.0
0.0
0.0
0.030693133998827025
0.11452181944661156
0.14620382092662554
0.0011695834018731752
0.0005201725994569074
0.002179856728399709
0.0
0.010054851036136153
0.05261656695259713
0.09334906590979206
0.00689809677843297
0.010846917126637656
0.0020997864954717194
0.004442271977184727
0.0018458295392620528
0.00563555312242593
0.006065010328546827
0.21923527678001545
0.06026367419564078
0.007214243727577199
0.0
0.0
0.0
0.0
0.021532235778755862
0.0803407960304994
0.10256675463859148
0.0013004314709108193
0.0010005719782543278
0.0005201725994569074
0.00047957542198425373
0.0
0.004246055780229477
0.2186146034681227
0.08496189725166105
0.015719419622756556
0.0030430236218416703
0.00643776812088774
0.0026749876246850088
0.00816707856282937
0.00878945061142302
0.31771712382249145
0.08733449067882867
0.0034079530411433748
0.0
0.0037199618062144133
0.0
0.0018541947109565558
0.001079330842798653
0.00037691867982667327
0.0006950036780881975
0.0018845933589447784
0.001450035121069183
0.0007538373596533465
0.0006950036780881975
0.0
0.006153410390418279
0.3168176402066051
0.12312730882441832
0.010040861513101953
0.003104327937044741
0.004061196677029221
0.0012280471856487252
0.006018779263524864
0.002489301237063073
0.005578682716709606
0.055580053345070116
0.1657994740150928
0.0003953890829080796
0.0015251573902474462
0.0033568697129209976
0.002121880449511153
0.0003953890829080796
0.005470981964992069
0.01567176043381983
0.18569115349435814
0.10260384384372243
0.016444646332695375
0.0005591646020340017
0.0008841168539629805
0.0
0.010591407199467674
0.03091968547908489
0.15158256849801344
0.0024589263916175224
0.0033882716721643086
0.0
0.0007072934831703845
0.0
0.0025006600905551624
0.07475922999543805
0.0787715955403662
0.009250303947564452
0.002381298716690839
0.0
0.0019625659610180038
0.0017415082487349308
0.020180466342150535
0.10788416484087553
0.17741305888585535
0.09802977388642536
0.015711545505953207
0.0005342370953097574
0.0008447030056220591
0.0
0.010119243236971555
0.029541288733497373
0.157366324221828
0.013980645470264523
0.000755525347640503
0.0
0.0
0.0
0.006448949000802437
0.06214494551317029
0.07525996502876145
0.008837926245157255
0.002275140638091408
0.0
0.001875074950299349
0.001663871970575057
0.019280823001687878
0.10307469865734399
0.10281244064654088
0.01148816194712174
0.00047783617051339516
0.0031563721250532375
0.0011825842078708826
0.0
0.0
0.09572464826367355
0.2648094201554121
0.023526041157067395
0.0012713662227972812
0.0
0.0
0.0
0.010852019667861312
0.10457489598431914
0.030316844866067023
0.008177472880028135
0.011262592886204133
0.004415417033490809
0.00805449828724743
0.008477278791561474
0.021589528453985533
0.02381058972339315
0.1730084433693393
0.0193317948990182
0.0008040825752819058
0.00531141002602205
0.0019900028797126723
0.0
0.0
0.16108140497424217
0.021354123526541494
0.0019070492664168277
0.0021650586573151785
0.007534418453246159
0.005596135902458077
0.03113569223587939
0.0350710028339297
0.01257105040492111
0.08000970390789099
0.021581308567441917
0.029723301552032948
0.011652802626399698
0.021256764215942116
0.022372531477266096
0.05697729386898632
0.06283893466015886
0.021099764617666394
0.009415684995863156
0.03415583558358371
0.007865909980943855
0.01697863678215596
0.0043827586534998285
0.0747356324532871
0.007117632568823244
0.05635603269796198
0.005032926342363327
0.005713843339578228
0.019884212629167942
0.014768857991721309
0.08217073800935756
0.09255648352893867
0.03317647417309866
0.02428554479364123
0.002705116658630031
0.018594793039464565
0.0045636801840571225
0.07255791270835496
0.02736149021893741
0.02194744252923674
0.03615899430514498
0.016739962254705896
0.007470140747493429
0.027098283265605854
0.00624059265901316
0.013470374860564984
0.0034771579569965404
0.05929315748395139
0.0056469303190806956
0.002976193712926782
0.007625156702568675
0.012031707905939288
0.020430321432791426
0.044113002795658225
0.03246838149778216
0.019542844772694242
0.003764620401941764
0.019267471014351348
0.0021461637881082275
0.01475258796745437
0.0036206960318268594
0.05756541563506987
0.02170783995922009
0.01741248616674776
0.028687533287904406
0.020234747594986176
0.055524073540756586
0.09401131817784725
0.024164525835257265
0.3065535109963765
0.021095301091589882
0.030866738237198425
0.0
0.0026864634395739003
0.006882853294629137
0.010860429972870294
0.01844144463767553
0.039818634353547044
0.029307608391576256
0.017640363179008765
0.0033981373691381613
0.008233771560371183
0.003138659182203739
0.01409836324544834
0.012783747140980918
0.05853223221608902
0.02628474673467876
0.003480962835307115
0.0033981373691381613
0.018264909769424537
0.05011884573762109
0.08485938535989007
0.021812126982560645
0.27671075171881504
0.01904168901480164
0.02786188392676418
0.0
0.010965332033213123
0.0
0.022272629021651058
0.029577785793417376
0.09900244955167736
0.06079316814365143
0.01699213438200993
0.0027396659076256657
0.013411797520076799
0.005112488381247816
0.02296449346767181
0.020823146105715805
0.09534178123893843
0.042814607921441934
0.005670058779229338
0.00553514631856424
0.008018673542970495
0.003913939506718037
0.022362661276143884
0.06019715430213994
0.07715816742291406
0.0
0.003713088817210321
0.0
0.017861172354803185
0.0
0.036279363410551546
0.04817856206538172
0.161262769757831
0.09902456678186976
0.02767808945080556
0.004462577587478808
0.002625550400504186
0.0
0.004432362367719232
0.00276757315928212
0.022466438743775508
0.03749164795547021
0.0923487956043915
0.05608220552431524
0.01198532982770756
0.005850076781693383
0.03342496359074863
0.08997532386550819
0.11532656623436109
0.0
0.005549869802699611
0.0
0.01308116916539918
0.021133118711777397
0.08013143268817577
0.03434990301023629
0.06190605023507275
0.0
0.005549869802699611
0.0
0.003924350749619754
0.0
0.006624951696606224
0.004136628952226805
0.03358007742242963
0.05603791750875395
0.1380316543102664
0.08382480307649487
0.010464935332319346
0.02225275818845155
0.053600033768424864
0.004136628952226805
0.02092987066463869
0.0351004619376778
0.04908957933413073
0.0
0.013291250589594064
0.02147251312068031
0.08141833031093842
0.03490155680005457
0.06290025121475766
0.0
0.005638999798459567
0.0
0.021697374387016067
0.06624258923981904
0.10835839282057064
0.045062153155839724
0.04334268786054415
0.007764242217384679
0.009398333419950089
0.0
0.010633000471675251
0.022610133823105043
0.05446084149047078
0.004203062532487218
0.021266000943350502
0.035664169580360866
0.04987794990018993
0.0
0.018823437547264472
0.013687762538721742
0.022378737056429784
0.0
0.1411235685847037
0.05904026505729761
0.0247406942582587
0.0
0.013404676158270562
0.04092478844705178
0.06694400616784378
0.02783947768398591
0.02677718899238206
0.0047967625336591425
0.005806306960222389
0.0
0.05633003401812361
0.027193370128053094
0.08613105160390358
0.05711667600514296
0.02163301173486631
0.007344462025066218
0.005994753561693226
0.030164737545660587
0.01162915291066292
0.008456323833941338
0.013825623216975103
0.0
0.0871863895342775
0.03647517986623871
0.015284844541429823
0.0
0.036565038580706095
0.031013425805074053
0.0018361155062665544
0.0
0.010169276134749269
0.014844235505149664
0.09375415411005071
0.16055788583472236
0.03900196434656043
0.018828230280420438
0.05963568569311339
0.039546621974875816
0.014978332023029096
0.005085181485140552
0.004150666136724688
0.020885554904878728
0.09559173837677074
0.04066890748326921
0.03438239440873084
0.0
0.003411243393524706
0.0028427028279372547
0.011791270942938211
0.08691901363276087
0.025317015263943744
0.021473172324465915
0.001271295371285138
0.0
0.007041035073939596
0.010277897999094428
0.06491379314213902
0.11116756891838916
0.044396445810128804
0.044885902882736896
0.05655491257600478
0.00306168460575436
0.01260760240474872
0.05169510787648317
0.04384876919809723
0.023767560910190156
0.08614802865137117
0.03665114021966586
0.03098568504896928
0.0
0.0030742394540821455
0.002561866211735121
0.010626386383147567
0.07833210070174434
0.07601970528148339
0.023646897644902416
0.010144472829401983
0.011362070735741754
0.009766990818390933
0.008565281439299693
0.05303416831625688
0.10003929629282078
0.04001042716259919
0.04045152973726379
0.05096773331781352
0.002759214317228937
0.011362070735741754
0.0465880389885367
0.039516856679771284
0.021419513370434014
0.11211397500067206
0.046298367037209194
0.02582343824126576
0.0
0.004611359181123219
0.0032807895753572485
0.010721055931867734
0.003116644856352083
0.03582858130946087
0.011144936590450733
0.004781155994541542
0.005355017803502668
0.004603246268710724
0.00403687282593444
0.02499534830690106
0.047149170706422355
0.014977806479043867
0.0
0.0
0.0
0.0
0.04470401510314077
0.1667990354577716
0.21294331882467704
0.05284004527990273
0.02182072137409297
0.012170754323384528
0.0
0.0021733635608851202
0.0015462574555462035
0.005052903359147376
0.001468894982360877
0.17207203911616176
0.0
0.0
0.0
0.0
0.0
0.0
0.15353620577736532
0.008265844747888974
0.0
0.0
0.0
0.0
0.02467093222007194
0.09205185907032644
0.11751763624184351
0.0014899918896180242
0.0011464226804153137
0.000595996768556725
0.0005494818490636811
0.0
0.0048649919791440635
0.25048146973205737
0.09734656586161339
0.09496188662718441
0.0
0.0
0.0
0.0
0.0
0.0
0.084732463455934
0.06330023905896397
0.004005002881995703
0.0006663446346481139
0.0
0.0
0.0012590142427475835
0.012021601071562213
0.14007208440213806
0.0017437492622789622
0.0013416675064899571
0.0006974997197856309
0.0006430629425681696
0.0
0.005693538490870794
0.2931404399602455
0.11392545395001817
0.00929046299193172
0.0028723276161413845
0.0037576852724901188
0.001136269723043987
0.005568968950664188
0.002303264614149599
0.0051617627885506175
0.051426307196666306
0.074080769117104
0.004687086466420618
0.0007798283824142619
0.0
0.0
0.0014734343000703321
0.014068974566917004
0.1639274653399094
0.08407808425708888
0.005998865172454983
0.0032519373657673815
0.0008399008612872038
0.0034793555793400954
0.00570136580883271
0.020897163592185287
0.11803310856824673
0.15811183032557038
0.0025648420940933715
0.0035342179581367944
0.0
0.0007377594159376122
0.0
0.0026083734288020392
0.07797940624329705
0.08216460027009018
0.009648751190255971
0.0024838706876302522
0.0
0.0020471014530624295
0.0018165219092336942
0.021049718986802933
0.1125311632805584
0.1494969896700999
0.002669238566545248
0.0011949320947598862
0.0009932389979036053
0.0007604649811722768
0.0008248401146489936
0.007808151290745734
0.15161076450791713
0.06644143480872136
0.0021029379128790406
0.009730560914918335
0.0022813950314646064
0.0005832500369725811
0.009203708004833302
0.02398869443720229
0.09303100530273145
0.08798704853408866
0.010332492782532782
0.0026598857662121418
0.0
0.002192165656654143
0.0019452465035500503
0.0225413698847503
0.12050548402373527
0.12019887601088051
0.01343090529503407
0.0005586422251224512
0.0036901407973358737
0.0013825689934059556
0.0
0.0
0.1119124792240555
0.07114968891679169
0.0022519588678875245
0.010420099807830367
0.0024430620327861143
0.0006245810135012196
0.009855912403308272
0.025688610603316987
0.09962348203288482
0.21437869756799327
0.015454849392235072
0.016022042270147308
0.004445528748916417
0.0018259865090968943
0.001324936366436902
0.0013966055863511378
0.02375639937054228
0.11176033131934378
0.012487990532921961
0.0005194228285712838
0.003431074996807398
0.0012855059373509804
0.0
0.0
0.10405567981948054
0.013794378319823764
0.0012319194006159568
0.0013985888096270777
0.004867098311703538
0.003615002773197763
0.020113095132070775
0.022655234739348298
0.00812067163269524
0.19932827213658413
0.014369843927745209
0.01489721711176488
0.00413343104658976
0.0016977933905375955
0.0012319194006159568
0.0012985570933202453
0.022088584791476087
0.02317171304534145
0.11396781070532762
0.1617163622172082
0.06893114789374188
0.04563890745805153
0.004963851651888676
0.003859317540707325
0.009369040971598195
0.010023695200807552
0.0008951751429051458
0.001016285592139769
0.0035366805852186157
0.0026268444368046993
0.014615195442261822
0.016462443066653207
0.005900892043464069
0.004319518020398581
0.0004811421878125744
0.0033073395841867175
0.0008117132624314095
0.012905422304889329
0.004866617202534626
0.0039036543883307386
0.006431374252780156
0.016837742409405387
0.08281479387670809
0.11751131412128729
0.05008886956041405
0.033163545833736104
0.003606986471369508
0.0028043759431758608
0.006808020546182756
0.0074843297618949365
0.023933449928917477
0.01762387086346478
0.3242766810729791
0.20026443537320343
0.013599611959602244
0.007077808754652162
0.0
0.0032105576565776383
0.00035761738408991223
0.0024582382512975745
0.0006033201429737996
0.009592181858407205
0.003617198735471011
0.0029014597058983176
0.004780231903668343
0.0033717359051226733
0.009252031016311212
0.015665198466162333
0.004026558720662759
0.05108131322201487
0.003515130781147543
0.00514335496896303
0.0
0.005562859584779885
0.017788957137054192
0.013099251646138817
0.2410243402972006
0.148850059958381
0.010108150515218106
0.005260705704138704
0.0
0.0021365149423080237
0.007612077241221036
0.018669728406203824
0.24074472806428251
0.16294121372286696
0.005233026284550074
0.0
0.0013921308198096515
0.0037021926643673896
0.010158803157461621
0.01720051168870399
0.004421193289674283
0.05608768551815624
0.0038596413712250607
0.005647444394266609
0.0
0.002222610039041731
0.0
0.004514534417145972
0.005995247881044957
0.020067229847375828
0.012322427210773496
0.0034442083785341396
0.0005553145979953411
0.002345910287548544
0.008358120954915406
0.020499509302068106
0.2643396135713308
0.17891074008833724
0.005745904207286409
0.0
0.001528570639565419
0.010408508267501872
0.007650795136951507
0.023055910732590182
0.03293977388044468
0.08756854968225665
0.1061561524517986
0.08090668907999557
0.01938606786176718
0.0042795483234035
0.0
0.008692558683922012
0.011543614294469857
0.03863866280641661
0.023726349554717033
0.006631687940257395
0.001069236445020768
0.0006290835557312942
0.0
0.0010619968590353278
0.0006631122995975836
0.005382973096551331
0.008983022836478017
0.0221268305095789
0.013437332323810863
0.02004117381046472
0.014731305503848541
0.04439325045194961
0.06342424069321892
0.16860980261618502
0.20439950160574763
0.15578265171235572
0.037327112159981794
0.007527919148168014
0.002344455974664135
0.011543441511510823
0.018216193801737758
0.0555679275333817
0.03250362308351586
0.012649517223206034
0.0040716052320893745
0.001329928101038623
0.0
0.0022451381111114554
0.001401867324848432
0.011379994156605134
0.018990759484431227
0.04677771881574532
0.028407491656106724
0.0035464749361029946
0.007541264868668167
0.01816458203491478
0.001401867324848432
0.007092949872205989
0.011895239153859379
0.016636028528018577
0.0
0.015914565126181286
0.004956349365592903
0.024403669606349414
0.03851035019145308
0.11747461473096946
0.0687150082536882
0.026741993597587357
0.008607667717838859
0.12299935501162176
0.10037645330168118
0.1863781052265163
0.07565181630889654
0.003989784303115869
0.004572184216269193
0.007702125675185509
0.01619408556255808
0.0019672198377532215
0.004183118764035902
0.010075843412796189
0.0007776119276258676
0.003934439675506443
0.006598256257241298
0.009227959010393593
0.0
0.003482539087281108
0.002532383786905488
0.004140307864985523
0.0
0.026109383182470292
0.01092308619343316
0.004577295437377671
0.0
0.06822740201728199
0.05567854101215126
0.10338341946026722
0.04196385325888059
0.0022131223174723744
0.0025361779384208537
0.004272347808481264
0.008982814469836172
0.01473680248243289
0.03607870706369411
0.05473515439928339
0.35526169414791475
0.08799003529420067
0.009259193983422495
0.03467243349692986
0.03147854165635034
0.002226327138598461
0.0016189092523685267
0.0026468273667436017
0.0
0.01669127808600754
0.006982940498358128
0.0029261859804631234
0.0
0.00700014337600495
0.005937322525653351
0.00035151260049685407
0.0
0.001946843042878465
0.0028418341912556057
0.017948634716133404
0.030737782992094058
0.009420983506726453
0.023064494797718424
0.03499123961581691
0.227112670141906
0.056250511076001854
0.00591924292310955
0.022165488375244874
0.020123688440134364
0.0021895595631907586
0.005015857973388874
0.022799265727106038
0.13877615308476512
0.28488488299764875
0.022321442262801715
0.01880137261182764
0.006306403918005697
0.006610292153885923
0.005606661806520796
0.00033193619905289614
0.0
0.001838419672274126
0.002683567071139429
0.016949041307312965
0.029025937731070817
0.011591946141339899
0.01171974375938428
0.014766531163620008
0.0007994082049598883
0.0032918546829695094
0.013497632419445477
0.011448947356781944
0.0062057284306097135
0.002067618850585029
0.004736515357692751
0.021529531504576243
0.13104744668904705
0.2690191051365024
0.021078318932579457
0.017754288617039614
0.005955188358187568
0.020063145574552257
0.0023235534287626477
0.01352397680435624
0.03599612446738495
0.3035052901006667
0.006384920306977703
0.0037024651226826117
0.004944672636674082
0.016394082393727017
0.01657482207750366
0.020883786519900267
0.0011305749542430991
0.0046555544895363265
0.0190892275815088
0.01619184423391661
0.008776543814475506
0.045938168472427446
0.01897053587602124
0.010581031102121576
0.0
0.0018894825105259501
0.001344287937649535
0.004392901719857005
0.0012770304190799422
0.02837460229853433
0.0032861200261717826
0.01912648552004415
0.05090805488378074
0.4292368746519397
0.009029968593166187
0.0052362664164469
0.006993076885213366
0.01764636782182677
0.019090366414503884
0.009684258581790743
0.014854879925435615
0.016454318810669485
0.11176716520576364
0.05425710484311912
0.015963946292697997
0.0503632168769099
0.020797895178792523
0.011600261436137288
0.0
0.0020714891478501776
0.0014737780629955522
0.004816053173058036
0.0014000418844111514
0.1640063209362059
0.0
0.0
0.0
0.0
0.0
0.0
0.14633933769478313
0.019346175070819576
0.020929268535605842
0.010617106242264399
0.016285793801601167
0.01803930052894806
0.12253326956980985
0.0594834846314641
0.01750169229826952
0.20240450559876183
0.01073390724131215
0.0044313058759594985
0.0
0.0
0.0024466924593542277
0.006466467295753382
0.08591234184714276
0.12310854029685359
0.0
0.0
0.0
0.0
0.0
0.0
0.1098471214327201
0.08206239690229693
0.005192083647441341
0.0008638488368309891
0.0
0.0
0.0016321854076689487
0.015584797359401359
0.18158937716543314
0.15193148100348053
0.008057223920496142
0.0033262839803012306
0.0
0.0
0.0018365678560863514
0.004853943098736994
0.06448863030346269
0.11047965449703248
0.0036481116975199653
0.004193316757051295
0.0
0.0
0.0012458604989007255
0.01133401941713282
0.11472433477585012
0.07920559404950747
0.00501133387731713
0.0008337760396108954
0.0
0.0
0.001575364840577038
0.015042250526294695
0.1752677844469057
0.08989451229374064
0.006413859970272573
0.003476902763526074
0.0008980042655305867
0.003720053515312015
0.006095779932688134
0.022342806047981806
0.12619850729248833
0.10663357390401629
0.0035211115574049026
0.004047336628193291
0.0
0.0
0.0012024888943438319
0.010939453084358182
0.1107304859578314
0.09967338617862627
0.007199292749932976
0.003992499848793681
0.0005273262751238466
0.0038280209985663166
0.0038475718482439145
0.005678066228297562
0.10220264253784826
0.13858130030731675
0.002474341136892215
0.0011076827957284996
0.0009207165451903906
0.0007049387827914973
0.0007646134941308171
0.007238030419579849
0.1405407355188753
0.061590139376016984
0.001949389556775933
0.00902007316190553
0.002114816429900663
0.0005406633853050539
0.008531689004395767
0.022237133169827845
0.08623824273785986
0.043691930768013185
0.0009987578799488105
0.0
0.0
0.002250391028066452
0.0009987577984226395
0.0006240987361110485
0.22364081809951683
0.030324419755409882
0.004417448286935894
0.0010947599193212448
0.0
0.004815638084912123
0.01662354757764384
0.054284648332721175
0.13168005906533511
0.058098657183972446
0.001838880650775777
0.008508734412962946
0.001994929643164203
0.0005100137293567482
0.008048036255291753
0.02097653276769903
0.08134948470219128
0.17505507960991068
0.012619956746676372
0.01308310908188267
0.003630082642902935
0.0014910446669506364
0.00108190246389157
0.0011404253541786873
0.019398748244265858
0.028605359324101208
0.0041670276484315405
0.001032699095923228
0.0
0.0045426444728315935
0.01568117561804166
0.05120730697783377
0.12421525080329994
0.17439214036587258
0.058246436939282664
0.0044050542608496356
0.007853755711197785
0.0009875375227197086
0.001032699095923228
0.014770424120877366
0.10003466344770005
0.14047199353353862
0.010126815436964315
0.010498469501394327
0.0029129400110889598
0.0011964806578640358
0.0008681667292966232
0.0009151281033069922
0.015566419689160416
0.016329729296182507
0.08031618092520473
0.11396586918727279
0.048577633555937166
0.03216296536666023
0.0034981597425765977
0.0027197648522766242
0.006602615116615206
0.1399400215541527
0.04673953552972684
0.0035348117576699234
0.006302203420407964
0.0007924440971077997
0.000828683755123699
0.01185244624845518
0.08027226989510039
0.02656681501402067
0.07087655750867447
0.0497313624982818
0.061809972471743455
0.0032099383139010174
0.003731663448245919
0.005761960602209531
0.0013198165239568017
0.012190160915689313
0.05995611757267429
0.08507564694376345
0.0362632569842231
0.02400968909123236
0.0026113801029612875
0.0020303074595265157
0.004928859460929216
0.005418492688937854
0.01732729951600441
0.012759300894338292
0.23476929551298878
0.1449871148714897
0.009845824585478894
0.005124180282119622
0.0
0.01983215668577996
0.05290942828934897
0.03712451691114406
0.0461412125674994
0.0023962224888221142
0.0027856908765749207
0.004301309939486658
0.0009852444896303516
0.0029787954682363458
0.0
0.03622589563314137
0.09410382048362267
0.03524851832530162
0.0025999370467111667
0.003415432119478998
0.001654768130566067
