0.01200027138598929
0.0
0.00159908838648389
0.013563875513561332
0.008684315831744113
0.01585292479929614
0.01608478085064314
0.007890311297572965
0.015775166329445662
0.012023583858415551
0.022095934190179314
0.0020147403884696845
0.019417706120338513
0.00356159141069422
0.004615489485366704
0.005274658939529382
0.0238914879398019
0.0037217941767961173
0.006250400261259347
0.0020147403884696845
0.007696777917745698
0.01137087716261823
0.019031666208015097
0.015789369633121546
0.07937057398258518
0.5004165892010972
0.03775451263821089
0.02953305036757564
0.030946650935732276
0.009983250363521172
0.02285583767132577
0.03891757460961386
0.005748567657893824
0.0043814679260431415
0.008051894351156337
0.0007341837920650471
0.007075931566281456
0.0012978658206558948
0.001681912762555347
0.0019221181668050687
0.04926924336194558
0.2834382131049403
0.032277179305715574
0.0057594253525344264
0.005251330943182396
0.004362064983493582
0.004763816512651987
0.004029658958133637
0.02892312544008475
0.18235488362397848
0.013757976667824415
0.010762025238687956
0.011277149982071319
0.003637957848550382
0.008328807854545872
0.014181803605259205
0.03916037760344965
0.1888334329703088
0.05707988247486349
0.007660514291722535
0.0022336027931154903
0.001997195854961589
0.0072018469920691105
0.0025643936041028427
0.03919850921943766
0.2255028624636099
0.025679657820151528
0.004582187027340392
0.0041779481547638865
0.0034704499765735256
0.0037900826712335446
0.003205988422862466
0.007837672944441841
0.029720297664752374
0.11146763689865376
0.03253405439049305
0.00047092866312515745
0.002692637721141059
0.0007213289691801371
0.005138447853121959
0.0311559163035798
0.15023549293922867
0.045412637717986676
0.006094689497944465
0.0017770498125027805
0.0015889649361695228
0.005729774732721868
0.0020402263049635523
0.002124204309004983
0.0283672357997858
0.1887998756050959
0.03503800407564067
0.001112122040672624
0.0003329968472327954
0.0
0.0
0.010237190489779795
0.03881921978165611
0.1455936526652797
0.04249441314548914
0.0006151043129362041
0.0035169935600381994
0.0009421651191161612
0.006711592824438231
0.002544732191715595
0.020638247137179957
0.08397957244680988
0.08610901522666656
0.005815620039370198
0.01738488433000246
0.02553112928509038
0.0051198367946215986
0.0027745332453450186
0.03705191561442335
0.24660129412349938
0.04576495149091201
0.001452600186171594
0.00043494442569662437
0.0
0.0
0.0
0.0
0.03140441236086912
0.10594773194707736
0.027745371108074894
0.003565438388802028
0.00044034034095361094
0.0007629430091780974
0.0036854587652505807
0.029889749915038753
0.1216250780273394
0.12470908568192542
0.008422586832217529
0.025178002834820818
0.0369759633319396
0.007414904976177329
0.006664199987746238
0.008323453463804559
0.008950141606667274
0.029532153481570265
0.10447833157505917
0.03929336235250545
0.017820627028944575
0.002597213844472786
0.0
0.0
0.04548206179797647
0.15344089984554832
0.04018278287918677
0.005163716718305236
0.0006377316145660207
0.0011049473141872864
0.0037158724964016353
0.0012641953699387188
0.0007412211493226809
0.0
0.09910210894883327
0.017362322390934926
0.047104914766354096
0.009136687377354208
0.009482368386728526
0.011843289838046764
0.012734992944968184
0.04202076154385658
0.14866030885134446
0.0559098072784088
0.025356644560736205
0.0036955281200574002
0.00452381657216824
0.0038836097498067546
0.0033843349454593026
0.037433093867129896
0.15921413695065575
0.03441235901903533
0.006193804171304234
0.0051322758834024
0.005287247074484791
0.0017988004910713291
0.0010546700289360536
0.0
0.14101057991693716
0.024704531265975455
0.06702472246651102
0.013000425513302305
0.020310659605050567
0.008793110634338465
0.0
0.0037618208302395663
0.059401374916102895
0.01016224661830134
0.05290861096503454
0.026899748797810777
0.005256413655830827
0.004512530293202786
0.003932401798221311
0.04349509372102392
0.18499763425810764
0.03998517424200358
0.0071968428224712545
0.005963408243601155
0.00856602831318902
0.03778999863097182
0.0006458771614606387
0.018769938614403868
0.12618834091893716
0.05486940304940973
0.01264995602583259
0.0
0.023599813742171533
0.010217086850940747
0.0
0.0043710186006464665
0.0690209678714882
0.011807943811646933
0.06147675104659512
0.03125595493617926
0.0
0.0
0.021457238551829242
0.13086382613204214
0.05151071997204329
0.027148335658211325
0.0024509313558829207
0.0
0.007362844633651244
0.03248201832316299
0.0005551573049246615
0.016133514476976633
0.10846393623679915
0.04716245090761224
0.010873144173165945
0.0
0.012379599307551548
0.029071413710763612
0.1083584304406319
0.05129862664638954
0.043015921583882503
0.013611409784675519
0.012414598061515321
0.0
0.0
0.0
0.018443356471407026
0.1124827031556549
0.044275528197556854
0.023335082514945354
0.0021066737257131366
0.0
0.0
0.008083211975495583
0.1562960970242046
0.10945385715504967
0.03234010639768993
0.0
0.0
0.0
0.010145110105341214
0.023824090399574907
0.08879998296807477
0.04203934252241512
0.03525164667365341
0.011154581624480972
0.01017379166471088
0.0
0.011894829589342616
0.004684024469567834
0.08145108352104749
0.18067411001666514
0.0875128783937701
0.008786595790511423
0.007965254158722769
0.014169565817032236
0.0
0.0066242108051261656
0.12808501098887817
0.08969768767999717
0.026502791574431413
0.0
0.0
0.0
0.015019129531999971
0.007951222283639038
0.024287198935719637
0.03583438977063703
0.029509637915870725
0.0058414279185203056
0.006927178694434725
0.005192965755723321
0.010100085187470088
0.003977278178513536
0.06916138444819758
0.15341320265518088
0.07430854894884104
0.0074608354264734025
0.0067634214461576424
0.012031599170593847
0.012018464614003736
0.02612769756792437
0.02422914057958025
0.09187964110048708
0.10554654990254694
0.10764273286950571
0.023611119161396833
0.010555064777875755
0.012752976961583447
0.006751506762334631
0.020622639136888905
0.030427538839961077
0.02505709346763023
0.004960047485369803
0.005881975390829056
0.004409428156533952
0.006098099807423021
0.03802446619844507
0.03110860085750143
0.03712709589369918
0.026789629133447776
0.002018418714193959
0.003932192972749055
0.005211303051394227
0.009330657691434109
0.020284504726798373
0.018810540627817045
0.07133169730529097
0.08194214146997092
0.08356953451487928
0.018330733390848935
0.008194532289799947
0.022493445214628382
0.022061243765612578
0.02583895265642266
0.015431320691201199
0.03782870806392959
0.0984045385284416
0.029343781183927935
0.03712146300334512
0.004734322036857043
0.02952068249914369
0.024151479842324325
0.028823999902409525
0.020798402054902788
0.0015670199734319035
0.0030527981554843158
0.004045848322607582
0.00410992918011907
0.001021469278376759
0.0028724045860053227
0.0022958585034855714
0.022439910448227258
0.14790565122831847
0.09163984631514738
0.010702410868188784
0.01595117660704197
0.01564468191148564
0.018323635762810982
0.010943086720444748
0.026826144122713162
0.06978335946424162
0.020809077111887977
0.02632460286221723
0.026403236274338784
0.02170563153303263
0.009269799494767651
0.0
0.016290549879899918
0.0447454825252198
0.08366163712522527
0.04597961781863233
0.0029145471300180996
0.000724372665129084
0.0020369593186396703
0.0016281029475227265
0.01591321254660868
0.10488696335357892
0.06498619303833712
0.007589590845273504
0.027159121355570748
0.008218782231517558
0.0006858824952108545
0.0018046761756925044
0.007654949608004696
0.045635877474215256
0.22692579836308127
0.02857312949070895
0.0356795693764668
0.029331540198181925
0.012526587678228928
0.0
0.022013960659269145
0.06046605542797401
0.11305474658269024
0.0621337834050953
0.016092332338070163
0.0014370288822222917
0.00528461489068032
0.004116126232893505
0.004207205200221462
0.008602533444092862
0.004983387673297645
0.012370831945538344
0.036701021970998324
0.011106313172090378
0.0009268557769853421
0.0024387188049086995
0.01034438743699046
0.06166927567056279
0.3066523619256003
0.03861181808827525
0.024691087454864986
0.008803457495930865
0.017303709374446925
0.010953058019366056
0.011951484685196493
0.00596503838941326
0.043171628598609686
0.016409314680169672
0.06200880704564893
0.005537323291909641
0.02036327973985012
0.015860726213515162
0.016211682059585734
0.03314826124840439
0.019202556731701008
0.04766869804759636
0.015555784695931378
0.011446422709090198
0.023934679342006448
0.029994047518395593
0.03173268630907436
0.021934506104036817
0.003615773530696139
0.0
0.09514250921315333
0.033922484679757337
0.06667662295512478
0.04220557014447771
0.04605282144218083
0.022985165030053867
0.16635383432173403
0.0632302394940471
0.007075168249285875
0.010060859578752676
0.027808532230557192
0.016967167239658364
0.023468227625899916
0.007323056156044611
0.00890361763815589
0.0036082554639077567
0.03661812994660365
0.02694474128938335
0.05634194709606106
0.07060562685342914
0.07469836164063229
0.05163356336773345
0.008511487372228229
0.0
0.00932693825076601
0.0026069585321078738
0.03659342446889721
0.026670864057584977
0.08870240483940019
0.0
0.003297570585976903
0.0
0.016654860902915215
0.023683142357045817
0.06546095017046584
0.03994050746730052
0.05524392537050499
0.01723838605187521
0.020959008757310642
0.008493789933494957
0.014086897721414431
0.014263308396902102
0.044334004205066294
0.053616219092409094
0.06842789792206408
0.04037512374055091
0.015054479639225868
0.009613987660529646
0.01179241547338514
0.0018370117152096117
0.0030850869121856967
0.0009944401868861121
0.0037989933168300614
0.0056124636580308675
0.009393693504614734
0.007793353316702795
0.039175910145153495
0.24699676907953036
0.018634959034227672
0.01457699080979673
0.01527471902392547
0.0049275556364716325
0.011281236835965595
0.019209025832521525
0.016253162310798628
0.009854688411721149
0.011877837039071424
0.004905454389830628
0.0014151131771527642
0.0036723460809048314
0.004631491001265989
0.0053929165107209995
0.14245455375673716
0.29692060228771083
0.05713560239368617
0.005386118341796944
0.003930869936535456
0.0
0.002138624529570675
0.01964579409051805
0.024289152309725042
0.15313855177720448
0.011553716469911747
0.009037767053394586
0.0094703601137976
0.003055095565755737
0.006994392184778568
0.011909639174656888
0.03288622379648839
0.15857912811274125
0.04793472137460335
0.00643317053642488
0.0018757419060327681
0.0016772113516571403
0.006047989483849821
0.0021535344429207087
0.0883221433935047
0.18409144053424634
0.03542420185532863
0.0033394054733478632
0.0024371481924598134
0.0
0.0013259520133569235
0.012180436475937794
0.05255691036819334
0.07829818143824788
0.0488143170745966
0.002282395269495375
0.001668690295274705
0.0010362896469735866
0.0
0.001185967533105979
0.04389228811260413
0.21165095825058625
0.06397708092578741
0.008586165940171829
0.002503498263405566
0.002238525296435106
0.008072075972294583
0.0028742598972152423
0.0029925676597792467
0.039963609946510055
0.26598025411727444
0.049361352585284554
0.0015667515777724502
0.0004691241758680455
0.0
0.0
0.07014618237912068
0.10450230952778167
0.06515105176919067
0.0030462467012169685
0.0022271524898740333
0.00138310570512904
0.0
0.0015828764341389797
0.011692312268273086
0.006963350051791478
0.018012826136537322
0.0004114491292096808
0.0011710047364353574
0.00215426646644329
0.0029979901361220015
0.004429196804850956
0.004844792587230971
0.06469875479511272
0.430606525899648
0.07991315227891023
0.002536479469468146
0.0007594846927885346
0.0
0.0
0.0
0.0
0.054837282799746555
0.18500221153677512
0.048447993369658875
0.006225843393759287
0.0007689068506531899
0.0013322243089165416
0.018929171950317028
0.011273257800193684
0.029161715443992285
0.0006661121544582708
0.0018957884036990755
0.003487631824609979
0.00485357126032261
0.0071706114237403565
0.004973271782529081
0.009786157810328815
0.012320382747803654
0.0048309439793227
0.007793796770762865
0.0012304970652191214
0.0016531679767926182
0.0
0.0
0.0
0.08610930003151868
0.29050328766085914
0.07607639518222564
0.009776250561140946
0.0012073907990840797
0.002091950893057511
0.007035107183416046
0.002393448627989708
0.0014033232402752135
0.0
0.1876259099936187
0.03287136442155502
0.08918178020582967
0.01729811102595587
0.0078093758515340155
0.015366902881068506
0.019346318423688832
0.007585882875890411
0.01223835956586461
0.0019322117283562094
0.0025959188721289485
0.0
0.0033613406120786924
0.002958465332340373
0.022137592081114738
0.025933634013139865
0.03305782685482095
0.029195748720469324
0.010080309066338765
0.002826069913551871
0.006714523179956021
0.0022843811577675606
0.0013393749633283552
0.0
0.1790759527846686
0.031373443589545955
0.0851178403981359
0.016509850443648125
0.025793459771614218
0.01116678383787023
0.0
0.004777312807146673
0.07543659359522113
0.012905513874753636
0.0671911279611644
0.034161253350448874
0.0032081671063568205
0.002823650519202183
0.021128800358216973
0.02475185980566255
0.03155140908427309
0.027865322649508428
0.009620957737020127
0.002697288249914948
0.0028412434858216735
0.0
0.0007059126298005458
0.06662150060886626
0.12887365676696827
0.10256146957132763
0.016370368791911828
0.0045305768319165735
0.023993610474740336
0.01038757359554935
0.0
0.0044439553136958665
0.07017268169107481
0.012004976285808941
0.06250257879064355
0.031777505362875665
0.0
0.0
0.021815283345062525
0.1330474767195111
0.05237025019710645
0.027601344567251176
0.00249182865999903
0.0
0.002642983534055474
0.0
0.0006566545480367672
0.061972699630274374
0.11988094456118427
0.09540480309351554
0.015228056088591815
0.004214436399513936
0.0
0.0
0.0
0.16165905144824988
0.0811223122911605
0.00460861751110719
0.0
0.0
0.0
0.0
0.022248551987776727
0.1356899039913924
0.053410364453822676
0.028149528925372137
0.0025413183321851347
0.0
0.0
0.009750923707614764
0.18854278750836978
0.13203615269010913
0.03901245088412823
0.0
0.0
0.0
0.0
0.0
0.0
0.16486972704184932
0.08273346505889129
0.004700148270632175
0.0
0.0
0.006441439894609144
0.0
0.023434857876006174
0.05820205084476474
0.020125103863797428
0.01182954161370199
0.008575344670624867
0.007705955027870368
0.0
0.011332766024584625
0.21912911643301192
0.1534557002076437
0.04534124060166341
0.0
0.0
0.0
0.025694876851951733
0.01360303051953197
0.041550782580478146
0.06130583202305916
0.05048538336249468
0.009993573241787278
0.011851086516414259
0.00888417769521328
0.007486401634957241
0.0
0.02723657461505643
0.06764387089395486
0.023389896193195703
0.01374858744730816
0.009966478832817444
0.008956052569525096
0.0011007355932047208
0.0
0.025546871402237763
0.09534813178877297
0.0344779029722322
0.012278591276458407
0.015538666781257218
0.004653226394751289
0.029056964650848838
0.01538294109085932
0.04698756205808988
0.06932749295700937
0.05709122515748244
0.011301198526671469
0.013401761135720084
0.010046642322088559
0.013894188868638722
0.08663667891221771
0.07087925573587418
0.0845920694612425
0.06103871347724058
0.004598857302543388
0.008959287902241998
0.01187367067355083
0.0012447631255820264
0.0
0.028889593188231952
0.10782411259933353
0.038989220056271666
0.013885203448841305
0.01757184881584729
0.005262085342682418
0.00039362865764946525
0.01936345953750313
0.07236902752695215
0.04988428781880415
0.04925375580529929
0.0
0.0
0.0
0.008850832530263985
0.05518902494272917
0.04515128074903151
0.053886574255505304
0.03888268944358706
0.002929549626842019
0.005707217424699739
0.0075637283791580925
0.007683527778906239
0.0019096405878895842
0.005369970980422142
0.0042921159501484235
0.0419514954464805
0.276510161140314
0.17132103108324953
0.020008196638710493
0.00025074809050795423
0.012334850144424031
0.04610029049373885
0.03177713226371168
0.03137547274193145
0.0
0.0
0.0
0.007025094039870158
0.0072587437131270026
0.013663524048281792
0.029557658129947074
0.03427084681702047
0.014135589774094648
0.023217218176162725
0.0018254736516885375
0.0032782074481228734
0.0008147556927748267
0.0022911193101366636
0.0018312482079665877
0.01789877108404522
0.11797415143345376
0.0730947939902089
0.008536576053593023
0.030547879289827135
0.00924427429852317
0.0007714629422799422
0.0020298532213367682
0.008610089904365495
0.05133005807206359
0.25524028577313235
0.03213831917414892
0.0029972840950077584
0.003096971650146799
0.005829596455114209
0.012610891483554367
0.014621792036395466
0.006031005159929685
0.009905717756202982
0.0007788455372994427
0.005796559828303709
0.0007714629422799422
0.001741981243419131
0.004595311902916501
0.017638462821129183
0.08187821813914173
0.18637855491602015
0.029695361199351903
0.02988011188373201
0.009042197257070006
0.0007545989955890063
0.001985481243579959
0.00842187594204312
0.05020799852062007
0.24966081028992057
0.03143578523300147
0.020102231928728745
0.007167328886644029
0.01408780312767929
0.00891742467951672
0.009730293065206078
0.0048564319164537025
0.03514815183481095
0.013359632300329065
0.00566984878286264
0.0007545989955890063
0.0017039020600706576
0.004494859773965261
0.01725289135628798
0.08008838504389726
0.1823043760511889
0.02904622958098281
0.024290293383682045
0.005266037637185627
0.0024023571281440396
0.0005335820731357953
0.00368649180431125
0.020252740786451513
0.08891241311715554
0.03858270137577612
0.057992873301878654
0.020677007285047674
0.04064186428561324
0.02572585379831319
0.028070895556338845
0.014010307006138993
0.10139880603199714
0.038541166279423424
0.004312576357967082
0.006132465495012758
0.016950327458201606
0.010342115087766264
0.014304751499451806
0.004463673192480039
0.005427083791338167
0.0021993649703983733
0.07007500021190023
0.015191977417183415
0.0069305534356718
0.0015393294472587854
0.010635150011890067
0.05842707588931637
0.25650317472949263
0.11130712850506366
0.013373605524750908
0.006636632348565201
0.011032992854226011
0.015923409088047524
0.015345786290454636
0.003113592084200317
0.006730687695275897
0.006042386653538703
0.01612088255094865
0.022923827379939563
0.06336217969775222
0.038659958414479285
0.053472727136099865
0.016685699059879225
0.020287033349030734
0.008221467037670353
0.01363525189420216
0.013806006594397372
0.04291259344459837
0.051897207419088445
0.06623400291603827
0.039080640276467946
0.014571811769807578
0.009305749644209861
0.0499920015442595
0.024808458272836162
0.04124253514024177
0.059523446406901125
0.05736422915349699
0.011638948075256283
0.02516004745567132
0.02258710280901201
0.040055277536514645
0.009749224556849493
0.02435585387114265
0.024422548754514942
0.05045060904508569
0.026396959234332783
0.030368498986132492
0.01070577610859129
0.015182540474260441
0.00920554430030976
0.011095424886796112
0.004582324251371023
0.0013218974053748572
0.0034304427620085497
0.004326407270059354
0.005037676461517214
0.13307084410997294
0.2773619665927921
0.05337198874135698
0.005031326098869832
0.0036719372371523816
0.0
0.001997749906052437
0.018351694164162977
0.03540647999777669
0.026973162543290824
0.01687738245231937
0.005908235316779808
0.010145734708310022
0.0052650798438958835
0.006731119387561802
0.02660589037853353
0.14977142605643545
0.03405677636358021
0.01117461448050799
0.0037652703110396504
0.005713718901575194
0.0029799665030657164
0.0017758711542802477
0.10980931893580405
0.104627441670555
0.21807686856885966
0.04196392287301454
0.0039558986903247
0.0028870741871946017
0.0
0.0015707382271891157
0.014429087179532863
0.062259529294180715
0.09275293937152423
0.05782600960730228
0.0027037520688819655
0.001976749995266928
0.001227600807981553
0.0
0.0014049109784437493
0.11775833578304586
0.026777265946572416
0.008786081824085055
0.002960457660557134
0.004492432546700164
0.0023430096469670577
0.0013962852407798977
0.08633798176213843
0.12795999145593048
0.004653562176488751
0.0
0.0
0.0
0.0002582277693374365
0.00016331757604925412
0.008450379272897709
0.14744012919573826
0.21965320842058209
0.13694087353422296
0.006402900228583352
0.004681247641830026
0.002907147287837115
0.0
0.0033270450085079338
0.024576049229790023
0.014636252415311501
0.0378611254764728
0.0008648241530847199
0.0024613326594982517
0.004528048645865976
0.006301469844907015
0.009309720457929818
0.3030289159913608
0.011020350078137082
0.0
0.0
0.0
0.0006115230247427773
0.0003867611076668951
0.02001179620009561
0.008873832341675545
0.009070467000345
0.005141186815320047
0.0011275926988476453
0.010653723247988533
0.0018345690090252834
0.004092372830737212
0.0022551853976952906
0.06436927922130752
0.03833508834824107
0.09916538393298374
0.002265136550905125
0.006446691562764257
0.011859808095603358
0.01650473060819689
0.02438390280006464
0.016911776217855248
0.03327815533876455
0.041895871583197866
0.01642778578607128
0.026503065313586392
0.00418434622391195
0.005621652726130254
0.0
0.023242230125092512
0.02375725315137853
0.0134657318818802
0.0029533766229622714
0.0279040980136484
0.004805080087875249
0.010718691477070537
0.005906753245924543
0.0
0.023136516554951154
0.18636220360147504
0.24150689177217535
0.013401753968023457
0.006766999199051486
0.005653692575202027
0.002265136550905125
0.008187689550529391
0.01611132983420302
0.020283522295541204
0.007953369787198444
0.0128312288508137
0.0020258148766863155
0.002721674334470295
0.0
0.0035241758020752244
0.0031017838234086974
0.023210015089851363
0.027189950676394844
0.034659264536391794
0.030610093721063783
0.010568634776664788
0.0029629747037605964
0.0
0.011201343513085342
0.09022564202513671
0.11692346378473098
0.006488342768330892
0.003276183880201628
0.0027371861490819694
0.0010966461848511918
0.0
0.0012503690035153127
0.01029339709366249
0.4128242907525967
0.13626986312900047
0.0
0.0014713051655926392
0.0
0.0024779644036020676
0.0021809666525573097
0.016319728194561525
0.01911815235554592
0.024370073628458888
0.021522967891401505
0.007431156174395419
0.0020833653759181614
0.0021945553290793262
0.0
0.0005452416631393274
0.0514579513941824
0.09954105364331349
0.07921771602086862
0.01264435105634548
0.0034993838366550608
0.0
0.0008791757438019539
0.007237627468872842
0.2902703936690186
0.09581584151351065
0.0
0.001034523256481001
0.0
0.00048767896201762806
0.00449064750015176
0.018269605025863125
0.09877661448910592
0.13813295263661624
0.0
0.0
0.0
0.002500936780390587
0.0
0.0006213627478321773
0.05864198618280085
0.11343796117450111
0.09027728625928193
0.014409626497889003
0.003987932147268555
0.0
0.0
0.0
0.1529707099724581
0.076762405783129
0.004360928054135268
0.0
0.0
0.0005557637289756859
0.005117585941936677
0.020820221102175827
0.11256679881564163
0.15741766783241448
0.0
0.0
0.0
0.0008336455934635289
0.0
0.008053636426238815
0.0
0.14380798628927213
0.03246221868663756
0.0003929842947705902
0.0
0.0
0.0
0.0
0.23692569358050283
0.1188919515007177
0.006754338160989764
0.0
0.0
0.009256657617319933
0.0
0.03367701309303382
0.08363913443432423
0.02892073806915171
0.01699961783071517
0.012323180975874053
0.01107382642305775
0.0012911756797575034
0.0
0.012473717331085038
0.0
0.22273418813402754
0.05027847278003959
0.0006086660421562448
0.0
0.0022049430866547767
0.007180329990636321
0.02004575559607406
0.04297901352999449
0.06251798194936523
0.01331181780461253
0.005911235488286373
0.0
0.011804866530184421
0.0
0.042947752972377996
0.10666364248472823
0.03688215195752332
0.021679339114828135
0.015715554432445322
0.014122272671944732
0.0017356852325595702
0.0
0.040283359332340264
0.15034886245123666
0.05436617786138515
0.019361388590275138
0.024502009958059047
0.007337399087470139
0.002811928443362763
0.009156959313645156
0.025564029598068368
0.05481044447093541
0.07972817653618827
0.016976347074083666
0.007538503513097838
0.0
0.004458544275919186
0.006882389292884244
0.01840100103010016
0.10371585991305848
0.11480803619440953
0.005660929878352365
0.0
0.0017356852325595702
0.0015647968015139449
0.0
0.03631722541334668
0.13554613167274307
0.04901350753706662
0.017455145881637452
0.022089642807235063
0.006614988943918756
0.0004948321908122925
0.024341883951906083
0.09097539963669736
0.06270974165318968
0.061917097287601475
0.0
0.0
0.0
0.004019574339569777
0.006204777542756138
0.016589314131626284
0.09350442281455097
0.10350450902908369
0.005103577999668488
0.0
0.0015647968015139449
0.000989664381624585
0.0033194351790937424
0.010408847912011318
0.009677999997406995
0.19364561929670737
0.03243177792289137
0.006389613346742483
0.0036050421418801766
0.0005304667072048554
0.026094824198752517
0.09752684157977742
0.06722567929509149
0.0663759539651613
0.0
0.0
0.0
0.01486184200081142
0.015356136384313882
0.028905682176975436
0.0625303010248944
0.07250122314917552
0.0299043543927795
0.04911686964960186
0.003861855917382244
0.0010609334144097108
0.0035584787771048027
0.011158423765068466
0.01037494505465701
0.20759068617655008
0.03476729841547716
0.006849750714064661
0.003864653249819272
0.003182800243229132
0.0
0.015321627435067216
0.010434166851276645
0.05734028537609725
0.08748308712774625
0.007187705099072808
0.005032448861052501
0.005584072145766543
0.005769794447118841
0.010860794690861084
0.023494645697380304
0.027241041904443035
0.011236027969664475
0.018454788019049942
0.0014510235042224575
0.01079924600154269
0.0014372694048761423
0.0032453877014949287
0.008561268263133748
0.03286123230615924
0.15254272293284052
0.3472314482328289
0.05532376447330005
0.0011958804421944743
0.0
0.0057568283247325675
0.0039204521535966645
0.021544589855112678
0.03287021016836566
0.0027006520344870608
0.0018908529311819865
0.06048152806319865
0.00909865049227497
0.004262776108313724
0.0
0.003540661895022427
0.0013370349529652798
0.02801384363144139
0.10729125613126847
0.006655680065943366
0.0008858030760719688
0.002000163921445249
0.005276392676858461
0.020252696231866055
0.09401355984332561
0.21400210977152906
0.03409657269825027
0.028513709564589856
0.006181657231187745
0.00282006118000777
0.0006263573692562594
0.004327471676031188
0.0237741372469279
0.1043718445168117
0.04529117552714457
0.037275352430208665
0.00560758655741054
0.002627190265471344
0.0
0.0021821442711444537
0.0008240276110618574
0.01726520357084227
0.06612464190378639
0.042607019842992165
0.008663918778201187
0.0013897621949766497
0.005827767527851536
0.000245677572280765
0.0018762977456312036
0.009279538168144735
0.20511432172910288
0.05133161673374733
0.011128487475540131
0.005076796455752926
0.0011275957042414743
0.007790502214276704
0.04279923306963668
0.18789472160383597
0.08153513867825296
0.009796486494027281
0.004861492216756147
0.008081931629065137
0.011664278700401872
0.011241156160650845
0.002280780806965426
0.0049303900118972625
0.004426193006331037
0.07670300519100838
0.015597162379995536
0.0025019101840114766
0.010491399881710066
0.00044227942182783943
0.003377792585667043
0.01670542710812089
0.36925569876310477
0.019036501373738725
0.002089144499713247
0.006021395493519003
0.002954496479114868
0.005442234501477198
0.0059670355524124455
0.007287043763920231
0.010160388800449038
0.04519748745623117
0.022429187609186687
0.03728714408471804
0.05381481315457524
0.051862676978558946
0.010522707500906761
0.022747057412156466
0.020420872626576204
0.03621375116196691
0.00881421909515011
0.022019990514926185
0.02208028898391117
0.04561211191865791
0.02386534239522563
0.02745598915008642
0.009679031973722538
0.08782761376485877
0.009638566069336418
0.02778056678312756
0.013630990828771873
0.02510852495579413
0.027529769442899196
0.03361981556485521
0.04687640264075356
0.0260250574031863
0.009125479340580757
0.02895155114135268
0.026258893488148635
0.06753024538641401
0.03290694856203477
0.055846945117819145
0.02131865156123332
0.04060672871793582
0.03093478634783734
0.019356210805288123
0.0067759943582437554
0.011635867134218393
0.006038376842679001
0.007719737713433353
0.03051357189328312
0.17176877418918665
0.0390587903369708
0.012815861355491958
0.004318286089994989
0.006552908773235161
0.003417642515893246
0.0020366983163645123
0.12593732065450972
0.0788085034667465
0.002806082823659177
0.008243223423104323
0.002797321177453461
0.00484605462855933
0.009498885881312268
0.006781382433303156
0.06097072482530025
0.1345303062952893
0.014651781906376008
0.004707553468378583
0.0
0.002540688319027173
0.0
0.002144015791331172
0.14718570389985303
0.15915341586277007
0.036190162798448826
0.011874615287780402
0.004001134578386329
0.0060716379913663306
0.0031666377266170386
0.0018871153715887138
0.11668800025722018
0.17294121557137598
0.006289408825227328
0.0
0.0
0.0
0.00034900146378082157
0.00022072789943766146
0.011420904666107325
0.12464988403758367
0.013575698783922913
0.004361812665810175
0.0
0.002354090413257833
0.0
0.00198655103912104
0.13637582064844544
0.14482476290442095
0.004697898422703397
0.001580914525312289
0.0
0.000936469182963584
0.00034900146378082157
0.001267732272174155
0.032785185560304284
0.27863982343370214
0.010133384102648628
0.0
0.0
0.0
0.0005623049770102758
0.0003556328820923449
0.01840115931360439
0.008159627502133301
0.00834043614342536
0.0047274016137169445
0.0010368391065392485
0.00979626500335593
0.0016869148710756054
0.0037630007659533254
0.002073678213078497
0.23333909288882512
0.007569170730567031
0.002547141482389931
0.0
0.0015088225610648761
0.0005623049770102758
0.0020425477831455614
0.05282291029112177
0.03207193220272705
0.11830446490951418
0.1364080640588471
0.054402984597121784
0.0035454863387376617
0.0
0.006403068045799587
0.0007952193226457548
0.005986364498704647
0.006119015950135097
0.0034682893531690346
0.000760683844529966
0.007187094388887295
0.001237616213963655
0.002760750314645107
0.001521367689059932
0.0
0.005959136476267922
0.04800021656853795
0.06220350953055119
0.0034518109382255515
0.0017429361790988359
0.001456188340646367
0.0005834178975113628
0.023529784453159338
0.08679485044965665
0.10007667529006904
0.03991310823081555
0.002601169421436503
0.0
0.004697653075724753
0.0005834178975113628
0.011256975735770442
0.02502617570298097
0.34469181003165317
0.17674318559713695
0.003502900077098761
0.01047560088500776
0.011323422160561553
0.006344636656524938
0.0
0.00395579979808183
0.03186355066139109
0.041291994472836865
0.0022913845096229303
0.0011569975973543564
0.0009666483670643537
0.0003872850387575202
0.0
0.0004415728743481102
0.0036351548452307468
0.14579056914866304
0.04812425370408615
0.0
0.000519597374205068
0.0
0.0074726166316065245
0.016612900407109516
0.22881365411815918
0.11732583415095116
0.0023252985517066564
0.006953923614726831
0.007516725162233189
0.004211702904395023
0.006125118844147746
0.0032146991173789543
0.02628225015348692
0.14246687342457395
0.11951999867134007
0.027273585560067103
0.0021812262423215358
0.0012786272921936936
0.0
0.00045542385326880516
0.003749180085592454
0.1503636356059163
0.04963378488761622
0.0
0.0005358957763385496
0.0
0.0002526237030604777
0.002326210661075448
0.009463880205107203
0.05116750172034937
0.07155456914804992
0.0
0.0
0.0
0.006317247701977361
0.0033155357681286797
0.027106655170216723
0.14693568429438625
0.1232690264725658
0.028129086159468623
0.002249645568912337
0.0013187344652118406
0.0018946777729535829
0.006850361927943133
0.0064424349355057696
0.008351423882097886
0.22379157356954496
0.0699340476099759
0.003572638669537489
0.0010183587060289107
0.00033264974548364884
0.0030631068065804126
0.012461844646315669
0.06737632382909697
0.0942215988718709
0.0
0.0
0.0
0.0004989746182254733
0.0
0.004820465906157381
0.0
0.08607558849839099
0.019430107113767695
0.00023521888676586737
0.0
0.0024948730911273664
0.009020417024192014
0.008483267071253062
0.0109969848242659
0.2946841847673834
0.09208772912544398
0.004704377814627227
0.001340953997062094
0.011987211181875394
0.004493850690797052
0.0
0.0
0.049994070138675725
0.1880542874730668
0.02693174438388701
0.006209956597850824
0.0007467316812227283
0.0
0.007213983394953334
0.0
0.1288149067385927
0.02907778476388388
0.00035201268432184107
0.0
0.0012751950674964568
0.004152633889951239
0.011593155766725406
0.02485625429110834
0.03615631745516571
0.007698685969081966
0.003418672519529298
0.0
0.017939249877774104
0.006725193143965591
0.0
0.0
0.07481774559713358
0.2814293335106088
0.04030422796566616
0.00929340122975535
0.0
0.0
0.0033394855306746584
0.04883249869549983
0.24446836374973585
0.017493847871635847
0.0
0.0
0.0014070661422136072
0.004582068027467029
0.01279203266743586
0.02742670100185861
0.039895331635943526
0.00849482611934608
0.003772205897086508
0.0
0.0022310193237719024
0.003443891673135849
0.009207711381633983
0.05189857346430605
0.05744900833607295
0.0028326833081674598
0.0
0.0008685227855066204
0.0
0.0
0.003684829985932806
0.053882388118881956
0.26974944166773096
0.019302929931763378
0.0
0.0
0.0
0.07659269884694075
0.21764572649084657
0.09632562173346765
0.03651436990718833
0.0
0.0
0.0
0.0014796361191245502
0.0022840261649141424
0.006106653667035997
0.03441969462595171
0.03810080299897556
0.0018786661738633653
0.0
0.0005760136947382385
0.0003643030433465077
0.0012219095285112864
0.003831576686484305
0.003562545968134373
0.07128243650105437
0.011938386000163495
0.002352065640883853
0.0013270436403131595
0.0
0.050797105371351556
0.14434499722059974
0.06388419302124311
0.024216724618237408
0.0
0.0
0.0
0.013927385783310044
0.009575501152018695
0.06536743160528814
0.2899480228583417
0.14355533301885365
0.01365731174331326
0.0
0.0
0.0002676430987286093
0.0008977022249734925
0.0028149505641421567
0.0026173013365899385
0.05236918147818269
0.008770793111005822
0.0017279958211616772
0.0009749412708136048
0.0008029292961858279
0.0
0.0038652075508134077
0.002632241298838534
0.01446531087776149
0.02206947599839929
0.0018132520281997295
0.001269542639596048
0.010232054758566466
0.007034848725565058
0.04802359538382776
0.21301657706501323
0.10546602579885296
0.010033639032233537
0.0
0.0
0.0
0.00888177029111486
0.019067610507811396
0.10574658221969735
0.22303893225505642
0.11382426134234873
0.01827546273293666
0.0
0.0008142837378986319
0.0
0.003919866502793462
0.00266946453946965
0.014669868775946738
0.02238156646520168
0.0018388937186482152
0.0012874955875974328
0.04118231472600126
0.006195337653559565
0.0029025554234611436
0.0
0.0024108625752115647
0.0009103968764668874
0.019074830978303026
0.07305540086105146
0.0
0.009007369822176979
0.019337250777685527
0.10724197342019964
0.22619298650118516
0.11543388120184823
0.018533901025525282
0.0
0.038958756192940217
0.0024308274533372787
0.0021735052624099367
0.002593855147985699
0.020072606876865826
0.1411990068287445
0.047651233438343606
0.05585953391527724
0.03917489060699069
0.005893347094895856
0.0027610709099609334
0.0
0.002293345536324869
0.0008660197534263106
0.018145031960771853
0.06949432920473031
0.044778257819674115
0.009105428875538174
0.0014605839625494521
0.006124748406175659
0.00025819721052161603
0.001971913184962318
0.009752420001959718
0.21556687172064704
0.037059719012813394
0.002312337230253694
0.0020675581607089402
0.002467418170852923
0.019094171462437862
0.13431628802640871
0.04532848310385744
0.05313667153116218
0.1435484614905865
0.04894522575887632
0.010527899068242431
0.0011690376497161291
0.0034856623420418164
0.002298584946959367
0.006362075141720362
0.06023378540801825
0.06946432770422377
0.014125214470045422
0.002265797910732723
0.009501297082745781
0.00040054027372430983
0.0030590208363202227
0.015128889150924245
0.3344080039844295
0.01723997340748662
0.0018919860804432946
0.005453139531586082
0.0026756723692264034
0.004928635584908756
0.005403909690413563
0.006599345028939152
0.009201524444565746
0.2226861395674508
0.07592852797810218
0.016331886645935316
0.001813523311368699
0.005407293695278183
0.0035657854009100726
0.00986946107423559
0.09344042426344942
0.006696897878961286
0.0026169337761524298
0.0031894780628002853
0.008812396353857057
0.011936569692911693
0.012978017339705722
0.015171087794721998
0.007808043267668428
0.0756687716016723
0.00830420437495782
0.02393462913048625
0.01174391842739014
0.021632504387760883
0.02371855213781222
0.028965493154332507
0.0403868402303155
0.02242215221552629
0.00786214929881734
0.024943502583303665
0.02262361606666332
0.05818136796964888
0.028351315356411153
0.048115502102622575
0.018367300518507865
0.029393666919624483
0.011486106128121286
0.013999086968299683
0.03867889997288773
0.05239135493144928
0.05696242138600278
0.06658812923627928
0.034270646984908115
0.016160166225537172
0.0
0.039939855146982554
0.03995372723659673
0.07913696166402147
0.01993336789423981
0.018529488617735106
0.01735317599188436
0.08772390781269743
0.0031235277934358895
0.00917575819661387
0.0031137749646137814
0.005394276388846959
0.010573470535792823
0.0075485428761218306
0.06786818691595681
0.1497493756170817
0.016309300503200373
0.005240106946804779
0.0
0.002828109887573001
0.0
0.002386562811804501
0.1638364459706537
0.09596654238515724
0.0006760628215472241
0.006812303366190685
0.0031517408996804674
0.003248459492102016
0.0029704001552205814
0.00830398261957493
0.05727115723656928
0.11640937570892004
0.006734481729005754
0.008131679067322812
0.005559087751476989
0.008062452222299704
0.003552166229545234
0.017372100629100235
0.12090642045729205
0.11791013873168808
0.012841668801788237
0.004125972041756916
0.0
0.0022268061407139093
0.0
0.0018791394025662793
0.12900206090410515
0.13699417386297258
0.004443885841091666
0.0014954354144951219
0.0
0.0008858348496168183
0.0003301311616106385
0.0011991867400504195
0.031012510020418875
0.09165878377086385
0.005302617601448679
0.006402747276899008
0.004377132160299377
0.00634823922391384
0.002796915921670927
0.013678499738628643
0.09519968114007243
0.1092316533499237
0.045606982493740664
0.1029734712765062
0.03054277532965527
0.0010334739912196214
0.0003301311616106385
0.015307654277393137
0.024862108395177995
0.08418199253758019
0.0027307377690880697
0.0009189349397397057
0.0
0.0005443395189532725
0.00020286336418165704
0.0007368921345740145
0.019056977486662033
0.011570625067279698
0.04268082754105921
0.049212082246924534
0.019627022573362914
0.0012791088746192697
0.0
0.0023100416641541398
0.00028689212020122025
0.06712211160431095
0.028025182032849406
0.06327650108126634
0.018768328698779584
0.0006350627721121512
0.00020286336418165704
0.00940644993732586
0.015277597319465817
0.17928028930550372
0.10665553885409491
0.11427747710333819
0.05546554682576218
0.016700199559234317
0.04673062629409855
0.01038330996317936
0.03245346132035301
0.009245476100946016
0.03410399772743087
0.039322778816710924
0.015682918345345458
0.0010220684243103513
0.0
0.0018458324311728723
0.00022924035870550564
0.004423164196050276
0.009833447893268706
0.1354385501568663
0.06944708319348794
0.0013763823043636124
0.004116141302449709
0.004449272757886976
0.0024929759426338986
0.1432534215313931
0.08522281465135104
0.0913131034228316
0.04431959246986897
0.013344248474748173
0.03733997827015439
0.008296755236219845
0.025931848909251896
0.006333385191701103
0.026688176168123755
0.11717952399350128
0.055922055610858626
0.003468570819920335
0.004462803371490059
0.002284654573755537
0.0016096445632288708
