0.06116446178890315
0.020936705917944325
0.010053392690851825
0.012608911565143942
0.04054830166286352
0.012709260027064176
0.017803428554047755
0.011414574910177952
0.02636183205872697
0.11393235615381707
0.08671608896419032
0.0235623975548006
0.015027187759558235
0.005515694994349883
0.008104434778897817
0.01984060172087824
0.0915034286747473
0.021812423415016345
0.013560851079186212
0.01212983366992174
0.030725608692155994
0.01275727885092743
0.02216078189789644
0.050017093843329204
0.05921139595919427
0.0473818819526983
0.02648726557775759
0.043248176942611544
0.025456772796067867
0.009674741475597298
0.021631249245333436
0.025940795483342025
0.029002412910619692
0.12534459781443402
0.09540216372408408
0.02592256795833267
0.016532413351136574
0.006068184614741773
0.008916230227897594
0.02182797167595073
0.01990248044478276
0.013994604619351876
0.04249196982233547
0.04423081295950687
0.05420385497537607
0.01398413592815793
0.03482498507817714
0.02385228528154382
0.0651424131220142
0.0521279743309599
0.029140410706207417
0.04758020924065218
0.028006696740903378
0.010643829550756982
0.02379798266630739
0.028539202440930618
0.01608570821595662
0.01984268467823381
0.032188158573652086
0.011379004065587546
0.028041679509474095
0.010960511341459556
0.016561597577650425
0.0034593974449464077
0.021366692933698115
0.015024178541956036
0.0456180762925864
0.047484844983799915
0.058191597187835196
0.01501293967598758
0.03738703648776035
0.025607082332861294
0.03309852418165684
0.03872588688738658
0.027205121264469584
0.026600281340166176
0.04965967251936117
0.011400579218525273
0.032137933167184045
0.015059301040029524
0.017269123264558074
0.02130249803165406
0.03455622037928919
0.012216149963581358
0.030104687558237038
0.011766869003037889
0.017780023495809934
0.0037139030557955433
0.05977886959147618
0.06522259839619549
0.1256595348477866
0.02882099790176823
0.015531873820947175
0.0016286542484980433
0.008908429456876142
0.04615888663314616
0.02676275017399456
0.031312913843085384
0.021997472148855796
0.021508411678952406
0.040153736222915716
0.009218261569297342
0.025986037073476118
0.012176624834307396
0.029637798216249366
0.009038590162770572
0.022306831444760353
0.0
0.0064782646162456535
0.009529138444626764
0.029495777045379857
0.0
0.04833589992653239
0.05273758119836448
0.10160557974290117
0.023304035019111644
0.012558736955238098
0.0013168945700764505
0.007203163219257945
0.03732307653636263
0.03903784468259005
0.04544266789039916
0.16322882099713076
0.10002411595308215
0.01730965133263018
0.0042615601643209615
0.01352201459784267
0.037184995904813944
0.026570233065292527
0.008103079906752469
0.019998034473104793
0.0
0.005807752635886176
0.00854285556362133
0.026442911339748836
0.0
0.036272367683013576
0.05287882578512696
0.049961459197035624
0.014123079224662403
0.00646572455047571
0.0
0.007564281779831926
0.006576610925619695
0.03499735790138497
0.040739270446028056
0.1463343459329188
0.08967144096305146
0.015518071444820635
0.0038204810614337024
0.012122461889897922
0.0333362822877025
0.07173678540327559
0.0683870977510873
0.1189157927981486
0.016922456300815885
0.03918049772603178
0.017255503639083174
0.007083561501522146
0.014670701011409682
0.02917469899498779
0.04253165492176952
0.04018514992354581
0.011359517218801482
0.005200530861208986
0.0
0.006084125689518043
0.0052897193212991175
0.030598798417074562
0.028259262513910102
0.05049804983952168
0.012946212659274101
0.03294747093021906
0.015621926400731461
0.0076532651501136865
0.005676976317265863
0.057699545265381395
0.05500531449903453
0.09564670525384582
0.01361112054075649
0.031513774827720636
0.013878998169532853
0.005697471321018065
0.011799982008171468
0.02032568163370326
0.06567284447954046
0.1992387102241743
0.05382507832516666
0.03281472765096657
0.003316735422216457
0.015925407649036407
0.0
0.025528581796358866
0.023576706665336566
0.0421305300395546
0.010801027031208934
0.02748807960236459
0.013033375379708766
0.006385120184486617
0.004736302135002903
0.006731654557846677
0.04400277795083867
0.06498806164789094
0.016260860568449723
0.007440249774462116
0.005545634583100345
0.0030647741905286694
0.002926957848674047
0.016957719028051675
0.05479086332880225
0.16622488378892217
0.04490627037016868
0.02737733186592984
0.002767152826356925
0.013286569827589136
0.0
0.018590782535582717
0.181190346430073
0.12125990260292369
0.037487142433408865
0.008453995267275817
0.0020658922381635927
0.0
0.0
0.006044835076459292
0.039513247944196944
0.05835743816389955
0.014601792099240021
0.00668113350556027
0.004979822740618146
0.002752080394074908
0.0026283252236048104
0.029147059992248068
0.008141233950057544
0.060632057468954184
0.06159381124309727
0.04358335488578068
0.0063770868219587135
0.0018551127004697249
0.009504457167428999
0.01669399601602029
0.16270379773715987
0.10888795708742688
0.03366239184593297
0.007591448237384979
0.0018551127004697249
0.0
0.0
0.012928638457299677
0.0021342097676514005
0.06073869784670124
0.0324083370245501
0.03922304407195541
0.025022637674580985
0.0648145914378172
0.07494188348640553
0.023720551907820336
0.006625524583179566
0.04934377144222378
0.05012646891936798
0.03546914275951228
0.005189820826566378
0.001509733644424248
0.0077349471835449395
0.02224239374764854
0.015323893926594487
0.03372547358314531
0.0787815137287617
0.018061619477838922
0.0005789564526517579
0.006516562544244024
0.031237986386674185
0.010521625155517645
0.0017368692962246046
0.04943055784937741
0.02637465462524971
0.031920620918164284
0.02036400158329311
0.052747614373244045
0.06098943899597051
0.08865610566436857
0.04092431262099769
0.02899134954479434
0.003522481869670005
0.009073846386150592
0.01767777126250537
0.029899140025521426
0.1409809173007452
0.023633884726932338
0.016282561433710815
0.035835349561219025
0.0837101094065306
0.019191559935678646
0.0006151761460176412
0.006924240697015368
0.03319224440229998
0.0011004605283482377
0.008260614571079763
0.06463573031492359
0.11845688695951355
0.07180599820549417
0.004584679009943111
0.0012303522920352823
0.0
0.09420245884424798
0.043484550178680914
0.030805057270075018
0.0037428494165242963
0.009641509000929645
0.018783698058186665
0.031769639401887095
0.1498007267556462
0.0
0.014179580037493422
0.05949221582182157
0.040765135161499565
0.009804557409575953
0.003452646159302835
0.0006151761460176412
0.0
0.001206071702982464
0.009053385584286215
0.07083882004513517
0.12982519200366244
0.07869721840005041
0.005024670561741644
0.0013484291766017774
0.0
0.0
0.003861313534009933
0.007360990509221913
0.05954572322894924
0.2088750339983913
0.10892714173350806
0.0
0.0
0.0
0.015540394046722313
0.06520168257022568
0.04467736435793521
0.010745500585746241
0.003783996541335742
0.0006742145883008887
0.0
0.0016237237015101654
0.029976371031718102
0.029157785473498583
0.01338915616858372
0.07608921900502617
0.0074021003684711685
0.013360181490286838
0.0038139336491536794
0.0
0.0029298977077114098
0.00558539186976036
0.045182261542832704
0.15849075137767746
0.08265202503282142
0.0
0.0
0.0020590791307814483
0.0
0.0015347469371460015
0.0
0.03799064602421334
0.15621616546368372
0.07348008398807436
0.005358053630793296
0.0012320533696912376
0.022745550185905117
0.022124421668505923
0.01015945937075583
0.05773517907334072
0.0056165853176163415
0.010137473887635647
0.0028939466732229445
0.0
0.0021093079434885086
0.019852225348128288
0.015646495200722067
0.022174772448235573
0.18608377461889644
0.05000935934155003
0.0
0.0019852249571695336
0.0
0.0014796992874214771
0.0
0.03662801370709776
0.15061307054971412
0.070844531619665
0.005165873244350167
0.00955300569581704
0.0024661655140961296
0.0006238960023870748
0.0009094768879111301
0.006563001342360089
0.02302674014223653
0.05132663646898385
0.010479789171142256
0.0
0.0020336521842072857
0.01914017418140742
0.01508529337234281
0.021379417150950243
0.17940940101585345
0.048215644932123825
0.0
0.0031499143981049875
0.0007953144790685008
0.0
0.0
0.006288733462565855
0.02866018417586037
0.304176863714058
0.0
0.012003072652473737
0.0030986649418290073
0.0007839071055426082
0.0011427311475510798
0.008246219508183106
0.02893242647158911
0.06449041968163821
0.013167549021655806
0.038641883015113745
0.01551851486360283
0.0007839071055426082
0.0
0.011627698541014734
0.03141723972242568
0.07599854163995627
0.05949091092840815
0.003957775445070912
0.0009992894150584988
0.0
0.0
0.007901609927467414
0.03601068436992154
0.38218934549155803
0.0
0.044661913372109154
0.008455033159289627
0.0006197330015814872
0.005181063202104344
0.009469323302869705
0.0127504884080514
0.03912980613616941
0.08332989366635646
0.034314415437084834
0.013780611203340344
0.0006961180973802652
0.0
0.01032552368520725
0.027898853047615264
0.06748753753604762
0.05282858062402315
0.07548352340012868
0.023988147240731762
0.021115892715332825
0.003764834198120678
0.021783117407784255
0.018737599272121166
0.0445528763832181
0.09355589022778257
0.03966026834319209
0.007508162069863824
0.0005503296945446774
0.004600840881725809
0.008408862828854637
0.011322573387235909
0.03474769651375272
0.07399785845004177
0.03732748302641217
0.011230752536576762
0.01101257509440207
0.0033096114015773036
0.05302752376626785
0.06554619045514483
0.07671723000572325
0.05071820604167079
0.09226743318168157
0.021994545440798204
0.013674076905719878
0.012231111269312294
0.030982151030067143
0.012863795280743088
0.022345812529998347
0.050434709725854086
0.05970577932853766
0.04777749523061779
0.026708420025966333
0.04360927600282593
0.025669323182756984
0.009755520373151551
0.02181185856405959
0.026157387199628204
0.12231752675402847
0.03806075750994049
0.03445755442543875
0.04298101114652347
0.020759641835173998
0.002242012277019921
0.008902153171705441
0.01261541053496958
0.02510181400026135
0.039179017243164874
0.020091621187164115
0.019440918978011985
0.0436204294474923
0.018171136544149948
0.026354356273375797
0.007715147467277667
0.04897828522913859
0.039193187246791786
0.021909648090401294
0.03577388290921671
0.02105724850463658
0.008002720419504018
0.01789286467981031
0.021457620778430386
0.012094277251260985
0.014919015481696414
0.02420114232901062
0.008555472234410251
0.0210835508157584
0.008240822300115245
0.012452081695055454
0.0026009990520642766
0.020591705186669352
0.032139620370316126
0.016481706868038133
0.015947918032895157
0.03578303238520212
0.014906280742099109
0.021619199901654687
0.0063289466695995115
0.02850920286853745
0.26869449427218556
0.17122619682753398
0.015985299149104803
0.009792879512433083
0.01006669538599779
0.004412490463484107
0.009100859421661063
0.007282678295269393
0.00898361993677715
0.014572936463965614
0.005151754888108191
0.012695650572846263
0.004962285587918363
0.007498133473171921
0.0015662150742004695
0.025209749760896384
0.027505461303637325
0.05299272887279622
0.012154297160990443
0.006550051130437023
0.0006868307536131605
0.0037568337926963445
0.019465975004470882
0.017167074032843278
0.16179681686149613
0.10310540111749071
0.009625692278919438
0.005896870858153088
0.00606175155981734
0.002657020990911088
0.005480164709430536
0.0015662150742004695
0.001966783966499678
0.2582830164682503
0.15480003946375068
0.060557557381582874
0.0
0.0
0.0
0.02084277073229601
0.022740805810258388
0.04381302110692357
0.010048859331863214
0.005415413294116762
0.0005678539479854075
0.0031060532596785193
0.016093965943609786
0.016833385699633482
0.019595189284632566
0.0703853843233958
0.04313108310136815
0.007464040076430938
0.001837613897782655
0.005830785203750598
0.01603442463062473
0.001294906217580227
0.001626086243715691
0.21354173473962162
0.1279846790426295
0.0500674261578752
0.0
0.0
0.0
0.0
0.0
0.03711273142733954
0.13592898710734796
0.10072393757054939
0.02797853679042766
0.0
0.0
0.016821219755729998
0.01958102731045406
0.07033451489922986
0.04309991109908229
0.007458645612448259
0.0018362858044331885
0.005826571137313348
0.016022836117531664
0.03447975230697027
0.03286974985280544
0.057155991281426205
0.008133652747297729
0.018831814797150112
0.008293729473142032
0.0034046611463094873
0.007051363316593869
0.0
0.0
0.037085909050860635
0.13583074754571053
0.10065114165200471
0.027958315943880943
0.0
0.0
0.002805508220848784
0.0
0.03267341772337913
0.15348295873132572
0.08315671485015111
0.06076920255653345
0.014384032243753148
0.0
0.029978639255827118
0.028578812414128883
0.04969463900669296
0.007071855951068217
0.016373440775042433
0.007211035675290604
0.0029602042202869754
0.006130852543485545
0.010560503978376599
0.034121283010135124
0.10351737422080556
0.027965603517415255
0.01704936976542807
0.0017232582037229227
0.008274277530552676
0.0
0.002439266910426172
0.0
0.028408110199391396
0.13344673159943946
0.07230113296632945
0.052836168458736905
0.012506288033643703
0.0
0.0015601646447032935
0.029658717792493003
0.15681077197724247
0.12556802799443836
0.02949581287435201
0.0037573740605766474
0.0
0.0
0.011167460665030233
0.03608237699983562
0.10946695414585408
0.029572904654364296
0.01802926892587966
0.0018223011179362976
0.008749835144533983
0.0
0.012242910284975053
0.11932241967766112
0.07985538564021907
0.024687057727337383
0.005567356049093677
0.0013604878267955277
0.0
0.0
0.0016498338844784226
0.031363329344989574
0.16582334815597297
0.13278495195727097
0.03119106159439694
0.003973326188902675
0.0
0.0
0.0036921098645877983
0.021499451043334217
0.07933879956108643
0.05622903471439999
0.010343705240422427
0.001362976745467193
0.002821054193339976
0.0
0.01482972006161206
0.14453410502121558
0.09672806439738911
0.02990319676609606
0.0067436851017935884
0.001647945884514806
0.0
0.0
0.011484852932488755
0.001895875222244927
0.05395579854631756
0.028789186559961103
0.03484287183207534
0.022228273659648655
0.05757652308100437
0.06657286559352388
0.00447221734490273
0.026042079295660662
0.09610232862354581
0.06810969162884113
0.012529231166836638
0.001650960687882451
0.003417115946460104
0.0
0.036315901711842284
0.0
0.0
0.01611224013540291
0.041080692038300164
0.07136179698725932
0.01296338441400264
0.038109033605068586
0.0092157298542138
0.0015212971370387987
0.04329546633240974
0.023101154853157627
0.027958781539209415
0.017836516181532647
0.04620082518936176
0.05341971277623074
0.0776525211317755
0.03584497679873409
0.025393077738926944
0.0030852877618645423
0.007947642669017317
0.01548368830592677
0.026188197476700578
0.12348301989846014
0.02914077712234097
0.0
0.0
0.012928859716962664
0.03296416264749558
0.05726246969044277
0.010402140058565434
0.030579630472757156
0.11922745999839131
0.08070891661219823
0.020366641750912327
0.022312654884456308
0.01406045871785325
0.009846082916903191
0.0
0.022571559485722262
0.09419584904726515
0.043481499047616
0.030802895806594153
0.003742586796258498
0.009640832496113463
0.018782380083769916
0.03176741025766686
0.14979021585811889
0.0
0.014178585114998834
0.05948804149905478
0.04076227484054084
0.00980386946432719
0.003452403901399522
0.0006151329816514055
0.0
0.14462803860854537
0.09790338826307605
0.024705612696245507
0.02706621035231176
0.017055941360547108
0.011943722195105285
0.0
0.02738027277273343
0.017726651149801646
0.018027205599401505
0.03702910490072808
0.04234627541152734
0.021464043904607183
0.0016040704856825135
0.0006151329816514055
0.0
0.0
0.0229045535098781
0.09609894207790715
0.06584872169521848
0.015837493722275442
0.005577127002162357
0.000993706084186147
0.0
0.0023931610932568957
0.044181337504293185
0.04297484707269394
0.019733903979102886
0.11214577847805825
0.010909749358054086
0.019691199008592668
0.005621250470710542
0.028636216273940068
0.029121741833624412
0.05981803598473411
0.06840756840267014
0.03467372365888488
0.0025912683088572274
0.000993706084186147
0.0
0.0
0.024479494038956696
0.14741169264619292
0.10580406238571327
0.03215644441111767
0.0
0.000993706084186147
0.0
0.0015970759748391294
0.02948441409280057
0.028679262743980104
0.013169420154627406
0.07484048148350526
0.0072806208659996945
0.013140920993998289
0.0037513413119662693
0.0
0.002734236294428592
0.025733878848554846
0.020282109679852025
0.02874453103722035
0.24121513975137057
0.06482571963704956
0.0
0.0
0.016336389520953436
0.09837518811372908
0.07060833746324996
0.021459602092792816
0.0
0.0006631497217537308
0.0
0.0
0.0093814765802097
0.05016236015525752
0.11377541906896507
0.03385873375175949
0.029899811052090712
0.0
0.0
0.0
0.0014852503200441934
0.013978766895047073
0.011017339633210835
0.015614167659739091
0.13102922532527467
0.03521364303232043
0.0
0.0023004973044202653
0.0005808471545652816
0.0
0.0
0.0045928912822373385
0.020931577213787373
0.2221514513099723
0.0
0.0
0.005096063248679644
0.027248435560079602
0.06180335544871317
0.018392227198345115
0.016241721326305227
0.0
0.0
0.003602261141347542
0.0
0.0
0.0014588046595294954
0.013990360809782082
0.07240321459595712
0.11871192307235738
0.20215576960282325
0.002407643555902999
0.0006079002596380414
0.0
0.0
0.004806806370689691
0.021906470786481173
0.2324982120836438
0.0
0.027169294826611866
0.005143471726336186
0.00037700374575226994
0.0031518092939831206
0.005760497417131218
0.007756536892079994
0.023803934026831567
0.050692285169880474
0.003770037377127383
0.0
0.0
0.0015267488603828501
0.014641965449691388
0.07577541286993501
0.12424096131077215
0.2115712263768568
0.03503598294933682
0.022694332022083687
0.02188174504619031
0.0014405292250952357
0.0066348466475868555
0.034695667646334416
0.040319303292963224
0.019689158961147722
0.04292923293257869
0.00812701607572618
0.0005956901613067059
0.004980061359853148
0.009101956344679361
0.012255827069316926
0.0376117464612541
0.08009707030787457
0.040404169728790885
0.012156437961509978
0.01192027742536072
0.0035824033651305075
0.05739827325174231
0.07094878061698973
0.08304058379935902
0.054898611936879387
0.05535910602952884
0.035858503941406994
0.03457456426653775
0.002276128808088476
0.010483484353344712
0.05482138596699702
0.06370709191346184
0.031110137259130515
0.020479430484256444
0.025299124890163092
0.01840603839345552
0.013388869605487968
0.02454462293686161
0.02062735817506544
0.024206898543253492
0.03480877464166737
0.13260121352223295
0.04126066613121192
0.03735452843981809
0.0465945836846634
0.02250498168726524
0.002430506539446482
0.009650590106377041
0.013676034746696958
0.027212216322338348
0.04247294209520183
0.021780798073234627
0.021075388923254994
0.047287760246574204
0.019698851184898742
0.02857006445588395
0.008363788443182427
0.017884981065509967
0.005437987768626288
0.03942789940189592
0.03230217641728871
0.024525030188507414
0.012753527373528152
0.03473728432046773
0.020342275802798265
0.0637130479469304
0.12925284276009733
0.027477077440375204
0.004100397850091455
0.010194504407523671
0.014260864059145489
0.014179790055228304
0.02687453569012594
0.011049467711925495
0.01724605584316796
0.008844050855667113
0.008557620837102311
0.019201103424452592
0.00799868035559039
0.011600819315616597
0.003396100091871479
0.015297981091559637
0.14418092683041564
0.09187963386861478
0.008577679469102425
0.005254839509330992
0.005401768558020197
0.002367733534618115
0.004883502916286754
0.025870559669925266
0.05248286636542345
0.011157014055715593
0.0016649586021937443
0.004139458762039396
0.005790596219696169
0.005757676277492708
0.010912353145497817
0.020958417301889982
0.4815179647835876
0.014009820244796254
0.0
0.0
0.0
0.0
0.0
0.010819997769014081
0.10197667896845553
0.06498487790815342
0.006066844517817615
0.003716657212948075
0.003820577591036245
0.0016746570288495482
0.0034540172551494126
0.0009871480472574492
0.0012396170767916591
0.16278963186237505
0.09756677686812915
0.038167985674909255
0.0
0.0
0.0
0.014823526522308991
0.3405693387588999
0.009908903853765286
0.0
0.0
0.0
0.0
0.0
0.0014104185686835597
0.015924443793754614
0.04953276811628825
0.059091506530241845
0.01017469909054958
0.0008657861214516849
0.00043289306072584244
0.0
0.0011931923062240223
0.0014983583899102519
0.19676819177313234
0.11793157857685174
0.04613466741680449
0.0
0.0
0.0
0.0
0.0
0.03419755423277706
0.12525186720656342
0.09281214788384645
0.025780843727917085
0.0
0.0
0.0017048107316671006
0.019248302084367522
0.059871584598211555
0.07142548795082883
0.0122984315338691
0.0010464988932731658
0.0005232494466365829
0.0
0.003193330161934425
0.003203911699306507
0.026433285575838048
0.10051646401733483
0.053645309459319654
0.0
0.004355808538308797
0.0009648242696203568
0.0
0.0
0.035796713363190506
0.13110894299863077
0.09715226509490361
0.02698641741767955
0.0
0.0
0.0027079819853429725
0.0
0.03153761088168469
0.1481475207282849
0.08026598678309456
0.05865671843833122
0.013884008573994288
0.0
0.0033426578901725916
0.0033537342454485275
0.02766936900121098
0.1052168534105661
0.05615389196910341
0.0
0.004559496525670568
0.001009941751692483
0.0037934510200124663
0.0026638608742677572
0.0060361090504020085
0.053534613331381486
0.09352763762263232
0.00519809690259053
0.005136684987964415
0.002559121619766605
0.002649579294041671
0.0
0.030857443375891514
0.14495244263434726
0.07853490080340195
0.05739167670679721
0.013584573987220658
0.0
0.0016946812668317225
0.03221587773561248
0.17033091898950953
0.1363944411108259
0.03203892723619849
0.004081332989153618
0.0
0.0
0.003711638160810475
0.0026064097371658354
0.005905929080431873
0.052380039366986667
0.09151053936356737
0.005085990230389832
0.005025902778449045
0.002503929380390321
0.0011983206160327288
0.0
0.004835297556774958
0.018091549321866983
0.0685242939174025
0.03180688426827702
0.0008641212772887325
0.0012220520442558372
0.002245890155658903
0.04269435443609432
0.22573243809914564
0.18075784430549166
0.04245984934510704
0.005408819795030056
0.0
0.0
0.005026004906615378
0.029266828560476413
0.1080025271467682
0.07654360642932063
0.01408070593715943
0.001855396524362519
0.0038402519799170614
0.0
0.0015880841592723267
0.0
0.0064080174809182855
0.02397597313302524
0.09081237879043198
0.04215233251138467
0.0011451837628360766
0.0016195344278680539
0.013960901736667452
0.00672998824071033
0.004289429889887636
0.0010043926240469506
0.052322919162090635
0.009951661073392092
0.004115493588682362
0.0020087852480939012
0.0076027828630575115
0.04427161269635029
0.1633742461089862
0.1157866794900031
0.021299730459451428
0.002806638107542007
0.005809107329821082
0.0
0.061737141533598834
0.0
0.0
0.027390856423050922
0.06983729934040689
0.12131526832659441
0.02203779227821713
0.06478547111546967
0.02111850395065438
0.010180379887354271
0.006488573860363729
0.0015193337793670983
0.07914830974937771
0.015053769280677691
0.006225462312596141
0.0030386675587341966
0.003843644168454119
0.0
0.02213470850555005
0.03447005907715988
0.06493114878360504
0.0010743312210215598
0.002717866809467726
0.0
0.04707770390137644
0.0
0.0
0.02088691825143427
0.05325448535433372
0.09250904948178151
0.016804935145066927
0.04940220992618196
0.19261514664323282
0.1303874108270424
0.03290285381853388
0.03604669002113594
0.02271504666665688
0.015906609978324847
0.0
0.03646495732080099
0.0029309737634395975
0.0
0.016878838687412415
0.02628516958165831
0.049513296542036817
0.0008192320839430499
0.002072511388138473
0.0
0.02516681789250592
0.004096160332365425
0.0061110846013709376
0.005246862553308441
0.048281996637559006
0.03784516561656347
0.025460265786227673
0.002317138241765757
0.19437523881740784
0.13157887403960425
0.033203515820060134
0.036376079989250076
0.022922613810626387
0.016051962512787576
0.0
0.036798169361133656
0.023824025298452657
0.024227960410071844
0.04976587650306833
0.056911975543150445
0.028846955957396496
0.0021558169960279867
0.0008267181202434663
0.0
0.025396789003259392
0.004133590513069315
0.0061669268981479255
0.005294807701340623
0.048723191247205755
0.03819098982090525
0.025692918385692022
0.002338311949840583
0.02493139850500561
0.002159761090871784
0.0010457248639105566
0.01209843653642391
0.033751269004059704
0.060552564778507
0.03457906491009915
0.01707799837132098
0.028539302017260345
0.02902318440075599
0.059615592322553194
0.06817605497297709
0.03455637651628152
0.002582498615277313
0.0009903430600496567
0.0
0.0
0.024396647480389524
0.14691280360016673
0.10544598707430637
0.03204761655908044
0.0
0.0009903430600496567
0.0
0.029865847720252418
0.0025872233296159587
0.001252695854047813
0.014492972112151205
0.040431356477581434
0.07253719354662423
0.04142299063995137
0.02045809418281072
0.015523409247600236
0.0
0.0
0.0
0.03244691532067372
0.1099972563301684
0.07125146978100044
0.014455258872935308
0.0
0.020390103944665117
0.12278602371975343
0.08812910211213139
0.02678459133959614
0.0
0.0008277038044477992
0.0
0.0
0.01170939774541768
0.06260965658069924
0.14200767055587665
0.04226044559892597
0.037319155159468494
0.0
0.0
0.012974074753040238
0.0
0.0
0.0
0.02711831519490894
0.09193293840897424
0.059550185172473874
0.012081341553306228
0.01877150229695314
0.037350042337310214
0.026349041747402924
0.008318678511245214
0.0
0.010890934836281178
0.08930968308045882
0.05052893774136523
0.0
0.004922249576119232
0.026319061173399792
0.05969540119797253
0.017764915408849936
0.01568775778726177
0.0
0.0
0.0034793972348484414
0.0
0.0
0.0014090485668266117
0.013513185414946956
0.06993372628311809
0.11466296325395998
0.19526075377800062
0.007890928400690595
0.015700741751197782
0.011076279275170839
0.0034969016055392634
0.0
0.00457819441673727
0.03754288301105536
0.021240720298917323
0.024598211681640197
0.0
0.0011002820216888625
0.0011328096738203901
0.005650633095263999
0.003967631733726131
0.006749507145733321
0.33262561704119364
0.003212959490469865
0.0
0.0
0.0013011494979577186
0.012478401974508665
0.06457849288227463
0.10588255123685397
0.1803084987491099
0.02985890660075771
0.019340914202231857
0.018648398777353452
0.0012276700685115126
0.005654451500536429
0.02956887783627717
0.03436153947708779
0.016779799194402496
0.022714583112139298
0.0
0.0010160270084633174
0.0010460638285113297
0.005217931154498488
0.0036638070255062606
0.006232658008312368
0.3071545330731545
0.006207609750652157
0.0022490717255477916
0.00505108930242267
0.004963449451284962
0.005236031916297979
0.03498849027357362
0.0385539791331011
0.03250187982766648
0.05919501372046488
0.038343188411942584
0.036970282812101546
0.002433844866506227
0.011209899231456228
0.058620034304027735
0.06812144289137805
0.03326580094912436
0.02189847805447274
0.027052135635827295
0.01968141780791824
0.014316602576198083
0.026245353216798068
0.022056655856014632
0.02588422744098253
0.03722072194242056
0.012306530486009869
0.004458764462886685
0.010013739101639304
0.009839993885181024
0.010380386169873534
0.06936436720526078
0.07643291679356144
0.06443468436619831
0.053393347008386514
0.03265616594169786
0.00969471141470243
0.009482731166745617
0.007216701913783734
0.009151351476084426
0.03745365723918706
0.08120448703036269
0.011320423013872578
0.0034420121363074696
0.02495616283534201
0.020445886969241833
0.015523288235249953
0.008072433750895072
0.021987205433457085
0.012875784788871093
0.04032761631787795
0.08181148475530343
0.017391807051438623
0.002595375305021906
0.006452682386816144
0.009026512977650484
0.008975196623643222
0.01701042406471046
0.03654949695576377
0.012708956181389416
0.007670450490299461
0.0031085058853073926
0.01036201588222928
0.0028622366629888515
0.014332071071399454
0.04078864968203885
0.2092515026959127
0.11309416072614835
0.023816395492291104
0.04908388426953825
0.06481156550373567
0.012683100245663003
0.02775945213978101
0.0689027133231791
0.01301853319032912
0.02641032688968676
0.005614411116051497
0.000837837259793841
0.0020830504624241184
0.0029139326724943126
0.002897366762608038
0.005491293324218451
0.010546654372483895
0.24230854246119107
0.007049994749802478
0.0
0.0
0.0
0.0
0.0
0.06755042528425662
0.03650897869689046
0.007688392310282516
0.015845225550560917
0.020922424721976998
0.004094349643751115
0.008961287128366234
0.022243126229701756
0.012797024570607714
0.05486691565820076
0.09849274543494729
0.30163168367532084
0.01459537472860389
0.008412284425742746
0.0022422380429820447
0.003975404330045666
0.008495554803474595
0.19518469356498705
0.005678920977766837
0.0
0.0
0.0
0.0
0.0
0.0008083291265446432
0.009126504732938556
0.028387870151304496
0.033866106785860155
0.0058312516662305525
0.0004961932258029781
0.00024809661290148906
0.0
0.010308275944327178
0.04419646955417233
0.07933800492887487
0.24297074774855715
0.011756885312142794
0.006776274336605738
0.0018061705166226326
0.0032022728875981035
0.0052866720367914545
0.008690596391485558
0.02365419108687667
0.21439024175635826
0.05448059321956574
0.0025855481442203683
0.002433392469203644
0.0
0.0011383409761750551
0.012852529948004733
0.03997762143955348
0.047692426008028505
0.008211943002022574
0.0006987711595232443
0.00034938557976162214
0.0
0.00213225932137991
0.0021393248550240994
0.01765010716262267
0.06711713367692536
0.03582019563979339
0.0
0.002908472624806485
0.0006442351520411986
0.007445031002165898
0.01223865583331879
0.03331135064694387
0.3019181037389728
0.07672306939286244
0.0036411349062984238
0.0034268595153206043
0.0
0.002816836456217174
0.010913022485237324
0.018281779221851847
0.12284422180788719
0.16364345263433347
0.0006987711595232443
0.002764764653431306
0.0
0.002540307220680799
0.0025487248769922657
0.02102778692133178
0.07996125874621693
0.04267506335537005
0.0
0.003465063529499251
0.0007675216574912371
0.002882894790330771
0.002024444390102407
0.0045872392297858595
0.0406844999609102
0.07107784912255037
0.003950378270618481
0.0039037072874409293
0.0019448460904139325
0.0033558910576479846
0.01300143446002594
0.021780341302064295
0.14635277264283963
0.19495970315426117
0.0008324941550691053
0.0032938543366523403
0.0
0.0
0.0
0.00444889859176101
0.05538498018931124
0.24621715438100478
0.024773357095072893
0.0007897732533357564
0.0007675216574912371
0.00330102119208887
0.0023180637241245715
0.005252558630128557
0.046585257641363426
0.08138676688049157
0.004523329270223836
0.004469889267820195
0.0022269207261188246
0.0010657509102604073
0.0
0.004300370621656808
0.016090088829177066
0.0609434801006785
0.02828810203874338
0.0007685239038069753
0.001086856940559953
0.0
0.0
0.005094153481463826
0.06341785136992872
0.2819277509514179
0.028366410402593294
0.0009043195939547904
0.0008788406934805463
0.0
0.0
0.0006028797462428481
0.0
0.23670208028060713
0.1057082187066635
0.0078524714407014
0.005937769823469971
0.0012484800177547566
0.0
0.005037693834825131
0.018848826863509995
0.07139258938051538
0.033138259414621805
0.0009002917359324093
0.0012732047980288555
0.01097543020393423
0.005290812699813919
0.003372155986706981
0.0007896081034379565
0.041133915141121774
0.00782354632848354
0.0032354151249906473
0.001579216206875913
0.0
0.0
0.0007062469372973299
0.0
0.277286009841749
0.12383249922392471
0.009198822716754857
0.0069558345231139395
0.0
0.0
0.0
0.0
0.2585973978494139
0.1120739190850251
0.005309504371283348
0.0
0.013225195223308062
0.0063753337723303685
0.004063387076313469
0.0009514635074741511
0.049565625030836634
0.00942723206382388
0.003898616806939095
0.0019029270149483021
0.0024070334061310336
0.0
0.01386158043585498
0.021586437264665987
0.04066230831233809
0.0006727862999057181
0.0017020296148888103
0.0
0.0
0.0
0.0
0.0
0.31160519517239854
0.13504704889010932
0.0063978568989541
0.0
0.003925077334428254
0.004345484832735316
0.01756340524740461
0.15213076611655763
0.1921669605471591
0.004981675212518233
0.0
0.0015341887926314062
0.002330078998695274
0.0
0.013418416786423573
0.020896304969816922
0.03936230814068455
0.0006512768888155908
0.001647614632480065
0.0
0.020007232601938978
0.0032563843746361886
0.00485821813436985
0.004171174917020581
0.038383443681266005
0.03008632376900371
0.020240519157725137
0.0018420892133391318
0.003799590085418294
0.004206556885382173
0.017001891875830507
0.1472670475950663
0.18602325911785178
0.004822407849198605
0.0
0.0014851397893517625
0.0
0.006645092533351267
0.07464241820956206
0.1845927898582997
0.14879896182994537
0.016694508178576786
0.002868577113310067
0.0
0.016248127503837063
0.002644551076767298
0.003945420601600077
0.00338746408566216
0.03117168173019181
0.02443348535234803
0.0164375824763842
0.0014959840277398708
0.015950384188580507
0.0013817523773500383
0.0006690243762930335
0.007740228082206302
0.021593081004212207
0.03873977112143062
0.022122680766873425
0.010926007024428672
0.0
0.00539656397787984
0.06061805510004201
0.14991014727424032
0.12084152528007434
0.013557821958499045
0.0023296078782596734
0.0
0.0
0.0005289102266323674
0.05686565089891856
0.15118587295547462
0.16514652606906002
0.054731789819137705
0.0
0.0
0.013804128734079777
0.0011958262239988198
0.0005790016408004999
0.0066987166963922515
0.018687554257217225
0.033527016112369
0.019145892013529547
0.009455822864922215
0.0071749893608533755
0.0
0.0
0.0
0.014997109752442677
0.05084122510098913
0.03293274882274168
0.006681285468121361
0.0
0.00045774100303061537
0.04921390960086774
0.13084256958185106
0.1429247019313487
0.04736717708974577
0.0
0.0
0.0
0.0010235399838375684
0.00028950082040024995
0.02455681171156502
0.34463295939100586
0.042969509811653914
0.0
0.0
0.005830499977454991
0.0
0.0
0.0
0.012186867976499283
0.04131431377758094
0.02676162731559626
0.005429309064037235
0.008435841923412275
0.016784967340703803
0.011841159407393843
0.003738382566425784
0.0
0.004894344801159806
0.04013543278414565
0.02270751294174703
0.0
0.0008317433730632649
0.00023525254769382687
0.019955219851868468
0.280053720068585
0.034917644248367546
0.0
0.0
0.0
0.0
0.0037196694193005787
0.007562392717136855
0.16970499061403876
0.20239522621087405
0.0775053848481187
0.003058283298492515
0.005551306602169911
0.011045548371058724
0.007792216472570245
0.0024600873286684177
0.0
0.0032207820931979027
0.026411601238901686
0.014942950289588822
0.01730496184681026
0.0
0.0007740537666918486
0.0007969371285552045
0.00397524793222475
0.0027912482688963566
0.004748311184299077
0.2340037433073169
0.0
0.0
0.002447772918544726
0.004976522912589406
0.11167639737324825
0.1331885976186739
0.05100334483710236
0.002012539876916059
0.007418577822425144
0.0077197118047747145
0.0024450216514462692
0.0
0.07253961141407818
0.03708832823495347
0.01225718493728514
0.21940725264831332
0.020727938239881134
0.0
0.0009271640592084521
0.0009545738226984493
0.0047615645938311
0.0033433660381356617
0.005687542211486001
0.2802904266483035
0.005664684704692491
0.0020523651961414707
0.004609314931639116
0.004529340167727911
0.004778082241142625
0.03192835465730947
0.03518200155500546
0.029659226164175875
0.008885996068192674
0.00924669530829079
0.002928654696554103
0.0
0.08688817685045283
0.04442451730780659
0.014681695031975953
0.2628067037960282
0.0328287597577355
0.008594780687644805
0.01004719422700379
0.005372860597597121
0.011579549517987918
0.011156479065427036
0.008892552508278658
0.046569271513022835
0.012382756820553512
0.004486381935738654
0.010075763945088238
0.009900942555210478
0.010444682015869811
0.06979400831865233
0.07690634032201048
0.06483379115038053
0.05372406403184758
0.0328584373969073
0.009754760208831797
0.009541466960649959
0.007261401980549684
0.009208034712674583
0.037685644232584
0.08170746554261342
0.07176225509315076
0.01878782045767413
0.02196273390799617
0.011744841889552372
0.025312396584760283
0.024387582794562348
0.019438736834338142
0.10179842206899949
0.042780089764774445
0.020398801369483598
0.006211317386234045
0.0025954946376426204
0.015905162361570534
0.03109917374538652
0.018295805779621258
0.06695305631483403
0.019050380584000864
0.006624180146005496
0.003998003071500474
0.0016202198414491118
0.0054009045982998044
0.001491859048495591
0.007470182388489815
0.02125991777371887
0.10906636468775217
0.05894709867741509
0.012413615399860623
0.025583571697511392
0.0337811759922556
0.0066107034785553315
0.01446882097190644
0.035913569854752025
0.026235986454104843
0.008623652098934991
0.00823879230926723
0.0007032691230418546
0.00429764990687883
0.0004972863671727555
0.005946058299482556
0.009735955003927444
0.03340270098111101
0.22627239727709086
0.007862787730631217
0.04835174620638312
0.051661844111412565
0.03765072845038983
0.0036221185362023582
0.16319617426867686
0.050719572863438936
0.02741240780342266
0.005772753796043981
0.011897231860013194
0.015709396953470366
0.0030742021861560097
0.006728494358766057
0.01670103269921172
0.009608520115348955
0.041196284328454714
0.07395230981280307
0.22647718491355995
0.010958793655280638
0.006316281075714728
0.001683562395345977
0.002984893266488052
0.015533393187692571
0.10522436842500886
0.0036564639919486317
0.022485208174033423
0.02402451639577441
0.017508870589647018
0.001684408438319927
0.07589177722711925
0.10757973312764135
0.05832371321811506
0.009070514109364582
0.0
0.002355479507251476
0.002717042649379245
0.005665764570534302
0.03708569192651404
0.009837541802305004
0.04217820895576046
0.07571498320519879
0.23187533013501863
0.011219999478842
0.006466831350874997
0.0017236905623528795
0.003056039008295142
0.005045252711306558
0.008293734640975447
0.022574007028296327
0.20459997158352258
0.05199270140869656
0.0024674774024299926
0.0023222700155188284
0.0
0.11014392528911858
0.05971387476540849
0.009286712277026937
0.0
0.002411623001136595
0.0027818040989700463
0.005800809608090792
0.03796963946734033
0.002975451916761279
0.010018189017986545
0.048584115282755094
0.01916265808254406
0.0038519419605795523
0.004654208688612369
0.0017761588936939512
0.0015007128271754828
0.006833741443098811
0.011233775863611906
0.030576253796040828
0.27712849783198923
0.07042356422682722
0.0033421720476175905
0.0031454901776380925
0.0
0.002585554314506258
0.010016986363809594
0.016780716196562025
0.11275784471140005
0.1502071709081787
0.000641397118519319
0.002537757974019411
0.0
0.00403021815536642
0.01356953108088864
0.06580667036559076
0.025955617724587918
0.005217414650693863
0.006304076449713511
0.002405788438340007
0.0020326996541275805
0.001021601162880512
0.0048724775182055384
0.039208200013345434
0.11056602124548659
0.014153477818255798
0.004555739362175778
0.0012169653946246214
0.0008723944133332799
