0.031140114945879847
0.051038739063776845
0.09244557722651624
0.03293527714184541
0.021022441267988044
0.010096751582434543
0.00910918997163383
0.004453484696372982
0.048245101804050616
0.0942367898690849
0.06978120387036454
0.03176858636362813
0.008616502943270914
0.008933997185681332
0.016593648372924846
0.027397620280126597
0.006762279826960365
0.028757103573004424
0.0621215871327915
0.06598466375099658
0.016683728181851782
0.002022833228832764
0.02301008998448233
0.0
0.03323497914268338
0.059977386954971706
0.05169255733318665
0.02330550806747472
0.021211863794296095
0.010888683646888891
0.008863105843206504
0.027668262970697032
0.04883746453474989
0.09539384747891044
0.0706379910452371
0.03215864723748112
0.00872229804001016
0.009043690538396477
0.01679738841066737
0.027734013583424276
0.03256003759546258
0.05370939121113407
0.04491343803120332
0.018640914653669047
0.021044567455769974
0.010801955202952778
0.014128736288243876
0.02085212581255239
0.0336430446718982
0.06071380096154078
0.0523272485924793
0.023591657622205768
0.021472307177988058
0.011022377019637666
0.008971928778249367
0.028007979277517046
0.05269816230550448
0.07023755455680566
0.04875646562496031
0.006674168317028122
0.007174948805123289
0.020079200187838955
0.011139963493500762
0.01751234133139551
0.02989057689778846
0.049305983858984506
0.041231173928460776
0.017112624371731486
0.019319211778338004
0.009916348274896366
0.012970380554817909
0.01914254761700013
0.054222363315559755
0.07401921971187074
0.022491165168540814
0.02398238258436918
0.012906634909828752
0.01208382825888018
0.007349283158124951
0.014305591989410059
0.048377661363152996
0.06447907252678911
0.04475912783437163
0.006126981294908368
0.006586704894564364
0.01843299091719498
0.01022664468567577
0.016076578035012553
0.04481607812449325
0.1776709095920028
0.10946606554882349
0.012337841957007973
0.0017482279153562777
0.0
0.010508645792433534
0.008136837199091484
0.05099143494454721
0.06960866321186171
0.021150992236253392
0.02255335301873828
0.012137571918941003
0.011363793550602252
0.006911364078058284
0.013453169848498852
0.027411883291908544
0.0008369236129651319
0.013265500518112417
0.008222229166376199
0.016068437859490334
0.011611591658769604
0.03539048491742143
0.06572301914876133
0.04214563867043891
0.16708409729900786
0.10294335065374402
0.01160267142628109
0.0016440568902416305
0.0
0.009882470912631643
0.007651990420948363
0.11386413786769767
0.05822774996948529
0.028857439109260873
0.009976499053187055
0.022928117894455306
0.007247597250692732
0.012632867960686309
0.016610604525249387
0.02637647380015604
0.000805311095010494
0.012764432240422948
0.00791165677587054
0.01546149623128551
0.011172995299307022
0.03405370540428092
0.0632405104816773
0.08567100316717612
0.01979905247444582
0.0
0.0
0.0
0.0
0.03479561426688946
0.1711309905360277
0.10956322910258445
0.056028354752463004
0.027767427669944028
0.009599663879035452
0.02206207047103923
0.006973838935517732
0.01215569566080235
0.015983184022759975
0.1640223387443274
0.049529558248565364
0.015984683585898142
0.0
0.0
0.0
0.0017010066541250338
0.02544542060840294
0.1201695398672565
0.027771859062033263
0.0
0.0
0.0
0.0
0.04880733038331804
0.24004309077148075
0.03389445549022083
0.007434526059959385
0.006089227994170751
0.0015974939843290813
0.003304454072250017
0.002527351580751401
0.025094503699083788
0.015046691629489073
0.2300718825060864
0.0694744313072197
0.02242149619390739
0.0
0.0
0.0
0.002385978678672271
0.0356919421180787
0.024620317104001872
0.01921385037790478
0.02511422322994024
0.0015974939843290813
0.0
0.0018301463538869349
0.011619618825346721
0.0241776937095211
0.10509867506317708
0.02305270367449419
0.018881253145653754
0.004953450313512865
0.010246329075880784
0.007836718386947831
0.07781210973879311
0.04665622537585115
0.03645898601987419
0.015694163276881078
0.029010924768941085
0.01108279337068902
0.02277826557895699
0.007847081638440539
0.03629140262670299
0.03423191530663508
0.07634176946764738
0.059577597231574825
0.07787325533136587
0.004953450313512865
0.0
0.005674850183703838
0.03602968466731766
0.07496929920255294
0.10431722697851036
0.023052705527390933
0.020255094554339225
0.0
0.0
0.0
0.021010031392383794
0.008010794330312215
0.05345382198097186
0.02300977348863752
0.04253395328265619
0.01624887931786618
0.033396028968802005
0.01150488674431876
0.053208121980959304
0.05018863404130655
0.0358381229950645
0.00636957296619383
0.026775087141476847
0.0045039682261489265
0.020115254495521602
0.05764346282634978
0.08298428124345986
0.015339962636779536
0.15294321343490752
0.033798395182170045
0.029696717783791442
0.0
0.0
0.0
0.030803557653822786
0.01174491177086678
0.011394238344750946
0.024244032676706422
0.023980873100601693
0.009007936452297853
0.07086154364830682
0.014689672887840911
0.028462455879124424
0.02525681577016403
0.026405352335503052
0.004693069958552406
0.019727752200690302
0.0033185015837953226
0.014820820341112947
0.04247141921963537
0.06114240929536972
0.011302408842488742
0.016960731368734154
0.0
0.02121183280853616
0.02503068988666933
0.1054543497945094
0.15276400277886215
0.0651430875447337
0.011302408842488742
0.00839521863712791
0.01786288374952127
0.017668989071263037
0.006637003167590645
0.05221043600215488
0.010823278561495649
0.020970997167610958
0.018609097339610012
0.025442802395937332
0.0
0.014413060259071594
0.015306426721573419
0.059206024530193746
0.04110767736999621
0.09021643902437096
0.019379485965818986
0.007323067014971221
0.0
0.009158548047852775
0.010807400664864278
0.04553160201505184
0.06595830129631672
0.028126569856039518
0.004879995772866586
0.005333092011381059
0.002026308009086313
0.003278635089088962
0.003736327209630909
0.05251999410073398
0.074899174094558
0.25333317552024903
0.043496309004749066
0.010985336831499217
0.0
0.006223069269440189
0.006608794526895105
0.025563147950323196
0.017748897123931368
0.038952390345938316
0.008367402994484107
0.020261249256700812
0.013591223546388908
0.014337916101854763
0.0014328161303361888
0.034693374890631345
0.05643353888431351
0.11316634418373227
0.021225418292905217
0.002432276874962507
0.0009241434615293015
0.001495295466797437
0.0017040362794950312
0.02395292765468379
0.034159457349547596
0.1155383074516193
0.019837472579266057
0.03905485953621125
0.009686578617677818
0.000584479626052564
0.0
0.0
0.01983386853023469
0.10900330574813755
0.1704444273295811
0.009240599622087313
0.006198583985384315
0.006539129963494291
0.0006534681067667347
0.015822695967144106
0.02573778800509909
0.05161206320737386
0.009680330653412152
0.02608778436418294
0.0021275380541580587
0.005665117330187096
0.006397261917961626
0.012347654075808371
0.012992633807580378
0.18679557210981632
0.07345007781845823
0.02712234912853889
0.006727018615599005
0.0004059023810242426
0.0
0.0
0.013773986470180298
0.07569930476704673
0.11836819591581206
0.0288520127383985
0.01517344071670566
0.022171089683075015
0.006305571772553601
0.00748892345008628
0.01791680154687383
0.07155813420073379
0.09574121335701241
0.018117130721193957
0.0014775070394408862
0.003934242547742535
0.004442693515381513
0.0085750502943683
0.009022968061163287
0.12972354228364713
0.05100872664164839
0.036396949722983137
0.009766254454224344
0.004706002948269098
0.0
0.005398869550862759
0.003936306944761596
0.05306047560217641
0.15312915123804444
0.026683490940807887
0.014033002535253103
0.020504707109006
0.005831644010250334
0.006926054790306913
0.016570171935630366
0.06617981362337295
0.08854528876156323
0.0399806075623125
0.04364919331513484
0.013120963596113823
0.014243960270776122
0.018541540001594352
0.04250741007620269
0.05746607593599101
0.023018220404469113
0.033661349279584765
0.009032221239390214
0.004352299029399496
0.0
0.004993089669592542
0.0036404534981019625
0.049072441943065
0.14161994024063237
0.031076825140639957
0.0034431082500537805
0.013428027169044022
0.010763090297475847
0.026318936613121863
0.03369104041511651
0.02764381012488795
0.10946105233685971
0.04293235470168003
0.04687179020295955
0.014089677408184125
0.015295584334192338
0.01991045210664114
0.045645709710564135
0.06170876596991223
0.024717643459167014
0.017601378499718635
0.0029468276408435717
0.0010077747332194256
0.013577074404136984
0.01714978550140747
0.044625859978437266
0.07007150245773183
0.027991093568206372
0.03337121072661536
0.003697311113574275
0.014419411322518918
0.011557723569289267
0.02826204980213225
0.03617843213403024
0.02968473802550031
0.11754250401574952
0.009590820962474036
0.0026957478554794595
0.014415222858242331
0.018557415043112382
0.007360355000397649
0.05626702445417946
0.09869767681494131
0.05155889919804797
0.022845362349048545
0.0038247768625814978
0.0013080213545195642
0.017622096156131178
0.02225922611654398
0.05792125550630025
0.09094792569881495
0.036330488269542
0.023839566627751826
0.0
0.021984859160894512
0.01810840959861253
0.04060291666651235
0.0627985057720578
0.0273143300507286
0.0373554434039071
0.012448217059594074
0.0034988928032587486
0.0187099544245411
0.024086231139701
0.009553227720454029
0.07303067552232077
0.12810270456275144
0.06691985713029824
0.033870267395998806
0.018912627247021533
0.007836410793640301
0.012729060479359934
0.01139041528634362
0.028864704390094358
0.04379400559824418
0.021189328075274003
0.005902371642077253
0.02510027934083223
0.05422205286323311
0.05759389112871857
0.014562184148618823
0.0017656047652616687
0.02008407017772031
0.0
0.02900873720645472
0.052350514469621655
0.045119204220656954
0.020341922168502967
0.01851451086598051
0.009504051772704615
0.007736051439501883
0.024149898395610346
0.0761513457835619
0.04622485776561987
0.028481674231023227
0.030473258547041714
0.004404869952747057
0.014094871744939676
0.03433192751226881
0.027843211045115245
0.08568010893952789
0.10968417815929188
0.021246615973960985
0.011077984350145778
0.013875969676911185
0.018917716235451312
0.023041643000759997
0.0685141257270041
0.028752062994121554
0.051887308264846346
0.04471998187181719
0.020161933401229726
0.01835069134293688
0.009419958315434445
0.0076676015481580715
0.023936216010730798
0.04503697263606843
0.060026511062394386
0.0416683146454499
0.005703886486969839
0.006131864164982024
0.01716011241855744
0.009520450222060018
0.014966420133651744
0.08492199684667263
0.10871367400276545
0.02105862232290856
0.010979964471270108
0.013753192750710219
0.018750329083114452
0.022837766647025914
0.06790790115647156
0.0516517986568029
0.07909625020481509
0.021612576025348603
0.01990813006572322
0.0172989764484903
0.023545971446571157
0.016541768652294595
0.016310501576159216
0.04366493684306688
0.058197824166138605
0.0403989038529087
0.00553011955812718
0.005945059044216844
0.01663733552943467
0.009230412999182949
0.01451047332118718
0.04045030631328578
0.1603630441733991
0.09880239565050512
0.011135947349509956
0.0015779237639928603
0.0
0.009484942882796367
0.007344184741250391
0.05007824447715791
0.07668661030183678
0.02095415637255877
0.019301635769522967
0.016771969114728905
0.02282865157103815
0.01603782939212499
0.015813607787468445
0.0692822492261115
0.054402197279932236
0.04539407332150633
0.0139247951290001
0.013854340682035938
0.009901731647270073
0.025322051633111305
0.006171760942514853
0.035063304695584836
0.13900656860827315
0.08564430826595584
0.009652908731166062
0.0013677825155334782
0.0
0.008221778093444872
0.006366117114879511
0.09472991953389195
0.04844290900141036
0.02400811121014062
0.0083000053417738
0.019075178575795566
0.006029679908259787
0.010509986619216241
0.013819287262460985
0.06005553074916294
0.0471571415198174
0.03934868161240394
0.012070349496249973
0.012009277876126
0.00858306068372375
0.021949767328152313
0.005349831785195443
0.08748789297291507
0.15238380966885298
0.02192786605597208
0.0015569369817671932
0.005114312075287538
0.0
0.001236534648291434
0.013530913882035787
0.11300073393485907
0.05778622317039416
0.02863862020029468
0.009900849698791637
0.022754259579331877
0.007192640491812696
0.012537076009993629
0.01648465037021428
0.1691684775233031
0.051083529386641784
0.016486196981578168
0.0
0.0
0.0
0.0017543750938942863
0.026243761046313437
0.10436191823024586
0.1817744849472776
0.026157152567448466
0.0018572276055515075
0.006100723202584782
0.0
0.00147502841214621
0.016140657640191267
0.059882408822340215
0.03188170956923725
0.008019933894813583
0.0
0.0
0.009053391910755795
0.012167459620448065
0.008096215227798754
0.30180220826536774
0.09113472084510292
0.0294119254827055
0.0
0.0
0.0
0.0031298637028291626
0.04681974533863725
0.03229628057650548
0.025204220568667838
0.03294417356481989
0.0020955503423952864
0.0
0.002400737565301037
0.015242308545020523
0.03171565891848659
0.10683221533599421
0.05687803361560355
0.0143078296561698
0.0
0.0
0.01615155323828894
0.021707153934308325
0.01444391809936797
0.019444850921405812
0.010983752713493567
0.012403277333637436
0.0
0.021298288163802536
0.042851721386168024
0.016884675913658033
0.03161480992908434
0.07763285654094176
0.060585169707036285
0.07919024279464817
0.005037222745204964
0.0
0.00577082288339568
0.036639016366769035
0.07623717514739037
0.1060814331819171
0.023442571393985624
0.020597647404893015
0.0
0.0
0.0
0.02136535168597106
0.00814627236650142
0.0467409650614583
0.026402424163609054
0.029814636010447294
0.0
0.05119620340402141
0.10300571705228677
0.04058689110779148
0.07599475729038614
0.010866687193317019
0.0
0.007797265343404098
0.0
0.03390856328963328
0.01869001807136286
0.03114487234564674
0.003123952960744093
0.17962601970536635
0.03969493685044141
0.03487767187581879
0.0
0.0
0.0
0.03617761344131723
0.013793954669910138
0.01338210199377659
0.028473699443859513
0.028164628474697733
0.010579480673549382
0.08322420295648299
0.017252465227819362
0.03342807794987674
0.029663174882598776
0.01840039024144281
0.0
0.013202986575609565
0.0
0.05741683605649657
0.03164751317625068
0.052737121717487324
0.005289740336774691
0.0404177572728028
0.022442466836809432
0.012212109598189422
0.010579480673549382
0.01338210199377659
0.07212407213337234
0.09491027677064938
0.006896977334955069
0.009718189212845584
0.02067782766218711
0.020453377859016533
0.007682903254437142
0.06043808004119947
0.012528877866119987
0.024275736852830097
0.02154163421388403
0.029452236859592903
0.0
0.01668435960849757
0.017718508294108624
0.0685360767592399
0.04758567990301966
0.10443330453248624
0.02243342545369911
0.02935169773168901
0.016297898433635813
0.008868531402496034
0.007682903254437142
0.009718189212845584
0.052377076495082754
0.06892460006131022
0.005008639955738766
0.012541997860859935
0.024646289527226604
0.07306903088714703
0.023894338316115232
0.05730451787498704
0.0663462088795833
0.04059904926656394
0.01920725755684364
0.016907820422827045
0.0
0.009578089347684442
0.010171769221650254
0.03934491236963166
0.02731779369879437
0.059952646979428564
0.012878489700060924
0.031184620847687087
0.020918609103539036
0.022067863225877636
0.002205284935932914
0.0533974844385866
0.08685834179837165
0.17417729239579935
0.032668598733067
0.007200059152920714
0.014148841712836554
0.04194717225043264
0.013717164617992827
0.032897144697903793
0.03808776191836158
0.023306937181343156
0.011026424347131535
0.00708689084524593
0.001559371936631455
0.029308418916915928
0.008652520222271101
0.08685243069113431
0.03316376170489793
0.03661775042046863
0.014796839528003479
0.01221836229827453
0.008196063888395184
0.008646350050542317
0.0008640467507929938
0.02092152455127628
0.034031732946292324
0.06824393578548883
0.012799795676437405
0.03449451485366356
0.00281313246025016
0.0074906887900445885
0.00845876534286567
0.016326658139303087
0.01717948115513831
0.246990029769914
0.0971192020350366
0.002776695613471345
0.0006109733183091832
0.01148325267334592
0.003390120642646718
0.03402941693128728
0.012993804146704547
0.014347102162002521
0.005797509840046208
0.0030728648918845235
0.0006109733183091832
0.006116077078603225
0.0
0.018015086235839278
0.08331264234900847
0.17534305702407255
0.03130578953922311
0.017852662095368163
0.0014559388197055306
0.0038768116147609856
0.004377840362470073
0.00844987419432031
0.008891253387315163
0.1278298755936521
0.050264116027106696
0.0358656375949414
0.009623689500936667
0.004637306080535792
0.0
0.005320058417184781
0.003878845876310408
0.052285914150690345
0.150893816249021
0.001590363534963821
0.0003162097002185032
0.0031653802900762722
0.0
0.009323721425036903
0.04311852068187996
0.09074893098510049
0.016202334911607063
0.021019781298757763
0.009213095573946171
0.006753378821631669
0.0
0.0035800494832760243
0.014945572334074814
0.18546720416439696
0.10905163582172225
0.03122791458213497
0.008379267004655919
0.004037664123239001
0.0
0.004632130946620802
0.0033772790845288695
0.04552491382941126
0.1313820001756056
0.02883022997430543
0.0031942002513527887
0.012457292842263247
0.009985008671450605
0.024416297089601774
0.03125545929629752
0.025645393300627897
0.10154793154768711
0.01830175005798159
0.00802176626188895
0.005880111190675116
0.0
0.003117119531685905
0.013012986455186715
0.16148476362929798
0.09495035908585517
0.060469389524930986
0.018436067410475213
0.015190835649049958
0.0010153342881698668
0.009971524706267833
0.03608776522025997
0.025840212831020472
0.062326873834436435
0.03159700938226478
0.0035007412497498843
0.013652794277583436
0.010943249948231492
0.02675948020213105
0.034254983103231385
0.028106530313979285
0.11129328308242716
0.009080918951892324
0.0025524267303215008
0.013648828495636573
0.01757079843555542
0.006969037111347013
0.05327555281573533
0.09345035293676722
0.04881773799116806
0.06627251568447118
0.020205339862360398
0.01664866971076034
0.0011127738855371827
0.010928471953925866
0.039551035744972186
0.028320046284373863
0.06830825904160572
0.013679312098353257
0.004226434303720466
0.004235176371725736
0.0066836099422441075
0.025757214266749283
0.027783459102533416
0.09120660163971986
0.06960718235104271
0.01100692145116215
0.0030937794599125855
0.01654365422131088
0.02129744789474854
0.00844712352144117
0.06457494315460689
0.11327055112016304
0.05917165546117215
0.02994865617886118
0.01672286091626549
0.006929085318138783
0.011255247893948278
0.010071595454408727
0.025522653759312272
0.03872339125707276
0.018735957817163192
0.016580603193372904
0.005122832903365391
0.005133429105838344
0.008101159148563622
0.031220148063955996
0.033676145949902474
0.11055091509947187
0.08437040266888313
0.033621902378096875
0.004645856852251375
0.001969575101165977
0.015278550319193724
0.007775748881492876
0.03873004504203797
0.06798545968786285
0.07992149136253916
0.07139564245917196
0.04333808396689779
0.026702974308770413
0.028570182830047048
0.004129782829043112
0.013214637420456745
0.03218787529463807
0.02610438358295464
0.08032932787682784
0.1028343266519043
0.019919750359443978
0.010386156694843848
0.013009405935422255
0.017736291993173222
0.02160267672786486
0.06423537198818419
0.0363145172992415
0.06378664866886895
0.04932433615192113
0.006506123718153947
0.011485577912912423
0.02459545291860421
0.030637704311918836
0.013969509865831509
0.05234339809144265
0.050512861265867806
0.02192038256222437
0.010001936357698839
0.012663586074062646
0.0077187178453655015
0.015050359757131327
0.017471738062161526
0.0748185639387848
0.09577967159771052
0.01855321282157284
0.009673644100980603
0.012116932825299687
0.016519544375659855
0.02012068683670507
0.05982868789340318
0.0455066242417104
0.06968592441310391
0.019041260936832873
0.017539598190481287
0.015240863657784043
0.02074463431844173
0.01457374321763586
0.014369990701617997
0.04875252887566572
0.04704757079688563
0.020416597370379642
0.009315782101869343
0.011794836947090562
0.007189197269575403
0.014017872843617659
0.01627313941092511
0.06063293560865482
0.09660367087965387
0.08654146783616083
0.012322216751887993
0.00768477424093793
0.007740604697710302
0.007707226434339086
0.021845734736251423
0.047839902934513234
0.07325895768750645
0.020017570851451606
0.018438912772041974
0.01602231433722218
0.021808281953302797
0.01532098837349433
0.015106788776152562
0.06618554848850074
0.05197058851540443
0.04336509963909756
0.013302400160177384
0.01323509480753852
0.009459155084900491
0.024190234799131842
0.005895902452403364
0.06374179149711445
0.10155686814853489
0.09097874188825182
0.012954018523044768
0.008078798633961258
0.008137491707272806
0.008102402027332584
0.022965839517436186
0.03806141317041496
0.05195072376704652
0.05012817775786288
0.01686695908579646
0.004443935726961288
0.014436571911148697
0.023233609310774707
0.028944643277029482
0.05881347740837376
0.04618184941206138
0.038534882103138636
0.011820713572142861
0.011760905019863866
0.008405547987333768
0.021495807776061318
0.005239187913455873
0.08567849043512914
0.14923224614888492
0.021474359460468755
0.0015247368037739426
0.005008539162789584
0.0
0.0012109609505528065
0.013251070933660085
0.03382194625187562
0.04616419729682698
0.04454465540309367
0.014988234437806442
0.003948948364873228
0.012828555709532665
0.02064573592755889
0.025720646913771204
0.05389076794051202
0.019403561744001357
0.0006818830204764581
0.008604502937917494
0.11911545781875629
0.03002070737921651
0.04460330532789733
0.0413838763641779
0.08462597363123749
0.1473990036867862
0.021210557845032195
0.001506006185396636
0.004947011799211945
0.0
0.0011960849094036167
0.013088288247405858
0.04855801077548293
0.02585254045802994
0.006503279412797002
0.0
0.0
0.007341299566979738
0.009866464074831131
0.006565135137406402
0.05322874718659876
0.01916519882832448
0.0006735064333809693
0.008498800983024272
0.11765218482782501
0.029651918213804414
0.044055376342123864
0.040875496430518236
0.0
0.0
0.0009339853853424063
0.023015350353208442
0.2618266814998003
0.017207425169018787
0.002958796253273551
0.0015966372634966697
0.07393962670593768
0.039365846342124464
0.009902589592681635
0.0
0.0
0.011178648813040164
0.015023734682494376
0.009996777742364932
0.013457972522235481
0.0076019632552955
0.008584430202959388
0.0
0.014740754662385704
0.02965809772862203
0.011686050225394715
0.02188092081759987
0.0
0.0
0.001422186157096178
0.035045636887617714
0.3986853411533133
0.026201868100618295
0.004505379997494298
0.002431210862273209
0.0
0.0
0.002694228009712819
0.0025756888065393557
0.11208033484542862
0.1358383695197539
0.011501978287360213
0.0
0.02547784174631392
0.014391589554794249
0.016251538174261837
0.0
0.027906329418416583
0.056146965612991824
0.02212334270932412
0.04142367187430054
0.0059232781405773845
0.0
0.004250179520513941
0.0
0.01848308027449172
0.010187665616912566
0.016976631265276224
0.0017028227605509266
0.0
0.0
0.0051005539464831166
0.004876142501579529
0.21218389540829372
0.2571612087915545
0.021774868546560612
0.0
0.0
0.0
0.0031696805796114906
0.003275445040276107
0.04636173635198609
0.12926167423812965
0.055589168672615714
0.0
0.010109545078857292
0.0
0.007253986801923741
0.0
0.03154596640516663
0.017387781285661968
0.02897483707336398
0.002906289904092831
0.022206330070947047
0.01233034338893969
0.006709579029078305
0.005812579808185662
0.007352396420987121
0.039626418186547614
0.05214561804774341
0.003789338289062178
0.0
0.0
0.005409847038187085
0.005590360354876574
0.07912781612831926
0.22061714673279836
0.09487672083844265
0.0
0.0009190495526233901
0.0
0.027441361749618566
0.12201611276969208
0.1659959490378043
0.014870534066645685
0.014982915557007252
0.0
0.013523937895145107
0.00750933619760979
0.004086219100676151
0.0035399351484612456
0.0044777030810691
0.024132993468517938
0.031757345663536024
0.002307755289651369
0.0057787866889957955
0.011355898113931607
0.033666912381335436
0.011009432925709455
0.02640333611830098
0.030569339350244716
0.0187062099747016
0.008849837604261212
0.0005597128851336375
0.0
0.016712138875463668
0.07430936701527481
0.10109364755277626
0.00905634467930698
0.009124786438542204
0.0
0.0
0.0
0.0063817088392076745
0.15668932307956504
0.2656579129715691
0.07774384303153871
0.04499551919698145
0.0
0.003904202854335081
0.007672151995915695
0.02274568391080381
0.007438076843191944
0.017838343199851274
0.02065293432159942
0.01263809209571509
0.005979033851647971
0.0038428377987903724
0.0008455631039499031
0.015892371209902403
0.004691793974398037
0.04709537805293088
0.01798291518983257
0.01985582655288742
0.008023526181300178
0.0
0.0
0.004311542752220828
0.10586078624012601
0.1794809945269906
0.05252447446255491
0.030399397647894687
0.0
0.0007562946207750083
0.0
0.0038133357912860325
0.028384535349175916
0.35227904776874425
0.013640927384284626
0.011449448290337814
0.0
0.002978066615053151
0.0006552822113872647
0.012316038982738229
0.003635978339824936
0.03649729196139594
0.013936138388414444
0.015387580030063502
0.006217955767754852
0.003295714626656411
0.0006552822113872647
0.0065596260801915355
0.0
0.01932157296102926
0.08935462626429719
0.18805925351390346
0.0335761421714086
0.0005861022190380507
0.0
0.0029552035778327465
0.02199703488234269
0.27300409912514256
0.01057124775193208
0.00887292711781001
0.0
0.0014652555475951267
0.0014652555475951267
0.0012433105044380981
0.0024165612980993354
0.062695556308185
0.13453369372914872
0.02964181387006299
0.016105013289851273
0.0015479058311156388
0.0003077678958695968
0.0030808745931281906
0.0
0.009074807391028838
0.04196739181025085
0.0883262199812342
0.015769783534388942
0.020458619256422252
0.008967134902185356
0.006573084850046142
0.0
0.0034844734232236728
0.014546572564493092
0.18051581320576213
0.10614030017041542
0.000688189926352349
0.000688189926352349
0.0005839484900000404
0.0011349918753042294
0.029446365413298835
0.0631867478211077
0.013921938557181499
0.007564078449002974
0.01075157097358094
0.0
0.0003077678958695968
0.0
0.0
0.0
0.19943661738282892
0.17152866770293504
0.01703049337750776
0.007464566872906002
0.005471673166475638
0.0
0.0029006014929225566
0.012109092242247384
0.1502678808772054
0.08835501831686453
0.0562691291588892
0.01715548092104212
0.014135665993708014
0.0009448082186595261
0.009278893271722339
0.03358107528764233
0.024045327474033835
0.057997590870563664
0.00894999589016232
0.0
0.0002561971092341094
0.0
0.0
0.0
0.16601824145608485
0.14278665645779356
0.00922755785328991
0.007721195887556719
0.0008262108319967165
0.007890399881285499
0.005931576521864557
0.03478005849179525
0.05226672353566835
0.06633774188509708
0.0731392541288675
0.022298889240741308
0.018373699448506094
0.0012280724695854853
0.012060811019818813
0.0436490636357307
0.031254390160708106
0.07538592832254844
0.01509667580197177
0.00466435066491985
0.004673998530657941
0.007376123284521093
0.028426013717008935
0.03066220521270081
0.10065685219070289
0.07681943784065903
0.011994084659012
0.010036098241438035
0.001073918237383715
0.010256031517142435
0.007709930633410926
0.04520751564264134
0.06793688177338005
0.08622655147850015
0.03459545529753676
0.009031169274397493
0.01471088501962794
0.0013730267878898526
0.024212200912788293
0.01374042533601404
0.05509725151423772
0.06103261738009845
0.015252011323206848
0.00471234396829753
0.004722091104648098
0.007452019062513863
0.028718499938166994
0.03097770047082311
0.10169254937371339
0.07760986267156159
0.030927803397614046
0.004273587666874361
0.0018117544575758512
0.014054291014193464
0.007152683687306614
0.03562663424486121
0.06253783344788993
0.07351743944491916
0.03495142128312849
0.009124094459054205
0.014862250990675337
0.001387154390188813
0.024461329588423304
0.013881805872998388
0.055664168390167884
0.06166060552513369
0.07592598912193294
0.013064705140236867
0.007279939131285724
0.0020956377590828747
0.00475680973567498
0.007596613590205656
0.04033533935878143
0.1319128378025987
0.03364253195164221
0.059093291761182866
0.04569510152952543
0.0060274097343957595
0.010640480740365043
0.022785744441012768
0.028383413105706485
0.012941647499740661
0.0484920239538932
0.04679617617115685
0.02030750304802365
0.009266004025866631
0.011731812255919
0.007150782415710197
0.013942969552388258
0.016186185297835966
0.048181767915168094
0.10136506252306167
0.09694557316015413
0.03452632658580171
0.0024163690089393695
0.0026254663728808476
0.011424754764733043
0.019739195506561783
0.03932993662032684
0.10886202779472882
0.10389896355934727
0.0043978580713666835
0.01207168865767413
0.014338306648397445
0.0019934027686461598
0.0047999648118193135
0.046227234454275304
0.04461059017632447
0.019359053882231924
0.008833241131887342
0.011183885338412794
0.006816809617533096
0.013291771923149983
0.015430219687156082
0.05749225721563127
0.09159977227615
0.08205877348192646
0.011683947805838755
0.0072867165818208506
0.007339655120075713
0.0073080057914742605
0.020714164470402783
0.03749305665089009
0.103777695210652
0.09904642777090242
0.004192458874370671
0.011507888026449666
0.01366864504857501
0.001900302145268764
0.004575785472250399
0.06054755207398285
0.08514724883997932
0.04469952258556972
0.02420266285495669
0.01967524986768857
0.0
0.005739274866855971
0.032589885049155304
0.0596155795878347
0.09498276426815355
0.08508939426476077
0.012115463091083974
0.007555831921649243
0.007610725602875909
0.007577907391180641
0.021479186596365676
0.03559757504131417
0.048587785731127126
0.04688321900792957
0.0157751063810243
0.004156265423225135
0.01350204601299204
0.021729622786674403
0.02707096309022551
0.0627837135699327
0.08829193417935308
0.04635037960405095
0.025096523315402384
0.020401902468334714
0.0
0.005951239595937905
0.03379350507355044
0.03248512594325133
0.045825886554559186
0.04075632061917156
0.021182962390933556
0.02556629580673882
0.014101943271794329
0.01555706242853793
0.012525514197300764
0.032786448979976554
0.044750828000918286
0.0431808702204172
0.014529352629073402
0.003828046828685914
0.012435794916268448
0.02001364328953838
0.024933180115960525
0.05224084091480599
0.01880949967845939
0.0006610063978776473
0.00834106631449234
0.11546860288339043
0.029101589349752575
0.04323772451120622
0.040116862019214286
0.029919788724664845
0.04220703488199687
0.03753781051212594
0.019510152443503792
0.02354733579750284
0.012988318531883333
0.014328527519068301
0.011536379421945386
0.02330592465729146
0.031211855913122515
0.0438928832135119
0.09013396277039618
0.10581873675200337
0.002049693833000559
0.0022075878201676586
0.005368415495132949
0.041901377941117
0.015086739438129363
0.0005301805716362006
0.006690209536355458
0.09261515482953177
0.023341827441479203
0.034680150708379515
0.03217696667670463
0.0
0.0
0.0007352281744584238
0.018117557608791617
0.2061085281254508
0.013545590747664132
0.002329148187999989
0.001256864099733843
0.018693235794671047
0.02503443183451464
0.03520564095539699
0.07229472522335574
0.08487518202718287
0.0016440201661415417
0.0017706639091415403
0.004305903248635519
0.0004411369046750543
0.0036865596712059912
0.0
0.12841683589611094
0.12494190450188504
0.007595750912139691
0.001978296649098707
0.0
0.0
0.0
0.0007986153182936031
0.0196795492053957
0.22387801979049557
0.014713413661533184
0.0025299539464503557
0.0013652236923593394
0.0
0.0
0.00151291850845011
0.0014463539289818798
0.06293766244342819
0.07627876432998214
0.00645882819568542
0.0
0.00047916919097616185
0.0040043936392905755
0.0
0.13948819677506719
0.13571367678541588
0.008250612861572805
0.002148854006122522
0.0
0.023372190896323464
0.0038621579552784186
0.008414328636245912
0.011397093361519537
0.04725812482671792
0.0920298770646967
0.08278218074358804
0.029199635790607838
0.0
0.0
0.002417127692391449
0.002310780200793982
0.10055291539941665
0.12186744532082038
0.010319004232543394
0.0
0.0
0.0
0.0015020962008052104
0.0015522174639906654
0.021970601228716524
0.06125647834414091
0.02634343649835239
0.0
0.03734078837150118
0.0061704109599775205
0.013443226879673706
0.018208667435181985
0.0755023628643238
0.1470323504789052
0.1322576863157459
0.04665105746477164
0.03822915888662783
0.012420038990864194
0.003877118712670758
0.0
0.002666065035524188
0.009630584348423822
0.0802782514134184
0.02619980262621511
0.0
0.0
0.0023307411196747466
0.0024085122298165324
0.03409088158288116
0.0950491671882402
0.04087603087427864
0.0
0.00039595695926290944
0.0
0.011822646695596626
0.05256857897972927
0.07151654776758672
0.006406718152288102
0.006455135817118015
0.0
0.05931861923349435
0.01927166553543846
0.006015966224159302
0.0
0.004136823861675654
0.014943383077152357
0.12456447295755159
0.040653160080924
0.0515027166901265
0.09159242233281961
0.0755157517238139
0.018358478620764496
0.009912194092144042
0.05273916987244149
0.04400827844047542
0.0635454730656381
0.0002068312661855621
0.0
0.0061756535110957965
0.027459615237457505
0.03735723740157481
0.003346600170883523
0.0033718915231081715
0.0
0.0
0.0
0.002358239295001701
0.05790156337488503
0.09816883615070691
0.028728760618947517
0.016627239528292113
0.0
0.0269028535951104
0.04784403011722591
0.03944625338841482
0.009589697287911715
0.005177713402415364
0.027548724746746283
0.0229880741821904
0.03319348314774682
0.005769072241748107
0.01333540612178137
0.06025738083848278
0.12110254674684263
0.2261666568435488
0.055927633889398816
0.007009106728473479
0.016038633899802854
0.0
0.0
0.0015705712242079343
0.03856204477043153
0.06537977273937871
0.019133157873719747
0.011073627683372762
0.0
0.0002754964143172766
0.0
0.0013890887337139608
0.010339671202138948
0.1283251418606423
0.0049689981643420205
0.004170705255931622
0.0
0.0038421626136374773
0.00888128917298066
0.0401310030715061
0.08065346697513581
0.15062544495236732
0.03724742124808963
0.004668017091596602
0.010681620364831584
0.0
0.000993316439036416
0.010361668331381177
0.09283211857007223
0.2600091910232119
0.00879009320111483
0.00509473470513622
0.0
0.0002700472380412547
0.0
0.0013616132785730962
0.010135157865164354
0.12578693706993008
0.004870713956252309
0.004088210867787867
0.0
0.0006751180951031368
0.0006751180951031368
0.0005728566738789125
0.0011134332594409573
0.02888704609628197
0.061986546433269944
0.013657498139627054
0.007420402476346342
0.0
0.0009736691547420144
0.010156719902592032
0.09099594738280475
0.25486634399639135
0.008616229713801441
0.004993963493443131
0.0
0.0
0.0020253542853094103
0.007237765395479299
0.06237542747712589
0.14476913662252033
0.14739995448462465
0.0025972311592337865
0.0014913845568990745
0.0005821249153737305
0.0005821249153737305
0.0004939493478575691
0.0009600649821530057
0.02490804110594349
0.05344829794743481
0.011776265525119298
0.0063982897139236595
0.009094520427382742
0.0
0.00026033418025667474
0.0
0.0
0.0
0.16869910408563785
0.14509237544348572
0.0
0.0017463747461211917
0.006240809717438614
0.05378361312619699
0.12482811824535427
0.12709655785088314
0.0022394792551724027
0.0012859559168561954
0.006571895483687746
0.0004197762424214227
0.001773332532052445
0.011017989553505341
0.026171521135049197
0.09850490141168519
0.05864299892031427
0.05738103424934093
0.009191169718379263
0.0
0.0002631008037575919
0.0
0.0
0.0
0.17049190326969746
0.14663430119180684
0.00947621109066373
0.007929257477022009
0.0008484745773338487
0.00810302097842185
0.00609141358041698
0.03571727007881905
0.053675144942577524
0.06812533233341027
0.006641736333908855
0.00042423728866692435
0.0017921780922216092
0.011135079936341483
0.026449651134558244
0.09955173273799202
0.05926620982107743
0.05799083399866558
0.01879273538445603
0.002094916784335758
0.012703327696282449
0.006920479949633214
0.00707089942559405
0.005551739695458252
0.0272416432828274
0.13982584778798823
0.013139727762728497
0.010994719684041048
0.0011764960544987208
0.0112356604019765
0.008446362725680933
0.04952561744070001
0.07442603224249864
0.09446268261038901
0.03789992128292361
0.00989380257171508
0.01611602967646842
0.0015041746591517183
0.02652488602300154
0.015052874261952554
0.06035999461015142
0.06686229085590975
0.02605803358602173
0.0029048145897533455
0.017614452233375596
0.00959594733122733
0.009804519190320354
0.007698050149993568
0.03777330128265876
0.19388271921644076
0.04310087351785959
0.0109127174132156
0.01737453842649573
0.008261113572586125
0.01135099682803663
0.006525913955296149
0.03362782939124623
0.06589269761885355
0.03709516667367691
0.009683720783863136
0.015773827140793548
0.0014722355033675127
0.02596166521503718
0.014733246422773495
0.05907833010446519
0.06544255870529626
0.08058290959118844
0.01386602881735945
0.007726454190852135
0.002224173699006489
0.005048568656205388
0.008062551877403207
0.042809307359285426
0.14000371158145666
0.04218568357941282
0.01068100031881496
0.017005613125097907
0.008085699772240197
0.011109973451003313
0.006387344819601448
0.03291378699259459
0.06449355349587187
0.03931430174604803
0.028661538204003432
0.01642331077412984
0.012493724146602265
0.01117211945708936
0.03901524800109767
0.0657471411421819
0.06474530025363694
0.03955106975355854
0.08320775330374153
0.07957991772130249
0.02834169874242611
0.0019835299400213944
0.0021551721354903398
0.00937826261196627
0.016203355172307417
0.03228484827315529
0.08936180304558107
0.0852877620076811
0.0036100790583924614
0.009909312605206536
0.011769916110117504
0.001636328747597512
0.0039401572690554495
0.0359601035262109
0.12485414396911759
0.04935842666198462
0.011967320256713338
0.007495302426009324
0.004011864986750384
0.011525615647069914
0.01171312272502581
0.052247079344208566
0.057951559030799786
0.054690379070767764
0.033716901643828436
0.016041998147271724
0.007535962630786195
0.012882405644463229
0.009846636214864419
0.035048960000579985
0.09701263682656219
0.09258979115697892
0.003919160946521703
0.010757712044814365
0.012777613680058758
0.0017764252858524956
0.004277499257568051
0.05660057942284839
0.07959667163282665
0.04178565097357732
0.022624940137836475
0.018392660060637177
0.0
0.0053651431280675125
0.030465416254191344
0.05672028496429188
0.06291316153189536
0.059372771160326035
0.036603620591912335
0.017415455901665728
0.008181164445239529
0.013985350537312893
0.01068966952903435
0.03070529555720703
0.07439626292657754
0.05628258402596195
0.023533945707651667
0.009018507007665448
0.0035472476744045946
0.007702149241342328
0.01594143869764738
0.07251716777552554
0.10197996646022013
0.05353614915534316
0.028987275335637233
0.023564840308278105
0.0
0.006873869284114129
0.03903256334801027
0.03752134421949834
0.05293034315400293
0.047074834733397936
0.024466989133653805
0.029529877367812752
0.016288188895716975
0.017968897379222342
0.014467363634179504
0.03933989885305358
0.0953171563883477
0.07210974923347171
0.030151901388715516
0.011554591709632293
0.004544765395852118
0.009868062384907124
0.02042431360965693
0.03581527381247419
0.040867009746354245
0.020568495416927207
0.011906933709910875
0.016003664913971396
0.007096912658605032
0.004320688442729674
0.013370617868690518
0.03061053747625951
0.0431814554209099
0.0384044341366261
0.01996057719642533
0.024090965732700108
0.013288175756604187
0.014659325727139442
0.011802716185114507
0.023843981209425876
0.03193243421350232
0.044906224402603584
0.09221485721897917
0.10826174064415703
0.002097014469831436
0.002258553705817758
0.005492354415137676
0.02921869682615264
0.03333998713013498
0.016780121098724864
0.009713874812756844
0.01305605635397384
0.005789779535379193
0.0035248895861968756
0.010907972724964602
0.03444338605537213
0.016551282955397217
0.0315073272516309
0.07829128198323913
0.11106127158590443
0.05059508374957983
0.01364495153096443
0.03456844882816699
