0.07556640516466734
0.04623242504851178
0.010752720106040618
0.004480583097335453
0.00749173502315054
0.004535337827497557
0.015524463925973312
0.012346992805103317
0.15520684450703476
0.06973178915123046
0.015639257904822946
0.002565574554390732
0.009907495024788715
0.003826922199490951
0.02568361422220413
0.01992776152016565
0.0348971312640352
0.03312847796457112
0.034711769232970376
0.0
0.013071976907444244
0.007271955534169695
0.017672061305841435
0.02793362448788472
0.15252435791091543
0.09043399802187932
0.0408313995246171
0.009564200940808891
0.007451567266306124
0.013552168648931722
0.004568898001881194
0.032965971669559155
0.06802471773519005
0.030562345940660117
0.0068544406526814036
0.001124450957335875
0.004342299172853199
0.0016772797826136161
0.011256723976536745
0.008734024306782476
0.05438969051903931
0.1281590022304951
0.012703637178520733
0.0016391548319239528
0.0032975741639766926
0.025928459301996238
0.013314946710604786
0.019076018720109243
0.06684902606960001
0.03963579833506793
0.01789575992100631
0.004191838777649237
0.0032659046808485364
0.0059397022726113595
0.002002476101656426
0.014448466656290997
0.2668817205236543
0.15849261440518736
0.013385995681876645
0.0
0.000917808088589659
0.0015294186655783813
0.0015086091802784635
0.011969866885914436
0.04937338596466764
0.11633903082713666
0.011531993941952005
0.0014879772876093347
0.0029934423305487358
0.023537104483771738
0.012086923032068833
0.017316657365562354
0.054420232282271844
0.13855254658662913
0.0955250132527897
0.002351631335921414
0.0
0.0
0.0
0.0
0.24226749717791354
0.143875005518505
0.012151419230659448
0.0
0.00083315960372248
0.0013883619736857102
0.0013694717255590132
0.01086589851981358
0.025358547367430845
0.018622979051661496
0.010099103129807515
0.0018412592510963085
0.0027698851018995276
0.0007217750172248485
0.002319492056029884
0.0
0.12996690730116278
0.33089248655100983
0.22813372934484985
0.005616187932769494
0.0
0.0
0.0
0.0
0.030430435162694083
0.003971244735498463
0.022320418233581368
0.029715603310122983
0.005876533138200662
0.005374710564743978
0.005293871719908196
0.002808093966384747
0.06056151980205116
0.0444755726055079
0.02411877247212996
0.004397312550292047
0.006615065485318053
0.0017237498412243264
0.005539432604186501
0.0
0.012121254686916254
0.004837231017025954
0.007334398064597148
0.003656625412259735
0.014158464300382872
0.004309374511164241
0.005750511320031525
0.0
0.0713193754357148
0.009307349458654473
0.05231204481211339
0.06964403425198352
0.013772746623668309
0.012596632239265753
0.012407171395416219
0.006581289645600611
0.1370460970934389
0.04827675058995854
0.05063394336072011
0.007721377540274721
0.02678060102362057
0.024435898377878917
0.06692696598499347
0.03529848550121707
0.02840841115633798
0.011336949114533002
0.01718952378982917
0.00856998065293652
0.03318299017524708
0.010099819375294555
0.013477391091779152
0.0
0.00733805096850703
0.016159711345073994
0.024468692494240364
0.052956124496717605
0.10306307383369756
0.009316985411775442
0.019370376464710123
0.0
0.12275446128914645
0.04324228589611225
0.04535366254138966
0.006916165877531698
0.023987828339341256
0.021887639306121188
0.05994759303217124
0.03161743868612581
0.0380550397576695
0.07945618948946238
0.05709441705455317
0.02104640928066336
0.034406097222104325
0.0018093151709750832
0.010387146054131758
0.016538395804288872
0.00657281391192938
0.014474521367800666
0.02191701353984824
0.04743367868494198
0.09231530394209789
0.008345378302028899
0.017350367345902982
0.0
0.01065026097227164
0.0
0.012257618640549632
0.042079734194514454
0.08947661676320989
0.019192637859079053
0.003432933961613496
0.0
0.03657426906745869
0.07636444665326891
0.0548727996318039
0.020227466344446714
0.033067311593302874
0.0017389123835494385
0.009982968801136053
0.015894865488040526
0.030402731852224984
0.0
0.0032993540724803607
0.007171726165717428
0.013410869001337061
0.10748814393998654
0.23311014187123041
0.018959685749908608
0.01023584557837739
0.0
0.01178065888619674
0.040442357451673426
0.08599496617485428
0.018445827560350434
0.0032993540724803607
0.0
0.014775639709885395
0.020320711179619894
0.032867688972927515
0.012309963940629779
0.03261501243831707
0.0408882458759132
0.010997846661054744
0.0024591934703100263
0.01617266364739599
0.0
0.001755083849939821
0.0038149833249569846
0.007133881081217407
0.057178072236198335
0.12400240661282111
0.01008556145493743
0.0
0.0
0.0
0.0
0.18434439400124522
0.3700670472803534
0.030296726682633078
0.0
0.0078598677370368
0.010809555818248644
0.0174838919479363
0.006548257153042941
0.017349481243473724
0.021750408841459956
0.0058502793682949465
0.0013081623399012387
0.017635314068825132
0.00889161803355673
0.0130338087733295
0.0013081623399012387
0.0028957407452240838
0.03082639401823678
0.02083557179250702
0.01076213610044708
0.0
0.0
0.0
0.0
0.1241098365797798
0.24914758601889492
0.020397266854008295
0.0
0.0
0.0
0.0
0.0
0.09573408217407575
0.30401054644407005
0.0
0.0
0.011872972644344119
0.005986280554140934
0.008775009870162352
0.0008807201059982783
0.0019495570375996523
0.02075386531104073
0.01402754569361544
0.007245606571940633
0.005694840046467559
0.003736578832417561
0.0
0.0036634489825372895
0.028755987553080304
0.07048454518484192
0.017834569895385257
0.004938797155169436
0.0
0.0
0.0
0.0
0.08180768361163082
0.2597862541040817
0.0
0.0
0.0026565514279802676
0.0015239031203963473
0.003309568057421444
0.0
0.05482486693768207
0.20108114164338822
0.023846570130141267
0.0017326201383226776
0.004866413947471062
0.003193020207333323
0.0
0.003130528527403776
0.02457286556949329
0.06023118664789051
0.015240182161022306
0.004220352312538628
0.0
0.008923201439570264
0.014876032148628524
0.04715018449538451
0.1532023593405971
0.029824209399711997
0.0
0.0
0.0020975017119212705
0.0012032100602937194
0.0026130962845463098
0.0
0.04328741805878495
0.15876524519337218
0.018828252728180745
0.0013680042734968195
0.0027103315475065005
0.003559814923809942
0.012127797213596716
0.06980319486984558
0.11107704500435882
0.0022708764295278493
0.0
0.0005942230921596327
0.0
0.007045386021209747
0.011745491756606772
0.037227810331405084
0.12096216455767665
0.02354794626360947
0.0
0.0
0.013400660142466346
0.015671927417634512
0.025035421978041976
0.11483332643700608
0.13009741099869254
0.06184724208706556
0.0
0.00827896009259063
0.0021003273833399127
0.002758620719660193
0.009398239344830406
0.054092851394741466
0.0860773507572417
0.0017597787818639827
0.0
0.0004604835277160128
0.024890808158539224
0.01841175703987112
0.006669222212435069
0.026171717545246175
0.023557462988081063
0.005606474371499828
0.007017651096308988
0.010967981044250254
0.010384623784476797
0.01214470544581756
0.01940079337611936
0.08898822000487251
0.10081687425789954
0.047927515089076014
0.0
0.006415645570758253
0.0019153014911386433
0.00800450881117632
0.005604306304378541
0.05194898574625532
0.14258794972668404
0.20963603704404335
0.010921775606600083
0.0033618449844535886
0.023194018647453917
0.017156640049417495
0.006214585857316373
0.024387609309988813
0.0219515667129839
0.005224284815936286
0.006539262580482983
0.010220301215008483
0.018058943076736278
0.011623720594087358
0.020629067927618337
0.00916544621152359
0.008034701882209713
0.020121433702895333
0.02533448771437829
0.019640463127478677
0.0017847366874556752
0.007458846874220111
0.005222264544480262
0.04840765862001953
0.13286782589774385
0.1953452905750585
0.010177245570706142
0.003132670291885054
0.010636331166066259
0.026659193632075
0.04775872444601
0.06202896544931775
0.01618384129826096
0.012380646895796881
0.07436097986128701
0.098098071079599
0.02213089702685853
0.014244652217111521
0.02528053696865077
0.011232082932568697
0.009846376902630197
0.02465844071933448
0.031046940922992657
0.024069020273615984
0.021747662982457002
0.001487314413714094
0.002002358267851094
0.008994792633551504
0.02054407926614162
0.09274369427664186
0.05839137684769909
0.044570110736957824
0.013034624937879803
0.03267034325228969
0.058527423690167356
0.07601533717716938
0.019832994862928773
0.015172251244854943
0.09112799022255184
0.1202173516119422
0.02340983579466863
0.0021681146104039007
0.008390649934266825
0.0047078149933218825
0.011587491289739666
0.011109326652240925
0.04990920205860025
0.04912869743108754
0.03106803446133831
0.002124731080180376
0.0028605066999486486
0.012849680801895452
0.02934863222461267
0.1324907550840207
0.08341610358835687
0.06367147299636097
0.02564784654034434
0.007168515728104039
0.015703374995366733
0.003238162780069595
0.012315518310704729
0.014157526180947691
0.038513588645795356
0.06921939014657884
0.033442562807310325
0.003097301051910516
0.011986621345066319
0.006725437973179636
0.01655352940683732
0.0158704382881278
0.0712987326843019
0.07018372806590406
0.07213492815196916
0.019066704753712162
0.01507381974279667
0.009457644771036298
0.012293676424020017
0.04425452779457731
0.005881894214464512
0.04888430819340477
0.03671911390008235
0.03485811903888847
0.03652407409924822
0.0
0.01375446610015099
0.00765162504376686
0.018594721354852024
0.029392041754155517
0.16048766955350674
0.09515556590256058
0.042963210886888765
0.010063548807255969
0.007840614322003194
0.0142597286994217
0.0048074406133730785
0.03468712827432168
0.08962531009287748
0.05235892349300081
0.016906014961806857
0.008105577876255264
0.008377334428429294
0.006166516456608031
0.0168839409750312
0.022461780334875222
0.07754825206060856
0.03618740713032972
0.025543419283113707
0.010898287273977696
0.010701137280116993
0.0009544256721535154
0.01829386579444158
0.05122819219077131
0.06232318747334739
0.03695236019923977
0.016684174267156474
0.003908041288821188
0.0030447951400621506
0.005537570253999069
0.0018669036907806968
0.013470270983228708
0.24881319114638722
0.1477622861764836
0.012479731829307839
0.0
0.000855670290696132
0.0014258733720493915
0.0014064727385649134
0.011159478332341873
0.03011480112366116
0.014052883720178662
0.009919436883349196
0.004232200534808419
0.0041556400360365595
0.00037063813226577826
0.007104172119211432
0.01989376650996643
0.2513484121211627
0.009715770224920097
0.0
0.0
0.0
0.0
0.0011952720331016432
0.08020678721322748
0.28238818684687833
0.16770141440442124
0.014163754049278375
0.0
0.0009711349338639376
0.001618281548301739
0.001596262982131188
0.01266534478299827
0.02955804759439397
0.0217070360215267
0.011771564303203485
0.002146180843443035
0.0032285917046692325
0.0008413045117472768
0.002703611354134755
0.0
0.2852655120040555
0.01102682186983361
0.0
0.0
0.0
0.0
0.0013565627315063511
0.09102993739841982
0.03251560910279403
0.004138105062666252
0.0013733921425565809
0.0005948921237791757
0.0
0.0006782813657531756
0.001596262982131188
0.017363666540114318
0.15686024127635614
0.11519606959348101
0.06246997237905688
0.011389468260718875
0.017133664602167756
0.004464680161236156
0.014347670561553161
0.0
0.03139523150965326
0.012528899983359829
0.018996806120287993
0.009471016353273399
0.03667180304457142
0.011161700165069299
0.014894385016606065
0.0
0.17255558821413175
0.021960319147731847
0.007288391500165793
0.003157005609771861
0.0
0.003599540136929701
0.008471134492831095
0.09214644215679184
0.00798666255339319
0.0116886836236617
0.03834522842301278
0.019901257708185165
0.07277379501938548
0.017495641366706612
0.005647423153901458
0.0
0.034855917170010776
0.013909956354902598
0.021090817579093722
0.010515003255319556
0.04071412338537802
0.01239205056699542
0.016536187996493753
0.0
0.009003477714399898
0.01982728133000559
0.030022049249573305
0.06497492165064493
0.12645402606518544
0.011431546452909974
0.02376663143497308
0.0
0.008867029642393434
0.012977123232473764
0.04257200987247754
0.022094966557015268
0.08079562562114256
0.019424179946774187
0.006269936681813127
0.0
0.040023289352713404
0.10490113738467943
0.11255723081950113
0.08911010642502236
0.01348040908045503
0.004956820332501398
0.006474726120408577
0.0
0.006865488117270221
0.015119042739586553
0.02289293414359109
0.049545805150337845
0.09642591905825301
0.008716981240365858
0.018122944364418213
0.0
0.011124495707728678
0.0
0.012803425785413844
0.043953460262428974
0.09346083083935013
0.020047247484281668
0.0035857956176204107
0.0
0.030519253357582873
0.07999103624711425
0.08582909351440904
0.06794978520479991
0.010279315537126783
0.003779760684896638
0.00493722055546922
0.0
0.0025355405118056857
0.001889880342448319
0.0
0.06131515439628248
0.11328804756445816
0.09124552148013562
0.033307886228520364
0.01046705203368584
0.012453787449959012
0.0
0.014333336768882996
0.04920556096922364
0.10462868185217596
0.02244273948998126
0.0040142706360895165
0.0
0.017977281405339145
0.024723880008270818
0.03998958457373371
0.014977333651565844
0.03968215712853289
0.04974806618966285
0.013380901819518187
0.002992060845687661
0.0028385181166324966
0.0021157065191148845
0.0
0.06864184412262492
0.1268250985982599
0.10214866004980382
0.03728792265245994
0.011717784309505527
0.001892345411088331
0.0034114741744050467
0.02150039631797813
0.06349198414754768
0.10220683575349325
0.018720869620944842
0.02365764547076704
0.002992060845687661
0.019081309581586357
0.0262422330639881
0.042445441337076735
0.015897127806396915
0.042119134031567744
0.05280321482692494
0.01420265524815163
0.0031758105130708604
0.042813047060588506
0.021586077788565434
0.031642026119495265
0.0031758105130708604
0.007029956161637079
0.07483687858692831
0.050582275552652
0.02612711276604983
0.00200855890332488
0.003620981025088503
0.02282078747169729
0.06739117990936713
0.10848360385500469
0.019870563341555746
0.02511051849391708
0.0031758105130708604
0.0
0.012286431638955046
0.024326053511545417
0.035176176550304056
0.162666454014768
0.027178758974686888
0.012122725361265773
0.0
0.027302456238064255
0.013765732285761242
0.020178545857495678
0.0020252571005000943
0.004483097645140332
0.04772448454139186
0.03225699779657321
0.016661611398799608
0.013095551199262907
0.008592437893028878
0.0
0.008424272380830596
0.06612573912770654
0.16208251025371717
0.041011428113195386
0.011356995188725849
0.0
0.007835222792477578
0.015513051675669463
0.022432321145653515
0.10373458669863352
0.017332260337862643
0.007730825096228992
0.0
0.0
0.007835222181703995
0.023073501480876304
0.03830693734553416
0.27136320448637524
0.009754929972364457
0.0
0.0
0.007886323027219614
0.005174485577939026
0.0
0.005073213968134
0.03982183958809627
0.09760834144922403
0.024697652278008665
0.0068393404228691244
0.0
0.014460596601317105
0.02410752479212231
0.07640977313835781
0.24827384339550362
0.048331965158820274
0.0
0.0
0.0
0.004718479747414686
0.013895183431260437
0.02306897033149312
0.1634186950757339
0.0058745544726901385
0.0
0.0
0.005257395428002806
0.012452657750568119
0.013095716950980288
0.03159494731540614
0.1097693561488542
0.01816865027524332
0.0
0.0
0.0
0.009550590220842418
0.015921963448409078
0.050465305978144755
0.16397399126728202
0.03192114450920247
0.0
0.0
0.01816567798048005
0.021244564355454833
0.03393753807078057
0.15566585580895667
0.17635755620778346
0.08383893567855606
0.0
0.011222799582735137
0.0034722792389638947
0.008224434621545349
0.008649147036959789
0.020867077837650568
0.07249784834520094
0.01199959714171406
0.0
0.0
0.020200953738769345
0.022356003958308928
0.009575545581893106
0.010672873094234814
0.005656433519577759
0.0
0.015242539605477518
0.018319017120548686
0.012437125868044251
0.01454508448209186
0.023235325050427188
0.10657658052362214
0.12074314686706392
0.057400301645637385
0.0
0.007683686298540389
0.0022938573620887607
0.009586585480861007
0.006711987295564947
0.06221660869498376
0.17077019975129346
0.2510702200971564
0.013080444774982701
0.004026307557044459
0.013830576792872012
0.015306031265926692
0.006555894351158836
0.0073071792965446756
0.0038726754775025504
0.0
0.010435800074496519
0.012542109463348572
0.015115564716274937
0.005393427094769563
0.0032331237095999357
0.0007190644305767695
0.010898521837098284
0.007834689197778614
0.0054881610781435395
0.01908949623411178
0.0015771927778992203
0.006591470609732899
0.004614976529437197
0.042778416618615
0.11741685868509781
0.17262892820947778
0.008993751473730046
0.0027683775397390423
0.009399450807715143
0.02355904260648524
0.042204945865324826
0.054815725487603016
0.014301850684020442
0.010940923110404878
0.06571367150071206
0.08669041787511889
0.01039304356861515
0.0037083710620309136
0.002223006298958548
0.0004944087829930256
0.007493521705114298
0.0053869152563913066
0.00377350752468481
0.013125408794712336
0.09238615262677019
0.003016412532918118
0.0013406540690485147
0.0010245263768067824
0.006025833293988663
0.001704266115628942
0.01842703358310345
0.16448078454008644
0.011506591964393765
0.028840439286312903
0.05166632613822579
0.06710415313843114
0.017507997384446375
0.013393626981046706
0.08044516854327902
0.10612442004516003
0.02066552967396134
0.0019139492139477081
0.007407024411504094
0.0041559236594974425
0.010229104005480414
0.009806994017527418
0.044058407978266455
0.04336940094370189
0.11309700781282776
0.003692622997088632
0.00164119794374405
0.0012542016779318675
0.007376686827540409
0.00208632346638681
0.022557951617866265
0.2013536016522017
0.041568644118657724
0.008817547634647144
0.012480984069494175
0.0037173790636527188
0.013819607493029401
0.006395489946975748
0.029996057255682343
0.011949451141784905
0.039436553691513686
0.0036524377613114745
0.014135012288927221
0.007930854380282917
0.019520458255492604
0.01871493507431776
0.08407777585235536
0.08276292627718704
0.08506384464281458
0.02248407605817946
0.01777553667307623
0.011152761167176648
0.014497101587441226
0.05218637314129327
0.006936120246915651
0.05764596020494874
0.07932649641854693
0.016826749481257553
0.02381777801706757
0.007093968620614005
0.026372307000734573
0.01220467545021304
0.057242235798482644
0.022803440268501365
0.09003866833776754
0.02441610877791412
0.016135669950851077
0.011873518081137496
0.004482067137823757
0.020495764025385794
0.01652994145025531
0.03236752531484234
0.1062277237115581
0.0620580196920413
0.020037726893945836
0.009607075124973974
0.009929172531512738
0.007308817182741234
0.02001156386738574
0.026622655955222795
0.09191348164566347
0.04289085173032862
0.030275145307092487
0.012917112903370527
0.012683442358120894
0.0011312258389920924
0.021682666639752008
0.06071782893297143
0.0366150833013376
0.012780957865392528
0.025401444536234278
0.0066545171732467
0.01869158060636933
0.0032393378294660593
0.031083398912742134
0.02418038750554146
0.05915240880871934
0.03553285994555318
0.036488276474664245
0.022768732334245666
0.019084736190930957
0.03657489602796684
0.07552575845202657
0.02021046616844369
0.0360732101425527
0.016833338047468168
0.011882061904360385
0.005069568901705818
0.004977860410938266
0.00044397129428697384
0.00850977871953558
0.023829877437810926
0.30107932814205957
0.01163809847460451
0.0
0.0
0.0
0.0
0.0014317643689738522
0.09607622106222341
0.023215498261954834
0.013945552935566647
0.014320524491547498
0.00893602604826938
0.007490171047862971
0.014354519997895351
0.02964153361439084
0.007931985385819821
0.27080042952999095
0.008259753752543678
0.005459172825281673
0.0
0.00039709999180339114
0.0032321596517979286
0.005532442593914715
0.06863779682084536
0.34238405488719426
0.013234715818920138
0.0
0.0
0.0
0.0
0.0016281864760272517
0.10925680732886961
0.039026190069493275
0.0049666753648255815
0.0016483856299882782
0.0007140070179849614
0.0
0.0008140932380136258
0.0019158817644967588
0.020840383108172298
0.3079512289994376
0.009392899870001279
0.006208110466381798
0.0
0.00045157768295924237
0.0036755759169995426
0.006291432030303287
0.078054137223782
0.010571666905827228
0.004961858454669428
0.009169756130191671
0.009932923516877367
0.004064199146633181
0.0010097584110441951
0.008107994576737238
0.0037272109544517133
0.16592562933562735
0.021116556193340484
0.007008355736406142
0.0030357066267101174
0.0
0.003461238020282194
0.008145655185420575
0.0886059765675703
0.007679797705644657
0.011239579120175222
0.036871921819253584
0.01913660834735397
0.0699776684296601
0.016823420988248735
0.005430436942864255
0.0
0.04494700818482389
0.021096076386121543
0.03898657681026446
0.042231296028275855
0.01727954483770048
0.004293137493849821
0.03447234025149224
0.015846789609305943
0.015359595411289314
0.004293137493849821
0.03574434409902135
0.12019610392137484
0.09654032811486056
0.017172549975399284
0.024045684969469936
0.0030357066267101174
0.006290930207148676
0.009206936238799342
0.0302037495854711
0.015675812323319143
0.05732242501992176
0.01378095769433669
0.004448359333315693
0.0
0.02839549771827243
0.0744246676229
0.07985646963556044
0.06322133599184523
0.009564004645197627
0.0035167369478562734
0.004593652189810236
0.0
0.012581860414297352
0.0035167369478562734
0.029280090784419215
0.09845901284415226
0.07908131042298602
0.014066947791425094
0.0196970977262638
0.0024867085371240273
0.01506856857645272
0.007428936093176667
0.019777242027842507
0.06846336786540053
0.13319017603062225
0.06399133563565387
0.024947941363336237
0.007460125236403422
0.022631309486233795
0.0593167164419898
0.06364588135524862
0.050387622543552626
0.0076225446442505125
0.0028028514604057694
0.0036611566175440845
0.0
0.0018802098912849294
0.0014014257302028847
0.0
0.04546776485911971
0.08400785024072048
0.06766239041482539
0.024699198002582134
0.007761759149458375
0.01200970105724868
0.005920887654310941
0.015762530016448142
0.054565540002304944
0.10615302905345085
0.051001314911836404
0.019883595196669306
0.0059457455088898015
0.0018802098912849294
0.0028028514604057694
0.007749634751657703
0.021501699336298006
0.2033078697847151
0.03423448190592156
0.01174732514400478
0.002584101264247069
0.0020199484992312372
0.0015055807405484887
0.0
0.04884696321207667
0.0902513766170112
0.0726911099693352
0.026534860905042642
0.008338618905269258
0.0013466323328208247
0.002427675940617495
0.015300128972542891
0.04518221579794026
0.0727325090094437
0.01332215999381875
0.01683527231480678
0.0021292126970905044
0.0020199484992312372
0.0030111614810969774
0.008325593413139327
0.023099721742020476
0.2184178630040519
0.036778814252789095
0.012620395150882605
0.002776153606452016
0.0021292126970905044
0.01158851290321478
0.023688875956126926
0.08093549841273198
0.06211042662045805
0.08137063782090555
0.011662056687519701
0.0
0.001630171960245678
0.002938834268643882
0.018521641454230967
0.05469553901270512
0.08804667309387043
0.016127202015369744
0.02038001628344235
0.002577528217316199
0.0
0.009971824234850544
0.019743334523231078
0.028549432424428176
0.13202216363608257
0.022058626571253577
0.009838958137090861
0.0
0.002577528217316199
0.014028527561189589
0.028676677673797023
0.0979768396207811
0.0751880624338457
0.09850359963144902
0.014117556327321399
0.0
0.006652957729267112
0.0036451753716426356
0.06262239817237769
0.046782307942368484
0.10501642092759489
0.011345431011756793
0.005763528236476666
0.0
0.0
0.008084718800682004
0.01600703181773568
0.02314663071014652
0.10703779402017813
0.01788416931122436
0.00797699678179836
0.0
0.0
0.008084718170459635
0.023808228069672796
0.03952674030549897
0.2800041886786708
0.01006555497344998
0.0
0.0
0.005393927045561753
0.0029553487070005427
0.0507715005724431
0.03792904845224945
0.0851427193919435
0.009198379077122348
0.004672816527276354
0.0
0.012810415396282672
0.010322589276021473
0.014565965348545078
0.05655500083591052
0.08112555092502909
0.06109294473441991
0.02311147942728744
0.0027246967732444324
0.0
0.006783866609059679
0.01997742407556902
0.033166788015345644
0.23495080792236064
0.008445981770340403
0.0
0.0
0.007558678049681746
0.017903471802419704
0.018828012771301673
0.04542478077296417
0.15781792224162894
0.02612148542153611
0.0
0.0
0.010749187222451481
0.008661658604811748
0.012222264755964584
0.04745515844298918
0.06807224500079104
0.05126293571336665
0.019392784048504603
0.0022862861846394697
0.00508053643056655
0.0032392122528491327
0.01413800102960474
0.018185651202001527
0.058930492100879264
0.06590342700915051
0.027741229569458438
0.00969900121225977
0.008504696318010332
0.020144209042486157
0.021184462393960928
0.05110999082736708
0.17756987311570108
0.029390761112632977
0.0
0.0
0.04947844486541744
0.05475683591806637
0.023453501763172336
0.02614119955807915
0.01385437230600664
0.0
0.03733374004174647
0.04486899432120202
0.005716398977513795
0.003644620969300298
0.015907464838453907
0.020461705049707016
0.06630603074964769
0.07415167431990097
0.031213226893079045
0.010912895000436814
0.005817645291418316
0.02329938407329305
0.04515559063005668
0.04861037349640452
0.08347989888863319
0.003119529588117957
0.0
0.004411681050613246
0.0576343788190638
0.06378284994241867
0.027319532958826574
0.03045026581197432
0.016138101024731885
0.0
0.04348776365447947
0.05226511510158722
0.06298914325618367
0.02247533309479585
0.013472979430909547
0.00299646445754415
0.045416004374516504
0.03264848978584304
0.02287010580504381
0.07954919551792779
0.006776615018369318
0.02714001079831037
0.05259895340789624
0.056623216195425194
0.09724056868423235
0.0036337469883685183
0.0
0.005138894271869998
0.048723969444475934
0.015991272939406283
0.022222324811064398
0.013421001035611602
0.01770384587420608
0.004875183065724171
0.0030833364245055517
0.0513304077654587
0.0169853720149425
0.006060598287902252
0.00363306366706617
0.000808013268793647
0.012246677599598712
0.008803846441968464
0.006167050939871771
0.021450882001459115
0.15098687511843495
0.004929729071555904
0.002191033642435667
0.0016743855189575744
0.009848031476313909
0.0027852855417477866
0.030115338059970843
0.2688112771084279
0.01313868873709232
0.004312135486009074
0.0059923732002143204
0.0036190474043384076
0.004773940281194009
0.001314620166772053
0.000831438776749962
0.013841529293850458
0.19230811841843384
0.006665015136191654
0.010555642302017903
0.0
0.0
0.0
0.010869895449668071
0.18427984474385056
0.12187114976217236
0.003979099173323907
0.0017685231842951925
0.0013515034878390985
0.007948975154105304
0.002248181844431806
0.024308012679686478
0.2169747495240539
0.04479356749366431
0.009501618911930985
0.013449267209880048
0.00400577583218607
0.014891741939139063
0.00689165635947041
0.032323171556686625
0.012876497600063413
0.15522416423196095
0.005379759381024391
0.008520133043458672
0.0
0.0
0.0
0.008773786828865293
0.14874403181939616
0.05122978097616603
0.0308057623856416
0.0014591396835174986
0.002307212237801409
0.008508803330460425
0.012785943167295689
0.02813304109169745
0.018944747637435363
0.08879734880719437
0.018835708249295112
0.02666140114438973
0.007940923077054912
0.029520917339381187
0.013661801188257
0.06407643105630857
0.025525960819476064
0.10078845530173591
0.02733116708227556
0.018062120193782956
0.013291106682139892
0.005017184635442263
0.022942769306607245
0.01850346407556251
0.03623190945233474
0.10155629446795489
0.06106836719839908
0.002892552272244197
0.004573744430631854
0.016867582100344634
0.025346448581392983
0.05577004919690605
0.037555467406420774
0.08621756882829644
0.028169428348050928
0.017861575346369462
0.0012928988559503798
0.009890331842481666
0.011555781841002376
0.010439760465066124
0.011753079032479335
0.031750094636368194
0.011082772048611533
0.022026394458494476
0.00577034191814065
0.016208059620442014
0.002808932094958738
0.02695339647263602
0.020967577359490813
0.05129292106724141
0.030811664599733866
0.03164013643378043
0.01974348659575568
0.016548977239389296
0.03171524698295175
0.06549076943511223
0.017525133241189792
0.12201909190641883
0.03427230901954071
0.006524416087205064
0.02631397951743451
0.010471041272911957
0.0029427648057763875
0.030671397105046662
0.05924128525163272
0.05552839696945197
0.035608173665077826
0.04078287950683921
0.010771683445326379
0.007983142390169602
0.030858075703261125
0.06377255788923948
0.059902339748069085
0.02050234073168674
0.012315758841382128
0.012646908081371037
0.007891687215220686
0.0066148069375518495
0.012676930588173405
0.026177375782104564
0.007004987152282818
0.23915242368972076
0.007294449762984292
0.004821168174560009
0.0
0.00035069156150076074
0.0028544224092303064
0.0048858750244796705
0.060616209120930666
0.022195306706350802
0.014232975898515408
0.016301362337551712
0.004305559512986965
0.003190949198979433
0.012334309866327697
0.02549058786225846
0.023943619403741342
0.23516801617078498
0.14500343699380508
0.016843295207199065
0.0
0.002286229210605868
0.003090372730965786
0.007379653776418756
0.04242806560772953
0.20328591950735192
0.006200476267354605
0.004098121149449753
0.0
0.0002980971526161264
0.002426334950615491
0.004153123692519978
0.051525389615894424
0.00697860838113575
0.003275440600448602
0.006053173785474956
0.006556958701172461
0.002682874373545137
0.0006665655069354397
0.005352279769260678
0.00246042046506973
0.19989906716572675
0.12325677727295815
0.014317248811041029
0.0
0.001943355622795461
0.002626898998313721
0.006272901944458401
0.036064983983502365
0.007494011562398284
0.010240828471115621
0.19995499677065484
0.07672671193794307
0.010344948235397229
0.0
0.002529438386733377
0.0023138561359389207
0.00982296683589606
0.004610452777107658
0.008520341320106992
0.009229460137076043
0.0037763669426482834
0.0009382459239693654
0.007533775188188533
0.003463244720261339
0.0033567706156873633
0.0009382459239693654
0.007811765918028244
0.02626831885603083
0.021098455263124538
0.0037529836958774617
0.005255076489857654
0.0006634400535640506
0.010548439319828917
0.01441481065419769
0.2814531486333649
0.1079991748542716
0.014561367809384135
0.0
0.003560393137045566
0.0032569433395635747
0.0
0.0
0.02550136596891044
0.30588981997489145
0.10318362577300678
0.006389114538699843
0.0029880798190264333
0.0032135369747655707
0.003072016197079428
0.0008586546431881932
0.007149094822215545
0.024039980753718992
0.01930867602295256
0.0034346185727527727
0.004809289028654194
0.0006071605193441754
0.0036791766248703865
0.0018138662529885647
0.0048288572470611985
0.01671617456112616
0.032520022046420224
0.015624272808025192
0.006091347179854787
0.0018214814664793092
0.0
0.0
0.02333808838114524
0.27994122597863474
0.09443057210006918
0.005847126776001785
0.0027346013931713667
0.002940933047452803
0.0017280091108571784
0.0008586546431881932
0.009541177502732763
0.04935300239918138
0.36193079107775467
0.020980883081783207
0.0
0.0
0.0036209798968611395
0.0017851747571096337
0.004752475023412829
0.01645176032841092
0.03200562464970462
0.01537713013245904
0.0059949950578502085
0.0017926695141631261
0.0005668918972893983
0.0008450725578961447
0.0023365503862256506
0.006482860870054329
0.061298254290833
0.010321853156034936
0.003541872356819306
0.0007791183714472654
0.001700675691868195
0.0008450725578961447
0.009390256422113524
0.048572343151226396
0.35620581781494864
0.020649010255170172
0.0
0.0
0.0
0.0
0.0
0.0020871751356811787
0.12815076204262046
0.23706350686281535
0.027381854945212086
0.0
0.0008291063346386896
0.0012359587680318
0.0034173159568608165
0.009481492043975014
0.0896516093770835
0.015096200665062778
0.005180156607568203
0.0011394976366552979
0.0008739548239089911
0.0047566111020920935
0.009723315779174522
0.03322071550669463
0.025493792627748653
0.033399322456280196
0.00478679782094345
0.0
0.0
0.0
0.0
0.003052592804321238
0.18742657834121595
0.34671664243471
0.04004726385715733
0.0
0.0
0.002158509196269851
0.017851113814390435
0.017282255519028587
0.05076917986926037
0.07179949190410519
0.023121879601752555
0.0014882913990337137
0.0017007184437344196
0.009256378029721067
0.018921598722839765
0.0646476019476415
0.04961098919143646
0.06499517155310541
0.009315121465996981
0.0
0.004389790125103408
0.0024051790950533687
0.041319845442288734
0.03086815245068133
0.06929249610795926
0.007486002924888317
0.0038029220036885822
0.0
0.0
0.004200464715838416
0.0347383156140089
0.033631315837446114
0.0987969609123786
0.1397220048353298
0.044995240047559025
0.002896219075336921
0.0
0.036476216982904326
0.058713240840749324
0.0528256192639531
0.08663034651309977
0.02219394848369457
0.0061674509711464685
0.0
0.0025590615970672932
0.0014021174773304569
0.02408771869603362
0.017994824640300187
0.04039458851136678
0.004364022437214775
0.002216942354630771
0.0
0.006077694749334975
0.004897385814719359
0.00691058707928679
0.026831607016333785
0.038488707792959743
0.028984561229883365
0.010964868259100181
0.0012926883914383433
0.0
0.021264088584427576
0.034227331055237
0.030795097202168897
0.0505018204935444
0.01293813135327848
0.0035953625303862384
0.0
0.0
0.061201256729491935
0.230256576383287
0.27112815652821076
0.06662440178353424
0.0
0.0
0.0
0.003659892678670481
0.002949129106866924
0.004161447407269675
0.01615757390362336
0.023177297589411568
0.017454049243149927
0.006602872095288789
0.0007784367222696062
0.0017298254929556005
0.0011028898244604714
0.004813718971347991
0.006191866446613177
0.020064705556525637
0.02243885654036231
0.009445358137079956
0.003302324426262069
0.0
0.03685443916942508
0.13865690740936484
0.16326913344366312
0.040120172263511326
0.0
0.0
0.0
0.0
0.0
0.0
0.25622780442811316
0.22084105748150365
0.0
0.0
0.0
0.0015808074624105947
0.0010078799692938582
0.004399034991010894
0.005658460188566035
0.018336205821913604
0.020505832531325728
0.00863167567424668
0.0030178414629653365
0.0016088060204523644
0.006443189210115509
0.01248728350108926
0.013442665824403965
0.02308545076079144
0.0008626717049502192
0.0
0.001220002024704372
0.0
0.0
0.0
0.2341547323510511
0.2018164220004177
0.0
0.0
0.0
0.0
0.0
0.0
0.039884031409846595
0.3600184287966835
0.03547270878349362
0.006365648666311111
0.0
0.001824920516829335
0.007308717169051236
0.014164728109479987
0.015248449068419987
0.026186570784820788
0.0009785563166957404
0.0
0.0013838876142633503
0.013121207455279978
0.004306398105578475
0.005984400230709233
0.003614232191128519
0.004767588460469674
0.0013128710389807346
0.0008303325312290492
0.013823112868958948
0.0
0.0
0.0
0.045241742191658954
0.40838050628564404
0.04023783677059308
0.007220760431274384
0.0
0.0072277767827943935
0.004037551941739209
0.0018664260286926334
0.0006188933634059454
0.030427953038928736
0.3060144132654058
0.03025325947382233
0.0036166574537283007
0.009683715093646017
0.003178208444334749
0.004416607773183109
0.002667376073464098
0.003518576205146788
0.000968925241028223
0.0006128021138917718
0.010201735410901178
0.1417384235385565
0.004912370554262927
0.0077799112779499986
0.0
0.0
0.0
0.008011527842587421
0.13582127940688968
0.0053342446846906325
0.0029797945663808945
0.0013774599606648007
0.00045675575399578366
0.02245644153680818
0.2258447938355692
0.02232751417101891
0.0026691659660577184
0.06003328741102539
0.025493342410124766
0.0010213369024021602
0.0
0.0026439369381916294
0.0022645167624542753
0.042017137146953314
0.24956862809609187
0.1528980395334656
0.005299140546772125
0.008392453876977613
0.0
0.0
0.0
0.00864230651236342
0.14651501568726977
0.05046207280768081
0.030344120056331726
0.0014372736237246901
0.0022726373158002146
0.008381293946341298
0.01259433834634423
0.02771145105092654
0.018660849536877085
0.06475994104307181
0.027500532165881657
0.0011017507192606323
0.0
0.002852104351151094
0.0024428109529223245
0.04532530937054149
0.2692181344501049
0.03561842595345658
0.0112417839963304
0.003034188759470678
0.0
0.00046743324297925353
0.004191922198521107
0.018557148247040103
0.04007732227020913
0.12091369476095136
0.07270846134807402
0.0034438946828312163
0.005445534822802382
0.020082671232947647
0.030177673999436307
0.066400243734038
0.04471382444952911
0.10265129163043087
0.03353873512922897
0.021266127133676847
0.001539335187879424
0.011775504135429963
0.013758401540418505
0.012429658022317491
0.013993305073600935
0.0853463847990459
0.02693677772376298
0.007270311207943589
0.0
0.001120030892867174
0.01004439122240116
0.04446534266096974
0.09603048075898209
0.05361332121892354
0.021532004014660582
0.02040810074122178
0.01046446760800458
0.006924569860128249
0.004361862863294294
0.01634768540148458
0.020295434262869134
0.06367557316647328
0.017884979198431045
0.003404761725713899
0.013731930814142845
0.0054643051696682265
0.001535679644671078
0.016005845970220804
0.03091502103957074
0.02897745302642521
0.018582099178988194
0.021282515608039818
0.005621195065727967
0.004165996971633569
0.016103264059091158
0.03327966232533325
0.03125999184124777
0.04323111475797522
0.022621227066376
0.020149765938827256
0.006740202770990661
0.013484854039970686
0.04491762121164716
0.07844206445304223
0.043512618924419606
0.28666779148704824
0.04008092147351755
0.008941415462480753
0.0069919157987602945
0.011391649726930264
0.005350016147806795
0.029713130149351116
0.02587312276069653
0.017987873847261204
0.011534914940389104
0.013211209610474697
0.003489380092203211
0.0025860598550700663
0.009996167784653686
0.0206584880680038
0.019404769259534445
0.19058860793216129
0.11751599410507507
0.01365041147516943
0.0
0.0018528422774412433
0.002504549072517333
0.005980736509881291
0.034385228455382714
0.17795021752393594
0.024880397821373277
0.005550420639397928
0.004340260657970195
0.007071413695791191
0.003321044657023503
0.018444548464848866
0.016060847992047485
0.16448919828703001
0.03846880465904291
0.007196852470957653
0.005305732710947961
0.003061068069792221
0.01727042305474937
0.013114810234033767
0.028126543879494193
0.15853976806679393
0.09775483777177746
0.011354996989431668
0.0
0.0015412735740975819
0.002083391202532611
0.00497503281771535
0.028603105943144812
0.005943493743307467
0.008121991731339392
0.15858412578551212
0.060851885342138284
0.008204569021541002
0.0
0.0020060952802720754
0.0018351171935562685
0.13682916113853422
0.031999999552031484
0.00598665016726858
0.004413535743529331
0.0025463275433244515
0.014366277686911727
0.010909460934222326
0.023396864018035774
0.0010099891306928105
0.011312579199409034
0.03270493230246141
0.053302628021826746
0.09754672157196832
0.014185132899268883
0.00514789345146087
0.003942010866722659
0.005986752848180212
0.00818110680864173
0.15973836395329566
0.06129478949976174
0.008264285129114628
0.0
0.0020206964374133154
0.0018484739043661722
0.0
0.0
0.014473266681249363
0.17360736460052134
0.05856173095871101
0.0036261335447044375
0.0016958807672637257
0.0018238386791727059
0.001017340232184954
0.011394916637808717
0.0329429717717418
0.05369058569035893
0.0982567053021987
0.01428837792285695
0.00518536186184512
0.00397070238535765
0.000376534528933123
0.003148653992910923
0.0381834330708168
0.08966748311302301
0.14403365169427557
0.0027204455728321885
0.0
0.0
