0.004571116709777393
0.009902491173988224
0.015008585253281094
0.0030171731405282546
0.0077088264763689384
0.0004401546974253235
0.0008351347699918855
0.0008116051286687897
0.07452456399639194
0.3724423283546679
0.017268621743053766
0.00788494112463077
0.0017958210321393393
0.0
0.003572018120211062
0.0035499237247780804
0.031598544721283206
0.144183387055326
0.023446454692819568
0.003123772741495234
0.004724235886120396
0.0
0.0
0.0014340778697192686
0.08762169870383292
0.1728581157917428
0.0005567565289716128
0.0
0.0005905294857650495
0.0004401546974253235
0.0026583759350441018
0.00343033848530443
0.08875936982567277
0.4435818821129512
0.020567070794880064
0.009391029853843118
0.0021388376474110477
0.0
0.00425430301573006
0.004227988408704575
0.009042600989748191
0.0037933484418349486
0.007511920615228662
0.0046785048730327355
0.005899090265942277
0.0015726835590470082
0.006111604148977588
0.0007413701639633156
0.10435816518676591
0.2058754403134928
0.0006631016138550207
0.0
0.0007033254836958458
0.0005242278716474319
0.0031661476444957357
0.004085561403071275
0.04170088939786788
0.011259862408480892
0.005861871159071028
0.000966628396127396
0.0002344418278986153
0.001690584047901614
0.004514887293168693
0.0021229611499525127
0.01343884914456849
0.005637563519655356
0.01116399673594835
0.006953057121739299
0.008767055437265104
0.0023372763131025162
0.00908288735536874
0.001101802656678369
0.009144311928453223
0.15581387218501688
0.07073483416762508
0.0014365748537549937
0.008013673535214191
0.0032915889529640356
0.004514630694202566
0.001101802656678369
0.061974642301217776
0.016734078222375055
0.008711741489087432
0.0014365748537549937
0.0003484205884875735
0.002512496571696725
0.006709893459460589
0.0031550827761101887
0.2076623710060741
0.28812421951475886
0.037505116366873356
0.005429508869789848
0.0014365748537549937
0.0
0.0
0.04572505588996973
0.004686840252374244
0.07986109110765648
0.03625454496912813
0.0007363043718114333
0.004107341043054424
0.0016870762633347488
0.0023139360323387397
0.0005647196948110403
0.005701314956982239
0.04639277742409143
0.1770807751842982
0.16098631399507796
0.0196457887268179
0.0
0.001515301864110578
0.0009616829630769756
0.10643560356972362
0.14767564801719374
0.01922293229207194
0.0027828491548252
0.0007363043718114333
0.0
0.0
0.023435993234257747
0.08125753932177993
0.027795925745571246
0.000757650932055289
0.0034388144247660306
0.0
0.0
0.005371386306760479
0.03859331519776067
0.005890347813658616
0.04793097682401885
0.18295206716660845
0.16632397785857334
0.020297164697574064
0.0
0.0015655432281224124
0.0009935685331777487
0.0018450104714936538
0.004964415347652489
0.092238812082432
0.20110226759152533
0.05388295988472494
0.0014051181304345023
0.0
0.0
0.08395171512164128
0.02871752774217993
0.0007827716140612062
0.003552831790794434
0.0
0.0
0.005549480045755869
0.03987291554881829
0.01306428643904333
0.0064176654942180705
0.013241248213056313
0.005693590872860968
0.009317350036690836
0.0008251137788062398
0.0013387087259465592
0.00628232878478985
0.002431796817376022
0.006543295894023074
0.12157440465853454
0.2650607472705905
0.07101987353621622
0.0018520013032022086
0.0
0.0
0.012639199578925304
0.0031151923547115094
0.1280955058981867
0.16621829955096798
0.03377576388909331
0.015161150728918776
0.01160809227345344
0.0
0.01721924654337311
0.00845873709930166
0.017452489164751624
0.007504378093234085
0.012280636080758998
0.0010875326141914629
0.0017644710799472282
0.008280357960350078
0.0017716571738672887
0.005070367886573449
0.03415823310472169
0.024986116742830022
0.01386786532907356
0.006314460106591149
0.0006878159962423102
0.0
0.017657571899319893
0.004352074088239634
0.1789556048429223
0.23221498774319288
0.04718637249154259
0.02118085938912537
0.01621706522256469
0.0
0.0029026863748038453
0.020489134489761276
0.11315785052597233
0.10204466469369283
0.029280701796991323
0.017472593879182905
0.0004804560736346731
0.0
0.002475090588858911
0.007083548681552348
0.047720700447364685
0.03490681115653653
0.01937407725933094
0.008821605564598649
0.0009609121472693462
0.0
0.0013589350141745445
0.0
0.011726102101451835
0.024692054076294455
0.024048511174188526
0.005488526027953324
0.007750067390274861
0.0
0.005078407810534299
0.03584685604586643
0.19797581885614646
0.17853269533427402
0.051228181588792915
0.030569254052578293
0.0008405840528086161
0.0
0.0
0.0
0.0
0.0418059924041084
0.16798708240755764
0.031025253397861573
0.003498744379875169
0.0
0.0023775307762826797
0.0
0.020515453896792362
0.04320009263407347
0.042074179297780116
0.009602475035065585
0.013559164747723982
0.0
0.015720031667859034
0.002658160256210614
0.002169664251769862
0.005638809130108367
0.02174599821377032
0.027007780626764684
0.030253243368229165
0.019087784957317572
0.0
0.0
0.0
0.06370515282049785
0.25598346412155365
0.047277158018409066
0.005331485573773911
0.0
0.0
0.0032656817022539255
0.05774523142290826
0.06330350284161317
0.10753862387307081
0.03505265026694594
0.023183138103196225
0.0
0.023954628562904545
0.004050579728054237
0.003306195709746792
0.008592576726485515
0.03313716670212022
0.04115521946086953
0.04610074731533827
0.02908650621079903
0.021737691569351264
0.02148363019842575
0.024671906571700243
0.008592576726485515
0.025042825047787553
0.013847624834816013
0.022519784043375592
0.010333092503966813
0.0
0.0022532557177841893
0.03984306639212143
0.04367816362359664
0.07419952133038561
0.024185634681718318
0.01599590629152677
0.0
0.003952472077370885
0.0
0.0
0.0038013659913923516
0.012070312762426934
0.1197918614588944
0.34553430552119474
0.028597125660369725
0.014998576801365618
0.014823279485552232
0.017023127058877794
0.00592870781806138
0.017279053463615492
0.009554586968853761
0.015538205123903916
0.007129629244297299
0.07216060652442605
0.0
0.0
0.0019762360386854426
0.0
0.006775368678826868
0.06449641010377812
0.03841242125687803
0.001524718711707371
0.0
0.0
0.00146642752780163
0.004656283805368346
0.04621130500133177
0.13329445745646448
0.01103172185454537
0.0
0.0
0.0
0.0
0.0
0.04618850518384656
0.38961040291143445
0.0071696413478418725
0.027836914432835626
0.0
0.0
0.0007623593558536855
0.0
0.002613688648800035
0.024880348652227834
0.014818102773620705
0.005893000091198646
0.0008692233842300703
0.0
0.0
0.0021830650509699788
0.016474300938630383
0.24670207391544594
0.015813150374478023
0.0
0.0
0.0
0.0
0.0
0.03697417968898212
0.311885500269061
0.005739341562267563
0.0043169505708221525
0.0012357092687600205
0.003615492537663327
0.009016453778977584
0.006418943861806031
0.004771619840913347
0.050690419369516855
0.010211799270360535
0.0047173824615430225
0.0006958186126713543
0.0
0.0
0.0017475568682298458
0.013187778230335857
0.19748651259197567
0.012658523177306114
0.009125529997377618
0.0022003716990529965
0.007397242659850845
0.001968072261139719
0.01925448758596218
0.049019345053885784
0.21479381538870856
0.020870906371566213
0.006820494845044042
0.0019523384758018537
0.005712237796304347
0.014245397419128336
0.010141504472157361
0.007538842058425811
0.08008749192999591
0.016133963810675268
0.012239266690335399
0.010594887325412737
0.0071607436722079774
0.004069014860067805
0.01792574610626983
0.0020453584356360903
0.16901089226746613
0.021298000324837037
0.01441773059114625
0.003476440970162324
0.011687151520811588
0.003109423305076483
0.030420810053196648
0.07744730562986031
0.33935994553836707
0.03297464425022453
0.013118923638095964
0.002727144677774504
0.0037518128976846347
0.005405268643046953
0.0055872306758926625
0.026866669985921465
0.03578506197066991
0.006887864885131928
0.009040714495042155
0.007826069472923013
0.005289388715071622
0.0030056377197013955
0.013241116216984572
0.0015108341148586588
0.12484238330626793
0.015732081432967795
0.01663036734481104
0.005257014104121118
0.014916447777444818
0.010634718613419322
0.03648750448222915
0.05630093477796492
0.2680644317352571
0.01588960717251917
0.009690486047496623
0.0020144455580743117
0.0027713318211758067
0.003992681245305252
0.004127090179232197
0.019845461245405552
0.026433162758001116
0.005087822782395605
0.011215117840593857
0.007303250693333606
0.0035036297640064777
0.0072415454512266015
0.010753873711824777
0.006951953688529613
0.21701779613729563
0.057380811310542165
0.016089228297787552
0.005085955008220825
0.014431078322405049
0.010288673250950266
0.035300229842144946
0.05446894673100301
0.2593418263879152
0.015372571877709672
0.04364284142677928
0.0031425022615944806
0.004931814921098479
0.0006890391713351846
0.006450495437003765
0.015430921909476699
0.027681090493264976
0.012656840044505308
0.01085018674468462
0.007065608671457445
0.0033896244126929865
0.0070059112692987605
0.010403951136359628
0.0067257425943329395
0.20995620808250645
0.05551368493225986
0.013903820952021329
0.0
0.0
0.0
0.007224542687471761
0.008684017454263808
0.09856763323501411
0.03570473354099804
0.0337412107941232
0.1539603199626988
0.025036335601633916
0.0033355926823026984
0.00504458165022343
0.0
0.0
0.0015313212720455942
0.09356323945241227
0.18457945370109743
0.0005945096386791027
0.0
0.0006305727062779288
0.00047000115223180594
0.0028386377785914957
0.003662946346066717
0.129081666024738
0.3245336751921383
0.0013458784796443887
0.0
0.0
0.002452938066594344
0.00029725481933955133
0.012163613376545009
0.008344682407531927
0.0014100034065820015
0.004258042762736305
0.0015313212720455942
0.0016815272167411432
0.0007578540682713447
0.002080783610093319
0.001071767514259628
0.18131940416941725
0.357702841018259
0.0011521205773673243
0.0
0.0012220084304152765
0.0009108313198684727
0.005501093310570897
0.007098549097492131
0.07245413337254647
0.019563697189209327
0.010184837803333065
0.0016794899040759046
0.00040733614347175884
0.00293734267668703
0.007844490868772338
0.003688585843717244
0.016171445655067018
0.0027324938624889135
0.008251806812011151
0.0029675999063765056
0.0032586891477740707
0.001468671338343515
0.004032421777994373
0.0020770149497926866
0.13130372684490937
0.1367631226015556
0.003456361634985468
0.0012881100023006012
0.005802519632712046
0.0009108313198684727
0.002880301491976563
0.0029675999063765056
0.04284050876051903
0.011567576642080636
0.006022066828053217
0.000993044821595087
0.00024084875231548998
0.001736785036489554
0.004638272023177491
0.0021809783209907336
0.1435484142220061
0.19916836454249598
0.025925736827491976
0.0037531950756733486
0.000993044821595087
0.0
0.0
0.031607841283030354
0.0776369573184288
0.08086497594004638
0.002043669339632496
0.0007616306381628815
0.00343090009620451
0.0005385541903806089
0.0017030578595908365
0.0017546754597579687
0.13223381495002093
0.18343982673800924
0.040374951225848214
0.0
0.0
0.0
0.0
0.0
0.12919302071499578
0.17925076209003432
0.02333306343479084
0.0033778611333802775
0.0008937365202017378
0.0
0.0
0.028446935591496303
0.09863153501987096
0.03373908250811637
0.0009196472728755059
0.004174080930755394
0.0
0.0
0.0065198636464062765
0.04684510448177658
0.11900992488596944
0.16509513855769062
0.036337300821873586
0.0
0.0
0.0
0.0
0.0
0.05219523588463609
0.02640296343320008
0.01266021021423332
0.0
0.0
0.0
0.002914751765892767
0.030059503635226678
0.2170186552932893
0.07423599678607468
0.002023496992755655
0.009184217101512186
0.0
0.0
0.014345635409137964
0.10307313558144086
0.033771720699922604
0.016589930695987902
0.03422917420374879
0.014718167856703053
0.02408573515061253
0.0021329532396216033
0.003460617416968324
0.016240079705458706
0.11484501282594539
0.05809435713310738
0.027856220587763856
0.0
0.0
0.0
0.006413319113611583
0.06613983100218782
0.07938436822983294
0.06227350542447741
0.004721493286328618
0.0
0.0
0.0
0.0
0.015161765776679973
0.05616153045131712
0.027588641581123237
0.05692226423546377
0.024475946594978194
0.04005397770882858
0.0035470481170513375
0.005754920578976312
0.027006848096787273
0.005778358424035382
0.016537286909964474
0.11140897738131933
0.08149360965231442
0.04523081419455424
0.02059496289031453
0.00224335013268812
0.0
0.132014227326846
0.10355928862147272
0.00785172574805884
0.0
0.0
0.0
0.0
0.025213638888251892
0.05780183771214642
0.07960270972651741
0.03862082753513597
0.010794641208339823
0.007931440592738377
0.005320571986476726
0.003981396709550923
0.0025081417703527805
0.00700812431511108
0.02005679710306952
0.13511933771017723
0.09883730039226425
0.05485695858370762
0.024978038676186462
0.002720785984269191
0.0
0.0038477725051199426
0.0
0.03320200950565861
0.06991460649603763
0.06809243938814807
0.015540551478704817
0.021944019328429838
0.0
0.0701033813762117
0.09654397402256401
0.04684021665960965
0.013091985988684171
0.009619431262799856
0.006452910527949987
0.0048287283412961615
0.0030419312954767723
0.00865748813651987
0.0021509702524317
0.0
0.0030419312954767723
0.0932218458391417
0.045836077701996145
0.0343652919548021
0.0060838625909535446
0.004661691840359596
0.0
0.040225230725080455
0.08470364352124583
0.08249603339686411
0.018827844402591117
0.02658583783524537
0.0
0.030822710724624475
0.005211929999122705
0.004254122066343725
0.011056172552378354
0.042637993772726895
0.052954919376842435
0.05931838997036766
0.03742595985453036
0.010488806640809091
0.0026059649995613526
0.0
0.0036853910360317753
0.11294106330697444
0.05553178342356892
0.04163458231590084
0.007370782072063551
0.0
0.0
0.0
0.0
0.07990472960032693
0.14539842884310303
0.035569104945916356
0.0036853910360317753
0.031753396428489705
0.005369303203026365
0.004382574447609485
0.011390011513717503
0.04392543963043561
0.05455388277930494
0.06110949711908508
0.03855602937051936
0.028814704265994914
0.028477929625261966
0.03270419442992471
0.011390011513717503
0.03319587065787886
0.018355914800275097
0.029851417997799137
0.013697176800262166
0.0
0.0
0.0
0.0
0.08231743723576633
0.14978870587933507
0.0366431070921974
0.003796670695404747
0.015950599528083816
0.0
0.003395845405944237
0.0
0.11990115188747372
0.08229967609698645
0.05078457342046888
0.007593341390809494
0.023293752148324888
0.023021504169006488
0.026438008602445398
0.009207663653873058
0.0268354787303864
0.014838886627685236
0.0241318295581948
0.0110727716853101
0.11207005207985675
0.0
0.0
0.0030692213722261106
0.0
0.010522582296191376
0.10016706326945198
0.059656954924769565
0.01289443433444669
0.0
0.002745194970244528
0.0
0.0969278632389613
0.06653090169497279
0.041054152605371694
0.006138442744452221
0.0654394957853895
0.014852763381023721
0.0034994507086886996
0.0
0.00784491130964531
0.0789687008752381
0.13868344351775233
0.02009323338264312
0.05298836165026989
0.0
0.0
0.0014511728069901211
0.0
0.004975230990416692
0.047360454246823544
0.028206681837312304
0.011217493978756996
0.0016545915370607643
0.0
0.0
0.0041555266732584695
0.031359302345730714
0.46960444355440156
0.030100783364285667
0.030940751829192543
0.007022604013592926
0.0016545915370607643
0.0
0.0037091889391964806
0.037337558102029295
0.06557156281846917
0.009500374965865995
0.009272496412076106
0.0
0.0043558438329104636
0.0018920977820655357
0.028168582456140307
0.02403572740048699
0.05813218424046999
0.03533180529169121
0.0048279577475883245
0.0007121285775213557
0.0
0.0
0.0017885195423738755
0.013496899307969323
0.2021155897969653
0.012955238534318712
0.009339432113222801
0.0022519483375834214
0.007570633778702797
0.0020142038086679147
0.019705812126600986
0.05016835685127009
0.21982857518844703
0.021360119714108252
0.003990839752349785
0.0
0.0018747351253506268
0.0008143501715639191
0.012123628161980336
0.01034486637941221
0.02501982437605986
0.015206646281008717
0.010862991294765239
0.002411801818203188
0.0
0.0
0.0
0.020961999196162408
0.28058482548170544
0.047667823724664216
0.010392249670616784
0.002505806465080842
0.008424057848409734
0.0022412614186197097
0.02192721325014678
0.0558237464165354
0.2446094591618556
0.0237680079872305
0.009456074171657171
0.0019657163240885058
0.0027042935851584082
0.003896098690441269
0.00402725628587219
0.01936540154823108
0.025793747228573336
0.004964748864687612
0.012087556966670993
0.0026836799440224284
0.0
0.0
0.0
0.023325008051974183
0.3122146534010316
0.0530413326416609
0.013467607659556218
0.0028570589193949616
0.0017204829295742578
0.002678023249523959
0.00021977376303038167
0.006427145972338654
0.05847976076703029
0.06893249550656946
0.015204032140271544
0.0031605943045242032
0.004348122258676512
0.0062643765939029
0.006475259488873149
0.0311368314380481
0.04147270365716069
0.0079826151885882
0.017596125856800704
0.01145854374338526
0.005497072002216828
0.011361730386488628
0.016872450024242414
0.010907371085415144
0.3404932973753906
0.09002847691274632
0.021654011589946696
0.004593747346793269
0.0027662936312873
0.004305883268153462
0.00035336518052255916
0.010333943258032692
0.0940271984035739
0.110833720015897
0.014945793992179546
0.00395074279640643
0.006287220831094351
0.003020368539480449
0.010989310817884417
0.002854373418067486
0.04343888519361535
0.045385086952902866
0.011972443087487888
0.007796418595184649
0.003740219991034443
0.007730546572275379
0.011480052444820033
0.007421399495376595
0.2316723952575286
0.06125557550922446
0.01534192073958959
0.0
0.0
0.0
0.007971791471815502
0.009582222609473338
0.10876267910805323
0.03939774497272435
0.010169151404400225
0.0026880941673304635
0.004277839007934414
0.002055065457956627
0.007477151471213548
0.0019421220089218358
0.029555913898142473
0.03088011389474758
0.02877733246987514
0.0
0.0
0.0
0.0
0.006625572531029802
0.1395685426374948
0.2118573834453849
0.14750775004331154
0.3708600432202731
0.0015379992564242982
0.0
0.0
0.0028030888223086583
0.0003396871991248167
0.013899938673142202
0.009535864888241683
0.0016112778558223433
0.004865867685648453
0.0017499135422502062
0.0019215610087534997
0.0008660358354102144
0.0023778102507062654
0.0012247596383490468
0.27527789368196715
0.10583725288544484
0.0003396871991248167
0.0
0.0028823415131302493
0.0005370926376964413
0.0017535596163755353
0.036175223664287555
0.005857197604465764
0.0
0.0023778102507062654
0.0
0.0024019512609418747
0.0026854631312152257
0.002772621185116495
0.0
0.015239695721214233
0.0025750558059333796
0.007776362586723336
0.0027966157485315043
0.0030709333056157095
0.001384050924588219
0.0038000857948637906
0.0019573436115982432
0.12373840204885228
0.1288832438847402
0.0032572165001929
0.001213892988247647
0.00546819594890058
0.000858351965818108
0.0027143472055220093
0.0027966157485315043
0.009360651636449741
0.0
0.0038000857948637906
0.0
0.003838666632019637
0.004291759737569596
0.004431050954116336
0.0
0.2662393181536183
0.3968937632145921
0.0
0.0
0.0030709333056157095
0.0
0.0005428694319523074
0.0
0.06620255943011644
0.0689551543542407
0.0017426770134435917
0.0006494574147202822
0.002925595945062314
0.00045923574321410626
0.0014522309098237464
0.0014962462520104424
0.11275837301292302
0.1564227456991109
0.034428514464499654
0.0
0.0
0.0
0.0
0.0
0.14244344512983048
0.2123462281037296
0.0
0.0
0.0016430117191159705
0.0
0.00029044617706819277
0.0
0.0260991224499588
0.12279261281233302
0.027654789002610532
0.014000293869730495
0.0031225174279225156
0.0021144801866600465
0.0
0.0
0.13410934357899626
0.1860416320846329
0.04094760638932649
0.0
0.0
0.0
0.0
0.0
0.058817521556680345
0.02975284706682605
0.014266478052395618
0.0
0.0
0.0
0.003284561740494665
0.033873311866159855
0.03104103124431101
0.14604358204711326
0.03289126564047433
0.016651270948787256
0.0037137708835571007
0.0025148602473296835
0.0
0.0
0.004679013327463929
0.03043843670441523
0.03862802246258546
0.04696966433406202
0.13709340263884984
0.001221324064765837
0.0042303631861049275
0.0027903772757073733
0.08337420131337384
0.042174845103003775
0.020222821052176182
0.0
0.0
0.0
0.004655886622395513
0.0480156294916025
0.05763078548269216
0.04520878747794346
0.003427669361234752
0.0
0.0
0.0
0.0
0.011007009194617431
0.006632530388687029
0.04314667266305559
0.054755461228157463
0.06657979027620055
0.19433074784241203
0.001731234430653933
0.005996566032914365
0.003955377080975744
0.022497015783134906
0.05851791104569733
0.025850400180057666
0.016379095462956746
0.1786352437774015
0.005273875512641309
0.0
0.0
0.08605307612413551
0.06750481010687762
0.005118123759727078
0.0
0.0
0.0
0.0
0.016435434502414255
0.03767795366815559
0.05188878637166752
0.0251748700057143
0.007036454331048427
0.005170085640929839
0.00346819881044077
0.0025952614431406507
0.0016349246521734605
0.033592070549400936
0.0873777133465082
0.03859927356363968
0.024456920670317704
0.26673438688158835
0.007874839934202064
0.0
0.0
0.019264410761146985
0.015259224438476587
0.028385547937868613
0.03839096650896934
0.05291042972158231
0.04765028017269399
0.026600453907562913
0.0031448404186552713
0.06329467918117491
0.08716726272931874
0.04229091989637959
0.011820443418431026
0.008685156175517753
0.0058261797595688496
0.004359744212268459
0.0027464875681975647
0.007816640557965977
0.001942059988879703
0.0
0.0027464875681975647
0.08416779204130699
0.04138430666421055
0.031027606465566362
0.005492975136395129
0.03236202022754015
0.02563376248862505
0.047684493853702555
0.06449245970314384
0.08888350742349622
0.0800470541204794
0.04468573880050753
0.005282974418618982
0.0241206023655576
0.007474055237898009
0.03327207910882668
0.02769016729599167
0.04715809143602717
0.013300235411607377
0.04532246162617714
0.011820443418431026
0.008573895713358357
0.002130201547616428
0.0
0.0030125599115291457
0.09232174180637828
0.04539350720777084
0.03403347769391539
0.0060251198230582914
0.0
0.0
0.0
0.0
0.06531675547643183
0.11885346050108496
0.029075356889242943
0.0030125599115291457
0.026457341576864135
0.008198121647068863
0.03649538882211588
0.03037271637613301
0.051726640749965344
0.014588726517048817
0.04971318005143715
0.012965576247713896
0.017147791426716713
0.01299214054239787
0.08833954152979537
0.11972201545276719
0.06704532526659031
0.04761914792742404
0.008866489985544384
0.0
0.0
0.0
0.0
0.0
0.03961259751406358
0.07208095778244755
0.017633307129698465
0.0018270246645283334
0.007675708822230738
0.0
0.0016341404907975405
0.0
0.05769854153243046
0.03960405054193344
0.024438429260943657
0.003654049329056667
0.01039960658007177
0.007879332498961252
0.053575207122150435
0.07260770957023728
0.04066092177440172
0.028879544414791725
0.005377252691104308
0.0
0.015221112684881672
0.010423904180445356
0.21382087567095423
0.22504781504785473
0.026056224741974717
0.00258380306596866
0.010772306798891228
0.010834836561601483
0.004307020639563789
0.0
0.0009169546402577609
0.0
0.03237600787215429
0.022222763661957363
0.013712977089562645
0.0020503729678554216
0.021858210424739392
0.004961145000811039
0.0011688924103629645
0.0
0.0026203704675843487
0.026377258259447665
0.04632327701270732
0.006711575603082059
0.008540924103457458
0.005849097652060962
0.11997991925086587
0.12627961882719618
0.014620760160646987
0.0014498326332369942
0.00604459455055956
0.006079681470193625
0.020996084932068955
0.02117021667103781
0.10837486323012341
0.2768311075983607
0.04909621155076614
0.020041497865409093
0.018634771043044635
0.010403577444578154
0.017786195413990204
0.004036922179214394
0.0009511368234023023
0.0
0.0021322157801516263
0.021463379699045826
0.03769360991382422
0.0054612611413548465
0.0053302658600915005
0.0
0.002503943344126277
0.0010876665531586505
0.016192622430955407
0.0138168634951886
0.03341710616635859
0.020310378904696214
0.017084677211627954
0.017226369558663492
0.088185467058812
0.225259620103346
0.03994996826182036
0.016307922309128548
0.015163257779393877
0.008465471684928848
0.015415475067905561
0.0056792845496777995
0.013949934792132853
0.10835256968594346
0.2246562693666666
0.018016139056800884
0.002435263754108746
0.0016684043921804447
0.004033865381720905
0.0
0.0018949468260647088
0.0008231297595289298
0.012254334169813275
0.010456395384422314
0.02528956552261956
0.015370590605377833
0.010980106254601718
0.002437803686878948
0.0
0.0
0.0
0.021187992536977646
0.28360983762388126
0.04818173514275552
0.011666200683306722
0.004297997499414487
0.010557101749195441
0.08199960214913676
0.17001650040945734
0.01363434424493255
0.0018429711408222943
0.0012626234595008124
0.012034730826225784
0.004162189707567691
0.0
0.0021501702188543976
0.0651369531958486
0.061557135395178944
0.06195502290143534
0.06120589798746186
0.009605447572528047
0.0021326019041589582
0.0
0.0
0.0
0.018535353553228124
0.24810319346478846
0.04214960403258482
0.010702112896587393
0.002270378517142993
0.0013671917844955887
0.0021281067789166394
0.00017464450131869175
0.00510736899511682
0.04647128262977654
0.05477760919411272
0.0105280380098646
0.0036411027449030353
0.0
0.0018809788202697347
0.05698210695317465
0.05385046583730438
0.054198539662137175
0.053543201733742246
0.008837957526819767
0.0064188316528865095
0.004146696324410901
0.0023485184805840534
0.006925322292105929
0.005402313101117931
0.16423292184572869
0.12353788564523287
0.019694274980588112
0.0041780029101442075
0.002515937854070199
0.003916191176174412
0.0003213848392418621
0.00939869821866995
0.08551752608620722
0.10080301980294458
0.013593166119014271
0.0035931917135450927
0.005718213246396377
0.0027470184132930764
0.00999475354465256
0.0025960462226223757
0.03950756866919014
0.04127763480478358
0.016263813275175683
0.011812082048429878
0.0076308462135531545
0.004321797873050277
0.012744137804173385
0.009941461164979539
0.30222521056814805
0.22733726638162058
0.013726256692814999
0.0030442007590287612
0.009213356127197682
0.0010163081097759622
0.01185041494854804
0.005821352372461897
0.010475117488265564
0.007203338198644352
0.011511210686564131
0.0030428515689200878
0.0048424007220728245
0.0023262797966586454
0.008463937893898293
0.002198430796697436
0.033456513565945215
0.034955472972280056
0.0325751799618892
0.0
0.0
0.0
0.0
0.007499973035192931
0.15798790239485758
0.2398169600748378
0.011623916852442061
0.0025779451234956047
0.0078022208058037
0.0008606484075649048
0.010035382632831217
0.004929742861481211
0.008870728373227704
0.006100061084016495
0.016090999439116127
0.0
0.0006085703267616616
0.0
0.0
0.0
0.03219150059003714
0.35963082166743043
0.3716014057403029
0.14287115985187304
0.0004585484109109087
0.0
0.0038909123568791563
0.0007250287210179971
0.0023671541865523285
0.04883343078085945
0.007906711412260393
0.0
0.0032098386831126533
0.0
0.003242426964065964
0.0036251435277845027
0.003742799380632313
0.0
0.1911233770896361
0.04320025816139488
0.014368405236140972
0.003076036188649678
0.006231797212655433
0.0026191310990428193
0.003934867636047099
0.005064187876106861
0.08694584527913937
0.0313779343627834
0.006213105983763113
0.0
0.004571503953653913
0.0026191310990428193
0.003817211473977357
0.002362232301063147
0.005993157747717725
0.0
0.002433005148359286
0.0
0.002457706531563596
0.002747799418408184
0.0028369806278002196
0.0
0.17045973873509282
0.25411125468745005
0.0
0.0
0.0019661652252508767
0.0
0.00034757218497857297
0.0
0.06590352664933966
0.023783960312765792
0.00470943257221223
0.0
0.003465125120929463
0.001985258474740442
0.002893383775771855
0.00179053339357663
0.09982360444649621
0.32187003175433565
0.0036618586485262436
0.0010133383381503553
0.0017203945720945172
0.005292690197803669
0.006276775041371735
0.012456391808828191
0.10525642565887225
0.15691002806040277
0.0
0.0
0.0012140786170410415
0.0
0.00021462080207774784
0.0
0.019285551114072253
0.09073574084198645
0.020435087343696135
0.010345305040597108
0.0023073369449966375
0.001562463098049097
0.0
0.0
0.06163963337261756
0.19875009383781472
0.002261144804468429
0.0006257217818605613
0.0010623187899109112
0.003268159721905492
0.003875817893551631
0.007691641956821728
0.011769751964760192
0.03174097679179894
0.10269865567692445
0.1345974616700434
0.02430676915904292
0.0019728777526916924
0.0038874081173181823
0.0015847349340988896
0.019867377982066597
0.0934731524719148
0.021051594634364013
0.01065741312579591
0.0023769471220755523
0.0016096011344638981
0.0
0.0
0.0029947370507186375
0.019481695773256827
0.024723325617752954
0.030062276851276538
0.08774471529752591
0.0007816913891268964
0.00270758480149301
0.0017859419557527698
0.012124834268720377
0.03269857209227122
0.10579697715222489
0.13865814000380008
0.025040081434498096
0.002032397611729931
0.004004687549787428
0.0016325448907785918
0.006977998937629347
0.012523416246166328
0.042542551929453776
0.19947769960445802
0.046010329400254846
0.04282710782441414
0.006586490661329662
0.0017479150719032796
0.0033249288028786286
0.021629695799127522
0.02744925382670502
0.03337686364114503
0.09741921452606993
0.0008678786052506794
0.003006115909428581
0.0019828551717176036
0.011277894162949763
0.029335393359372908
0.012958966651885537
0.008210942593308537
0.08955096055915779
0.0026438266494318544
0.0
0.0
0.007747374564525701
0.013904214854965144
0.047233180697536396
0.22147158088142516
0.0510833061006576
0.04754911096959671
0.007312699625661933
0.0019406355446673592
0.008315567149594898
0.0074314270768558515
0.00295078725785231
0.018770114192063824
0.1110318353594763
0.07292463338786268
0.022308262291930676
0.01499025760997505
0.01704696489108751
0.044341559996753384
0.019587969735095186
0.012411151238739386
0.135359674293649
0.003996244282824372
0.0
0.0
0.009776108722140605
0.007743597194623473
0.014404811349735543
0.019482260173598852
0.026850450808315888
0.02418108321009357
0.013498929849601165
0.0015959118722988456
0.012569295224840842
0.011232883962151358
0.004460226888006201
0.028371739706956563
0.16782883150154923
0.11022835000015425
0.0337197847911217
0.02265834308191143
0.0061758389252170864
0.0
0.0
0.0
0.03772279630742512
0.09420360517602874
0.10856302706994701
0.011988223917285643
0.017159253200906947
0.013591741737430508
0.025283659612092366
0.03419571577468387
0.047128535194676656
0.04244319915698944
0.023693635352683397
0.0028011816031760684
0.01278942168748709
0.003962954270559301
0.0176417920122028
0.014682105395974213
0.025004546246889824
0.007052158840974405
0.02403124370060613
0.006267531511869066
0.010839975992269131
0.0
0.0
0.0
0.06621192866026267
0.16534835685622365
0.1905523478407305
0.021042009195334548
0.0
0.0
0.012876883087712027
0.0402599614990315
0.07854444459370544
0.09268725885356674
0.003907568667363852
0.0
0.014844432952946775
0.004599723928288921
0.020476484792990825
0.01704123411396097
0.029022290401446865
0.008185303577158408
0.02789259707017009
0.007274601900056821
0.00962111931712764
0.007289506341239354
0.049564707683247625
0.06717248693399921
0.037617151853182165
0.026717697491694992
0.004974725663045534
0.0
0.0
0.0
0.014945947698752692
0.04672895411254653
0.09116500887123323
0.10758029825463777
0.004535438936106847
0.0
0.0872867202500158
0.1864038201714216
0.11593696390988417
0.0066195456186288045
0.0
0.0
0.0
0.0065025539877316026
0.006175937714603528
0.004679241120475177
0.031816313404338506
0.04311900536363495
0.024147001943157966
0.01715048219936114
0.003193349425312128
0.0
0.009039250010565509
0.006190367151464067
0.1269802275747901
0.13364748732000334
0.01547381815313216
0.001534424084157417
0.006397270446753112
0.006434404536089481
0.05603062697875991
0.11965534832246005
0.07442163893061952
0.00424918349851973
0.0
0.0
0.0
0.0041740848533688745
0.045112164176672756
0.06078272239073212
0.10972639843592984
0.028889621267972447
0.01620254365293097
0.009682155405551519
0.021716250775465094
0.01337824168538555
0.0056522556446372855
0.003870845217616789
0.07940091348596659
0.08356996030789278
0.009675800082739432
0.0009594775209014896
0.0040002221368661325
0.00402344213474368
0.013894894526053638
0.014010132302736232
0.07172086123342168
0.18320268059759606
0.03249113743509177
0.013263163103262775
0.012332212362352496
0.006884931726735946
0.02820869920749656
0.03800752112485748
0.06861207005009075
0.018064720490357903
0.010131473154599877
0.006054265285208129
0.013579201911940729
0.008365433193368615
0.014291275026628296
0.012705180125522257
0.0857096096789581
0.06923767554777673
0.052941143389177846
0.013503314917485031
0.021635212459430047
0.0
0.010598850296852822
0.010686752219484248
0.05470776837845405
0.1397446941389304
0.024783829845077224
0.010116973535181581
0.009406856051515106
0.005251739085813123
0.009563324520313223
0.003523267427861956
0.008654144803628179
0.06721886817966981
0.13937039241491492
0.01117670286801518
0.001510768722372071
0.0010350308740569572
0.010901204343391641
0.009691351157251695
0.0653782092613675
0.052813625656313236
0.04038283646370944
0.01030015831018557
0.01650306719263965
0.0
0.00032730549709230207
0.0
0.0209069008267616
0.1454329855965758
0.10325107013882008
0.012989031701596772
0.0027370501425787092
0.0010350308740569572
0.009630646784705302
0.003548069926281696
0.008715066779382497
0.06769206412801558
0.14035150838422614
0.011255382718721282
0.001521403974908653
0.00104231710825399
0.009934874676228634
0.00343595828776353
0.0
0.0017750020308162366
0.053771661048032916
0.0508164606595138
0.05114492355303197
0.050526508214572656
0.00032960960662716367
0.0
0.021054077669091755
0.1464567799775848
0.1039779194502584
0.013080469676388342
0.0027563179623585014
0.00104231710825399
0.006012257066000228
0.008579812471121068
0.00963191986258124
0.015442776637288443
0.07889075370268928
0.0950979743119517
0.02040124584903226
0.012083709424169647
0.008975746360150014
0.0031042455088852745
0.0
0.0016036405628224429
0.04858046091773313
0.04591056018972178
0.04620731276255436
0.04564860020662062
0.007534857399658377
0.0054724161131284475
0.003535292559316782
0.002002244500266433
0.005904227957573168
0.004605776699164256
0.14001783134638962
0.10532301710744757
0.005431824379784039
0.007751503976461673
0.0087020392773227
0.013951906864452685
0.07127451714018067
0.08591706736175608
0.01843167771508211
0.010917129245788698
0.0069956250815791845
0.0022678902906830374
0.0
0.00047084509344230084
0.002171750173751798
0.0009533886527545459
0.09620621353674778
0.19413020043408885
0.01208748322342289
0.008778897124453646
0.005671346813089102
0.0032120178952900363
0.009471613409387918
0.007388626702411664
0.2246178126020374
0.16896009238134688
0.010201537283266997
0.0022624906583043575
0.006847489314754168
0.0007553337596107437
0.008807386647743406
0.004326506825257813
0.007785247208663984
0.005353617147194794
0.01122244208825752
0.0036381691632860575
0.0
0.0007553337596107437
0.003483940358563495
0.0015294342990611629
0.15433483746715673
0.3114253417739747
0.007643440144070902
0.0010682032496894126
0.002702363904691748
0.0
0.003105147558528804
0.0024635177898028986
0.007891776540401031
0.0022082471690631398
0.01365906062479209
0.0030292980564305965
0.009168252693763677
0.001011332834258021
0.011792401951501354
0.00579285429037299
0.010423837177614088
0.007168074687665318
0.018908250948664312
0.0
0.0007151203069678443
0.0
0.0
0.0
0.03782766719205929
0.42259586489275514
0.010233968607954712
0.0014302406139356887
0.003618253933647698
0.0
0.0041575497469816015
0.003298457664450701
0.010566471621826886
0.002956670266375726
0.06113328748746207
0.00748883718429093
0.0018091271193218647
0.0
0.001279246075994339
0.0
0.009559737060241692
0.3403757276019271
0.22386206292593672
0.05060029316250141
0.016829656769877
0.003602949138466711
0.007299279664291766
0.0030677779967764893
0.00460889504863073
0.005931663422094665
0.10183932799543918
0.0367528516070169
0.00727738670110656
0.0
0.005354584673642914
0.0030677779967764893
0.004471084846875409
0.0027668734410143184
0.021678352312130365
0.003396893203525202
0.005458118258964421
0.0
0.006076547203094387
0.002738662790027777
0.007918628934323423
0.004810768046209535
0.37359576222282836
0.001698446601762601
0.0005370959574965177
0.0
0.0037978420019339917
0.0
0.0016112878272157487
0.08934864312626417
0.06166476052017974
0.02225422965165184
0.0044065324955460655
0.0
0.0032422560918705435
0.0018575711291886272
0.0027072878599544966
0.0016753703258669838
0.09340317545079382
0.30116807758045266
0.003426336162882452
0.0009481627027403501
0.001609742675121142
0.00495227630672381
0.005873067033645726
0.01165522479432617
0.22621607646366687
0.0010284268859147847
0.00032521712630372674
0.0
0.0022996323930302032
0.0
0.0009756513514974259
0.054101522365022185
0.14004312126602173
0.024710731881026363
0.012104714746984685
0.005169584918384902
0.0022996323930302032
0.0
0.0075361489796293
0.002345174095596756
0.07408008009443666
0.23886292089502864
0.002717501371358778
0.0007520083618416819
0.001276721757358555
0.003927757527313948
0.004658056582687342
0.009244011053320227
0.014145187447341598
0.03814711370520061
0.12342585803758585
0.16176265489363112
0.029212493774156537
0.002371054692237316
0.0046719860085771454
0.001904574774752788
0.11107123060850523
0.01959861630082325
0.00960051126365975
0.004100109690710633
0.0018238882247979355
0.0
0.0059770828702569645
0.0018600083348207965
0.005230507596779471
0.01075613422906016
0.04025936584969526
0.028765377327593447
0.03359627658316786
0.012194447206506061
0.002502212755418195
0.0015040167236833638
0.011110091381296237
0.029961986772902603
0.09694269282166268
0.12705366292527204
0.022944444993369253
0.001862303656199237
0.0036695301268124684
0.0014959151208697426
0.006394001281786758
0.01147531552326957
0.03898211134721385
0.18278315579567772
0.04215966608624999
0.03924285239538241
0.006035258833863606
0.0016016298239794333
0.004108211191058155
0.008448218494043746
0.031621018470646904
0.022593265159387626
0.02638761093126742
0.009577916398282649
0.0019653194750251127
0.0011813037686015484
0.0
0.0009609778807258818
0.02299099996171282
0.16066789767556153
0.07889770030364844
0.003685119035447701
0.003199639003499759
0.0
