0.09524406410195432
0.1504729561169418
0.04080793841767378
0.004752783691453838
0.0017274565974904664
0.0
0.018844088553039463
0.01283418660026216
0.01542450108197662
0.06333323000503151
0.0876690001021902
0.042634833428399396
0.008079097701400473
0.010820468286999525
0.0
0.0
0.08440237730814784
0.10991308492063004
0.017892500565641647
0.00874136605731083
0.012393669821253835
0.00856154683500045
0.018434918518372215
0.022254737281743455
0.058994134228651844
0.06026226163877527
0.00988091792555286
0.01217404531283176
0.0023984044363588993
0.00472369201473084
0.00322522934028061
0.013102235546950053
0.017660611528188784
0.07251473263217906
0.10037849170231403
0.048815661961852504
0.009250335245490631
0.012389125972643541
0.0
0.0
0.022054079353503498
0.03000612748467132
0.0844538067479015
0.02519369620472641
0.01688594985364083
0.01174772511163881
0.011577943079886691
0.012013601708519192
0.0675465923673514
0.06899856189553324
0.011313367745100758
0.013938932861025625
0.0027461043188951625
0.0054084919316092555
0.003692795129339328
0.015001684068465077
0.0
0.12583187277402663
0.2105793950997574
0.0
0.0
0.0
0.0
0.0
0.023808244554230217
0.03239279272689184
0.09117120022832959
0.027197584213453977
0.018229045846889246
0.012682130499786039
0.012498844130490083
0.012969154725023942
0.038417754945109794
0.014335180431121607
0.06420199791328382
0.05101473903960398
0.01342201259400037
0.006198103353115303
0.002988720803873426
0.007879884930892969
0.0
0.13584044709827764
0.22732872482479966
0.0
0.0
0.0
0.0
0.0
0.0
0.0
0.040971594872581445
0.08561639039239811
0.04936542573892647
0.011189988470372218
0.018022646381376115
0.00225705315000677
0.056693149448650976
0.021154451313360877
0.0947430027548523
0.07528254132987397
0.01980688790848249
0.009146552165747498
0.004410460617398896
0.011628360237696632
0.0
0.00993888591677201
0.10675520630227037
0.0405372863193359
0.026999461909580396
0.02871940459996382
0.03933043046502599
0.0
0.0
0.0
0.06046185558160818
0.1263442599054873
0.07284864675231328
0.016513085930864525
0.02659605138872398
0.003330737356456855
0.0
0.0
0.01363382390168575
0.010349862039288952
0.03491453116523437
0.06700418043328447
0.01829154585473033
0.004564839414643662
0.0
0.012344891169439603
0.1325985039579393
0.05035055157159361
0.033535490969339166
0.03567179734293646
0.04885154008243712
0.0
0.0
0.0
0.007578993939803785
0.025934476918109396
0.09430957254975883
0.12278595885014996
0.01336612728705437
0.0
0.0
0.0
0.0169342996487758
0.012855356381355194
0.04336663999125696
0.08322455074673393
0.022719562815024096
0.005669895625288226
0.02498114638002817
0.012794705257018193
0.019193718421548087
0.016818235754000557
0.035916618351102
0.0460592831916848
0.06355184249042535
0.018585620525851186
0.0
0.0
0.007437070575609428
0.025448830902018996
0.09254354239875173
0.12048668318186856
0.013115834732937634
0.0
0.0
0.0037109388573540597
0.008723792476518095
0.018858162496144745
0.10944281410638469
0.09920571227137963
0.03476594200228264
0.0
0.02451335232136488
0.01255511308576515
0.018834299069662996
0.016503299415882394
0.03524404790872411
0.04519678238024943
0.062361778036141784
0.0182375883448495
0.016178011151621964
0.01466867117669834
0.04555121751988985
0.021804934978362465
0.045155816166871
0.030529656363134542
0.050147683936073724
0.00877781596806564
0.0
0.0035989761210376363
0.008460586933588718
0.018289192875213404
0.10614081496047115
0.09621257672507125
0.03371701876565216
0.0
0.00842593505050593
0.007946406461489714
0.009536928422335307
0.00471554287727321
0.06972619113018631
0.07496562335254776
0.019445670688817685
0.008221346029644598
0.015689904376943193
0.014226102698423811
0.044176891735468855
0.021147058284829483
0.04379342003667738
0.029608546100581237
0.04863467816334663
0.008512980482372036
0.0
0.00166144401899428
0.006349511528386391
0.0028029471935026905
0.1049702060410939
0.1547051030256
0.03431780609381302
0.0
0.009297348515181329
0.008768226893859405
0.010523241251600408
0.005203226147068093
0.07693730080847967
0.08271859713950712
0.021456749479041918
0.009071600818584344
0.019170736924245604
0.01801107324901971
0.01748094011943426
0.019329672705894488
0.0894005644795818
0.03688887039754064
0.021339045993972225
0.005953900566622778
0.0
0.0018332712025979669
0.007006180468602745
0.0030928290772997535
0.11582626538473524
0.1707047646681862
0.037866966884753654
0.0
0.0027381298364600685
0.016734421805980577
0.0381799001929432
0.03872392677160178
0.09000946336002737
0.025732134030998454
0.0
0.0
0.017608409483136998
0.01654325309729813
0.01605632339484566
0.017754392724983924
0.08211482707214793
0.03388259605757577
0.019600011273752497
0.005468684882237557
0.0428421745570608
0.05582246169266151
0.10520471470177893
0.03975506600463191
0.03428420942080285
0.04976442973217768
0.0
0.0
0.0025149847691773655
0.015370642912040194
0.03506841282519454
0.03556810372411951
0.08267410347675755
0.023635082713995125
0.0
0.0
0.05935999433859159
0.10087671830741075
0.07246542421955239
0.023891038857845534
0.011873341973403173
0.0
0.0
0.0
0.03465542793753989
0.045155301253663356
0.08510105863513087
0.0321582375152477
0.02773281144718046
0.04025490363798583
0.0
0.0
0.05186882754097299
0.08440654309487176
0.050293495922240784
0.0323549774319915
0.040988210894322516
0.027800918160228453
0.006091479690745914
0.01954893529806034
0.04801684385637235
0.081600102656363
0.058617946286997374
0.019325680455092035
0.009604455221781598
0.0
0.0
0.0
0.05691944614201071
0.028981178963433163
0.03165467440634092
0.04229661780708401
0.03742358392960698
0.003563946041695746
0.0
0.003583912217798194
0.04615843427322494
0.07511397608895483
0.044756535590931734
0.028792921876372158
0.03647569702723953
0.024740232514809196
0.005420850600678633
0.01739673495326743
0.03350788954621688
0.02382261561179854
0.02550893631666798
0.020163356623064226
0.01849413996957498
0.04274327960688762
0.044137316863450855
0.021042643625223775
0.050653015272785235
0.02579055490096596
0.028169717290625576
0.03764005753717447
0.033303510431554224
0.0031715806375030194
0.0
0.003189348677981368
0.06455936697352939
0.09199658405909178
0.0843737968445939
0.01985023206064094
0.028729407199259205
0.020296836706722714
0.0
0.0
0.023055545791305507
0.016391465190576337
0.01755176041526719
0.013873663731888664
0.012725137175566765
0.029410077853095774
0.030369263592297552
0.014478668762540559
0.042329054359042384
0.009954775699292212
0.009365193386324397
0.03678468353403041
0.026506509028218942
0.056673745431263176
0.08020029914993658
0.037858464001162176
0.044420924793335814
0.06329946424983206
0.05805450486679398
0.013658214242675827
0.01976764792440848
0.01396550646572515
0.0
0.0
0.0032528508483813338
0.0
0.0
0.0
0.020898506036046302
0.02253726023674472
0.1624242198111458
0.12019229733628882
0.03354624273695203
0.007889269605878407
0.0074220191160264655
0.02915226766862418
0.021006700939443325
0.044914568724430906
0.06355962219328931
0.03000325053942165
0.02369346398512811
0.01259921177574286
0.0070477673845303485
0.015277946654747758
0.03287660412318955
0.014821952381871381
0.18617854487710248
0.025410051060254676
0.0025779201968774913
0.0
0.0
0.0
0.01656229667637505
0.017861027466260636
0.12872298676761693
0.09525372212086135
0.014546728925552864
0.0059991000003701625
0.0
0.00337033276645336
0.00976708086978674
0.01826399108271983
0.1017926890570654
0.029882405651359686
0.018420426247005746
0.009795226710250186
0.005479269700465959
0.011877802660519146
0.025559836327999203
0.011523291016386038
0.14474405924081565
0.019754982715143102
0.051166859975212704
0.006564090358906378
0.004160674944366037
0.0
0.009049285727535075
0.04762458373292735
0.1309022339307764
0.04632383781192912
0.011309319206196385
0.004663985779985273
0.0
0.0026202570544893366
0.0075933933899819585
0.014199295676072593
0.0791384798118587
0.023232003970777876
0.07307966977958287
0.01100846253209071
0.0016620916581643794
0.0030683000849989982
0.0010077911329818357
0.0008310458290821897
0.05819650919400388
0.1654427513698131
0.07955127142281936
0.010205467641325634
0.006468776508109544
0.0
0.014069305512250076
0.07404394541256275
0.2035192143181207
0.07202162096537987
0.0091569758722948
0.0
0.001748967329446942
0.0014014380058956883
0.0024374548244265226
0.0012944257829280664
0.0030024513404458197
0.0
0.11362003939545907
0.01711532017525656
0.0025841238780783472
0.00477041532325143
0.001566855304315855
0.0012920619390391736
0.0904805630244962
0.25722081100020266
0.011777312672255518
0.0014864494270400881
0.0055602730703361615
0.0014014380058956883
0.003988562439970673
0.0017899088900544889
0.0036800467896857926
0.002744220097549621
0.09589837581250531
0.12488376110482917
0.020329542818502157
0.009931980994067896
0.014081745610973093
0.00972766955273876
0.020945840633058908
0.025285936575712792
0.06702941120174458
0.06847026349563388
0.01122674515597696
0.013832207217411
0.002725078336935922
0.005367080957889777
0.003664520659489654
0.014886821302177786
0.13634388396682406
0.04701541771083436
0.003063499122501553
0.002440419905139636
0.0
0.0021719453190434572
0.0010859726595217286
0.0638906103246299
0.09726850124548829
0.07417200898619514
0.0025813275576351386
0.001767835382024832
0.0
0.0
0.007730843198385746
0.05218044236862086
0.07137256920208675
0.07290678124739446
0.011954179981493
0.014728462463602474
0.0029016492715216386
0.00571483995178254
0.003901962581391355
0.015851410068198974
0.0
0.13295924683438695
0.22250704176981614
0.0
0.0
0.0
0.0
0.0
0.10357099535653067
0.07897797025684195
0.0027485841877091166
0.0018823819406932343
0.0
0.0
0.008231761718845402
0.05556146424650318
0.0851955332161249
0.025877645888190075
0.0
0.0
0.0
0.0
0.01520439282429456
0.06795079602933485
0.0
0.16123663867877594
0.26982920219163387
0.0
0.0
0.0
0.0
0.0
0.0
0.0
0.04863148185741921
0.1016228913962044
0.0585945900732548
0.013282024362830226
0.02139208891536499
0.0026790228610124246
0.10331467523521883
0.03138122950657623
0.0
0.0
0.0
0.0
0.018438019547407127
0.08240237672949498
0.018662448908926505
0.0032339389334223403
0.0058945490082539685
0.00327592606651908
0.02104846251730319
0.0060967640123263485
0.01256219162549721
0.016421076220982645
0.0
0.0
0.08415140643411267
0.17584718602579538
0.10139146445405806
0.022983075730681164
0.03701664641989357
0.004635753076254292
0.0
0.0
0.018975690464102708
0.014405039981441353
0.04859438854926362
0.0932570786355606
0.025458353778970794
0.006353388482588784
0.0322933059657804
0.005595974031130753
0.01019986581518697
0.005668628126117741
0.03642203890269785
0.0105497765385464
0.021737484707535133
0.02841485816140389
0.0
0.0024264641684238423
0.0
0.0
0.017210978996007948
0.12663048007838126
0.06754288864093556
0.0022370893405698074
0.0
0.0
0.020798721371615318
0.015788959747618053
0.05326294448005165
0.10221646469946054
0.027904186560721373
0.006963770676222531
0.030681865437482282
0.015714467984620836
0.023573741448698046
0.02065617159637798
0.04411282150361731
0.05657005117122927
0.0780544275243585
0.02282687509097538
0.0
0.002659579225995884
0.0
0.0
0.018864470694643563
0.13879611270464917
0.07403186324810702
0.0024520107959150484
0.0018806065009989398
0.0
0.005319158451991768
0.02941904448316604
0.10040795460300302
0.08610549073552877
0.016604860750056488
0.004332617296913989
0.0283127667877926
0.014501076153579288
0.021753496224428952
0.019061206377054826
0.040706652277330606
0.05220199760174484
0.07202745894817948
0.021064299113812027
0.018685500490561918
0.0169422223720379
0.052611367944832996
0.025184561898018855
0.0521546818845652
0.03526155987924661
0.05792025756479374
0.010138321888899722
0.0017353955674853801
0.0
0.004908439907782769
0.027147454488019106
0.09265495959190186
0.07945685973073978
0.015322717287775789
0.003998074476867537
0.003998074476867537
0.023843453768223225
0.040488102315286545
0.005217950997082972
0.07448045712366899
0.0750919565596057
0.010865294953702405
0.002262678909382156
0.01757585605993218
0.015936103070758375
0.04948702501073371
0.02368896862439463
0.049057459398407804
0.03316754085336681
0.054480644520450795
0.009536254396748173
0.0
0.0018611522561215173
0.0071127330028726045
0.0031398659439243904
0.11758779324817867
0.1733009046575637
0.03844286145452172
0.0
0.0037606475436826417
0.02242750263037437
0.038083703393051754
0.004908081306081835
0.0700574113251483
0.07063259667125031
0.01022005593328574
0.0021283089977296708
0.0005161907655101136
0.0018611522561215173
0.02319728738974658
0.03718546561397554
0.0803212396225618
0.03740451745387425
0.002920015875450667
0.0
0.0
0.0017467178384805591
0.006675400991833628
0.0029468088044121
0.11035781483143049
0.1626453615466165
0.03607917173030337
0.0
0.002608855810663985
0.015944347483199124
0.03637733066657793
0.036895672376306345
0.0857598892407303
0.0245172549868359
0.0
0.0
0.00048445236826265406
0.0017467178384805591
0.021770983837974038
0.03489908786693895
0.0753826247133431
0.03510467113130896
0.0027404763911819856
0.0
0.0
0.0
0.008474455067316188
0.029858997291997397
0.17276575602784952
0.09421653105892508
0.0
0.0
0.0024037914637092786
0.014691071165322058
0.03351795701832765
0.033995555424508835
0.07901888975345607
0.02259012092965781
0.0
0.0
0.05673555141393966
0.09641672479538524
0.06926155986622877
0.022834760659175057
0.011348394006657629
0.0
0.0
0.0
0.0
0.0
0.0078083360019877346
0.027511985335500113
0.159185819263552
0.08681081268424073
0.0
0.0
0.07392863428656861
0.032675896140904034
0.07991538842384185
0.07768297235139013
0.004910101619674563
0.0
0.0
0.006755106038692809
0.05965696697379968
0.10138139532432582
0.0728279621246135
0.024010563545247
0.011932743219879976
0.0
0.0
0.0
0.07071771582526168
0.03600672383746985
0.039328321354774924
0.052550058041471434
0.04649571548700398
0.004427908921748738
0.0
0.004452715248293225
0.07773535259883511
0.03435843678851203
0.08403037547156281
0.08168300828137966
0.005162931581043137
0.0
0.0
0.007102938595143346
0.00801792092777358
0.036045462153290526
0.053047905201012664
0.05258215734476378
0.018055208166249222
0.009122667473277177
0.0010495151043540074
0.008216729631420106
0.06539492143192333
0.03329656294598778
0.03636814983390935
0.048594710346080656
0.042996067190670395
0.004094628236592929
0.0
0.004117567435865141
0.08334853726263698
0.11877100216345782
0.10892970114120284
0.025627385833208297
0.037090730264792426
0.026203968995817003
0.0
0.0
0.007414426540793702
0.033332385498935586
0.04905508545157402
0.04862439359294922
0.016696225347356507
0.008436020814623305
0.0009705200032257005
0.007598271273379125
0.10362247965289596
0.04256317657301829
0.009586677938556174
0.0
0.0017361189350987294
0.0
0.013874274598713397
0.02165545513867612
0.05056817866496025
0.0720592520861247
0.06608846141920638
0.015548325958570612
0.022503222449287784
0.01589814325998443
0.0
0.0
0.0037030013138333474
0.0
0.0
0.0
0.02379057599494382
0.02565611156392198
0.18490153019414435
0.13682528209690287
0.06286853059319146
0.02582339640479185
0.005816308944604074
0.0
0.0010533162953664473
0.0
0.008417625789204661
0.013138526007636377
0.036900240113886894
0.007930031944683402
0.006770959710237497
0.0010857335595050328
0.0010857335595050328
0.0
0.012609298296007813
0.1989578767182844
0.0032997593183754803
0.0
0.0
0.0
0.021199877660202447
0.022862263885802807
0.16476649494039902
0.12192555749358512
0.018619934155493297
0.007678897955051214
0.0
0.00431405400586153
0.012501944843926171
0.023378060670353428
0.13029548962198215
0.038249728064889424
0.032881951921330276
0.007066483262301628
0.006033629346750657
0.0009675015282511315
0.0009675015282511315
0.0
0.0112361962700347
0.17729216168863215
0.05230872442669466
0.005175425613126258
0.002355811745210695
0.0011965032556897413
0.001642575154843719
0.0033366671946031194
0.029187955248834645
0.09925854884292357
0.01421219283908095
0.0058611366515823726
0.0
0.003292824074322802
0.009542463979820946
0.017843967850593865
0.09945172786896045
0.029195189776771435
0.09183774377459664
0.013834112338269582
0.0020887169891815843
0.0038558706939920643
0.0012664707452599078
0.0010443584945907922
0.0731343767159178
0.20790856137543864
0.039926117488401684
0.0039502903836192696
0.0017981401296002179
0.0009132650448945842
0.0012537420733270967
0.002546805870177818
0.022278534666703986
0.07576190255575004
0.1528343049000608
0.02722961226920287
0.0028034525860739816
0.0
0.004187415703140539
0.0
0.014671419819125606
0.07547505308584819
0.12875194251919328
0.019394736449020202
0.0029282771840520526
0.0054057386598344555
0.0017755289045008956
0.0014641385920260263
0.10253075347991616
0.2914774475422506
0.013345813751490491
0.0016844145822009105
0.006300789566277436
0.0015880813502561228
0.0045197587039900395
0.0020282887398479364
0.004170154976662534
0.003109694998696195
0.21426608310140743
0.038174560149354296
0.003930300891356652
0.0
0.005870548249072399
0.0
0.020568599832583478
0.10581226516618948
0.007168197541007217
0.002245886189423025
0.006094423045505745
0.0
0.0037664655866583665
0.0005614715473557562
0.0010653172948074507
0.0
0.14922218777851884
0.0514562390773519
0.0033528606345737426
0.0026709287336408316
0.0
0.00237709549422723
0.001188547747113615
0.06992537086200315
0.1064559563326003
0.08117789467946468
0.002825145758771423
0.0019348155242680954
0.0
0.0
0.008461056718294063
0.05710912395154571
0.0520416563920938
0.05333408883108404
0.016261102512789796
0.012032188411706687
0.0050684671879342585
0.00878314543003046
0.029458043635861002
0.013501527718879523
0.2019910384077542
0.024220284396712647
0.001334089624201684
0.0
0.0013288367590148815
0.0
0.007275832913303117
0.03521213430405004
0.11988503753967537
0.09141822859243033
0.0031815289347191552
0.0021788863653108242
0.0
0.0
0.009528392184358948
0.0643132587846792
0.09861515439403151
0.0299537774843686
0.0
0.0
0.0
0.0
0.01759932110562254
0.078654102963721
0.227471567175955
0.027275596445253264
0.0015023807984873856
0.0
0.0014964653010196517
0.0
0.008193656155964981
0.03965403335163499
0.10500579375207306
0.047832918603187176
0.005125236099678571
0.0
0.0
0.0
0.006478012896851576
0.014636267975859834
0.17084902917819253
0.05189439528711734
0.0
0.0
0.0
0.0
0.03049051581947193
0.13626685690253945
0.030861649334119
0.005347888147921312
0.009747675954172351
0.005417321274543659
0.03480734347359155
0.010082074112540206
0.02077379848197006
0.027155144455795713
0.1819207000269422
0.08286969438247556
0.008879381848760826
0.0
0.0
0.0
0.011223043975661888
0.025357078126917836
0.05377901084329186
0.02739437723287423
0.05878615937515465
0.004793738008304948
0.003629639923282889
0.0
0.004518786070795183
0.0031540340579768495
0.041550909263893425
0.007200185990774846
0.013123887019799592
0.007293668018030079
0.04686323646317401
0.01357410753089181
0.027969024158293113
0.03656061706602552
0.0
0.00312206475859435
0.0
0.0
0.022144893661977225
0.16293195851039685
0.08690557852189694
0.0028784013722143215
0.07240594226379024
0.036882710655571596
0.07914736985457868
0.00645410006644553
0.00488680424951234
0.0
0.006083915605993845
0.004246467242868333
0.01206718345655341
0.04275579819508343
0.13465538659822204
0.09732036490043473
0.029413498608623842
0.0
0.001561032379297175
0.0
0.0
0.0025037226145635367
0.0
0.0
0.01775897534026809
0.13066238553657486
0.06969344940012236
0.002308318105691184
0.0017703992344439892
0.0
0.005007445229127073
0.027695030195527427
0.09452384954897249
0.08105953839818725
0.015631783014859214
0.0040787173401351726
0.009677211220904506
0.03428777655878664
0.10798614464055993
0.07804552989749597
0.02358799298993436
0.0
0.0012518613072817683
0.0
0.007278042045000133
0.0048178123304051645
0.07845605422295716
0.0863160795940913
0.1035972948210864
0.006554830995708467
0.002043607824497032
0.0034054309856018363
0.0017382088867275473
0.0
0.0049163971762582175
0.027191464313512475
0.09280516625693318
0.0795856704276154
0.015347557558314483
0.004004555915490597
0.004004555915490597
0.02388210734585283
0.040553739199151284
0.005226410026378551
0.07460120037501602
0.07521369113717363
0.010882909118413777
0.0022663470287630503
0.007145708783911135
0.004730212284533584
0.07702952419698245
0.08474663437428102
0.10171363328424618
0.006435647545518695
0.002006449851771597
0.003343511614299523
0.0005496699064547028
0.0
0.0
0.006689530506242797
0.21189410885132196
0.02760793136017469
0.003886753181689767
0.0
0.004648847226253228
0.027724489515149695
0.04707841317957342
0.006067284929249238
0.08660375601124974
0.08731479015357443
0.012633855772371132
0.002630978645506464
0.0006381060656669
0.0023007241181216124
0.02867608407482362
0.04596802722628486
0.09929172242047216
0.046238815309052536
0.003609672947417745
0.0
0.0006381060656669
0.0
0.0
0.007765806245478106
0.24598566257556867
0.03204975978231885
0.004512091260340352
0.0
0.0025524242626676
0.0014268485606354173
0.030868509938253873
0.03229805602836029
0.12642400479563784
0.011198648993270464
0.0028536971212708346
0.0
0.0006013761195588623
0.002168292415282758
0.027025463465917433
0.0433220671679838
0.09357640358916369
0.04357726845065365
0.0034018969992487993
0.0
0.0
0.0
0.010519785303217843
0.037065538537412124
0.2144631892816997
0.11695591880313494
0.0
0.0
0.0024055044782354492
0.0013447179031220817
0.029091691369255424
0.030438951529680718
0.11914692793843386
0.010554044912323876
0.0026894358062441634
0.0
0.0006013761195588623
0.0
0.03777069828600252
0.125642957251386
0.040912135138819285
0.006723589372231169
0.0
0.0
0.0
0.0
0.008451634364478898
0.029778590552117675
0.17230051832849858
0.0939628171102904
0.0
0.0
0.08001932625546583
0.035367935837328966
0.0864993057268134
0.08408296959720206
0.005314625750142024
0.0
0.0
0.00731163289051361
0.0004831477954674567
0.0
0.030345118498444765
0.100942015882753
0.03286896046801284
0.005401756533340281
0.0
0.0
0.005549837856635042
0.002160702659412677
0.005974150487075605
0.05751389189803017
0.12923481048225355
0.018559057715049444
0.007876574881495547
0.0
0.08103117583523022
0.03581516568402729
0.08759309506803033
0.08514620421105835
0.005381829538070929
0.0
0.0
0.007404088963488261
0.008357864714196061
0.03757371754494608
0.055297030119836305
0.05481153548743464
0.018820712825620468
0.009509450300281209
0.0010940124424664147
0.008565102508638088
0.005620015916933482
0.0021880248849328295
0.006049694008155724
0.058241158798051855
0.13086899305784688
0.018793738205732945
0.007976174682653329
0.0
0.0034652928734509075
0.0046343108053054066
0.004616877526351946
0.0
0.13221134480564609
0.06436332808352906
0.05943997189876676
0.005129462960062841
0.008636878888826475
0.038828057037997785
0.05714303454153905
0.05664133243404905
0.0194490127364909
0.00982690834937062
0.001130534328032677
0.008851034991250954
0.12070721882506405
0.04958077326173669
0.011167279876055099
0.0
0.0020223612570097653
0.0
0.016161793325499926
0.025225894718371403
0.003580976228470559
0.004789019986243312
0.004771004724677709
0.0
0.13662501271116598
0.06651199661021504
0.06142428191891102
0.005300702017290974
0.05006548760872889
0.008162607347149367
0.006135623058587237
0.0
0.02036326399631527
0.07586901247220126
0.10025157134466106
0.030776678248485644
0.08784684272363649
0.036083296701188435
0.00812718815387819
0.0
0.001471809664775601
0.0
0.011762034865990183
0.01835859716972987
0.05156108404576104
0.01108071498514488
0.009461131461814844
0.0015171066405032525
0.0015171066405032525
0.0
0.017619101859281828
0.2780058821128643
0.036436056257912415
0.005940483848600922
0.004465309689724304
0.0
0.014819730477070312
0.05521503412237651
0.0729598785096289
0.022398279406710107
0.08206971018687874
0.02054416102800794
0.0026018164857819705
0.0015171066405032525
0.0
0.0013266712915096185
0.024345173324250343
0.12094822072687976
0.03611177845997949
0.007760587895448323
0.0066262820042063885
0.0010625342720373087
0.0010625342720373087
0.0
0.012339870558995865
0.19470666707707213
0.057446743810715205
0.00568378129207355
0.002587211125422282
0.0013140296719454637
0.0018039169401347138
0.003664411006209951
0.032054939322564105
0.10900821017713166
0.05747907064779678
0.014388490960181032
0.0018222312867722814
0.0010625342720373087
0.0
0.0009291592807802666
0.01705060166839932
0.0847083693613082
0.09113542902347578
0.007265051614716966
0.002743439236179245
0.0027017996570534203
0.0018222312867722814
0.004795759617082993
0.04218135937757997
0.1966806449647928
0.04537743969451019
0.004489644246289644
0.0020436496315204083
0.001037957910930025
0.0014249220536256052
0.0028945346319032956
0.02532033984055896
0.08610607243150029
0.17370157406037637
0.030947414033172298
0.0031862226698587855
0.0
0.004759145529246687
0.0
0.016674585708680814
0.08578005789914174
0.07198828271576842
0.0057386967416390225
0.002167054914469432
0.0021341636248096954
0.0014393886378906574
0.0037881919561985615
0.03331924430208653
0.15535892052253364
0.1112381836072257
0.022907127220133553
0.0029896576649620526
0.00207591582186005
0.0
0.004371654614189281
0.04478894867546696
0.05195074808227571
0.29575290225525513
0.05269259974825748
0.005425020509685654
0.0
0.00810315686627336
0.0
0.02839097540666043
0.146053374683161
0.009894310830746418
0.0031000116726009833
0.00841217273956783
0.0
0.0051988775469029745
0.0007750029181502458
0.0014704645607065338
0.0
0.18939964028192793
0.03900280923954094
0.005090339197817861
0.0035345570843204285
0.0
0.007443395644501484
0.07625988210749733
0.0884539164528477
0.004852285710442776
0.0007750029181502458
0.004490934792445693
0.0
0.013170489785487537
0.0
0.0004901548673411668
0.0017672785421602142
0.05067971950295771
0.05193832881760088
0.01583554735360473
0.01171730448235065
0.004935824745068581
0.008553289376378352
0.028687122817984138
0.013148190989519982
0.19670490676717448
0.02358643641661143
0.001299176325921462
0.0
0.0012940609288970423
0.0
0.007085423423467519
0.03429062818801516
0.08688220344876965
0.007366348933744483
0.004275605071674491
0.004285386648710813
0.007482069210749505
0.0035202264256769373
0.04434949948148836
0.0621748609967195
0.2537665802948014
0.04649222316501549
0.004758204338318794
0.0
0.0
0.0
0.0
0.02489050056918064
0.22474877736271148
0.026949112933167423
0.0014843975965227643
0.0
0.0014785529063934832
0.0
0.008095579707151385
0.03917938239017952
0.10374889510267599
0.04726036799773185
0.005063888034001957
0.0
0.0
0.0
0.006400472359611755
0.014461074733718292
0.28994563274560164
0.05312053717897023
0.005436573113780388
0.0
0.0
0.0
0.0
0.028439095205136756
0.053833841493100804
0.024273211025651904
0.016604242089817714
0.008497956658821321
0.0011828423251147866
0.0
0.014609527888920924
0.02518566064167358
0.11862113889768594
0.05403506872113286
0.005789788558704202
0.0
0.0
0.0
0.007317970182033513
0.016534047450824072
0.035066529065013015
0.01786246549334477
0.03833143328642089
0.0031257501869663157
0.0023667016531079836
0.0
0.002946468159331728
0.002056583511518453
0.061550839484404395
0.027752738318004795
0.018984434535691434
0.009716125614397593
0.0013524009446331336
0.0
0.016703781136427797
0.028795986176520603
0.03370959851821699
0.14273624554887937
0.23568830439549007
0.08907021042901717
0.009128706376273651
0.0
0.005797150451968941
0.014959100135688042
0.023829659772959345
0.012138540276497543
0.026048344052866407
0.00212412136235599
0.0016083056031323461
0.0
0.0020022892382236634
0.0013975630517438142
0.0039714540988903995
0.014071443481782726
0.04431669485829808
0.03202929361941868
0.009680333445870255
0.0
0.0005137543871427226
0.0
0.022907549882763605
0.09699722953455975
0.16016333112973646
0.06052816936898019
0.006203464469224764
0.0
0.003939486644570937
0.010165541792921206
0.0
0.0008284040380316658
0.03561504046665063
0.29006443916964675
0.09843782333819553
0.020188512078878774
0.0071786587304232
0.01305025801606705
0.0037218613275459113
0.013187099740678743
0.04153153697630191
0.03001635831672676
0.009071956465517254
0.0
0.0004814666209783931
0.0
0.0027991394017549734
0.0018529335556068225
0.03017424622224755
0.03319721676557517
0.03984358266357392
0.002520991991869157
0.0007859728135555584
0.0013097308304647476
0.0
0.0007763415806805771
0.03337675281928716
0.27183484732794216
0.09225133130774153
0.0189197307827543
0.0067275037422380845
0.012230092408235691
0.005819229795149654
0.0
0.03319493991526457
0.11977755790729051
0.14981975995351673
0.03895987233371618
0.005817670826214045
0.0
0.0036838609301694083
0.002438588634571111
0.03971139368255728
0.043689831866320306
0.05243690878713999
0.003317799713116857
0.0010343945493451708
0.0017236963019285055
0.0002833739177053391
0.0
0.0
0.0034486851925185713
0.10923876868421736
0.014232846982168748
0.0020037561876964163
0.0
0.0076585086375437605
0.0
0.043686835373934904
0.15763554527120913
0.19717315969118437
0.05127388491069104
0.007656456926668041
0.0
0.010072243248693085
0.004647678057695877
0.003065157678626102
0.011195309569393816
0.063678632639922
0.10500046585994877
0.05106284190874765
0.008949012077671728
0.00046556472536691195
0.0
0.0
0.005665963146973118
0.1794721185129349
0.023383632304977753
0.003292039743040741
0.0
0.0018622589014676478
0.001041034389131117
0.02252178771701406
0.02356479023438421
0.09223945710491216
0.008170578879521306
0.002082068778262234
0.0
0.01654803377769787
0.007635829634733653
0.005035852644489714
0.018393157942263896
0.10461980889706697
0.1725088654853425
0.0838928937504407
0.014702638774887915
0.018590857428418046
0.0
0.008806659811293582
0.02793258882640928
0.08805345224617113
0.04956604486319691
0.01744428281458966
0.002507142742163538
0.0024171993881830457
0.00135125555662646
0.029233127277550338
0.03058693745124508
0.11972618796699755
0.010605355814444108
0.00270251111325292
0.0
0.0006042998470457614
0.0
0.0379543291705464
0.1262537992115234
0.041111038836792596
0.006756277639055989
0.0
0.0
0.02413080649868544
0.0
0.011430984537659294
0.036256310316655535
0.11429278213094234
0.06433638911514925
0.022642560448220623
0.003254254227309194
0.04601865143129747
0.025983113792375702
0.11573357290243344
0.08185772366729603
0.03404455222168812
0.00135125555662646
0.001709218049612184
0.00765473232698106
0.0003278473640633717
0.0
0.02059114665374869
0.06849575666258557
0.02230373842131505
0.0036654449371010195
0.0
0.0
0.003765927795482339
0.001466178006106369
0.004053851653841544
0.03902693551059568
0.08769426738425445
0.012593533921627462
0.005344770972715773
0.0
0.024966237610779162
0.014096471161846808
0.06278827802983969
0.04440980593284616
0.018469997570184794
0.0007330890030531845
0.0009272923614234469
0.004152878456415328
0.007330889874202039
0.03994822582363533
0.10678491304147122
0.20275290411079055
0.16845685618921813
0.012472707240349651
0.008871725211166732
0.013507909454714471
0.002308398303672268
0.0008987221757776802
0.002484886803271352
0.023922315196339927
0.05375389786135496
0.007719450271138459
0.0032761807758859697
0.0
0.0014233547215941726
0.0019035240041622966
0.001896363356904633
0.0
0.05430526329222762
0.026436970920144576
0.0244147227213386
0.0021069057046763057
0.004493610783063022
0.02448703791841698
0.0654558784739395
0.12428131534423889
0.10325888922661847
0.00764538721915041
0.0054380956142258624
0.008279934445059572
0.0
0.0
0.0
0.1663826140938256
0.2699064045308587
0.00982945381866124
0.003690165194160308
0.0
0.0012851903473225853
0.0017187498231686312
0.0017122842565768937
0.0
0.04903387689178
0.023870746570442823
0.0220447970544395
0.00190238935754268
0.017968195626983586
0.0029295095812521756
0.002202037384949098
0.0
0.007308250225169312
0.027228922022700757
0.035979672462419184
0.01104556056338309
0.0
0.0
0.0
0.15023193189410142
0.2437067166188158
0.008875313353404815
0.003331962592043731
0.0
0.005793071871475484
0.008648141691981262
0.013711097550372668
0.012816322523912536
0.1310626758106821
0.18511744975858951
0.026629976215640554
0.003844925690683761
0.02155124632810543
0.0035136851755609116
0.002641147229912586
0.0
0.00876559361328016
0.03265866077719852
0.043154404601299365
0.013248163670702305
0.04854269978599995
0.012151487301063633
0.0015389258263491744
0.0008973402248600919
0.0
0.0007847012749504324
0.014399715037694398
0.07153861217526827
0.0069482724637691265
0.010372673792818391
0.016445237288768875
0.015372034536316621
0.15719797744047653
0.22203185240185322
0.03194027875971003
0.004611645064056845
0.020115960083274587
0.004898297332105438
0.005965852103454234
0.0
0.017171446612716783
0.11076942416279781
0.04734835975252378
0.053424026607781144
0.045923840545538136
0.011495919420743081
0.001455901393458398
0.0008489290785894287
0.0
0.0007423669549812991
0.013622856170084423
0.06767913265783425
0.07281413675194373
0.005804531425947037
0.0021919155026125644
0.002158646882041522
0.001455901393458398
0.0038316503288504783
0.03370148473554477
0.15714120767718012
0.019030712081472303
0.004634036149944873
0.005643996768311428
0.0
0.016245053935093616
0.10479345802765835
0.04479393467923255
0.050541821737403986
0.06614997742551287
0.0014847339099625981
0.0
0.0
0.0
0.0
0.00237669439577991
0.2634368964245162
0.07076027108241048
0.00564080322212182
0.0021300882228815652
0.002097758009063821
0.0014148348365556273
0.0037235711093591933
0.03275086819872527
0.1527087314285547
0.10934062780522631
0.02251636614552644
0.002938658609923795
0.0020405038258664637
0.0
0.004297080773548526
0.04402491669770042
0.05106454659781235
0.06428408745228549
0.0014428540753303122
0.0
0.0
0.0
0.0
0.0023096550646251107
0.256006141604227
0.05837899810382082
0.020618964670616812
0.0059141513263681195
0.003115287035206289
0.0040821434043646675
0.0035867270378148607
0.029932421715598633
0.042878685832002265
0.2514184498257761
0.051774257983062864
0.0067571680088606145
0.004691945885629807
0.0
0.009880731513506798
0.10123113916596427
0.11741810344776918
0.006441164036084459
0.0010287772035984157
0.005961488955864064
0.0
0.01748315952651496
0.0
0.0006506558129573903
0.0023459729428149034
0.13423699406400327
0.047411362441904116
0.013599032567832554
0.0071633083957513685
0.009386503327199886
0.00824734016894411
0.0688267775512763
0.09859548951604966
0.011041995490430502
0.0020575544071968314
0.004554590416470808
0.0
0.006901247181519064
0.0
0.010894201256591561
0.0
0.08344022842443365
0.007074519444573628
0.004106220257679693
0.0041156143221700485
0.007185655280951573
0.0033807671238150526
0.04259252436463262
0.05971170617101966
0.24371321842419807
0.04465036068216307
0.004569700595974856
0.0
0.0
0.0
0.0
0.02390442427390277
0.04020925091456242
0.002348178571545697
0.004401915445440111
0.0
0.003052330907148837
0.014880644744130032
0.03109085374144595
0.03974426107834461
0.10713756323709903
0.0
0.0008961919745478101
0.0007860123747621969
0.0
0.0
0.010720517774517949
0.21628702171550476
0.2580874329324169
0.04728384058310811
0.004839221703732531
0.0
0.0
0.0
0.0
0.025314308089110865
0.04791876954406647
0.021606156517397553
0.014779826742585935
0.0075642312611428845
0.0010528757973069264
0.0
0.013004284677446487
0.02241834939938459
0.1134565406229601
0.0
0.0009490494098809746
0.000832371413282959
0.0
0.0
0.01135281430371923
0.229043638141911
0.08385907672535899
0.06075221554026372
0.0045642407199041005
0.001664742826565918
0.005688082331658873
0.0
0.004765987123964846
0.019201606672574846
0.04902861439118221
0.022106575908483087
0.01512214176251644
0.00773942614130046
0.0010772614146633858
0.0
0.01330547643334952
0.022937579959736654
0.026851541276703368
0.11369723632176099
0.18773864157687004
0.07094930040673508
0.007271514548977854
0.0
0.004617747807473356
0.011915742471352703
0.0858013336963343
0.06215929535491174
0.004669952930217077
0.0017032998735313665
0.005819823795929074
0.0
0.004876371975272183
0.019646334373738014
0.02214758798168843
0.06761642016946591
0.07974362857489228
0.02411636269328795
0.03588548597557502
0.010172950241782556
0.008222847735356056
0.013059159483260193
0.017397626036992086
0.07366660924904506
0.12163944874483122
0.04596940575375909
0.004711353048304253
0.0
0.0029919269311092915
0.007720436951213613
0.0
0.0006291490681006157
0.027048600068632748
0.22029560844044938
0.07476069885684382
0.01533259493875027
0.005451985073840821
0.009911296049195896
0.014349844925330178
0.043809969042228565
0.051667418807815294
0.015625451633732156
0.023250891214220384
0.006591248605643915
0.005327739975320163
0.008461278654582073
0.0012387402700205085
0.002480033617260771
0.04494857425220391
0.08299038468505944
0.06494925671634627
0.0008724727867230098
0.004130229938749146
0.0017795023106626092
