0.011225612026351897
0.004781187037810181
0.01177890381958516
0.0
0.01184691074814439
0.0023905935189050907
0.005853806413782636
0.0
0.13034686660713118
0.11347421518829412
0.01711974839114913
0.0
0.006414635443629656
0.011308667938667506
0.00958584478063878
0.005604351665390861
0.006480442121040765
0.0031226549532390522
0.015586240633112577
0.0
0.019417397867202344
0.007440606538483294
0.013828939396851758
0.004416100832996
0.47725585255667424
0.06371769086321648
0.0022679160079776446
0.0
0.010983288722193455
0.0
0.008408756807231502
0.025342084892519642
0.04778157335226951
0.041596523781063856
0.006275628519629773
0.0
0.002351428783490909
0.0041454463823554465
0.0035139068352909946
0.0020544010543720806
0.039739918458045385
0.0825394762272022
0.09791716482484038
0.04090448614352144
0.013776177800392196
0.009457122888139147
0.0063221977122654635
0.01781624437880534
0.17494885853657385
0.023357151568470822
0.0008313555815544363
0.0
0.004026171318029441
0.0
0.0030824187849264827
0.009289710751858778
0.039641278479550915
0.29179242496771884
0.016692518548019956
0.0
0.0
0.0036155536288316483
0.0038691774501657633
0.012661432423544613
0.03238304507342728
0.06725931211520744
0.0797901979927961
0.033332021551314164
0.01122585561217558
0.007706368020731307
0.005151797523076274
0.014518002732369618
0.0
0.040323148085307285
0.23281843436285865
0.08740844066056966
0.005112145773997353
0.0036446862973359495
0.002714502325441393
0.0021002178697121245
0.03230266587302704
0.23777419824829313
0.013602307239261967
0.0
0.0
0.002946222354518831
0.003152893932031712
0.010317478061729406
0.03196798968793527
0.013443671005286243
0.015916861521802498
0.0025267408136789315
0.0
0.0012881142994452459
0.005462914245352939
0.003809562335259084
0.0
0.0467333696228245
0.2698298735274419
0.10130387034522119
0.00592483001368215
0.004224086659412087
0.003146030172259615
0.002434092144444476
0.00018506059836821267
0.010932018712594199
0.021434910090398045
0.3168213950042524
0.05915192523307382
0.00107907940893224
0.00041380808398372557
0.0
0.03704998119254697
0.01558082828375732
0.018447185005496834
0.0029284199769551295
0.0
0.0014928874487940805
0.0063313605898468305
0.004415173248333855
0.004466000247850588
0.018462316341195627
0.008594713746790007
0.004821823836025492
0.006248302729890419
0.010616082014328666
0.01267680347345682
0.004253535370276841
0.00016477807443495616
0.00973387641146628
0.019085657571227675
0.28209797152349686
0.05266891183196674
0.0009608129917124856
0.00036845498104781405
0.0
0.0
0.0
0.0
0.0
0.11216168159131336
0.13615945990298572
0.06123181004028205
0.055054427469081464
0.003976529459840222
0.016438858207181654
0.007652738584027863
0.004293355008957589
0.005563492722905147
0.009452566174481366
0.011287433871744013
0.0037873505977790347
0.047232743963941136
0.11345873566392402
0.022407884615780374
0.005061337726276763
0.0
0.0
0.006140403299811548
0.013558516798398526
0.0
0.0
0.0
0.0
0.13035243429789706
0.15824225171402642
0.07116258763220382
0.06398333671227323
0.0
0.0
0.0
0.009594728754932226
0.18709224571884647
0.04825082846234119
0.0
0.0
0.0548931066913129
0.13185984889245406
0.02604206949906845
0.005882202228635772
0.0
0.0
0.007136274227929062
0.015757481923104985
0.014156132245806035
0.015369690878024346
0.00786081903082202
0.005786120868125664
0.0
0.029609025356684752
0.0158037065221716
0.0011648632203602241
0.0
0.0
0.0
0.016351535519864832
0.31884648117752934
0.08223006148655321
0.0
0.0
0.0
0.0
0.0021893043794148845
0.08602541185295046
0.21053115019688068
0.016504868899720835
0.0
0.0
0.024125173848422814
0.026193345610960195
0.013396570646318773
0.009860827055559242
0.0
0.05046031442832895
0.026933004063295567
0.001985184032817287
0.0016318111726413979
0.0007297681524085683
0.0004615458904172602
0.0
0.007968460437759894
0.05514262348716032
0.04461052933284076
0.0038216105844945773
0.0
0.0
0.0030998871362293463
0.12180538718104737
0.2980959661923754
0.0233696288503613
0.0
0.0
0.0
0.0
0.00703855699921532
0.1039248092633574
0.1280624330643049
0.025356562450550374
0.013940265358048548
0.0
0.0023105195012574336
0.0010332957488011672
0.0006535135917767475
0.0
0.011282728997767803
0.07807772679442179
0.06316508902074816
0.005411107565462769
0.0028476125589173896
0.0
0.0006535135917767475
0.0
0.021402230449995938
0.06277169148652527
0.0242355818459036
0.0014613008581629296
0.0
0.0
0.009873319132248298
0.14578027964106172
0.1796392741633019
0.035568857821138326
0.019554674158862823
0.0
0.0
0.0
0.0
0.0450317001201573
0.2506730751882152
0.00957752386438003
0.0027501438440985385
0.0
0.003994481761293399
0.0
0.0009167146404572687
0.0
0.030021927988689946
0.08805284131201761
0.0339964049374049
0.0020498363119712424
0.009787412895324744
0.009926608013875212
0.020365451245087342
0.003305261706677292
0.044676698074745384
0.013925882881403898
0.02965879555916679
0.010872005023029202
0.0
0.0
0.0
0.05569845066305509
0.31005051716173865
0.011846171452798801
0.0034015760188512295
0.0
0.0
0.0
0.017301811925252163
0.09572549172545546
0.10663787524829264
0.045757167622488
0.021068386351499758
0.0
0.012105777326074674
0.012277943875914769
0.025189457168586882
0.004088185780386373
0.05525935855996106
0.017224535128358573
0.03668413488209466
0.013447279000523862
0.04114993334131143
0.006476360020063073
0.006951288964365869
0.0
0.006852990548164148
0.020818665448740583
0.04607919072296211
0.027906424811293396
0.0
0.0
0.017231203727018734
0.09533483873922811
0.10620268913788683
0.04557043393378263
0.02098240687106199
0.0
0.06841907748959547
0.029985966970712586
0.10863890615457554
0.058138889377861366
0.052053677313525795
0.011114388785253967
0.0022584629199106972
0.012254895442313363
0.040982001643567384
0.006449930180569773
0.006922920953472313
0.0
0.006825023690287814
0.020733705072144722
0.04589114286721965
0.02779253949202309
0.01383343560157665
0.012227838700597819
0.0011292314599553486
0.0
0.002395461709587418
0.009328917209368386
0.12287739711776124
0.05442359537547858
0.032145321481997086
0.014088300859781171
0.05104179553315972
0.0273153827591701
0.024456368793015108
0.005221871058291058
0.0010610931816018622
0.005757715072690512
0.048693602518828864
0.019529567802428288
0.01737433082533409
0.02171652214906863
0.08422769803663993
0.1093576434103987
0.17630258499159526
0.018206860614256245
0.006499360279752499
0.005745003009146045
0.0005305465908009311
0.0
0.0011254592955336437
0.004383003305177346
0.05773146289238007
0.025569826921693455
0.013262701866361066
0.0033554713702287245
0.004079887618577271
0.0
0.018214174943352052
0.06184313192202707
0.09171622580097555
0.04944660489977156
0.024566313862424166
0.00985282393198222
0.008765489553575425
0.010956159978264374
0.042493550668745016
0.05517181010043556
0.0889460712212757
0.00918550752383283
0.003982495505138854
0.0024815516212159643
0.0
0.006061635106155646
0.11203615956377917
0.07236794764685206
0.0905741216172286
0.02300150337484119
0.006691139695133425
0.0016928622770423004
0.002058336097080338
0.0
0.009189197661653114
0.031200357140229104
0.046271573117484775
0.024946209616126883
0.0068533664133837635
0.0075781438484486575
0.0
0.009039039881732627
0.008630472096505918
0.0
0.20153938311398403
0.08386653550272358
0.003143980330121499
0.001959060462269645
0.0
0.004785356698466086
0.08844692516949723
0.0571308627064056
0.07150372333506766
0.018158532528262723
0.0420595459890254
0.011205682026294085
0.0031696215457303403
0.0
0.03068261853487553
0.12175053352124156
0.0886908592770348
0.09345155056927991
0.005410388830568842
0.005982564240841023
0.0
0.00713586834051186
0.006813324579039543
0.0
0.1591052282262637
0.06620842073412608
0.005012057396633324
0.0
0.006066356742184555
0.0014174977941444342
0.01627182901608155
0.027840726447936878
0.03525463434606345
0.021342059357770088
0.06943692290856997
0.01849967850819781
0.005232789887405057
0.0
0.05065453199126604
0.20100032492974634
0.14642146541289844
0.15428098330539727
0.020105877198458057
0.005863773326926783
0.015239584935824151
0.005400763064411774
0.0044705367641437715
0.005160679120893191
0.004621363138065906
0.0030020695673465925
0.008274503085557923
0.0
0.010015066390703885
0.002340174691394851
0.026863479155621473
0.045962797044656674
0.05820256186065776
0.03523402108815643
0.03482184664588288
0.008434787395919697
0.008038626799266466
0.0032956704598899066
0.006609353437870312
0.002757922409267631
0.010176424375871912
0.02958110535434739
0.004349957450279451
0.002096063189020927
0.010462169447316615
0.0
0.01303381049315074
0.0049944619891883766
0.009282591655820132
0.002964280887148965
0.32035509502937465
0.04277011335154673
0.0015223248585894329
0.0
0.007372465907928313
0.0
0.005644326982327913
0.017010720707760288
0.010764462793459122
0.0016046713933895737
0.0051567627871304264
0.002269348041884675
0.009329201087664572
0.0024070070045360964
0.004944215045152975
0.0011346740209423375
0.27876526849333755
0.008833791774452976
0.0015223248585894329
0.0
0.0
0.0
0.027402318996641695
0.20400711246962022
0.15746986781776887
0.02102355854649821
0.0007482955569531389
0.0
0.003623919987618825
0.0
0.0027744569623465616
0.008361583701643258
0.035680752275370035
0.2626396935324227
0.015024783306904762
0.0
0.0
0.0032543267603037888
0.0034826112427233827
0.011396439546945494
0.13702647675325907
0.004342231619338699
0.0007482955569531389
0.0
0.0
0.0
0.01346955181064263
0.10027926364501909
0.030691006202185688
0.0
0.0
0.0
0.0
0.0
0.09253358881460669
0.09542907060054427
0.05234296827361317
0.3852873123263351
0.022041064321788397
0.0
0.0
0.004774033939977657
0.005108922827084875
0.016718354731822482
0.05180066179627628
0.021784011501607067
0.02579154862716383
0.004094309576983722
0.0
0.0020872495840954497
0.008852060326845797
0.006172982788312885
0.04502310801992782
0.0
0.0
0.0
0.0
0.0
0.135744971579815
0.139992586935245
0.0033636022224922736
0.0
0.007079051636742219
0.006799776789959447
0.018343359365298594
0.006991624304476242
0.016765024491569424
0.013041082847117661
0.1037396745226965
0.043626204465554645
0.05165198218009278
0.008199554372140925
0.0
0.00418007386379108
0.017727763030785656
0.012362452584337841
0.012504767808721597
0.05169434980863026
0.024065135204092866
0.013501071235514915
0.017495201634501783
0.02972495146891597
0.0354949563804136
0.011909867715993913
0.0067361880656561565
0.0
0.014177010240007995
0.013617714649894445
0.03673571078479399
0.01400192207164965
0.033574825568067755
0.026116996251981453
0.0519770589484989
0.08841154328708203
0.12382947336587911
0.033923037109470165
0.04105436646537341
0.01470049081372374
0.013298864345512456
0.04996612850078412
0.007665061472605934
0.031687143266521375
0.014751232770375046
0.008275766695489994
0.010724053261553654
0.01822053665966967
0.021757383006630267
0.007300404899163901
0.09104468850534121
0.21870029940707858
0.04319289339753028
0.009756111503091882
0.0
0.0
0.011836092058409896
0.02613506722046534
0.03186043580334475
0.054193722310524516
0.07590389041913115
0.020793841897666077
0.025165140807852395
0.009010976252280447
0.008151819712566224
0.030627793523644194
0.019599976706765273
0.06385200417657512
0.05473508458974221
0.003565161594326733
0.01479383255993605
0.03478928856111501
0.02247505721103807
0.00943483319313767
0.10807624586822624
0.25961215001342414
0.05127290612145605
0.01158116879563085
0.0
0.0
0.014050247372186051
0.03102410472342849
0.02787128878939875
0.030260602658054147
0.015476766783819157
0.011391999091678068
0.0
0.05829570409200445
0.031115113985519943
0.0022934399489258407
0.023266507210331102
0.07579667760807039
0.06497427314930182
0.004232089618339558
0.017561286784865224
0.04129725485184299
0.02667942357669883
0.011199789561006937
0.008356047127612527
0.002529255747127259
0.01310549770627254
0.009338810089126993
0.01400704544403887
0.013309284755358317
0.018801815114285577
0.003222720801801335
0.06057761737283741
0.06577073716046898
0.03363840342953374
0.024760253008101835
0.0
0.1267043976204223
0.06762799825187812
0.004984739986134183
0.0040974309019312675
0.0018324268328693855
0.0011589284506453486
0.0
0.02000857488041557
0.13846154094172528
0.11201575556319718
0.009595954217367541
0.01816167990905556
0.005497280303227426
0.02848450358826419
0.020297693033553207
0.03044399725626167
0.02892743014176298
0.040865320958578935
0.007004510954127878
0.030320988674291383
0.010284407138411333
0.023465196061727915
0.019744801515667067
0.030320988674291383
0.0
0.01782196752493624
0.01712342670600386
0.005134386796603624
0.002296167613709423
0.0014522238635914855
0.0
0.025072237981228537
0.1735026470644096
0.14036410378614994
0.01202444697999479
0.006327903450453971
0.0
0.0014522238635914855
0.0
0.04755957670148386
0.1394899042373337
0.05385578930188376
0.0032472713724917973
0.03799446229486681
0.012887129883622126
0.02940364236094008
0.024741710264306674
0.03799446229486681
0.0
0.02233225573283045
0.02145693194007909
0.07743527420531618
0.01747946462138769
0.005200615340892395
0.0
0.014938439273774059
0.016301945429908392
0.02534886466488527
0.044704604276378096
0.006794706321131004
0.0
0.0015593529109446914
0.0
0.05106799731919169
0.14977992971548482
0.05782867498914772
0.0034868192117430063
0.01664861682729247
0.01688539095930883
0.03464210592937447
0.005622326988440307
0.07599610186164438
0.023688250465553947
0.050450300616155616
0.018493533246081224
0.08314759402399349
0.01876890658696889
0.005584259337584762
0.0
0.01604043243644344
0.0175045230267198
0.02721882410510447
0.04800241654107011
0.06715798400191132
0.01876890658696889
0.0
0.0
0.018923625196445835
0.06317453555152255
0.06283043927777263
0.03993203460083301
0.01723546362282238
0.017480583801965637
0.03586320489909395
0.005820508291476765
0.07867488709124737
0.02452323718076451
0.05222862235646841
0.019145411467321637
0.058586752430850396
0.009220644369004957
0.009896819084801623
0.0
0.009756867825911654
0.02964033959592296
0.06560472690705174
0.0397314568674653
0.06952523457381245
0.019430491438156446
0.0
0.0
0.01959066372112004
0.06540137362054013
0.06504514830341689
0.041339598171283645
0.028835659319600256
0.011773105864139074
0.014790833800290627
0.004706506764961437
0.026580162205519616
0.019043843685568246
0.09381148679550919
0.04671490482956064
0.059863709189110166
0.0094216175182917
0.010112530137066008
0.0
0.009969528500770711
0.030286380388315434
0.06703464742528877
0.040597443635076266
0.020206937990522752
0.017861591689698038
0.001649504197327851
0.0
0.0034991268704635953
0.013627045153334323
0.1794909099596666
0.0794982713367499
0.02946416130203221
0.012029712459916238
0.015113214789130565
0.004809089778560056
0.027159503376615254
0.01945892327077365
0.09585620180522599
0.047733102817305
0.053054731643797495
0.012029712459916238
0.017616965332507475
0.0
0.009520281183517445
0.039312919443221024
0.058967130008346275
0.014753613376654953
0.01218046073103427
0.010766718652384337
0.000994298151983804
0.0
0.0021092249334648478
0.008214192988965845
0.10819462015307388
0.04792045052330756
0.02485564922041492
0.006288493867082121
0.007646123431551911
0.0
0.03413521225109504
0.11590030517420524
0.17188551467868413
0.09266795551262619
0.03198065316407292
0.007251343092771709
0.010619261291999846
0.0
0.0057386928766063276
0.023697280197774267
0.03554456453646361
0.00889327262049754
0.007733824756037775
0.0
0.0031442469335410607
0.02005787269520054
0.023746213619749806
0.06411584958060264
0.09183526395945604
0.02188154046938024
0.009218588019657397
0.002332308189204665
0.00283583266073102
0.0
0.012660238962816926
0.04298568728898923
0.06374976297412971
0.034369156762688646
0.00944209273626324
0.010440640798959757
0.0
0.012453361992061087
0.011890465645292496
0.0
0.27766697861875494
0.1155454936918878
0.0028683597684337407
0.0
0.0011661540946023325
0.007439164565290009
0.008807114971974029
0.02377960831248135
0.03406032393727931
0.008115535628697204
0.18339928594101734
0.0954031142645404
0.006516477857553094
0.008748195694504093
0.0
0.0
0.0
0.014105722849417109
0.008757736227476264
0.009683910200537072
0.0
0.011550750720005292
0.011028652720535707
0.0
0.2575418634138219
0.10717083429404524
0.008112961565476067
0.0
0.009819544190549203
0.002294487914437233
0.026339028658399415
0.0450654742658705
0.05706628452552218
0.03454615412305599
0.17010662947741534
0.08848836093292627
0.0060441679405942
0.008114132374972938
0.0
0.0
0.0
0.013083349577645566
0.031587340458087594
0.019842174468436526
0.013312929727640995
0.004465198014937616
0.004031943143672619
0.004776802642557161
0.019913210958903055
0.027255767881330203
0.016208590923018674
0.0
0.019618110298021237
0.004584073976287973
0.05262178766510771
0.09003467244756479
0.11401065491384503
0.06901850521848392
0.06821111329963919
0.016522565404769318
0.015746542363315796
0.006455756164338962
0.012946796325094812
0.005402383160297172
0.01993418795811854
0.057945236201093916
0.06310719898020567
0.03964195890569104
0.026597418242491715
0.008920856758693632
0.008055272604613223
0.009543400314218093
0.03978388012709539
0.05445330762580892
0.07098834832510073
0.003241429850096394
0.010121014929680728
0.0
0.015117217393998747
0.0024160192134335735
0.031174507583766487
0.047576574325190024
0.010277119363803456
0.0015320225231830644
0.004923298794470439
0.002166607024610087
0.008906836781962996
0.00229803370309939
0.004720373803532993
0.0010833035123050435
0.2661446273500586
0.008433856314334907
0.0014534040929302442
0.0
0.0
0.0
0.026161723866482803
0.19477102444806974
0.03953845521549069
0.006894100945947758
0.008659413178301684
0.0010833035123050435
0.008332878316191334
0.001235156016495235
0.003672819365776814
0.008712315843076919
0.08449596760137851
0.020109937365299823
0.013204550866014228
0.002083775950554733
0.001712853227300576
0.009947192040314573
0.02531059503342904
0.23213401545285312
0.14423111835974736
0.004570539486044119
0.0007876397875815213
0.0
0.0
0.0
0.014177760148878232
0.10555179324837348
0.03230469215156187
0.0
0.0
0.0
0.0
0.0
0.0973988627366083
0.10044658450594238
0.045790696680141414
0.010898130032610729
0.007155910520554731
0.0011292556936133417
0.0009282424335198974
0.005390657879509632
0.0137165099456265
0.12579982918109622
0.08441643709341817
0.003827241595610252
0.0005250932064750303
0.0
0.0
0.0
0.032045742879915996
0.16890702480310776
0.05148745525212713
0.0
0.0
0.0
0.0
0.0
0.15523502168760756
0.16009250299352165
0.003846542953895433
0.0
0.008095450767480061
0.007776078076229864
0.02097707013199691
0.007995470755974303
0.019172120412665368
0.01491350106778634
0.1345435364930798
0.006099885721509197
0.0008368974031616628
0.0
0.0
0.0
0.051074740004017474
0.2692052547821439
0.017665719012592385
0.0018946071372167106
0.006344635724160934
0.0009356797691915875
0.01692965966192856
0.009381485399999789
0.018414845587546688
0.017081460467629726
0.006936904958629014
0.0
0.014599439872210018
0.014023479059569004
0.03783031765413993
0.014419134635562209
0.03457524815194521
0.026895199338116765
0.05352580932130986
0.09104592494308021
0.1275191962343934
0.03493383528530057
0.04227765548277945
0.015138518495336461
0.01369512803433492
0.05145495956797064
0.03185858452252457
0.0034167588409490567
0.01144199753990924
0.001687416911338727
0.030531165637394407
0.016918691243174237
0.033209569007743585
0.03080492515975354
0.02616120325926694
0.054845971459068776
0.10591446088513112
0.0060848478084866015
0.009157929689264276
0.0011931839437454828
0.030581107936623945
0.027320752102613487
0.03656821012233805
0.06220151654532145
0.08711963110241941
0.02386638979008262
0.028883602299098556
0.010342459689964337
0.009356352121751092
0.03515342966647764
0.022496116218557186
0.0732869292772285
0.06282287181180095
0.004091958412186664
0.016979804699019045
0.039929837179940586
0.025796025505668944
0.010828946747792065
0.017873029664909647
0.03747012953394989
0.07235952729629552
0.004157097221780803
0.006256591005514923
0.0008151693869318789
0.020892657112148414
0.018665219942614227
0.07115629499832281
0.04824423327011601
0.06965760173778882
0.013315129203510523
0.005558079834257561
0.02324701483241742
0.02297021661163139
0.01763746052798437
0.02969144639037118
0.09672758224616401
0.0829166204676054
0.0054007617424578274
0.022410755529615196
0.052701302237515464
0.03404682394707775
0.014292560044698858
0.01066353119022336
0.0032276981131925783
0.01672452074766688
0.011917679632981132
0.017875026755391297
0.016984582655037984
0.02399385006356252
0.004112660359924159
0.09391546957502521
0.06367503847631181
0.09193742277937215
0.017573942145656923
0.007335818673275227
0.03068251817011437
0.030317186685622884
0.023278761037736254
0.029901341295460727
0.07462682619274306
0.060981273089422625
0.023676383904897846
0.005292725197829054
0.0
0.0031172747722959912
0.0
0.020787361632421474
0.006292036542335391
0.03260258301953776
0.023232183779539697
0.03484536582911662
0.03310954462718015
0.04677332764616087
0.008017171483630972
0.03470457357365832
0.01177125086620528
0.026857621032490477
0.022599359284044267
0.03470457357365832
0.0
0.02039853613747487
0.019599005439275795
0.058289321212195995
0.14547665270306387
0.11887617280826163
0.04615446286970965
0.010317575927303823
0.0
0.006076778587073628
0.0
0.009836244707318333
0.025278711151575345
0.033498545446036324
0.01372256841024993
0.08138535166380291
0.04883121529192851
0.02002851502633881
0.005932189137757663
0.04199035197416087
0.014242473430743332
0.03249603277646671
0.02734380379904223
0.04199035197416087
0.0
0.024680946168442405
0.023713564294111925
0.08557916661281927
0.019317785472940448
0.005747565709748065
0.0
0.016509519681639166
0.018016426213719527
0.02801481282096489
0.04940620172125201
0.011901237641996918
0.030585651094513715
0.040531133768753384
0.016603444969952273
0.0984711584094449
0.059082700240709565
0.024233243889044097
0.007177575870311445
0.01607240554848571
0.07619995007822847
0.09215549314292247
0.03058780270799984
0.03895405736305156
0.00916716030624567
0.015637741743769168
0.0035887879351557224
0.05384866258560258
0.01215525872715853
0.003616519520376374
0.0
0.010388224026638077
0.011336409252151606
0.01762765708878705
0.0310876816335507
0.0434933525485375
0.01215525872715853
0.0
0.0
0.012255458742507542
0.04091356206812711
0.04069071588286315
0.02586108092263459
0.01011318031682877
0.047947012844451325
0.0579866602126936
0.019246650001979993
0.024510917485015084
0.005768218384650733
0.009839678418121927
0.002258159763179254
0.011162253379782074
0.03322968493039317
0.23200890168921603
0.18918497301203277
0.022971269276569603
0.003570464042797955
0.014771220477399464
0.0
0.02984510628544504
0.008340929530191582
0.0
0.0
0.008409686706464834
0.028074855969696125
0.02792193908252155
0.017745854563204457
0.012378287142500494
0.005053842651217385
0.006349263106065066
0.002020362757414537
0.011410069609558772
0.008174953200276835
0.04027046886458375
0.020053313135858647
0.007659529996748117
0.02280218517238179
0.15920433639500753
0.129818588273969
0.015762867953343165
0.002450049780061113
0.010136000544491324
0.0
0.0055788443059679345
0.006144311260430674
0.06988304921585484
0.0980145898776136
0.23218598677618502
0.0010956955873822397
0.007735220650153551
0.005479184392667387
0.013578733465932682
0.0055439643263745465
0.00696501466073774
0.0022162975435619896
0.012516618193802814
0.008967760185647843
0.044175899053337186
0.021998083502666688
0.024450587705953875
0.0055439643263745465
0.008118882946523777
0.0
0.004387478041087198
0.01811759206091375
0.027175351554266328
0.006799290217271485
0.0061198806431446255
0.006740186584511822
0.07666030753404061
0.10752004509179332
0.254703384455622
0.0012019561486644023
0.008485382371522198
0.0060105557111595105
0.013678909496977932
0.00344187861302481
0.012704030458867257
0.04271008179897195
0.22236897140356232
0.009717319023091392
0.013981259475805412
0.0033996453649505556
0.032386423790702216
0.007343348156444503
0.010753998512240105
0.0
0.00581150542964041
0.02399795136249154
0.03599555408164993
0.009006110491115467
0.007831951548551947
0.0
0.003184141148395106
0.020312367046226663
0.024047505651877018
0.0649293516791282
0.09300047007367507
0.022159173522786714
0.018118622148943792
0.004558996320993633
0.01682733025638792
0.0565723337987593
0.29454243932241525
0.012871233026217057
0.018519104733050847
0.00450305558506369
0.028100992202655994
0.001592070574197553
0.010622447423294466
0.002251527792531845
0.021026365726691896
0.05280135694435907
0.058094374309592314
0.038236985985558476
0.0035737416213162967
0.0
0.0014529326030201738
0.009268590477168517
0.01097294477681507
0.029627446633487632
0.042436377273774556
0.010111293490700236
0.22850050704936276
0.11886447578943528
0.008118998320995139
0.010899536177060803
0.0
0.0
0.0
0.01757457673213726
0.012822562143337594
0.0007264663015100869
0.004847052773697288
0.0010273784935772691
0.00959439009251666
0.02409340836753808
0.026508627147074748
0.01744764474641616
0.06106968889141081
0.005683176749685188
0.0
0.0
0.0
0.002624324288864214
0.06737541721577796
0.27477802598974976
0.20163060208121755
0.10488692619975076
0.007164266464428441
0.009617834420437496
0.0
0.0
0.0
0.015507941464033064
0.03744107148718855
0.023519304314959664
0.015780067153735363
0.005292683576939971
0.004779138391686741
0.005662034429821128
0.02360350520934282
0.0323067766669738
0.05388836243338282
0.005014878805172424
0.0
0.0
0.0
0.0023157239047427764
0.059452585528643034
0.24246624016039003
0.02459056313654474
0.0040745103581134225
0.006114987976066824
0.0026503823793539785
0.010754415262211164
0.01291129301063816
0.03094526677418259
0.05762827145765875
0.07163815526166156
0.04500083750909407
0.030192909975494547
0.010126795862810999
0.009144200326579133
0.010833496090494957
0.045161943922596565
0.06181441371581543
0.0805846940010378
0.0036796127640497133
0.011489193794918445
0.0
0.017160792814386507
0.0027426214809724027
0.03538873932896635
0.05400806997304694
0.04705053861907421
0.007795994987741086
0.011700158159270755
0.005071129026312743
0.020577041193019483
0.024703919428197857
0.059209358539351276
0.11026348590364386
0.03202658402834802
0.013134014446241137
0.013313301147476655
0.0
0.009468239866042076
0.0012265376316093655
0.0362351537653259
0.11925736432532107
0.04339271876288662
0.007566147484519245
0.009503544805930169
0.0011889054437787714
0.009145178871788135
0.0013555607410546105
0.0040308509004063535
0.009561604495968328
0.09273275191814027
0.022070281999531344
0.014491748830255242
0.0022869053253214235
0.001879824539660741
0.010916858140595362
0.027777907002714722
0.25476276179598395
0.014407616241185433
0.002196243755051407
0.016724563951294156
0.00428919160198484
0.013886073643206391
0.004907365416434666
0.01919281894971328
0.023924526285217636
0.17965238968639485
0.015287592180344903
0.0
0.0015501429894660152
0.020275778994362302
0.01621662323314768
0.015268411292440987
0.13955662948613803
0.04390094150605236
0.010448370603072436
0.006860590293697356
0.0010826519739804666
0.0008899344131417322
0.005168188592992636
0.013150437631390823
0.12060814407188941
0.08093262028473804
0.0036692935814467125
0.0005034229180593151
0.0
0.0
0.0
0.030723233881246145
0.16193633103333838
0.08504987599211014
0.007237353321188536
0.0
0.0007338586993151906
0.009598828560667561
0.007677169212152326
0.007228272828908448
0.0660679997209732
0.25807882884657835
0.004228073834184349
0.0
0.0
0.0022513757982566213
0.0
0.00729069085910142
0.06468328371830818
0.08230822576157587
0.0037316602801771605
0.0005119795583955809
0.0
0.0
0.0
0.031245434307285998
0.16468875030612068
0.010807163440391692
0.001159043058062821
0.0038813883087282872
0.0005724105645693474
0.010356872472965893
0.00573920857448122
0.011265448400505746
0.010449737989304415
0.2624653747061864
0.004299938077579858
0.0
0.0
0.0022896422582773896
0.0
0.007414610166797462
0.06578270048042109
0.011097142297040775
0.018595492247485388
0.24518969983526756
0.042940883834917655
0.0
0.0
0.0032069613779584457
0.0
0.011752611684238336
0.0012604401758016476
0.004220945657001448
0.0006224870315364964
0.01126292769692153
0.006241294500889325
0.01225098900652596
0.011363917411605013
0.009650851339023346
0.020232644188806395
0.039071777644368394
0.002244696508731292
0.003378354471253565
0.0004401648023249187
0.011281351379525751
0.010078608174080619
0.012067958899780453
0.02022229058229541
0.2666397475186528
0.04669750169629
0.0
0.0
0.0034875175127479585
0.0
0.0
0.0
0.35204028287807504
0.14190031326907313
0.0
0.0008803296046498374
0.0007097444007696153
0.0
0.008849694948551003
0.01855305016973038
0.03582827059537597
0.002058355129150677
0.0030979035370461883
0.00040362493326510874
0.010344840554379658
0.009241941950337023
0.03523249925783893
0.023887765838910453
0.03449043266779603
0.0065928851381563845
0.002752041033616277
0.011510582905552104
0.011373528367950832
0.008733054678816818
0.0
0.0
0.32281598831340474
0.13012059158526051
0.0
0.0008072498665302175
0.0006508256336781222
0.0
0.00036101310997737094
0.0009025327749434273
0.0
0.11108664689982335
0.1908051899028086
0.01924398434491599
0.0002552748137934014
0.0
0.04840959789212494
0.03282188783543663
0.047389995366335785
0.009058651109347771
0.0037813156212683496
0.01581558792874358
0.01562727443426185
0.011999252800023862
0.0154129230796433
0.03846708816240532
0.03143336153848983
0.012204211186529396
0.0027281841824337506
0.0
0.0016068281288373015
0.0
0.0004960334877152274
0.0012400837192880685
0.0
0.15263350658862024
0.2621671102957702
0.026441313094541796
0.00035074863685624397
0.0
0.0007842978179596967
0.0
0.003191468823804704
0.007347751959210751
0.08421405207382315
0.12983469153898294
0.044542465236113125
0.0
0.027462348655321343
0.06853966515061642
0.05600715253804754
0.021745148596135067
0.004861008182989154
0.0
0.002863004900192418
0.0
0.004634234470291211
0.011909776349505168
0.015782457495708387
0.006465231543130963
0.03834377989565011
0.023006269960292754
0.009436206345572866
0.002794883230795363
0.0013974416153976815
0.0
0.00568647680320101
0.01309203485243995
0.15005042507370006
0.23133610335789517
0.07936461526219324
0.0
0.005643334189036433
0.014505877783523378
0.031643589048388966
0.05875128409051166
0.04812941655111054
0.051022140420392124
0.014128086377974788
0.0013974416153976815
0.005989843192061204
0.015393630435270636
0.020399150321525217
0.008356444498434899
0.04956012269949316
0.02973607623433915
0.012196490423662708
0.003612443953776393
0.008089174575837679
0.038351116576384604
0.04638147475228107
0.015394713333350608
0.019605414354207082
0.004613793489606007
0.007870410098576142
0.0018062219768881964
0.007294125295003035
0.018749144835791924
0.04089998847683782
0.07593724083026193
0.06220825897236736
0.06594716396002122
0.018260841688195195
0.0018062219768881964
0.06251998109854319
0.10289090087119021
0.12959789546777734
0.1025925177833355
0.017503549490063424
0.005627150229850531
0.0008077670009351993
0.0
0.0051170341841201535
0.024260074087993695
0.029339902309223016
0.009738357559594115
0.012401954550959696
0.0029185844344742817
0.0049786485802586445
0.001142576354756056
0.005647840770831445
0.016813448231849926
0.11739111177404228
0.09572319920109768
0.01162292834285137
0.0018065718189328236
0.0074738942405933595
0.0
0.039548766993777254
0.0650865242252825
0.08198078247433216
0.064897773636925
0.011072360998565584
0.0035596116532499154
0.00051097566480219
0.0
0.047287734079122755
0.13985772447946004
0.13487767726428831
0.03763443653993552
0.010989601369062784
0.0
0.005357163155662806
0.010962278541569028
0.004221028714191241
0.012565872631844516
0.0877346358891983
0.07154068056040454
0.008686631983596165
0.0013501782063947154
0.005585766928717583
0.0
0.0030744003897746393
0.003386019020777696
0.038511286919771466
0.05401407115824765
0.1279535059763712
0.0006038180591128459
0.004262740466943155
0.003019479610578786
0.03534145020657733
0.10452551601279311
0.10080357639972337
0.028126861879303643
0.00821330218371232
0.0
0.004003784884206489
0.008192881912659412
0.0072880105508821525
0.008654385601017901
0.051026492845332616
0.1214834048737585
0.08734144098708825
0.0009736273420212489
0.005872239428021381
0.0016425627313569684
0.002899072425815584
0.0031929199622379905
0.0363150519896876
0.050933738110928044
0.1206565293825371
0.000569383314940268
0.004019643435912074
0.002847283687725203
0.006479889339400388
0.0016304656841963196
0.006018075604346881
0.020232358712163452
0.10533926900603557
0.004603228931311649
0.006623116722036772
0.00161045920823966
0.006872387375889014
0.008160840319216055
0.04811653644267966
0.11455540743329144
0.08236050321839422
0.0009181029867358382
0.00553735533607962
0.0015488900983708167
0.010208736277773347
0.0063879137761206255
0.006757180303073353
0.06663431620921396
0.20915889723560227
0.053444953896798805
0.002706817393285495
0.0026603502459375894
0.006712094389338036
0.0016888929729647203
0.006233731686270838
0.02095737971469018
0.1091140727007859
0.004768184372351412
0.0068604542857868545
0.00166816957045187
0.010410091371615388
0.0005897870092248995
0.003935115438956784
0.000834084785225935
0.007789276152575728
0.019560410763151067
0.02152122389054011
0.014164998695213994
0.010574563530835666
0.006616822907077905
0.0069993219983292216
0.06902213857970421
0.2166540487163821
0.05536013910112976
0.00280381544912546
0.0027556831643492387
0.035048588100032294
0.01071873223669064
0.020908749628558466
0.014850457326924518
0.028497500126066142
0.15127866351282174
0.10151603527753553
0.029586434931514055
0.008883824262143807
0.0005033158648670291
0.0033581716781335234
0.000711796120433604
0.006647257742373929
0.01669257699207066
0.01836590709195102
0.01208820889170066
0.042310762684584134
0.003937461400500041
0.0
0.0
0.0
0.001818204156745601
0.046679544964778184
0.19037378541854583
0.029909967761275802
0.009147213996927576
0.017843230247503034
0.012673169561660745
0.024319362241208398
0.12909906486741526
0.08663234404015341
0.025248643752695255
0.014373605494478308
0.014144701681142109
0.0354328773909235
0.06672404395793494
0.031845046717621915
0.016890881988169463
0.07860436017834112
0.05474038073891237
0.04432158959101644
0.004124589989653289
0.0
0.0
0.0
0.0019046146492017724
0.04889799906580511
0.1994213351602681
0.02022501330407372
0.003351164661941504
0.00502939735391437
0.0021798613795734638
0.00884518953665234
0.010619157904719817
0.025451569723339614
0.04739755451918825
0.015056713782698104
0.014816931272840343
0.03711683151297826
0.06989511662085983
0.03335848851619576
0.017693624312347868
0.08234004709062392
0.057341927567049755
0.05886179677618786
0.002227521105873647
0.0006669066860443035
0.0019479075142063158
0.0
0.0036048999907176194
0.06002878761437836
0.12327316099013132
0.03557300932518159
0.005894236506902701
0.008846016379865783
0.003834075558682134
0.015557468622626596
0.018677634347666235
0.044765801312304024
0.08336576216551995
0.02421400489201356
0.009930097127172886
0.010065648550857259
0.0
0.007158553226662258
0.000927335496840368
0.027395934257610628
0.09016566988930039
0.1035297833497357
0.003917902444856322
0.001172996892758607
0.0034261006964823896
0.0
0.006340521959524022
0.10558235930334411
0.21682049052414157
0.05282020971760861
0.02679094768349297
0.011175953651733692
0.0
0.0067027716993388045
0.0041507682657307985
0.026255655415902218
0.044941759898338166
0.015351284504049476
0.0023400930563140868
0.017819987368108997
0.004570124541922935
0.014795581973628758
0.005228787428254225
0.020449907826495424
0.025491531942605887
0.19141923963969326
0.0162888969982065
0.0
0.001651674062863061
0.02160379945392521
0.017278777611760283
0.01626845980288396
0.14869729230736745
0.003359011365409092
0.0034607725221997786
0.008988694612341011
0.003303348125726122
0.01789426054303473
0.01274190056936124
0.0137624171102237
0.001651674062863061
0.14062676704168187
0.05429908210931669
0.020539119989119167
0.018342851937539276
0.009325774623888021
0.03947523280810633
0.008867280954395432
0.1241058603517571
0.06141967359371208
0.005226531767206863
0.0
0.0005299638741392927
0.006931896257354854
0.005544149496206604
0.0052199741930139855
0.0477117095176961
0.18637437438091967
0.0030533485416228932
0.0
0.0
0.0016258550062851638
0.0
0.005265050038170661
0.04671172211134686
0.045122162988928946
0.017422657753055043
0.00659027821868015
0.0058855733671393925
0.0029923117158226903
0.012666208050316183
0.0028451972900313
0.03982118750560067
0.042942400614958555
0.06630265103837348
0.10749657309867232
0.18026202093638416
0.03466356665451579
0.033461181932058236
0.007495060179877845
0.01841655535295329
0.1408293665537908
0.0023071902583873404
0.0
0.0
0.0012285386947857681
0.0
0.003978409930080471
0.03529660264416239
0.005954322630171665
0.009977664280101207
0.1315598682377396
0.02304051525463496
0.0
0.0
0.0017207387447808551
0.0
0.0324484044386032
0.050100022482098806
0.0812272306559068
0.13621071194203885
0.02619270031443941
0.0252841468752656
0.005663464094357807
0.013916032357315101
0.007774066731824442
0.008003462922303705
0.1370356182006623
0.09469942107266932
0.01615563737737249
0.0062562746950952245
0.002356421452505115
0.0007830428395332395
0.006911668973643301
0.011581890488224406
0.152712292556638
0.026745009350899827
0.0
0.0
0.001997402111498428
0.0
0.0
0.0
0.2016236482778598
0.08127041206528804
0.0
0.0005041902168848658
0.00040649113862209545
0.0
0.0090239946954024
0.009290273604169187
0.15906844311764146
0.10992535861817766
0.018753168839861507
0.007262169416478647
0.0027352909900412183
0.0009089418285148261
0.0
0.003532712139830145
0.03308417213362543
0.08149039476250915
0.07518788257383009
0.0005637017909960754
0.003849578932027028
0.0015707670696778662
