0.05097899373857432
0.009176511009576964
0.001479798253718847
0.002304704830345894
0.0035513677883184584
0.0034528625569479636
0.002355212128945867
0.01850473346379794
0.035691233607960754
0.07275364125422278
0.06703314886347954
0.08091442206925023
0.03390754069660441
0.022805673733900824
0.027127946138066954
0.01516400850791769
0.062261193390251664
0.08725920293974754
0.008677172454645238
0.0020974797676314655
0.0018224033715184855
0.0
0.0019125716093900433
0.024626907835191267
0.05419776115893119
0.035103900631146386
0.08484978762530601
0.05797089478355563
0.03765212039724329
0.02601265504499972
0.022218401345396217
0.04613546664142743
0.025034188229924006
0.05103013164454868
0.04701772106634518
0.05675418493087112
0.023783088181722922
0.01599612765520567
0.019027812750079122
0.01063618723513968
0.00789106992675821
0.024412153672489195
0.10389309397837952
0.050544902806352175
0.018012651511844415
0.015626584585234516
0.014039997107706904
0.02555184955004607
0.03801485175313528
0.02462222700558759
0.059514489692707256
0.040661365415650866
0.026409573836363824
0.01824553642246081
0.015584208928115717
0.03235987774093819
0.06741387786522103
0.04232861266696496
0.03557987521776292
0.025719076214877366
0.023085757947388496
0.005611704732423505
0.014521300853000933
0.021075720823230677
0.00678907284726642
0.021002968061300507
0.08938430274902912
0.04348624842959656
0.015497163809391548
0.013444313900119156
0.012079295206396752
0.021983504085981452
0.07007133877730036
0.03692200777663882
0.030580156234949526
0.017572660098057566
0.020475542436775303
0.008985480672230779
0.018072393724172756
0.01687421764509146
0.0579994515308685
0.03641737275008621
0.030611104323248144
0.02212737735286194
0.01986180503960735
0.004828023649439934
0.012493384324702882
0.01813247193417592
0.06916968422157378
0.06089005091540261
0.14177607686755017
0.017033677690362566
0.006706323882898534
0.007390455180961261
0.013070070750184635
0.038271832738379495
0.0651059038397101
0.03430561952747506
0.028413167865445486
0.01632741629481572
0.019024592939366636
0.008348746446233795
0.016791737513377408
0.01567846726695565
0.006599032947731037
0.011559521925734485
0.09575717762248115
0.0965790474870446
0.02339722930150232
0.010858747415453243
0.010342878148771764
0.00456609771733619
0.06426814284033287
0.05657522560390257
0.1317294601241482
0.01582662756408786
0.006231096557546962
0.006866748555676574
0.01214389198619665
0.035559792427451074
0.024264181296386047
0.021710853393446906
0.11672564702236424
0.012773017672665213
0.004431291069179618
0.006236225317506158
0.009580008368647834
0.011422247622142162
0.007684868616079309
0.013461579593188942
0.11151351037402492
0.11247061454045536
0.027247118568206136
0.012645496375592593
0.012044743573034844
0.005317424738419179
0.0
0.0024486562559019667
0.02693923209753889
0.2620636625110201
0.0895909738579527
0.005423954754004299
0.0015580157639876872
0.0
0.028256722889005905
0.025283258500621044
0.13593222955526285
0.014874749591762765
0.0051604363754479835
0.007262362925734494
0.011156347640196617
0.013301717535243998
0.005121710176260655
0.004279366991133648
0.004604364584559013
0.011757629026801164
0.009338124016240918
0.017264754997016976
0.015261733555020996
0.0007344556508718084
0.0
0.002676814675434398
0.029449348657990034
0.2864819657788956
0.09793879113550373
0.0059293425320177525
0.0017031869832885786
0.0
0.0
0.008032613613967557
0.009997306788814034
0.23293871421275913
0.15362296201604483
0.03482773485414519
0.0
0.0
0.005598935714268382
0.004678105526582618
0.005033385417528939
0.012853169509356749
0.010208222304560512
0.018873432901169378
0.01668377595025137
0.0008028900177273758
0.0004979312559522827
0.005036243362741296
0.009843252249440517
0.029340881287992684
0.013908044415302277
0.0030427472898656178
0.0
0.0
0.0
0.008270072004062663
0.010292845014533085
0.23982479821057578
0.1581643308649759
0.035857304835545015
0.0
0.0
0.0
0.0013070086937851532
0.029719383516203894
0.0960041155495044
0.17059451570671974
0.044862024848401114
0.002204995336382891
0.0
0.0005126509922795554
0.005185123702132229
0.010134236348113935
0.03020825008841692
0.014319191022738518
0.0031326963285771736
0.0
0.0
0.0006747654683484965
0.00036249899394920007
0.006256978466627789
0.006075880424000437
0.04403511634745156
0.08102982976428556
0.00045852897358002095
0.0005126509922795554
0.0
0.0012929416416080136
0.02939952021262928
0.09497084399662442
0.16875844379305063
0.044379184567907674
0.0021812634479916834
0.0
0.0013224421698036879
0.00883215920440423
0.021331628236922293
0.023174956939580077
0.15992848020157807
0.059147876765031686
0.014343439473254789
0.008572987561251102
0.0006675031134034035
0.00035859749559934883
0.006189635959282724
0.00601048703575988
0.04356117590449087
0.08015772321394743
0.00045359392530777075
0.0005071334404137188
0.0030445076107137414
0.0
0.0074642801127381
0.007071670996011248
0.13511022597030317
0.06365219535308833
0.006821954742513151
0.0012929416416080136
0.0012146389687170288
0.00811217684412974
0.01959271075467643
0.021285774485951058
0.14689138678129351
0.05432624403254238
0.013174187066520703
0.007874132425592373
0.011754571444402074
0.010238752046801306
0.02102897860786371
0.05777551466956091
0.10050660051090765
0.04194293567744027
0.011130839867564895
0.008811223299762316
0.002796324609852268
0.0
0.006855804892925572
0.006495200593139217
0.12409627375997498
0.0584633783507729
0.006265840777226937
0.0011875432726159883
0.0013338276384882804
0.00392207493445526
0.0027040063174933494
0.01908890490943073
0.14063578479994093
0.0767364026027184
0.01079715131796921
0.0029606251996032824
0.011772223320474846
0.010254127612224924
0.0210605578896843
0.05786227633754783
0.1006575315818621
0.04200592151288381
0.011147555084011319
0.00882445514087814
0.01199636773715496
0.001189326609999101
0.021416830418143178
0.04117583670672222
0.026711958080638573
0.05962092921443334
0.032117361698842814
0.013087208550280685
0.0013358306515533162
0.003927964726441177
0.002708066932092712
0.0191175707766144
0.14084697799030332
0.07685163789440218
0.010813365433294914
0.002965071179566781
0.0039751183275857195
0.0
0.06408274872018081
0.04443363122508935
0.06484612907712774
0.05592665881234082
0.026368437145106775
0.010900134789720883
0.012592079054267012
0.0012483857633063672
0.022480339684972577
0.043220531605644145
0.028038410893649203
0.06258156388719119
0.03371223410180563
0.013737088448398643
0.012820343764555492
0.018853054640099464
0.023694685450616
0.03336819612756029
0.04737300670477965
0.14899123127947012
0.026227516214191865
0.006967112163500382
0.004172513324678727
0.0
0.06726494682219675
0.04664010051322129
0.06806623484651916
0.0587038447333417
0.027677831518976077
0.011441409765159696
0.0033818265281872475
0.018038069929835043
0.03565260581932083
0.020038714626197985
0.071533289694076
0.02466664689320755
0.0024538760556169254
0.004362110946165453
0.013053464725549186
0.019195872453418764
0.024125541903776204
0.033974952552406644
0.04823442204987448
0.15170043936728525
0.02670442883811339
0.007093799864917285
0.043560041231198186
0.01998946023188721
0.012755472822060234
0.01701772172067426
0.06085349747995913
0.064427191905201
0.07518656402516602
0.04773747057275067
0.003443320561782868
0.018366068326269646
0.03630090120696152
0.020403092095049705
0.07283402776653139
0.0251151771770939
0.002498496539649997
0.00444143015276447
0.00550340550466346
0.011111684336530417
0.005430017751310477
0.0016460063745305678
0.031025518327406645
0.040768323557362596
0.018058297323017374
0.03744368945155408
0.038787136148943975
0.017799200681261236
0.011357846480619507
0.015153077698463817
0.05418573594471478
0.05736785809861446
0.0669483180683204
0.04250684154966663
0.011882355479759635
0.008160631159000757
0.025847486705323233
0.005290694021227474
0.03932728561985544
0.06503562428631074
0.06018434687216087
0.027737108033529013
0.0049003934008984805
0.009894169083026793
0.004835046796521795
0.0014656522708987039
0.02762602994495781
0.036301308990752006
0.01607963668281218
0.0333409574377544
0.03289324772837415
0.0365730502724021
0.010249760344409426
0.013287308544903498
0.02595151089078644
0.04261566830141229
0.11699738646600916
0.03941714630475684
0.013628529195136017
0.009359878198445234
0.029645908825437155
0.00606818892547463
0.04510663404647567
0.07459294630762994
0.06902874853682037
0.03181321980035886
0.00879522111197067
0.008625174202297966
0.01368160766270429
0.004647149558944606
0.02626115902407749
0.030920408724328045
0.060457971533226906
0.026102270041661838
0.03772708094389185
0.04194764954151094
0.011756015744090244
0.015239947394054964
0.029765219904036046
0.048878261604388434
0.13419075871974098
0.045209700224706044
0.004485406294465565
0.00080507092449415
0.00394225244895445
0.007172358759101849
0.012753911326490085
0.05706617293889125
0.07006470244183946
0.020260268996197293
0.01863891896566635
0.018278553884515897
0.028994197337245464
0.009848284988834456
0.055652906136498995
0.06552683386363457
0.1281231270812123
0.05531618704438296
0.00864131644187068
0.005045283931715978
0.003995106736598719
0.0017399019350328743
0.010452125266830321
0.006151482049219199
0.015054269813741488
0.006063382321550911
0.009505517074135413
0.001706114210458817
0.00835446010996281
0.015199733127986477
0.027028214149863398
0.12093519418642254
0.14848180557843446
0.04293576104968571
0.015513870990455418
0.006747757719416235
0.002693245251517354
0.0
0.007261495662998823
0.010427758807965969
0.07980071705116254
0.06588604046574502
0.05775265822847331
0.08094048074345565
0.008048830224335404
0.0019455944476021554
0.0016904372264442255
0.0
0.001774076089455083
0.022843593480696114
0.050273125305212316
0.03256191321180667
0.078705539014774
0.05377303407354335
0.03492560811113182
0.02412899423582617
0.020609494765717544
0.04279464771021666
0.0670858814943363
0.03175098086354214
0.0316528041121365
0.008417051584724824
0.011569987621393413
0.0007377725163528237
0.021239811428098034
0.05510632581269056
0.023085588369846526
0.12097852360098127
0.07686552735007265
0.007350325461899718
0.00886322829560147
0.0013726412575878631
0.005799829290734358
0.015355432156070489
0.043207039430065076
0.027985207991734304
0.0676431653478939
0.046215022228763905
0.030016676258243623
0.020737569009799825
0.01771274905966018
0.0367796913318092
0.07662147673155051
0.048109987338584556
0.04043948616277029
0.029231868306033977
0.02623888317079881
0.006378168964547069
0.016504665666089366
0.023954308872223027
0.01984081795007867
0.10397451536351388
0.06606177457368063
0.006317208252481274
0.007617466630944
0.0011797111196065603
0.0049846404282811565
0.013197165654712918
0.07370091187571368
0.0597773805863032
0.035955820758908824
0.008825316566522088
0.006338309366570825
0.0032415441032939045
0.011435722416179595
0.019775503380619817
0.06674424808584004
0.04190815770339867
0.03522645623717694
0.025463605681553595
0.022856444466385968
0.005555963025805812
0.014377059106428202
0.02086637327147922
0.07959865898467752
0.07007067406653122
0.16315219191423957
0.019601909665899447
0.007717461685753137
0.008504742045755924
0.01504069472425133
0.04404222163429697
0.06420017149525545
0.05207151427989922
0.031320777453437164
0.007687650297001845
0.005521241704716568
0.0028236785956169356
0.009961550293013354
0.017226255091413036
0.04315399255117444
0.08990097564574207
0.010553323949462668
0.002675362641411124
0.0009688638523683344
0.0
0.0
0.0212075837657595
0.08672398842433232
0.07634309929518766
0.17775687409129134
0.021356588272266084
0.008408295647660586
0.009266049957827155
0.016387072995927975
0.04798469180152763
0.032742296336484365
0.029296813555876412
0.15751059877892354
0.01723602064463005
0.0059796225377653995
0.008415216440757682
0.012927346242627454
0.015413279842604268
0.04701695227292952
0.09794852414207544
0.011498012098515472
0.002914849592997442
0.0010555923754157685
0.0
0.0
0.023105995408337545
0.023767941572168605
0.014271457218458052
0.004475528229361098
0.001215078057124291
0.0021111845916596626
0.015730897767573644
0.01825750678501146
0.01288241138580863
0.0644857966136655
0.057699934695404353
0.31021637373785194
0.033946260527855696
0.011776838094497347
0.01657372868053827
0.025460346824471274
0.03035638120384843
0.011688459487600014
0.00976611443971968
0.010507804436535022
0.02683255510766358
0.021310906025085848
0.0394005873821828
0.03482941209661493
0.001676130594121525
0.046810847669242
0.028107566986516695
0.008814531521288131
0.002393090443510967
0.0041579679932213145
0.03098192819358742
0.03595807261383068
0.02537184783808668
0.007654283928196334
0.005660420925353137
0.010063901942378193
0.02711340546725509
0.021509384212613145
0.010726601051373059
0.020012881600918034
0.008135216908168787
0.026514048072298426
0.022153409352960274
0.023835855551380795
0.06086684535134308
0.04834156181255495
0.0893761123128546
0.07900687919047202
0.003802126977907958
0.0023579790750899695
0.02384938949794055
0.0466132273432485
0.138945252572005
0.06586225972897641
0.014409086303627028
0.0
0.0
0.01736294267405547
0.012840072952596857
0.022828909162767863
0.06150392502323923
0.04879178882587387
0.02433217279233339
0.045397129142200586
0.018453888847421697
0.015779830750910245
0.006669371992611022
0.015480523739607777
0.0023579790750899695
0.01342185203137793
0.007690538554056838
0.03643812870020669
0.004715958150179939
0.0020743443931396047
0.020980613402164283
0.04100625311186017
0.12223191828583452
0.05793987344145274
0.012675857771576262
0.0
0.0
0.0027303096785769028
0.001466782990653461
0.025317669127161085
0.02458489046294316
0.178179693538514
0.3278717403846243
0.001855349974469768
0.0020743443931396047
0.013881719218222347
0.005867131962613844
0.013618415006882408
0.0020743443931396047
0.011807375137871366
0.006765465265726787
0.03205508851383216
0.0041486887862792095
0.028968920783280203
0.0038318992844198654
0.017479655428044125
0.0
0.013975266788311423
0.001466782990653461
0.0176595376625854
0.005409228186462626
0.001613865646868543
0.0008670044642190755
0.01496508501717151
0.01453194502495058
0.10532068527891468
0.1938025354917053
0.0010966835045158226
0.0012261294688034382
0.007360903860820377
0.0
0.018046875004269686
0.017097638433818
0.3266647718275745
0.15389604837098725
0.01649388322295393
0.0031260290130451303
0.017123312584585725
0.002265007030487728
0.010332093694632928
0.0
0.008260675758668675
0.0008670044642190755
0.010438420739175154
0.0031973543567978004
0.00155094471226042
0.0039990159589258795
0.007182739335487613
0.008423930255379821
0.02630790500646347
0.004858320525979757
0.01587949183175971
0.0032032038122505402
0.005161289570273701
0.0
0.0126540367184186
0.011988454759540981
0.22904951778864713
0.10790822491125268
0.011565116059328173
0.0021918967081312538
0.0024618996860439834
0.007239132531936374
0.004990893959614344
0.035233164801348416
0.2595771630867776
0.1416354857437879
0.01992873942093781
0.0054645458221709116
0.0010874853032747942
0.0028040142556435823
0.005036364870293952
0.005906658229735289
0.01844647319038319
0.003406538046672887
0.011134319524093536
0.002246009829801947
0.00360536645889544
0.0
0.0031382660000147024
0.02573525772907628
0.0432619105246312
0.014611083183731671
0.002530343290244627
0.0
0.001959740308646816
0.005762549913343114
0.003972889766501804
0.028046574624391543
0.20663060830182753
0.11274576788012705
0.01586382831320321
0.004349929762314681
0.0058317269551735
0.0
0.09401307389510151
0.06518668969760491
0.09513299673457108
0.08204762143692097
0.03868401214569917
0.015991123943937226
0.0028699715171150142
0.0
0.0024981466200060054
0.020485977641976218
0.03443767849876439
0.011630826727210138
0.002014223312475703
0.0
0.011248372671352942
0.0004839233591281602
0.00030605999582929437
0.00780302931184116
0.05007380092399809
0.05612699744363168
0.017960676101261494
0.0058409051821547014
0.006011258222589134
0.0
0.09690729141244497
0.06719347930041004
0.09806169137478452
0.0845734793137101
0.03987490976189809
0.01648341495329401
0.00487213124154635
0.025987094048095735
0.05136401089974312
0.028869383676833373
0.10305660938673557
0.03553675504964711
0.003535251170870165
0.006284407802341088
0.011594656819697692
0.0004988210686169825
0.00031548213431053986
0.008043247647302392
0.051615336221055914
0.05785488200762863
0.01851360029831098
0.0060207190037322895
0.0017846364826562557
0.0
0.0036926239361127914
0.0042619289411588305
0.0769282729180402
0.06848340309110439
0.019938009720553755
0.0018429265529376407
0.005300117128011656
0.028269895748507547
0.05587601409659523
0.03140537627474931
0.11210948011985068
0.03865843401476391
0.00384580060626718
0.006836453244232915
0.008471094472411709
0.017103614785900213
0.008358132672441785
0.002533608597263085
0.047755902519684375
0.06275247572500749
0.027796160487275266
0.057635046240183764
0.001941405499987887
0.0
0.00401699757268557
0.004636312418430488
0.08368593469823121
0.07449923651738224
0.02168943765661583
0.002004815983937272
0.0
0.0
0.0
0.0
0.030829297385756307
0.16775761176276632
0.09423103314618064
0.0
0.0050138941584063875
0.010123333477385204
0.004947034024708573
0.0014995990644275023
0.02826589190483922
0.037142103949830904
0.016452066158293983
0.03411318603567271
0.03365510667083808
0.03742013918357631
0.010487160787229319
0.013595063343694003
0.026552588376532564
0.043602713674755
0.11970722849377424
0.0403301089178339
0.0
0.0
0.0
0.0
0.01824732737589333
0.09929282601969087
0.05577371710006722
0.0
0.05957705183848246
0.010706841891960618
0.0
0.021195644265767647
0.01181631223515994
0.10792209215751236
0.10928323701007335
0.043277548030105584
0.03135962309217492
0.03486785742000018
0.009771872447503322
0.012667797090713266
0.024741539872498365
0.04062874261578705
0.11154246526951034
0.03757934946691224
0.0037283735526451463
0.0006691935904649653
0.0032768915018173664
0.005961830646314797
0.010601346357662064
0.04743472407361641
0.058239402722653745
0.016840804630809645
0.055513533469696535
0.009976569960787851
0.0
0.019749972028650236
0.011010367658562621
0.10056114712336095
0.10182945359368786
0.04032575525168621
0.019594120256017384
0.022024278563217335
0.014063065114167689
0.02998259512778189
0.017228504167546236
0.04309933068833867
0.036510657432334864
0.028618663899520613
0.0066224186217942495
0.0011886362867090997
0.00582048633185873
0.010589533944131722
0.018830343189529086
0.0842545940177919
0.10344610046894223
0.0299130053945234
0.01080839131022763
0.004701109474413573
0.0018763626815461528
0.0
0.005059026639547177
0.007264937149117057
0.0555965288905886
0.045902283683639154
0.03480350480682523
0.03912000512533307
0.024979123732249343
0.05325574100885656
0.030601645788381957
0.07655397349732457
0.0648510280045047
0.05083309654007045
0.03460958602248935
0.0005315743153255788
0.010835183508755564
0.0
0.0009509090293672798
0.008322796419934103
0.05709364183080643
0.12078412799452659
0.05876105069967335
0.027810933608205936
0.027724939820267663
0.007372561616463776
0.01013424306383585
0.0006462207438072326
0.018604117712656694
0.04826806375385563
0.020220848238341565
0.10596603935940006
0.06732711934412114
0.006438207824134402
0.007763371303164389
0.0012023072624661468
0.005080116045446378
0.013449943674280094
0.08712701672303233
0.07947528159599335
0.00531982297724787
0.0014806672485341106
0.00233686525687608
0.004529321239198379
0.010006396221828109
0.05372405837563268
0.13678242358513215
0.08073747371442609
0.015763751976669335
0.017324452807328593
0.013238343548429248
0.009747634065923978
0.013798875693500369
0.04183730148650987
0.01956174940817188
0.10251207482951133
0.06513259095068495
0.006228354350370124
0.007510324107330819
0.0011631180404881403
0.004914529592137704
0.013011542572749786
0.07266428092299258
0.058936589320479384
0.03545008866169906
0.00870118518079586
0.006249158669380137
0.0031959505703705714
0.011274874693653049
0.019497353512615993
0.1323239985818827
0.07810583463337446
0.015249932261272477
0.016759762026603134
0.012806839555950359
0.009429909797681334
0.013349101147940114
0.04047361406142307
0.039210028486025394
0.09318226837210117
0.07775251970009116
0.013050307102810792
0.010961254247591303
0.0
0.0016357334640231173
0.009704909241920936
0.09417689346040457
0.07638505222719565
0.04594525922017799
0.011277213224190463
0.008099252380231757
0.004142127226022962
0.014612855990811678
0.025269639514680274
0.06330370876319848
0.13187806836312235
0.015480944086187243
0.003924558713472319
0.0014212514651751821
0.0
0.0
0.03110995360827254
0.05081834745218537
0.12076933053501669
0.10077152998780306
0.01691391376940026
0.01420638669172011
0.0
0.002120000283690681
0.012578094658197887
0.05777476893306265
0.04912806088253203
0.0336300217723604
0.012689442053662523
0.001573037096155785
0.0
0.0
0.0
0.08876814267146839
0.18492709852887645
0.021708280291637377
0.005503244511364128
0.0019929614756797323
0.0
0.0
0.043624186550146264
0.0448739428331714
0.026944552746504664
0.008449810317093878
0.002294070906715944
0.003985922650842503
0.029699980748991547
0.03447022592424233
0.02432203017349592
0.0810151416348406
0.06889022464554957
0.04715797271689967
0.017793873765824086
0.0022058041164919233
0.0
0.0
0.0
0.0009453446213536814
0.11097123976766711
0.10829422505500076
0.01807567212715056
0.02238102958310416
0.0007046182888488943
0.0
0.0
0.06781616313525358
0.04072020574293416
0.012769854368633576
0.003466935977345954
0.006023762648603745
0.044884371918810395
0.05209344927139881
0.03675689413249155
0.011088971753425152
0.008200407555109914
0.014579851677199215
0.039279936593154666
0.031161236792981176
0.015539922112213209
0.02899321227942953
0.011785712595577558
0.0014286608444258459
0.16770631739189182
0.16366065402897792
0.027317027485448734
0.03382353895189156
0.0010648609372773217
0.0
0.0
0.0023811014073764096
0.006640545156485696
0.038016288081826374
0.052999205917138414
0.05344737370232715
0.018640934648226082
0.005748486856054267
0.001963506474129942
0.021965089456572957
0.016243407372077565
0.028879841474420576
0.07780589041997142
0.061724330168292554
0.03078155368530971
0.05742989661366691
0.023345197122660075
0.01996236470740864
0.00843712700012312
0.019583724669158566
0.0029829748501370226
0.01697939030707185
0.009728959570977271
0.04609626211149704
0.005965949700274045
0.004716497307519958
0.013153624307643079
0.07530284927150625
0.10498108616226746
0.10586881910199508
0.036924054475650156
0.01138663086540597
0.003889323222372066
0.015092791384063867
0.011020792141831423
0.08553989239223472
0.011682199997136914
0.026370814384433908
0.024638738034805076
0.021518720298204064
0.0
0.03275322184134023
0.013843204269083142
0.032131968730669654
0.004894311793502918
0.027858910785846413
0.01596277674434965
0.07563237728214113
0.009788623587005836
0.06835071895658842
0.009041174609808078
0.04124237228436254
0.0
0.03297394265175856
0.0034608010672707856
0.04166679541528946
0.012762803223182375
0.0247634762540857
0.018082349219616156
0.14034945823665054
0.019167553228757715
0.0432678766433725
0.040425974806739026
0.03530681008985139
0.0
0.024954009540164565
0.0034608010672707856
0.08129231078898827
0.050020509379808877
0.0874324815791862
0.006921602134541571
0.0021888027106672417
0.0
0.0581077615940095
0.007686274947454657
0.03506183947813648
0.0
0.02803250686565365
0.002942169539855004
0.03542265906399261
0.010850184727902586
0.005263112796681947
0.013570614027164666
0.02437454218257654
0.028586509096657768
0.08927556888318132
0.01648665405577215
0.05388687037253186
0.010870034786775456
0.02121443138140907
0.002942169539855004
0.0691099418830229
0.042524495399951914
0.07432995398925885
0.005884339079710008
0.001860791342495662
0.0
0.018634415618894902
0.02603384347531517
0.0593583140481764
0.15021407259809605
0.0650334206579699
0.012463229448150504
0.02581673886782112
0.004160856055431487
0.003777650223120658
0.009740439752673023
0.017495063904487036
0.020518243982023444
0.06407840487921694
0.011833455747246155
0.038677823514328635
0.007802072827221051
0.012524135606121874
0.0
0.01090154618132971
0.08939780777685291
0.1502809881235725
0.05075522536520311
0.008789775701961
0.0
0.01337503242659372
0.01868604349031127
0.04260500524509475
0.10781760657377602
0.04667836802087177
0.008945603737638246
0.018530214553972024
0.0029864947633429107
0.01239362607988556
0.008922027108502487
0.05236998623590397
0.03673645738442153
0.08869042063790429
0.03393330903312823
0.004782972748538027
0.005972989526685821
0.007873873484928018
0.0
0.006853758065341647
0.056204040773942095
0.094481050420484
0.03190960524487392
0.005526096491985059
0.0
0.03086032833335798
0.0013276617149172282
0.0008396869695696303
0.021407900822090285
0.13737933322117776
0.15398650276650933
0.049275782174752425
0.01602474037372249
0.007791822672761761
0.005609242417265719
0.03292479888411365
0.023096062421105817
0.05575930933601164
0.021333734371353687
0.0030070356540564886
0.003755194397363073
0.0042293322271310515
0.0013276617149172282
0.026827954238325638
0.05070436232867498
0.09667663103895502
0.03845853342201401
0.014547204020397088
0.0
0.02095533648321225
0.0009015327922449815
0.0005701793836354091
0.014536778749732889
0.09328579146636276
0.10456269111878815
0.033460129937413756
0.01088140809650717
0.003225421724491652
0.0
0.006673778990659659
0.007702699305235011
0.1390345457513893
0.12377190438715957
0.036034503564604345
0.003330770943133585
0.0028718774136639565
0.0009015327922449815
0.01821720113109247
0.03443019018743148
0.0656471088577113
0.02611480668007121
0.009878104725407129
0.0
0.0004031777155614565
0.0
0.0005701793836354091
0.004051885748762256
0.12557960915920208
0.09748860662930214
0.01491773081386773
0.0
0.002484742602750284
0.0
0.0051412262940733365
0.005933867492291699
0.10710694246872729
0.09534918225392085
0.027759615276368534
0.0025658996464132553
0.0
0.0
0.0
0.0
0.03945742845980636
0.2147075842142141
0.1206032755964429
0.0
0.0003105928253437855
0.0
0.00043924457845960854
0.0031214191511694735
0.09674176947009239
0.07510152620825686
0.011492054204297822
0.0
0.0090573559274023
0.002239716694863721
0.008355490122136386
0.0032433306620777624
0.014216522137189684
0.0783159363612937
0.059654149196779215
0.016600730596812257
0.0
0.0
0.0
0.0
0.021940839229525333
0.11939106957775023
0.06706309011270715
0.0
0.07163627249238441
0.012874055020123404
0.0
0.025485936302967825
0.01420809753104048
0.12976701872901378
0.13140367815660703
0.05203752330497773
0.005036465831780094
0.0012454249007065148
0.004646183814042228
0.0018034980839495734
0.007905290303771547
0.04354864054466349
0.03317150022166127
0.009231061813578394
0.02702574187272991
0.012652157118424361
0.0025906404114705004
0.0067486052269689146
0.012471817143125752
0.02610907197176446
0.06613849839261239
0.09386760082367139
0.06040114653976841
0.010854943407533967
0.0
0.02148883128309633
0.011979760408596508
0.10941491567855227
0.11079488845606192
0.04387618117685726
0.021319257754464464
0.02396337602353746
0.015301228433294158
0.0326223716770663
0.01874536423542595
0.04689395226649248
0.03972518829192441
0.031138354990696542
0.0227871403467322
0.010667847021707696
0.002184335472531889
0.0056901829069418795
0.010515790795217863
0.022014237024289014
0.05576561976695684
0.07914580861657486
0.03375486909353494
0.015421824176194471
0.012896067407958766
0.003615120591818135
0.01889296197688401
0.016715845850411543
0.05436984842050828
0.037042553511742134
0.03088586357295868
0.03471647892879838
0.022167359639452468
0.04726103191060795
0.02715698496958898
0.06793670909093551
0.05755110051791264
0.0451110913524939
0.030713773171417928
0.00047173788597334093
0.009615525835598255
0.0
0.0008438703720888694
0.00738594449606072
0.050666921112032394
0.1071881156717913
0.048901715704791814
0.022342070396533995
0.01868292898266986
0.0052373362470983145
0.027370814351402043
0.024216759344461866
0.07876726948650958
0.053664685109316476
0.046573217553145106
0.005585205747852156
0.0046205467231414145
0.008277141418606047
0.0
0.015353199095202876
0.020035608662398785
0.0806987226106392
0.07999215195439006
0.07296702034747896
0.004884180636176578
0.0013594148404638157
0.0021454984659832876
0.004158413388214004
0.009186968602825023
0.04932457465921786
0.12558125853079058
0.07412585106992024
0.014472852289865064
0.01590574673176135
0.012154250525031817
0.008949396578972436
0.012668880478062174
0.03841122884431123
0.13137377003552642
0.01841342938814446
0.009236032840678457
0.0
0.004205322987729198
0.000959496074954015
0.009829632721208417
0.0780153859943218
0.06604616005408333
0.013422919154661853
0.004937009606275781
0.0064268263603262385
0.012559879945248726
0.013990863616831363
0.03387335775140995
0.07042201489828737
0.13265155057043343
0.0782991761415344
0.015287681616574435
0.016801248782129595
0.012838541331958931
0.009453252394180735
0.013382145226665308
0.040573801577759715
0.03930708814972487
0.09341292976104083
0.07794498662004168
0.013082611553163974
0.010988387501304058
0.0
0.001639782523563501
0.009728932566147555
0.06976459419897502
0.014178636684158549
0.005214965888345796
0.0067886601226821094
0.013267007905540577
0.01477855672339119
0.035780445914625376
0.07438681201193384
0.09004910532782623
0.01103956295931477
0.01029631304769274
0.0
0.0
0.0013237478298380317
0.004607016883162314
0.08313223570103807
0.042514017475667985
0.10103416750655526
0.0843042484012735
0.014149976566058155
0.011884892019484844
0.0
0.0017735667062776714
0.010522682513680109
0.048333675910732087
0.04109994408753307
0.02813447121007751
0.01061583440377468
0.0013159838906364348
0.0
0.0
0.0
0.09739590027612534
0.011940242706055808
0.0111363536056695
0.0
0.0
0.0014317478353202708
0.004982887451123266
0.08991470718774218
0.044214195271667096
0.04106862739325364
0.18503831838512577
0.09148412767324894
0.01253157013845534
0.0
0.004042236665808984
0.009135384081598199
0.03798926405342923
0.03230370128285205
0.02211310924865777
0.008343825060136345
0.0010343359690618125
0.0
0.0
0.0
0.0004432868438836339
0.05203614589568701
0.050780851925421804
0.008475964708876417
0.0104948139997389
0.0003304065103361438
0.0
0.0
0.0347514379454075
0.03227908701245269
0.14543626994391745
0.0719046217236914
0.009849553505367514
0.0
0.003177113951512506
0.007180221896350103
0.0
0.007648852397504418
0.06034789146152619
0.35171430855682634
0.03915228776613068
0.012212459205511974
0.0
0.0
0.0004045139185936271
0.04748470561490349
0.04633920831466729
0.007734598365723067
0.009576865170986356
0.0003015068777001748
0.0
0.0
0.0006741898643227119
0.001880217375123411
0.010764008632534471
0.015006302266587378
0.015133197398963585
0.005278031906748345
0.00162763818522722
0.0005559511910284494
0.0
0.006979831002769366
0.05506944857667165
0.32095094890097325
0.03572775859402755
0.011144273278237145
0.0
0.0
0.002970397821858288
0.01099206413525396
0.0023587011175246054
0.11255834335784828
0.23622021191573878
0.03792383414176355
0.003655538024942571
0.0006875414566760931
0.0008942047725312475
0.0024938069217646202
0.014276731823088638
0.01990345422696214
0.02007176027691408
0.007000463178614975
0.0021588011185045167
0.0007373801277945488
0.002861455272099992
0.002089441440915913
0.01621758161443029
0.00221483832386565
0.004999665332258156
0.00467127949055373
0.004079752650073505
0.0
0.003939756512492893
0.014579210886814471
0.00312843889811981
0.1492905977159884
0.3133082415523945
0.050299886243938045
0.004848485153891952
0.0009119135193325349
0.005805266590896193
0.0
0.010221355722337119
0.008960880521596751
0.10494459034979983
0.15041015475327682
0.048684586970940656
0.025995789121386177
0.004843451980102414
0.0035367001479932893
0.027450744573490587
0.003748953607602966
0.008462700497010934
0.007906857087278502
0.006905607172683454
0.0
0.004880718105918729
0.000676893002017342
0.01589984377064444
0.009783438024433037
0.017100790764790486
0.001353786004034684
0.0004281047101085283
0.0
0.00982630420221924
0.0
0.01730121246185073
0.015167664834382316
0.17763481711099505
0.2545922590404942
0.08240613140593263
0.044001860704221005
0.013992656260145047
0.004623486684825575
0.00994883327003424
0.03394089475112996
0.04199934355349682
0.0666815319051705
0.07233557625157179
0.0425684506392631
0.008167562759876078
0.0011327361990017837
0.02660734937989586
0.0163719441151526
0.028617055683990218
0.0022654723980035673
0.0007164052526143134
0.0
0.0071742558791519275
0.01002303793311965
0.022852969593791357
0.05783246523574939
0.025037887425013342
0.004798347260804298
0.009939452590892668
0.001601930891125768
0.023415795729631636
0.0077371027886184345
0.016648722248885577
0.05679786908201713
0.07028315647461696
0.11158718552085703
0.12104885920169386
0.0712355199873651
0.03340293973527186
0.05858843585233699
0.09267988506078442
0.034120876257770785
0.04427092414165891
0.028319625667139383
0.006723581237142423
0.0
0.004646939515676921
0.00649216473779414
0.014802422612853021
0.03745949022726856
0.016217646878538505
0.003108005885456015
0.006438024484607093
0.0010376094865793724
0.004305965693109844
0.0030998145655337112
0.018195107922968697
0.012763490213767329
0.03081405765453136
0.01178958148394402
0.0016617668173569918
0.0020752189731587448
0.021635894120625988
0.03794915072866217
0.06003100913209482
0.022100919016914227
0.02867535117993714
0.018343308323338595
0.004355026620744732
0.0
0.08650733778526735
0.18210731417680878
0.22327369318800536
0.10205687311148924
0.017410741398262014
0.011762117077520796
0.0
0.008883536992399237
0.002077915995226646
0.0014958675305439138
0.008780354624866088
0.0061592363619022775
0.014869840551828432
0.005689260363062128
0.0008019134605852244
0.0010014317357020265
0.0011278743694468892
0.00035405958650990704
0.007154453787289084
0.013521792003664422
0.02578163369948289
0.010256085784641785
0.0038794347855832818
0.0
0.04174556735928364
0.0878789400438686
0.10774446696848029
0.049249256537392934
0.008401845397443227
0.005676006952915934
0.0
0.004286899832999458
0.0
0.008979670402227375
0.04095261936979494
0.4156350602154664
0.11171675475172667
0.00369309758919963
0.007359598359104421
0.0037288589042306424
0.0008733598467161729
0.0002741630048338863
0.005539989942380696
0.010470483691760518
0.019963786983576086
0.007941712083745034
0.003004007060949486
0.0
0.00012260942134465787
0.0
0.00017339590357278787
0.0012322093901409555
0.038189717877279504
0.02964702954842183
0.0045365958292526
0.0
0.0
0.006953330777342708
0.03171130964964631
0.3218434449021677
0.08650691109635215
0.0028597184507286903
0.005698841882498071
0.002887409918377849
0.0
0.0007850833691968931
0.01952133714697508
0.1503151992883705
0.2263610736575782
0.022240330529586648
0.00034679180714557574
0.0
0.0001398280701089783
0.0
0.00019774674976428156
0.0014052546623577876
0.04355288924964008
0.03381050885613938
0.0051736924676096235
0.0
0.004077597730137391
0.001008314543927438
0.0037616195972967883
0.0014601389027632358
0.0064002407393167916
0.035257627822072826
0.026856140501461817
0.0074736050943289105
0.0
0.0008953365180712442
0.02226281528183042
0.17142470777556676
0.258150081210823
0.025363650382103267
0.0003954934995285631
0.0
0.0018277021861440824
0.004510983990449259
0.003506870118706291
0.035374735110953306
0.12032955609108208
0.14031256959262617
0.03175606505084572
0.013314049224414704
0.004758295611807739
0.0011766385473071642
0.004389569351291604
0.0017038886603004788
0.007468671369742518
0.041143395413570344
0.031339397349991194
0.008721218883828201
0.02553307681497923
0.01195336287533645
0.002447556146194483
0.006375871436411454
0.011782983299308712
0.024667035723284086
0.0624855875497701
0.08868317745190217
0.0021328114903889184
0.00526402964373988
0.0040922930120567795
0.04128005212560259
0.14041689166323848
0.1637357896389562
0.03705729573638667
0.015536643433875496
0.015460058957883807
0.0016799422399416122
0.009792368910269175
0.025963161906830668
0.0486409457747473
0.01614438947173915
0.037417783927853006
0.1007556067233398
0.025788217103605484
0.012072807330705747
0.002472013448622002
0.00643958258608283
0.011900725229967856
0.0249135220617539
0.06310997727600459
0.0895693476402947
0.03820040071911406
0.017452885440553637
0.014594485356161127
0.004091233619443176
0.02138117366973244
0.018917330358332294
0.06153038220784286
0.04192107467182558
0.015614544213745304
0.0016967291297896338
0.009890219547237261
0.02622259983789398
0.049126992365761436
0.016305712927559314
0.03779168262640336
0.10176241114281441
0.04871753999171224
0.012040971708290021
0.010352697344040741
0.00788844037072216
0.029516523055845567
0.020142434765030075
0.08036752502055172
0.07820760628741279
0.04461202634424204
0.02038220988261598
0.017044050662639615
0.004777913806535604
0.02496982924442578
0.02209244993302841
0.07185775490187656
0.04895718506697888
0.04248778551983262
0.005095267975163843
0.0042152294488388975
0.007551065350160845
0.0
0.014006406782093082
0.0182780724272681
0.07361977973913386
0.05689438164583045
0.014061950580317513
0.012090313136825686
0.009212450733731494
0.03447063065751915
0.023523178120094298
0.09385655846391174
0.09133411499184622
0.04294152462389405
0.002683733876888525
0.0005443629857900192
0.0
0.005752173201198421
0.009153805016937017
0.05569361244827285
0.1278399360815386
0.12188363073537427
0.017083285556238358
0.008568843049176579
0.0
0.003901540117336655
0.0008901842830582626
0.009119562638204974
0.07237973375992951
0.06127513720086158
0.012453278315718328
0.004580371375698426
0.005962567190471462
0.011652583075855658
0.012980195774862188
0.031426424215607186
0.065334890345179
0.038392137239611414
0.010587375595301656
0.008501043289905766
0.0010795070449684974
0.002211637378011643
0.0028397398047229887
0.003068423931773197
0.16420636263612942
0.15307930980908793
0.056533957456942126
0.025020710879961203
0.020035472968062226
0.007716116939252647
0.022115184285112905
0.013107366039704402
0.03201323165623096
0.055134410100279745
0.011205265057196495
0.00412134652610437
0.0053650247024710695
0.010484812003371109
0.011679377145859864
0.028277004994846196
0.05878731248434083
0.0711650997087087
0.008724479781115974
0.008137095221585811
0.0
0.0
0.0010461474987081291
0.0036408892087974832
0.06569875204350419
0.13773836878105525
0.050868370719518975
0.022513244321824468
0.018027605218624947
0.0069428413406227175
0.019898896934685807
0.011793802961201378
0.0288050051521562
0.05859182347792698
0.030939544469513722
0.11466680931575472
0.11494948089387506
0.02125889181396196
0.0
0.014839924581401653
0.004698197712641085
0.052572501838625954
0.006445121712906782
0.006011197275756009
0.0
0.0
0.0007728309455677853
0.002689670293545806
0.048534292465550834
0.02386600314410645
0.02216808390312633
0.0998802547739567
0.04938143655607172
0.006764309301284923
0.0
0.002181924433604694
0.004931111012524869
0.04328412044850708
0.022856277377079418
0.08470895239740923
0.08491777318345867
0.015704792567583475
0.0
0.010962845067795735
0.0034707463194325583
0.0134931642829927
0.04792245964015201
0.1353225461747272
0.19094737428930772
0.008942754033633132
0.005103026603448232
0.004401641310670078
0.0017626587557519468
0.01697570918334035
0.015767991951525846
0.07104407671291758
0.035124645755292894
0.004811402513920026
0.0
0.0015519864981684043
0.003507462309207839
0.0
0.003736383343052138
0.029479305486236448
0.17180871269441528
0.019125477685970758
0.005965656909272621
0.0
0.0
0.009597586636021333
0.03408688640864771
0.09625391297991981
0.1358194363624806
0.0063609139266617536
0.0036297445806872924
0.0031308544781518703
0.001253765963510431
0.0011871799977818493
0.0020483509892814
0.010446527996108207
0.2820894747408684
0.030815539924940537
0.0017841409203946661
0.002596780660428914
0.0
