0.04509844126398529
0.01476847232171779
0.02931142868420338
0.013515760816602176
0.02870216135774485
0.009099807338563535
0.005701636246891513
0.029865360269267213
0.02750418579026784
0.05152603742706079
0.06269764041937326
0.003263580938871479
0.00492759120850676
0.0
0.002616828227316245
0.006096746290946026
0.08899265430538385
0.034724925871157955
0.027467970288835637
0.010381183824039386
0.007743209310241261
0.006228420303832727
0.019274242567334253
0.03205780192011968
0.17673406671029662
0.21920249666704605
0.020018704976877234
0.009385413039331249
0.0017918513485479127
0.0026168284409215713
0.00868397843228495
0.0
0.018775121814114195
0.03517310552904947
0.04279915229294993
0.0022278110737317157
0.003363710741897648
0.0
0.0017863196936322237
0.004161808502717573
0.0015785826315599801
0.056225075306513474
0.1933439187085277
0.019662183545321732
0.005052620542581006
0.0
0.0
0.0
0.12064358699771895
0.14963371787351762
0.013665324520701764
0.006406743847388182
0.0012231675425082356
0.0017863198394451575
0.005927925085314899
0.0
0.0
0.10201322009870148
0.12986227728019326
0.07347014934475492
0.011217765773545314
0.0
0.0
0.0
0.0013078988161845729
0.046584010214661555
0.16019071624111011
0.01629065597732884
0.004186234090097082
0.0
0.0
0.0
0.025756065141493752
0.08596806932858937
0.13919020423486478
0.012275520253982345
0.005625436822357548
0.003800353911298709
0.0049905527419613245
0.011470663756010203
0.0
0.08452073849971177
0.10759444284139393
0.060872024962006305
0.00929422526393625
0.0
0.0
0.0
0.04142122494169516
0.010290225406647995
0.008517842232603504
0.017756956875219644
0.04416927545266885
0.03442913662284487
0.020841205178469473
0.04265599589599498
0.03543508375201858
0.11827450039137583
0.19149728490851903
0.01688860801950268
0.0077394518086068235
0.005228510581658323
0.006865981018791966
0.015781289907930877
0.017185755374954884
0.0456474439791004
0.11487777687673965
0.013577061082330259
0.0013942694884422195
0.0
0.004705359680877702
0.012945095235640698
0.05698714329447624
0.014157247899031122
0.01171881074382471
0.02442994497015385
0.06076789937954501
0.04736745822927527
0.028673240533248566
0.058685935867790744
0.04045090153999076
0.009292203742692655
0.008807278453840722
0.009078344155682892
0.008757095038653557
0.0017428368605527742
0.006295760811045169
0.004743980207469771
0.030127338118900098
0.08002185234325312
0.20138548180179625
0.023801148158109242
0.0024442119296298253
0.0
0.008248689626027832
0.022693285959013827
0.011017796177472132
0.04019889190952394
0.10372371697902472
0.07547651175945527
0.02873472780340709
0.012604501548402657
0.01129345113253713
0.00948740500408945
0.0709120990797786
0.01628961648283356
0.015439522447343092
0.015914711804671963
0.015351548850354262
0.0030552649120372814
0.011036728414422485
0.008316393002317294
0.010562284971378781
0.011898506497895428
0.023959955640403086
0.025183012645931584
0.02691718177456609
0.0444841927876203
0.030493360589612876
0.008925827700373264
0.014042724804297203
0.051235470998942594
0.13220099462299545
0.09619853796111058
0.03662382824749381
0.016065059081549177
0.014394060644293364
0.012092165750148024
0.024683732147667743
0.0401700810251281
0.09414435062477104
0.03929024257998452
0.007231615914097732
0.0034829763333546373
0.015659530110851493
0.007405204167877344
0.013462153298942849
0.015165233558570265
0.030538145556668436
0.032096992051189904
0.034307276162935885
0.056697298388503826
0.038865292497758094
0.011376407770475994
0.016481544922266445
0.019939703038886446
0.04521140584721867
0.020696376223193015
0.026345514692624004
0.01581818784665838
0.01068838808173071
0.007388508161832726
0.0312757503859024
0.05089787150530588
0.11928646740972759
0.0497830640918398
0.009162885614824267
0.004413137273987872
0.01984155199779177
0.009382832212148239
0.03042606391346562
0.03044330097190707
0.05688619274597445
0.06090199446007689
0.06427913285573054
0.004413137273987872
0.021612751038667104
0.010071227587451067
0.020883093443045127
0.025264784566711315
0.05728552859892153
0.026223534300929052
0.03338132728005989
0.020042580744668585
0.013542820659048887
0.009361677383762923
0.03147192873972356
0.012905159604590061
0.014766576520956221
0.030467170853448296
0.05236991027321113
0.019524866691938054
0.04382762087441378
0.015602795012209573
0.029031504947842186
0.02904795195685566
0.05427885088474303
0.05811059092394414
0.06133294036493036
0.004210863980621029
0.02062214456986845
0.009609619383154288
0.044254156442219056
0.008102796427099691
0.030276741799412553
0.002977530467742658
0.03804663355919349
0.011806590840657381
0.06546327676868882
0.02242443360693481
0.030029433236057078
0.01231365995874144
0.014089760034359997
0.029070727777810987
0.04996956929883754
0.018629957052121185
0.041818810211089415
0.014887650991775447
0.019310131927826473
0.05575880871655298
0.10127804509863568
0.04099539657747884
0.04454579542384147
0.014419091724562313
0.023285329826821893
0.0
0.04294416925085536
0.00786294190524055
0.029380506346246893
0.002889391249006655
0.03692039804497402
0.011457098634312265
0.06352546886620067
0.021760637860719988
0.03743787091222215
0.042478975559271735
0.03706049466385921
0.002889391249006655
0.021928937489798482
0.012718150322215429
0.028393069865960584
0.021739700397674675
0.018738524026498067
0.05410826713816468
0.0982800681285223
0.039781873402734994
0.04322717529579698
0.013992265704390914
0.02259605030435166
0.0
0.007457919457025829
0.004086216301789086
0.056125865489449714
0.078377885426736
0.08958532215464886
0.03653840349487394
0.015715791514118903
0.0
0.03577695886701951
0.04059441747797258
0.03541632472340791
0.0027612048801816174
0.020956071364459834
0.012153916070957052
0.027133425805238677
0.02077522967939442
0.002619508920557479
0.04444336007060292
0.08287770993184108
0.07424939731634485
0.03613627065212909
0.01484958468058023
0.0037045448747191735
0.004452309046071187
0.00712705266475102
0.0039049334000221154
0.05363587009795385
0.07490069052192962
0.08561091503654965
0.03491739586280536
0.015018568440539365
0.0
0.019965863004211642
0.028782438500598237
0.03466759334840344
0.05063480912095683
0.0840249908328967
0.01340088015309575
0.019009519678950967
0.015497127317718467
0.002650986368247104
0.044977415721566626
0.0838736136901914
0.07514161856501843
0.03657050378652454
0.015028025388045405
0.0037490607061380727
0.004505810419552259
0.034725321783270674
0.022745265639452165
0.046874742230805004
0.033661939941304855
0.03880565887196449
0.013532185281840628
0.020140796053824062
0.013548630234484332
0.02020578370208028
0.02912830397758604
0.035084178055401614
0.05124326460010055
0.0850346809442023
0.013561912436934748
0.019237948433899327
0.015683349250636764
0.08925408128519977
0.03746698545522089
0.03862244352583543
0.008383154650017047
0.018774472801257984
0.014772072686551821
0.02461256414046053
0.008402098284867812
0.03083870378295287
0.02019951071720711
0.041628305119248185
0.029894340535947535
0.03446235074577082
0.012017600759678608
0.01788654536690215
0.012032205117457322
0.16865939199719054
0.08124164293941684
0.017660347709064765
0.009736749429681358
0.005493310107369808
0.005658974595676815
0.04268802737558072
0.044034894326753185
0.07926435329678967
0.033273507825358845
0.03429964170528939
0.007444873358757684
0.01667314730768113
0.013118714253651286
0.021857812566974017
0.007461696734718928
0.057662908054086144
0.005976543414346817
0.0342564647754457
0.017384056370610364
0.015165110034874883
0.0
0.019452227717782995
0.06257503746674248
0.0935797874027981
0.04507650350507193
0.009798752174449334
0.005402384835106455
0.0030479345733315085
0.003139852653981422
0.02368523020952318
0.02443253233991787
0.07392568805555767
0.05358191471361554
0.020158986262421106
0.052581844401591665
0.026021519179017762
0.04277836421191679
0.05474172267687435
0.0923039723995315
0.031993964954043955
0.0033160540631350347
0.019007021505870542
0.009645453360741834
0.008414282514591724
0.0
0.010792967487818715
0.03471943443835864
0.06822917466392964
0.00994063083404364
0.002820954338790332
0.0017952794117285082
0.008465588912730389
0.003400732915484012
0.0630061105819408
0.10019480308547835
0.045854859168997106
0.033235959215577975
0.012504279640364775
0.03261563244523414
0.016140710065768702
0.026534698803794755
0.03395536856051833
0.05725459940174762
0.02488758519583848
0.029176083433056242
0.021614736407947952
0.011752438962543592
0.021588641332047145
0.0694581025898421
0.12577885928644583
0.07441291955050745
0.04232140785866099
0.006166005876110243
0.0017497904629604224
0.0011135815811676006
0.005251062216480672
0.0021094173488611697
0.039081629180777726
0.062149148770818945
0.03766617737029651
0.001207848858030725
0.0017497904629604224
0.007106157020520575
0.015591534825024903
0.01953064361007882
0.03311873949173328
0.08732124529877429
0.01944206848253062
0.02279222382139175
0.016885333879055515
0.009180951922356064
0.01686494852432029
0.054260354172254235
0.09825787341997985
0.05813103467056823
0.06474316548944686
0.011008120531783922
0.01534419526612005
0.00826591525769979
0.042112131488156714
0.023507182511147712
0.06906190526759666
0.11228820005729287
0.029424646631883798
0.000943566040240273
0.0013669283597929776
0.005551297578829728
0.012180036167855395
0.015257250054076955
0.025872208821651265
0.0682149600983587
0.020384311643795977
0.008520337813185903
0.009946928729055983
0.00870468410206068
0.031873381029637916
0.0345648659829425
0.06654534417155421
0.018503377949021158
0.05120856619929163
0.01998157802032329
0.01580574695602623
0.005973588980233118
0.004455633441360029
0.003583986520408063
0.011090874119380312
0.01844684917697653
0.10169713697658218
0.1261345180592657
0.011519256134497483
0.005400597933432053
0.0010310754198490583
0.0015057875674690877
0.00499697517614082
0.0
0.07988667288268003
0.012169917374780705
0.009235848712185349
0.0045696669357032866
0.00996174399506355
0.0031476419055546
0.03483461150867046
0.072210686421178
0.28494333096898955
0.06175498050741759
0.0016533845099459428
0.0
0.002345443967780052
0.0
0.0037206307399078363
0.0367329389447731
0.09960494897114605
0.12353958634731566
0.011282273558265353
0.0052894928762551585
0.0010098633809437255
0.0014748094024877164
0.00489417374202187
0.0
0.0
0.0842234704320054
0.10721602219946456
0.060657931834579466
0.009261536524650713
0.0
0.0
0.0
0.27908126801416305
0.0604845118065798
0.001619369872534082
0.0
0.002297191776197295
0.0
0.003644087198583909
0.035977242014166605
0.035647679627171844
0.028731311228790715
0.02176395926063458
0.012957710502031075
0.00934123627372946
0.0
0.0
0.0
0.0
0.12743461414377052
0.1622235743663523
0.09177869421017534
0.014013199970786325
0.0
0.0
0.0
0.062452102424841525
0.015514901164204606
0.012842622503269325
0.026772730431938965
0.06659542585918087
0.05190990777784504
0.03142295000437634
0.06431380598908179
0.053936845336678536
0.0434720101357185
0.03293003406762695
0.019605708830843005
0.014133789952641859
0.0
0.0
0.0
0.009673836030991473
0.003608765407224775
0.03986231066797328
0.02947835840499733
0.01591270748523236
0.0025624957665872556
0.004392351473632292
0.0031557686412959605
0.09986631987260777
0.024809670488211488
0.020536465501031522
0.042811914369044586
0.10649185283888973
0.08300843772135022
0.050248018155266645
0.10284334508770188
0.07088761497401899
0.016283992101410294
0.015434191581307759
0.01590921686809533
0.015346248359316717
0.0030542100084284375
0.011032917718797261
0.008313521567844904
0.015469301527979812
0.005770728390398549
0.06374328667029157
0.04713844779422267
0.025445797243926607
0.004097652632370215
0.007023750365915654
0.005046347334021028
0.014543377610309265
0.0027317685186708644
0.018660939568918695
0.03259919226758109
0.027821825456484806
0.03132397244043069
0.011704893087392833
0.0
0.1088785780436222
0.02501110956441322
0.023705873490616605
0.024435480175495912
0.023570798654730697
0.0046910598259818186
0.01694581477081997
0.012769006365550449
0.016217353364218492
0.01826899055514037
0.03678816357107756
0.038666047731274515
0.04132869446241203
0.06830111813056733
0.046819566531703986
0.01370473361373312
0.022337643532544856
0.00419581152456924
0.028661939973103876
0.05007015260374815
0.0427324405735776
0.04811150127200202
0.017977923449322412
0.0
0.026149841861084107
0.0046910598259818186
0.029219982182467297
0.06723225854582779
0.04800545566146442
0.0498687232076406
0.0328908281185603
0.007750847905431834
0.017287597485238275
0.019474629927946074
0.03921595279788998
0.04121776559411464
0.04405613039381444
0.07280856570827138
0.04990936575503523
0.014609160510701512
0.021164988113260425
0.025605826382806122
0.0580588089195093
0.026577517994666816
0.03383193189333836
0.02031312958383798
0.013725631169085605
0.009488047883706108
0.027875568241269626
0.005000640500914042
0.031148318665292368
0.07166916806093482
0.051173516167065544
0.053159747743956
0.03506141752601739
0.008262355499637027
0.04222528370944201
0.034262414582455894
0.0972051536501239
0.008548537365156886
0.008001024801462467
0.0022363544510510956
0.009537852274620307
0.0072863164834101905
0.024660007639183582
0.029834170982217263
0.06764618358467123
0.030966320097689834
0.03941867080073407
0.023667479898055305
0.01599217385197605
0.011054829421167523
0.03716393863093568
0.015239185482841427
0.017437258076946606
0.03597746033361571
0.06184152701911341
0.023056132133411775
0.05175428001210377
0.018424714961079922
0.04919803466315897
0.03992024001236636
0.11325684752349259
0.009960175531425832
0.009322251052989948
0.002605648420482231
0.011112858117136385
0.00848952142948901
0.05655296211954031
0.024036855657358268
0.05620148049552836
0.012174464199445208
0.03916503682447413
0.006794699442289701
0.04601827060374358
0.011054829421167523
0.03357404283440958
0.013767137849499483
0.01575288495129344
0.03250217384948022
0.055867869595412054
0.020828997042811142
0.04675501246641284
0.016644957238201905
0.02158945829535315
0.06234045836061218
0.11323268733037624
0.04583440486160184
0.04980388513816895
0.0161210902446356
0.026033879989462057
0.0
0.05109016004653715
0.0217149863866393
0.05077263021695493
0.010998457041308174
0.03538184251713196
0.0061383571958780235
0.04157307985460526
0.009986974744501805
0.013856187357385261
0.009945221399103756
0.060761872888246374
0.02840035668149977
0.05648335219729544
0.017007079588463758
0.0119101626067904
0.0033289917488258775
0.02149502997494875
0.062067792659801155
0.11273742837884501
0.04563393360342544
0.049586052103227855
0.016050579560483034
0.02592001258587168
0.0
0.008555006896638847
0.004687313780256965
0.06438218716477667
0.08990756124860276
0.10276365322618684
0.041913337317734584
0.01802764236918198
0.0
0.013795582941958675
0.009901722829574137
0.06049611162999852
0.028276138744040124
0.056236304401754006
0.016932693749849723
0.011858069745759951
0.003314431351099299
0.026905691244395704
0.01368075642402231
0.03806463335300617
0.0
0.025898633984710238
0.015497317795200449
0.012098607996082282
0.003314431351099299
0.008311352995393753
0.004553815081457762
0.06254852750056847
0.0873469171352402
0.09983685663592391
0.04071960968255524
0.01751419972131827
0.0
0.023283584826922686
0.03356520818624268
0.04042829755480856
0.059048781067672584
0.09798739985476529
0.015627700627526657
0.022168326201103653
0.018072280592108882
0.02613939418390255
0.013291116799534508
0.03698052009301944
0.0
0.0251610187748648
0.015055940951761649
0.011754029309764831
0.0032200335161400215
0.04612284835195514
0.03436252150916043
0.040589094888535716
0.02549072400451889
0.05534749804034489
0.016450436173603904
0.014822252465103694
0.004198409896269989
0.021531371607106376
0.03103924829016107
0.037385853792098446
0.05460504718520026
0.09061332843589956
0.014451633289166418
0.02050004210655738
0.016712245648988478
0.09510953991874417
0.03992498379319756
0.04115624497374115
0.00893312631030369
0.020006160442555793
0.015741185351231264
0.02622725614238048
0.00895331273056707
0.04265185944631076
0.031776559557762284
0.03753455027383213
0.023572411858196786
0.051182305331792924
0.015212453622832628
0.013706799371867874
0.003882457289438347
0.03652833099541955
0.01568600069452833
0.027239619621488905
0.04179729290638293
0.04745840604702622
0.022489685517158693
0.016412262817820603
0.02997721933842991
0.08953043182078023
0.037582991595758605
0.03874202722217852
0.008409110765905836
0.018832602754971693
0.014817810317142828
0.024688770126610235
0.008428113054473737
0.06513123293637432
0.006750607182507379
0.03869325814739497
0.01963558660259161
0.017129249070489624
0.0
0.021971621227114685
0.07067956644548641
0.034385585825631504
0.01476586278224027
0.02564174855045289
0.03934547140113543
0.0446745046873978
0.021170444706019892
0.015449522503115647
0.02821876117210547
0.05336636906761972
0.01033708943927211
0.009463735668086433
0.013812922398478826
0.07414594771251476
0.04104650548599873
0.04440084265249129
0.04875057208804231
0.044582257680475065
0.004620783230131851
0.02648549286498939
0.013440537544854806
0.011724952246483872
0.0
0.015039550689327873
0.04838008589665653
0.095074513289075
0.013851855060364848
0.003930882384145027
0.0025016470905402893
0.011796445575483906
0.00473877968417972
0.08779639102072427
0.13961728519167638
0.03652922123504329
0.007075726410675269
0.006477916709893916
0.009454930268109082
0.05075282008113598
0.02809628809341709
0.030392328213674803
0.03336971325297723
0.07227191169751034
0.011404325878530333
0.00930343773474642
0.0
0.0018202156661645042
0.001356708674337441
0.06246062633450799
0.11565159367481663
0.05727515651738627
0.008344688173436188
0.002368057390089358
0.001507051929114883
0.007106460430992369
0.002854754010547136
0.05289064191245731
0.0841087856802598
0.05097505762332222
0.0016346273882025064
0.002368057390089358
0.009617030155204213
0.021100611785692946
0.026431556185190358
0.044820838531234565
0.11817513274802045
0.043538324952553616
0.006870238164481469
0.00560461299220334
0.0
0.0010965413712714764
0.0008173136941012532
0.037627772425252136
0.06967128097800572
0.03504902790388347
0.007687552120018558
0.0005169145508051552
0.005443756054073381
0.001462055161695302
0.015789112635071156
0.05910396920692094
0.21814255208077135
0.04075249357233764
0.0013068183781789744
0.0018931659534680032
0.007688426023585813
0.016869084337737348
0.021130958428794994
0.035832444715378366
0.09447623136222716
0.028231826863816437
0.011800481967037785
0.013776279258902449
0.012055797554899874
0.04414393728458616
0.04787158521972693
0.09216384973275178
0.02562677473641909
0.028020277974461744
0.006145886497531514
0.0004132522431813187
0.0043520624388956024
0.0011688538739803326
0.012622755935429521
0.0472512290815476
0.17439613344267527
0.04619502292894269
0.01858837553581817
0.00527045164649793
0.006835322633585464
0.021745919390325177
0.04007538998522128
0.06671918896118374
0.024579348007634172
0.06112732782027582
0.009312123062208244
0.007067045497780732
0.0034965973513308127
0.007622482810645814
0.0024084985852926765
0.02665459256651692
0.05525385075777117
0.21803166628208742
0.0472534003707405
0.00126512938022662
0.0
0.0017946763474945445
0.0
0.00284693562430049
0.0281071462817941
0.03006587886796457
0.012453514965457367
0.009179866086718533
0.003851533814671789
0.006191988101321605
0.02656392477016803
0.025111134799761944
0.05366879252580234
0.30998546099480817
0.00627368873644028
0.0
0.0
0.0
0.0
0.0
0.04441249113323926
0.25442750717686463
0.055141370365913496
0.0014763163532898033
0.0
0.0020942601460998468
0.0
0.0033221721703793313
0.03279904834135494
0.03249859916689412
0.02619321585385983
0.019841352808749168
0.011813039281389307
0.008516040779041025
0.0
0.0
0.0
0.36173107075162403
0.007320950269448136
0.0
0.0
0.0
0.0
0.0
0.05182623056196406
0.009077727506168665
0.035442038082727854
0.04829037480787886
0.02389519531593758
0.00425992390040384
0.000514660712450841
0.0008401607442486139
0.00867845029433362
0.05233278748232338
0.04217917183812183
0.03195070946195818
0.019022643747150986
0.01371345730908764
0.0
0.0
0.0
0.009386140438666878
0.0035014423248336804
0.038676823231313245
0.028601685102399167
0.015439470623372635
0.0024862882791917896
0.004261724889218815
0.003061917481777809
0.0146179465140364
0.05707263372795615
0.07776242629057258
0.038478648630228963
0.006859793895295148
0.000828762789185939
0.001352918427466957
0.013974986817029406
0.008165669872890781
0.03908759376911997
0.22059001673680437
0.23853176441159735
0.01536189090692146
0.0
0.0
0.00270021058998243
0.0073217667429895895
0.0027313403346119762
0.03017030055217639
0.022311073240871983
0.012043736536679209
0.0019394577520999456
0.003324407488418653
0.002388483928442406
0.006883518194102186
0.0012929718806872538
0.00883239921864077
0.015429506067962015
0.01316833316540531
0.014825932460999681
0.00554003661913968
0.0
0.006369724648830778
0.03049072683200525
0.17207377824068085
0.186069444755028
0.01198321958708161
0.0
0.0
0.002106330309671954
0.00809051982589154
0.009077116170735915
0.05612183375559038
0.2774133938593102
0.09017173939704322
0.0
0.0
0.0018285383647623952
0.00644135014198324
0.0012099168437414815
0.008265043304423902
0.014438379953256066
0.012322455220259555
0.01387357735823492
0.005184168132781721
0.0
0.007540647129556173
0.0013527281350029388
0.008425962036038482
0.01938729649343114
0.013842997726704056
0.014380295166142035
0.009484498222149668
0.0022350578378334406
0.007570819101469939
0.008494040676069459
0.05251680487162309
0.2595935324838328
0.08437948880060703
0.0
0.0
0.0017110808053904312
0.001082182508002351
0.0
0.007042400385287444
0.03684048650719199
0.32042480190609324
0.059319692331243117
0.022639949623247734
0.0
0.008988369196377929
0.0016124371941602608
0.010043654916263902
0.023109446126921326
0.016500702421750887
0.01714115511380271
0.011305418513608254
0.0026641645838276456
0.01361537946481628
0.011047783103862924
0.03134342594331138
0.0027564428198204234
0.002579899510656417
0.000721103845705669
0.003075443587115039
0.0023494445769749084
0.0012899497553282085
0.0
0.00839446450737225
0.04391345840901471
0.38194287170917446
0.070708426760734
0.026986573208488723
0.0
0.0
0.0
0.004870858301891604
0.0023494445769749084
0.1173008594193798
0.1416002308544684
0.04178817879427529
0.0
0.025665907496424632
0.020825815388916518
0.05908446936502045
0.005196080404186479
0.004863284373504772
0.0013593293265915963
0.005797418340145546
0.004428861298830365
0.0295028674284797
0.01253968208345207
0.02931950451753523
0.006351242973440979
0.020431836741310872
0.0035446970299894075
0.02400707029351246
0.005767145603580517
0.0
0.0
0.009181896026298434
0.004428861298830365
0.22112002202279687
0.2669259741143909
0.07877353210385865
0.0
0.03615601220545771
0.019777479049772558
0.02150537127686716
0.005767145603580517
0.03776210155491923
0.014952622737444727
0.00748965718322199
0.01747333403213958
0.05194504104262847
0.022078338726412947
0.05162219805261076
0.01118249192987334
0.035973879511086174
0.006241069047028941
0.04226871353209454
0.010154084710682017
0.014088040051511088
0.010111632715260725
0.061778588638828534
0.028875573928560924
0.05742847635319976
0.017291655505351604
0.012109452874498076
0.0033846950736857676
0.06365908474839582
0.034821766509666334
0.03786402783803556
0.010154084710682017
0.0664868904651843
0.02632674954983284
0.013186872453018758
0.030764909738057247
0.04753068679917829
0.010111632715260725
0.03397861224902232
0.06748517227282765
0.04265941193694852
0.03831559972383268
0.022426112528332112
0.01769308404018872
0.00974746848003394
0.006996205349594534
0.042744401868262255
0.019978914432554267
0.039734573515011175
0.011964039454014854
0.00837849053332055
0.0023418593661464937
0.019010604948096286
0.00966633614449105
0.02689511674667932
0.0
0.018299054088834102
0.010949853831427747
0.008548446309971952
0.0023418593661464937
0.03288632554389008
0.006996205349594534
0.02350968982779936
0.04669276827676899
0.02951590652154543
0.02651043716770216
0.01551655334598262
0.012241786534233533
0.014161825485311245
0.06463022599087817
0.4033194175491851
0.02986699101241005
0.02541942453367942
0.008454096431668673
0.0111708145624266
0.011509359514327251
0.01033402478436682
0.0052545491089800635
0.014619987306950771
0.0
0.009947230979802003
0.005952259866959138
0.004646872431270293
0.001273017497198736
0.018234342182582915
0.013584980066128897
0.016046611853439748
0.010077577612582
0.021881242253649867
0.00650356369912957
0.005859872775048964
0.0016598116856779998
0.0076982639930003585
0.03513251466917921
0.2192414638223831
0.016235476261770104
0.013817811892497945
0.004595584532571114
0.006072372492346297
0.0062564030338843205
0.0
0.017799526823427343
0.11650201444520623
0.29488804001678726
0.10332727460670159
0.00270047782543713
0.009856316199793075
0.0
0.01315783283794339
0.009802870595883332
0.011579174848687255
0.00727194215782627
0.015789422232904807
0.004692947140467787
0.004228462187100843
0.0011977138787861974
0.01126876247193415
0.004839033460997679
0.008403252899205441
0.012894204385931255
0.01464062251044545
0.00693792782903598
0.005063080800055394
0.009247785351490508
0.0
0.012844071707771985
0.08406741608797377
0.2127901021927641
0.07456057329964337
0.0019486546569041853
0.0071122807533285145
0.0
0.0
0.0
0.0014524414561331053
0.1253693760769416
0.28122651247401664
0.057613163880814236
0.0
0.0
0.010861839309493594
0.004664292463127761
0.008099805359775182
0.012428585340455229
0.014111939043482081
0.006687394237613931
0.004880249290740868
0.008913841134441616
0.01685755561307117
0.0032653160247612225
0.0029894379760037138
0.0043632743163835985
0.023421481710022854
0.012965913946210264
0.014025493721208473
0.015399501493195057
0.0
0.0
0.0013999927447451896
0.12084219723955927
0.27107121972531667
0.05553271086718682
0.0
0.0
0.00177086633391724
0.007585508937515717
0.06472225247714848
0.06937799739240955
0.1905004751618784
0.05326049974219343
0.0
0.0
0.019911833189780858
0.003856930950685947
0.003531068897273983
0.005153818996255831
0.027665021404755987
0.015315097964132223
0.016566654015038595
0.018189606605866496
0.039394933737236904
0.006216421452679455
0.005071241433640813
0.0
0.0009921873362940443
0.0007395327876472817
0.03404686797179355
0.06304090707458342
0.00209171459087566
0.008959862989049782
0.07644872866340047
0.08194800852666646
0.2250156411203589
0.06291031812753507
0.0
0.0
0.02665872145917877
0.0
0.0014790655752945634
0.003384465431547293
0.02699109826193688
0.11644907643302424
0.07498830448114539
0.03298244718905763
0.03685913889450792
0.0058162794048446514
0.0047448129654668785
0.0
0.0009283216740955246
0.0006919301329137267
0.03185532037864854
0.05898305516634214
0.029672179373794516
0.0065082097590875125
0.00043761502642746675
0.004608632985388668
0.001237762232127366
0.01336691515512665
0.0500368678075853
0.18467744532454694
0.024942738159376032
0.0
0.0013838602658274534
0.0031666122922589792
0.025253720348605953
0.10895341799559677
0.07016141590109072
0.030859414820468105
0.006219451966015216
0.00361526799056663
0.0033714931307874795
0.0
0.01643841936724142
0.015554388308906368
0.0845062351781262
0.1751486819103146
0.028063427753123406
0.006155350844826351
0.0004138886302593113
0.0043587643899301795
0.0011706538484843702
0.012642194326626438
0.04732399353014509
0.1746646944671005
0.04626616087470008
0.018617000672613078
0.005278567869406234
0.0068458486768670146
0.02177940698132417
0.04013710401279867
0.06682193306096693
0.02461719893213763
0.005882248779691474
0.0034192571695980493
0.003188699175213522
0.0
0.015547169234746042
0.01471106813733176
0.07992451770173177
0.16565255685889763
0.08796628765951134
0.027206533286484553
0.005779621640579073
0.011305774064050042
0.009489196110396178
0.006763258530729536
0.01363603587671769
0.044371212293780375
0.01858729188761239
0.007698997215622588
0.005675165897938806
0.002381090655713145
0.0038280035221760723
0.016422317988841032
0.015524175900598071
0.033179057107015214
0.1916388431460694
0.003878512391683034
0.0
0.0
0.0
0.0
0.0
0.027456637465173205
0.08097921184563288
0.0009286407498952967
0.0014719037932634884
0.0011245136769712425
0.0006566481548688292
0.010103493098910343
0.061931802046513516
0.25454572416066484
0.20565965058973715
0.019231816060173438
0.0038245534983688306
0.0
0.00036580950826164163
0.0
0.0027859221333981794
0.03012006142617381
0.2631946134865386
0.00532670492617041
0.0
0.0
0.0
0.0
0.0
0.0377086344639338
0.006604931606670548
0.025787537396155125
0.03513595474746122
0.01738608376188349
0.0030995098710187947
0.00037446583454594633
0.0006112988355952107
0.0063144185157586975
0.2824506313967104
0.0264127580374896
0.005252598394128948
0.0
0.0005023986294012349
0.0
0.0038261538582991905
0.04136655072171475
0.043651155133593675
0.11215129482017212
0.02496714052947038
0.0009018331277736841
0.02814308803375577
0.00788262358403957
0.01425961130979919
0.006687794621171019
0.008850293960319194
0.03455407263236495
0.047080506901457056
0.023296524668930788
0.004153195691492592
0.0005017663938383281
0.0008191113420696934
0.00846102024682697
0.0049438256384788494
0.023665204598065693
0.13355408647567774
0.1444167436164272
0.009300707878638143
0.0
0.0
0.001634816316584856
0.05849047009807593
0.1502773966934819
0.03345477988163428
0.0012084134642500195
0.037710398363297364
0.010562340392266658
0.0191072004022206
0.008961326455496995
0.022784422702157685
0.03237968812314528
0.04386124078577842
0.015098799781457447
0.02577059847447872
0.06115092886573183
0.017074616655904203
0.016875215271610795
0.004642352283727525
0.022222105843626105
0.12540998888105476
0.13561024367811178
0.008733552843090036
0.0
0.0
0.0015351255921533438
0.005896494002635532
0.006615540436682918
0.04090244672508183
0.20218310421876223
0.06571853626269172
0.0
0.0
0.0013326665941668736
0.02139503382593405
0.03040518215992734
0.04118659237173912
0.014178078430080034
0.024199113283823626
0.05742195923382869
0.01603341044420372
0.015846168510639545
0.0004214261748080865
0.007476734448076317
0.036200447969755425
0.05583187537229464
0.05092961623108932
0.004439096914314107
0.0
0.003232837554949386
0.006395802437913251
0.007175736909787141
0.04436601959808103
0.21930374054298135
0.071283507497361
0.0
0.0
0.0014455152923225799
0.0009142241321820329
0.0
0.005949396089022574
0.031122718725489065
0.2706937917458572
0.05011307597546024
0.019126153069287676
0.0
0.00045711206609101647
0.008109855854896606
0.039265860912438326
0.06055965535787605
0.055242278463642054
0.004814994614429064
0.0
0.0035065905784150827
0.005330967636128201
0.0033096769626261365
0.013704961495294606
0.0174073880556148
0.02932046498572529
0.014218371213095299
0.011350538964667098
0.005511308271592801
0.0009815782607983511
0.0
0.0063877091626591605
0.033415639603570524
0.2906367617715698
0.05380508370725616
0.020535244481794487
0.0
0.0
0.0
0.0037064456199299672
0.0017877934486854332
0.08925927006337628
0.10774970711584789
0.03179842291793664
0.0
0.005723718896102288
0.0035535125823303866
0.014714654530888164
0.01868985196429949
0.031480607449942785
0.01526588896031956
0.012186773356627446
0.005917345864675203
0.016878533704362427
0.0010974378743033738
0.013291935392385684
0.013755159010084084
0.021895908218984534
0.09016792941300067
0.06736801990773263
0.027948752615493174
0.0
0.0
0.004767289451607174
0.002299488438125666
0.11480669629771337
0.13858939124455572
0.04089963854839653
0.0
0.018772394623678395
0.010268572741764358
0.011165703613661513
0.0029943327960898075
0.01960628479103561
0.007763481577869585
0.0038886700070946303
0.009072248343614624
0.021709439160454626
0.0014115420913849877
0.01709629922717216
0.017692104829853745
0.028162866257753463
0.11597542844078754
0.08664982131529672
0.035948131226578355
0.0
0.0
0.0021173130618253296
0.001919904843900459
0.08137547624105501
0.10314512193927933
0.09720977159379418
0.004692183288742185
0.0279285088531923
0.015277002773331863
0.016611703433558143
0.004454799277419608
0.02916912356370186
0.011550069574269385
0.005785343686697172
0.013497178876871076
0.020852659322950953
0.0044361747411944125
0.014907094199778323
0.029607089682959498
0.018715533983279062
0.01680981701719171
0.009838782394778197
0.00776230849390492
0.0
0.0
0.00315001883231141
0.002856326031124848
0.1210658391851831
0.15345348896571934
0.14462320982479435
0.006980765381692101
0.0
0.012816979591664683
0.108346702783345
0.15494682666247964
0.03422228997412322
0.010333761833805535
0.0
0.0
0.015780997519267714
0.003357234274132863
0.011281477961291544
0.02240622654422193
0.014163651301626943
0.012721431666783986
0.007445851301743572
0.005874405234793293
0.006795764779307204
0.03101378518772377
0.193538883488876
0.014332124470573521
0.01219789285889788
0.004056825218669047
0.005360483239837232
0.005522939122571062
0.0
0.009699708800112018
0.08199525160625122
0.11726156598586593
0.025898944821435482
0.007820444737448997
0.0
0.0
0.04935460641555499
0.10421634162312002
0.18769632937167474
0.013945503918387218
0.019456904288849837
0.003570153006756408
0.0
0.013233816381522585
0.0050970170528230885
0.02326122182094352
0.14515967246701966
0.010749501373581022
0.009148766905473987
0.0030427344075889106
0.004020515037250616
0.004142361574250706
0.0
0.011785058531856315
0.07713593023769799
0.1952452358097603
0.06841294104371559
0.0017879851274961364
0.006525862427430452
0.0
0.03701735988588779
0.0781652231480019
0.1407775905476904
0.010459524952756998
0.014593232134430121
0.0026777163936036272
0.0
0.009925739039105864
0.010021558342599435
0.02319188500449148
0.04283024850661174
0.027604713695230376
0.014545133365636967
0.008901636679993968
0.009417872328390406
0.004355420991203645
0.0
0.01122224469647958
0.07345218368479962
0.18592099531421327
0.06514577443320312
0.0017025971114347383
0.0062142096976629275
0.0
0.0
0.0
0.0012690409862920536
0.10953892564529026
0.24571590769080504
0.05033832241980148
0.0
0.0
0.009542963206902498
0.02208432039514218
0.04078482324487162
0.026286407575044978
0.013850507855424007
0.008476525148519164
0.00896810715905315
0.004147421074519857
0.004195854383158067
0.0033101805010913466
0.0156543290957234
0.014963830100147832
0.05397775676275522
0.013979529410593909
0.0066052154271181735
0.0026517021054600063
0.0
0.0
0.001172981932079333
0.10124746326493927
0.2271166363096939
0.04652800289936616
0.0
0.0
0.0014837178418310706
0.006355507885829568
0.054227447280799826
0.05812825654318314
0.15961055245188543
0.044624234036641085
0.0
0.0
0.0038782525026718325
0.0030596190049356612
0.014469387030405586
0.013831154810423789
0.04989195313689718
0.0129213599834234
0.006105238867137926
0.0024509836108993054
0.008832420069393988
0.02060341260241503
0.041168454863857284
0.02371504536266483
0.038784890284932504
0.021183905853527942
0.021723621444486797
0.016885199842303453
0.001491346979638928
0.006388187310537491
0.0545062797222585
0.05842714657954689
0.16043125492368487
0.0448536876574289
0.0
0.0
0.019007088205345447
0.0
0.0010545415650994913
0.0024130501938686598
0.01924406563193013
0.0830256571224811
0.053465029064688634
0.023515767022454878
0.008877835543944819
0.02070935341516551
0.041380139192668294
0.0238369858988574
0.03898431854851746
0.021292831508061955
0.02183532226590523
0.01697202195421603
0.009382196728299772
0.01730607871952429
0.039443496156805695
0.025017370055893624
0.04174214391259407
0.030174302894702753
0.11178886086227383
0.0034333385362017442
0.01790032488332133
0.0
0.0009931366874458068
0.0022725407470810173
0.018123503356533566
0.07819115795578234
0.05035181506049892
0.02214646794052618
0.00446343180434
0.002594521546027161
0.0024195748677374477
0.0
0.011797142934417268
0.011162712061189524
0.0606464717181098
0.12569663719544766
0.008835881000887273
0.016298363441523692
0.037146741684625444
0.02356063416388148
0.039311541530682746
0.02841728407358153
0.10527950973618043
0.0032334187419172417
0.005844619373784059
0.009667577246863826
0.0
0.0027553193275258667
0.0038020839722667636
0.008669750486464402
0.0667173463698687
0.23170020583918616
0.004997527645950137
0.002904982919572424
0.002709102059363053
0.0
0.013208793265453154
0.012498446167662387
0.0679034501537328
0.14073754163251984
0.0747356956420786
0.02311452768184358
0.004910336167971557
0.009605326221329867
0.008061971139893667
0.00574602889981844
0.011585104409446427
0.03769754874837522
0.006543988612560564
0.010824402988207991
0.0
0.0030850218209545095
0.00425704269641837
0.00970717592177982
0.07470076783152561
0.2594255351068125
0.08349543573247477
0.037770143656817634
0.0286109039283813
0.008931936738420332
0.004059024376370819
0.010017230429933032
0.01054830312273824
0.027606386015559203
0.06449970771543682
0.0007396596679042745
0.0011723671086316903
0.0008956718870630473
0.0005230183536690528
0.008047402993090431
0.04932850097263372
0.2027449321175691
0.16380731609469568
0.015318085795683455
0.003046245785363794
0.0
0.0002913662139288404
0.0
0.0022189789110899985
0.02399054169683159
0.016446065823644523
0.029578670864360165
0.001121099819277081
0.0018162304157200635
0.0031650115879197313
0.02924272417330218
0.11914983605378626
0.055255665246695895
0.1735204005490551
0.011310335431562266
0.0007396596679042745
0.0008301453138052063
0.0024460546959829696
0.00035017860491644233
0.0024041901053274213
0.015999812016897624
0.24646100821220723
0.023047266502448267
0.004583316700512493
0.0
0.0004383834162960258
0.0
0.0033386285342268418
0.0360956594315971
0.03808916146037074
0.09786107064799444
0.02178584836805147
0.0007869223050101462
0.024557119297999683
0.006878226280723201
0.012442663564774147
0.005835641424836916
0.26107510875755674
0.01701729043695229
0.0011128762245283922
0.0012490190052609957
0.0036802819366484212
0.0005268712904871607
0.0036172933628328715
0.024072977293705066
0.08514522238177798
0.0644161003960105
0.011200641880869493
0.0
0.0
0.0
0.0
0.004685213842730338
0.0476942001174777
0.12253894042934492
0.027279639980416576
0.0009853624614737167
0.030749749199025036
0.008612725723232911
0.015580361008215549
0.007307229649032697
0.018578835391402634
0.026402990478573845
0.03576525871531003
0.012311837759263434
0.021013817784811848
0.04986358690230117
0.013922955010455656
0.013760359471212338
0.10661650505351222
0.08066006877760643
0.014025135624636873
0.0
0.0
0.0
0.0
0.005866695879898807
0.005332075026496852
0.10693145503649189
0.20176724933166443
0.013995499826311125
0.0062771137851641914
0.0
0.0032040298941566924
0.0029560874716714866
0.019811887714114372
0.028155321453593236
0.038138950844134566
0.013128957876110743
0.02240847661475088
0.0531729661154392
0.014847002812859769
0.01467361602631258
0.00039024233955479797
0.006923486289326865
0.03352176099427705
0.05170054203903733
0.047161030279382024
0.004110621667344953
0.0
0.00299362062980207
0.005685957676177771
0.11402835192082009
0.2151582703614699
0.014924362330595457
0.006693717386502102
0.0
0.0034166770499012315
0.0031522790222339252
0.00918042632633062
0.01753582141986803
0.05431639117599113
0.07423033223996603
0.03415669973856352
0.018223469020800534
0.020153110087546732
0.058005400792095076
