0.011839479482891224
0.002132341435344779
0.008484591206780518
0.004941833894445077
0.007362609274247073
0.0028431220148414133
0.007860979249406368
0.0013106144397492896
0.02882458065312688
0.016091601535428494
0.06107727671187407
0.01036700540371312
0.014673635374443383
0.006002566264405447
0.010990554306901785
0.008951320106629973
0.0015893535000426763
0.004695096803729909
0.018352881049894652
0.00262602433219198
0.012526431794748582
0.006203072511353351
0.00436580844582617
0.008041563405191436
0.1898050107082093
0.3623194384810422
0.09898668985907881
0.0
0.019148070721463323
0.04133730058769291
0.008433175975127641
0.017815563595682152
0.011218276908463344
0.006262711818688956
0.02377074661428993
0.00403474863103597
0.005710851681253233
0.0023361467535589573
0.00427742845858032
0.0034837761860579677
0.02623646083627704
0.11547318688198215
0.1275514749675704
0.019944121043006403
0.006861158112936942
0.015593748427003187
0.006179062024156339
0.005649369186095439
0.07387046473848902
0.14101158449145917
0.038524761572580384
0.0
0.007452263129209225
0.016088119033600506
0.0032821189818946924
0.006933662907426218
0.05393835703902526
0.1772467583315585
0.05790999031158408
0.017819105168380794
0.008594828089826244
0.0
0.002459073045957728
0.010285486276024906
0.024954434866961108
0.10983067186190447
0.12131876300411565
0.018969565775362962
0.006525892509269644
0.014831771018268422
0.005877126559978603
0.005373316785124756
0.004629193849847392
0.07882477421834742
0.09684157450081612
0.04813333019579721
0.010758383971205782
0.005912193279128526
0.003337455009357665
0.002916256011430827
0.05130269764510841
0.16858572174677927
0.055080259886982355
0.016948387287703502
0.008174847937711838
0.0
0.0023389121932788654
0.009782893315976194
0.006655909542266445
0.05416131012510045
0.06144443648192233
0.005582765505172611
0.0001176673966032704
0.0005262246028068188
0.0002631123014034094
0.0
0.007760797781699708
0.13214895567980978
0.16235394345972728
0.08069505281609178
0.018036324501977816
0.009911733656855437
0.0055952103699436605
0.004889074408738989
0.01332416006063162
0.008558855767792447
0.01779789802260584
0.19226224627745186
0.0546702093822501
0.009887410751565474
0.010310294583349911
0.0013948970210963072
0.011158566628726994
0.09080090164871502
0.10301099107405315
0.009359451246510572
0.00019726822858523097
0.0008822103507878811
0.00044110517539394054
0.0
0.009822474418935023
0.015363863155559314
0.012097662398136049
0.00225053246070216
0.0012156216056366921
0.0035661531552565783
0.008606189938501064
0.001629691469579663
0.02142284531239044
0.013761095808675426
0.028615808763101144
0.3091230023259956
0.08789983259450734
0.01589717251271239
0.01657709341370759
0.0022427427300242032
0.0025888434945177796
0.006453618224246468
0.006713113338329807
0.1586437512954949
0.14958029454252078
0.007664987233814171
0.005437801579131891
0.0010029850524948588
0.015792766606241307
0.024702319867409308
0.019450858366865446
0.003618450135448936
0.001954500208452168
0.00573373083614347
0.01383720061471698
0.0026202498394538474
0.008032232456907486
0.006720556729798426
0.01726833427090897
0.013449759505668821
0.011623221172303877
0.004578850597989092
0.014376109658512376
0.002615464931714816
0.003557534194440156
0.008868426213959104
0.009225018933293644
0.21800490109314596
0.20555008975100997
0.010533063988605628
0.007472512379102228
0.0013782809305849717
0.004891170996463524
0.0009745917948871677
0.035955118494309504
0.15378531797379644
0.1229844086078942
0.021686471684725785
0.01359123386852667
0.0
0.011037724637913296
0.009235247485049782
0.02372978118602896
0.018482376184476897
0.015972385684022993
0.006292160035194849
0.019755347050326656
0.0035941168126378768
0.0097301725549023
0.008015922480170065
0.015073844322819843
0.0041348425839251085
0.017502289057761466
0.003898367179548671
0.01191138461468364
0.0031753393369039103
0.006474791799648861
0.0012901366495064342
0.04759635403274219
0.20357659064528177
0.16280323074266015
0.028707928863886508
0.01799168535769318
0.0
0.004260993693722306
0.00882662350263624
0.09061734921864939
0.09998017716145598
0.06954358014025842
0.0012901366495064342
0.016901162633597124
0.003649057484768526
0.012880523194384635
0.0106112481405276
0.019954322529542608
0.0054735859520336555
0.023169027978824423
0.005160546598025737
0.015767949123304054
0.0042034230891852264
0.0127868946508422
0.019770745435988602
0.019445429165763483
0.021930351400338527
0.026752872874882216
0.010611249241004135
0.018988156955257615
0.008983136576780994
0.006212769822026423
0.012869716331277311
0.13212522079229927
0.14577675352692748
0.101398473470548
0.001881092209583125
0.02464285110815186
0.0053205322161378014
0.018917048701467872
0.060102348511122436
0.07243505089203227
0.03604849498984222
0.018796941189256056
0.005643276428179746
0.020481633010490743
0.0053205322161378014
0.0186440156720309
0.028826865147592882
0.028352535624588306
0.03197569279841735
0.03900720188683986
0.015471801602438063
0.027685806876768828
0.01309792124630258
0.03389008016816176
0.013572760216165403
0.03658127852558996
0.006128828624218328
0.012050531399165077
0.011709615979854038
0.009710719800250817
0.0053205322161378014
0.021960705424184546
0.06977251006664793
0.08408948140532639
0.04184851410757795
0.021821273225402355
0.0065512508437367035
0.023777023374409328
0.00617657873288763
0.02656168298751808
0.02450196873090657
0.01989104050620698
0.07402759317826933
0.07305121386959829
0.01900063513526528
0.10702371058522912
0.04867524897397936
0.03934282134174812
0.015756548159500755
0.042467019798822676
0.007114925913434114
0.01398940048409433
0.01359363351133863
0.011273125124087503
0.00617657873288763
0.06426347225247239
0.04402006433531571
0.023927374850040598
0.0040266365469902995
0.01562564536513548
0.004367500717717976
0.01203206702131702
0.013291504646321745
0.016653850573312447
0.01536243491002602
0.012471439271891909
0.04641439609350815
0.04580221820112374
0.011913165987615975
0.06710255840058824
0.030518786155695223
0.018764769275268798
0.028455861299814263
0.008437296884201086
0.006994860725412578
0.07522730666169435
0.28222616393381533
0.05619348033957043
0.0080694275694242
0.04029241161856394
0.027600042286945813
0.015002171569906405
0.0025246518979285966
0.009797088653788427
0.0027383695666381583
0.007543958956036682
0.008333610952978765
0.005610227638211388
0.014459416225787277
0.01422196966800299
0.00446097158294532
0.013368632451087967
0.029545546076870193
0.04934057483898205
0.024551555965271032
0.009971643897539488
0.015121513700330769
0.0044836000247526365
0.003717085952057347
0.039975973186628516
0.1499756679143232
0.029861351721925503
0.004288113378795226
0.011713942504380057
0.007447641992655675
0.0028356776842257824
0.03630319689967361
0.07650787362056796
0.43199973092449745
0.012073836657709055
0.002368855238540901
0.002981288571776303
0.007683768846541801
0.007557589169926111
0.002370571117056091
0.007104123703510345
0.015700574833349457
0.02621970112058188
0.013046756377594053
0.012467955907917936
0.0045291655286019755
0.004943767021580563
0.007933029409131586
0.016885216491358646
0.008784479390750393
0.01064717777489859
0.01249871294108758
0.004977852454506683
0.003164883467676722
0.0012050242790021433
0.015427082532282208
0.03251210310694512
0.1835787498636476
0.005130789861689746
0.0010066475790821634
0.008896326524873993
0.012452196142936339
0.010546284967415191
0.029180358547727627
0.038962276127396646
0.15044090223486198
0.12592411974965437
0.029626405941400293
0.0052982712605686485
0.0019246737582148982
0.0021008591081680757
0.0033711493718834237
0.0071753908920892985
0.003732973956501799
0.004524529636416625
0.005311341494864199
0.014578079060992432
0.002728807408970078
0.007662561075468964
0.0007050601908394813
0.014868861840019591
0.0326196504741104
0.21704516627186382
0.023320443827619882
0.006660202203297013
0.009322290942805277
0.007895437535952145
0.021845768334736917
0.02916896503108391
0.11262702933948461
0.09427263010861262
0.02217970007901444
0.00868228774385879
0.0032236922257948596
0.003035510683095874
0.007157338096178728
0.006046327305776993
0.02810369041743781
0.10375149736380496
0.009581776417123558
0.010913825387410123
0.002042911651992579
0.005736548227523514
0.0005278407242985765
0.011131518847754974
0.024420581613209806
0.16249006717290077
0.01745876468543606
0.02249964955298836
0.008972801316540024
0.009277609122740518
0.0
0.006879878012176774
0.015208776984464793
0.17318610590589148
0.05569884446346744
0.017529152953266833
0.00650849128332395
0.006128561114885861
0.014450347411591282
0.012207266019655483
0.05674010150458095
0.2094696605404486
0.01934518059466144
0.0047090674963426345
0.00046733465072146924
0.007543843974902063
0.0006609109995283322
0.008150937848909997
0.001869338602885877
0.00147784190372348
0.0012712877145056565
0.045425792146569215
0.01811568694070942
0.01873108035012705
0.0
0.013890167837453499
0.030705844572057488
0.34965504822762244
0.11245349068405858
0.006544656449076785
0.0040824286549409694
0.007844457771582084
0.00324923123936041
0.007220359815804887
0.009344431769731425
0.003546820409483222
0.0006609109995283322
0.03853360757253805
0.0038241307965826516
0.0617301670751378
0.005408137622996096
0.0666979270655993
0.015296523186330607
0.012092963206953718
0.01040276061886912
0.04638602425558412
0.007648261593165303
0.01389098478649216
0.005408137622996096
0.0666979270655993
0.017638617464707504
0.03425277591863041
0.012459486126969097
0.05355396232941481
0.03340591398499965
0.06419004561396854
0.026587981927884332
0.05908314372024552
0.07646411249846072
0.029023110391907383
0.005408137622996096
0.017102032580922896
0.022944783964007447
0.06172876443498396
0.007051348503973002
0.0498064307717687
0.032313162708491966
0.0321501726606612
0.010816275245992192
0.0010371558768110909
0.003063854102976267
0.011976441010009437
0.0017136505935958866
0.008174306314515899
0.00404790571088352
0.002848972167927729
0.005247639838600635
0.12386003636002023
0.23643684988482247
0.06459521252551036
0.0
0.012495353662874128
0.02697526021421984
0.005503192349940324
0.01162580664494546
0.006696995384918611
0.008135424838442543
0.007446565073204235
0.0
0.006738781676073579
0.00271050720560508
0.005962326424718489
0.005093366541845818
0.09306031765758484
0.1984717412893206
0.013930705009433343
0.008186537239799611
0.010301771990309792
0.010209776156421598
0.015447667337488731
0.0880056134052753
0.06786820249692539
0.12955384543143744
0.035394475028818345
0.0
0.006846737798442716
0.014780896860909238
0.003015434063814283
0.006370275859404975
0.04955565598287998
0.16284477062592617
0.05320457862252739
0.016371233647479205
0.007896464917225069
0.0
0.0022592638076477864
0.009449750557706912
0.050991721533611686
0.10875114139792748
0.00763322808784779
0.004485753302416114
0.0056447807385044185
0.00559437229307938
0.008464436518639935
0.048222033248032065
0.059406864341029694
0.11539315702426602
0.006214795368921641
0.0042077838579134075
0.0017530496083932384
0.0021616955150150553
0.00032148014686099555
0.005341975831086838
0.07521490128728446
0.24716358011709022
0.08075318648808642
0.024848035977399176
0.011985147153995386
0.0
0.0034290799083129602
0.01434270299303341
0.009758231090727033
0.07940591395076184
0.0900837078122199
0.00818489427761411
0.00017251220747629815
0.0007714980570583934
0.0003857490285291967
0.0
0.09016693147481102
0.1751421657662391
0.00943273196414961
0.006386517164065455
0.002660754875135994
0.003280992079515476
0.0004879381986250975
0.008107978329518322
0.010816029875977807
0.017993358071821217
0.023769468787165855
0.004108517497489959
0.0005175366224288944
0.0003857490285291967
0.00024396909931254874
0.0
0.027001449162624442
0.21971961196847242
0.24926553124815842
0.02264795788126671
0.0004773487691360194
0.002134768624871098
0.001067384312435549
0.0
0.0237683792639871
0.037177406717127846
0.029273868866715694
0.005445828290350768
0.002941555674461359
0.008629361308816998
0.02082521956808328
0.0039435200622750695
0.029928424334525878
0.0497884031156902
0.06577115228282931
0.011368446320936934
0.0014320463074080582
0.001067384312435549
0.0006750730917408781
0.0
0.01376239016750648
0.028574345259814723
0.12602338188084572
0.01526706835035143
0.0009546975382720388
0.001067384312435549
0.0
0.0
0.04474954462792713
0.06999518152083008
0.05511491914251085
0.01025304811103893
0.005538167978044946
0.016246795152099754
0.039208356703577626
0.007424600771382238
0.02275970726055155
0.019043012589433025
0.04893063478824625
0.03811052415578374
0.03293494215033373
0.012974387850343242
0.04073538074610258
0.007411042510961693
0.02591092502133304
0.05379790200315827
0.23726855285349377
0.02874383435629597
0.0017974418710074971
0.0020096011340939635
0.0
0.0
0.009885930290541235
0.026020620167561244
0.027188807564895615
0.007411042510961693
0.04565611648102695
0.037618223625634155
0.02525960569803184
0.0
0.03292387853821454
0.027547359301184154
0.07078238125488588
0.05513015848439818
0.047643232955819334
0.018768570474224786
0.058927239816357065
0.010720711856226847
0.029023646617627144
0.02391029553340591
0.044963018726140266
0.01233361580159188
0.052206705456225244
0.011628245107325593
0.03552987532672693
0.00947156140195244
0.01430085037548712
0.03764107016308966
0.039330953936171975
0.010720711856226847
0.06604550824576286
0.05441800332908839
0.03654019713015581
0.0
0.007800463841174793
0.009407447501181141
0.07401870307647283
0.020583897344993028
0.047106149627480796
0.017442367041063223
0.023131515780392607
0.0
0.03028890331544286
0.024952640830982042
0.04692313632772074
0.01287128738389995
0.054482604298973135
0.012135166763302169
0.03707876452462655
0.009884464599833675
0.030068733229171918
0.046491449760826364
0.04572645963526339
0.051569822375547913
0.06291011379653463
0.024952643418782776
0.0446511714995385
0.02112409186624945
0.008140517220791175
0.009817555718009763
0.07724547402861988
0.02148123165745968
0.049159694866288975
0.01820274949800307
0.024139910957516785
0.0
0.004070258610395588
0.0060675833816510845
0.05967992776213767
0.027990643844023676
0.09610160310051899
0.026128384803318964
0.01566127428089492
0.0
0.031784053476889486
0.04914363083252912
0.04833500058945002
0.05451170754968473
0.06649892451093879
0.0263761079247231
0.047198370876835885
0.022329150363947312
0.05777532798456338
0.023138649104804523
0.06236324477320539
0.010448340109211399
0.020543575008391782
0.019962387236986207
0.01655469738170632
0.0090703678573349
0.004302453194538719
0.006413718636167338
0.06308446721155483
0.029587416071385885
0.10158387680922679
0.02761892140663045
0.01655469738170632
0.0
0.025814719167232315
0.003206859318083669
0.020940219995223254
0.019211345919017363
0.04205584098108538
0.012827437272334676
0.051692287483912844
0.0090703678573349
0.05733586117692691
0.022962645460864576
0.06188888007376733
0.010368865031646768
0.02038731074055776
0.019810543761615798
0.016428774426986443
0.009001374296494944
0.09365371872568742
0.06415219375868245
0.0348703167679144
0.005868177883399295
0.022771875602744743
0.006364932821314533
0.017534810694261715
0.019370239328141713
0.025618360053087836
0.0031824664106572666
0.020780938655704684
0.019065215223512073
0.04173594411813095
0.012729865642629066
0.051299091194900844
0.009001374296494944
0.12143197090474837
0.029662672901370934
0.04402742469095573
0.0
0.025934499165672958
0.023744290173453208
0.050972468223303855
0.0380410760443223
0.07321652730122295
0.05015284934411921
0.027260887601466218
0.00458761928575179
0.01780257820462938
0.004975971953096675
0.013708349902031779
0.01514324979186458
0.010194509798215439
0.02627463088775107
0.02584315975752503
0.008106162787789388
0.02429253557968052
0.05368808155355101
0.0896582110536157
0.04461335510606593
0.09493298647360851
0.023189660056870634
0.03441972391218827
0.0
0.020275051455978372
0.01856279166900787
0.03984921434047255
0.02973972118421695
0.0393708503565085
0.004975971953096675
0.022086752700570252
0.0035185435020375967
0.02735572169189601
0.02353876309154637
0.07311005913113205
0.05555408436623641
0.00920197548254772
0.023716540964470897
0.02332707772981275
0.007316949290081232
0.021927421841535642
0.04846102656620926
0.08092911540179044
0.04026981267427668
0.03848330070033738
0.013979616245522863
0.015259315503600223
0.0244859027791679
0.0521175137629888
0.02711396835109733
0.0328633295583891
0.03857823463857549
0.03553771656299409
0.004491512865312668
0.019936393300178084
0.0031759791967334505
0.02469237710284912
0.021247036409325487
0.06599208642381786
0.05014535592314429
0.022258301806102228
0.010863520541056588
0.015169467517297674
0.010250087691181475
0.05336274252686491
0.04783085126062162
0.07908200493311318
0.03793217890302712
0.011760084166822317
0.004272020868152407
0.004663083243503124
0.007482629409205498
0.015926553524887626
0.008285738076065436
0.010042681229920782
0.011789094960690064
0.03235761785617993
0.006056882184075303
0.017007880259279146
0.001564957092449471
0.033003041577889275
0.07240283031992062
0.48175514197533054
0.05176223880070408
0.006801898430921247
0.0033197754242974427
0.0046356266620273
0.0031323169211560586
0.016307082086721793
0.014616595415650982
0.024166612976789577
0.011591667253392586
0.04784484149104365
0.014065482823899363
0.009434017119191002
0.001564957092449471
0.00342585173717526
0.008439736230389546
0.02738073591109875
0.03313993402965054
0.013893363994074776
0.0026006385645138902
0.007302659678474263
0.000671944350698142
0.014170489051178004
0.031087544216230726
0.206850812480379
0.022225110266238364
0.0286421863904283
0.011422428920386696
0.011810451052815535
0.0
0.008758125227866231
0.019360862671820567
0.2204669327807448
0.07090495703486281
0.02054310057768748
0.006039284890915362
0.004050676237843645
0.000671944350698142
0.0014709551669057391
0.0036237626633688633
0.01175644425153119
0.014229266451566807
0.02109914632729975
0.011805989109965042
0.0030819047961406533
0.014178797635160986
0.0023407997657252056
0.002666095557695159
0.10011183356080436
0.11216132329869465
0.03510373473918773
0.013999277479476145
0.014474835658731198
0.0
0.010733918864320572
0.023728586159210023
0.2702032806295787
0.08690079624218616
0.0050575206967493035
0.0031547824665844634
0.006061969462147828
0.002510911668084239
0.005579684661913989
0.0072211058659076045
0.0027408799481208304
0.0005107328527986103
0.025859018784416266
0.014469367121654104
0.0037771686483859296
0.017377470571577784
0.0028688736583681474
0.0032675547170495927
0.12269661267013482
0.13746441306552706
0.017891569738371676
0.0013046103642420643
0.003833572640627872
0.0021972610932643687
0.013407116732607666
0.029989686521390273
0.06057411033562203
0.055039369211641785
0.019531164468408413
0.012183158292662267
0.02341015087566084
0.009696654091108292
0.02154766047398339
0.027886510954167873
0.01058474700643706
0.001972351265678576
0.006237122269823544
0.008367977453033143
0.02251252004838324
0.0025716313296862865
0.01816443730165431
0.011784631200058848
0.011725188624898578
0.003944702531357152
0.06909377382928734
0.005038152311977581
0.014804514353014648
0.008485396376166037
0.05177568568726131
0.11581435547693592
0.23392547108170464
0.21255137383836514
0.015694019961881207
0.004183988726516571
0.012197562413382754
0.003944702531357152
0.01756515664282827
0.0036434892048659464
0.01718859976012458
0.001972351265678576
0.0072505033531534546
0.008807819280164015
0.008062025121643245
0.0
0.007295743289381756
0.0029345311521705745
0.006455113860817187
0.005514334274987936
0.10075177097199757
0.2148754692238619
0.015082080481964613
0.008863156131412517
0.011153215444551369
0.011053616137138884
0.01672442004082736
0.09527929443227919
0.012747507703320109
0.0018140498665415734
0.00885521549800659
0.0
0.010219287642731245
0.0015064975651698019
0.008907072485958635
0.004692575523125172
0.22221677113710028
0.010594912413950252
0.0
0.0
0.0
0.0
0.1026933188062536
0.09564941070497622
0.07030549995781664
0.14994205210202008
0.010524412607925865
0.00618479076855467
0.007782814936169846
0.007713313635740762
0.011670452053906792
0.06648675617375693
0.0819079876655903
0.15909981762342051
0.008568730029237198
0.005801536777887234
0.0024170399716295222
0.0029804658358028747
0.0004432449380371753
0.007365318727659987
0.1550648791885529
0.007393226015640745
0.0
0.0
0.0
0.0
0.0716603296532403
0.06674502666710361
0.027630375564904424
0.001965020577358492
0.00457963210811756
0.0
0.0019059596263272605
0.0014788015587859124
0.03062414254154169
0.0317581721035063
0.16420414888414864
0.31895363181352004
0.01717806848354586
0.011630567860151
0.004845534637974335
0.005975056521281056
0.0008885904766059549
0.014765542743811864
0.01969720995314798
0.03276793386915379
0.04328688276050803
0.007482073614088074
0.0009424925436888582
0.0007024924756391315
0.00044429523830297744
0.0
0.05539169539249368
0.00393935366550998
0.009180967741341271
0.0
0.003820951865236649
0.002964611367579775
0.06139341723143357
0.06366685068205284
0.006429607308167944
0.03443584050040493
0.08276378658380118
0.013611249679231012
0.012774523170568923
0.0007024924756391315
0.003864396259129737
0.0012953320716898285
0.030771419216334778
0.051190794652606036
0.0676237304247777
0.011688661710679765
0.0014723828013766256
0.0010974493603728792
0.0006940878970250964
0.0
0.014150035849851382
0.02937919975318262
0.12957308649363564
0.015697096351014524
0.0009815885342510837
0.0010974493603728792
0.0
0.0
0.010044475453460136
0.05379643546600108
0.12929542706602415
0.021263796798331923
0.019956644047830506
0.0010974493603728792
0.006037045733409189
0.002023596554899943
0.006415205146385969
0.024616761301204375
0.1832568098759366
0.1747024790845564
0.010306679609636379
0.001769583879807536
0.0
0.0
0.010518387016250996
0.021838940657875873
0.09631776803198269
0.011668389833308174
0.000729660914186015
0.0008157857142998187
0.0
0.0
0.004013135028023082
0.010562917113145743
0.011037135889301105
0.0030084689473650152
0.018533830899942552
0.01527089575661703
0.010253987782800076
0.0
0.004768723643837373
0.018298796215096346
0.13622340396111957
0.1298645676384742
0.007661439598953157
0.0013154149079933352
0.0
0.0
0.0
0.0
0.0525926184146688
0.22078600020795658
0.2139192648438174
0.0
0.0
0.0
0.004379232331407803
0.011526516753824649
0.012043996026811688
0.003282915822752002
0.02022457528468852
0.016663979646824603
0.01118940541764408
0.0
0.0023886721807678925
0.0028807656308193997
0.022666141462257133
0.006303238366445902
0.014424930548912961
0.005341233260746153
0.007083374702919696
0.0
0.0
0.0
0.05739036771667438
0.240927151386976
0.23343399969686882
0.0
0.0
0.0
0.0016570528245129666
0.0
0.0008902055750967937
0.016932891760680965
0.2060357081781318
0.09302337476777083
0.009309761073066419
0.0
0.003548115009959481
0.004279066779100613
0.033668109583059644
0.00936278106280351
0.021426679228025228
0.007933826188763968
0.010521589486807353
0.0
0.0017740575049797404
0.0026446088235809384
0.026012013947383818
0.012199964801715393
0.041886716923986836
0.011388283052811119
0.006826102180487127
0.0
0.002461373329621204
0.0
0.0013223044117904692
0.025151985233393275
0.30604383249419015
0.1381761946859151
0.013828646420566812
0.0
0.0011827050033198269
0.0
0.00563951038074869
0.05507122665868071
0.24806957721617753
0.008743673947251335
0.0008362987136780647
0.0
0.001899990399311821
0.0028323385012237775
0.02785849761243159
0.013065989084421536
0.04486007910728678
0.012196689455809802
0.007310658516559834
0.0
0.011399942395870926
0.0014161692506118888
0.009247332893918265
0.008483851224767308
0.01857212396882654
0.005664677002447555
0.02282763937154951
0.004005531511426593
0.0012666602662078808
0.0
0.00603983554657335
0.05898050183610789
0.26567899504332154
0.009364350652590683
0.0008956640483665124
0.0
0.007883478447203595
0.0028323385012237775
0.18841658434500397
0.2663659402212628
0.0006333301331039404
0.0
0.0
0.0
0.006948061801370073
0.0008631299293244914
0.005636084658467947
0.005170756182475349
0.011319378698339017
0.0034525197172979656
0.013913039524687655
0.0024413000980432623
0.032934069033301344
0.008044936681562063
0.011940860659074688
0.0
0.007033803202752514
0.006439787527887915
0.013824454752372008
0.010317278186380703
0.004804839670135446
0.0017262598586489828
0.11483655153435803
0.1623452952804144
0.00038600343340944846
0.0
0.0
0.0
0.0
0.0
0.1230284990335869
0.23732037201710307
0.20376438958459717
0.011507834850014845
0.0
0.0
0.021785236884579846
0.005321566890263693
0.007898643735782144
0.0
0.004652722043441945
0.004259792394299782
0.00914460406565773
0.006824675962971386
0.009034829022284316
0.0011418868378208307
0.005068471534147101
0.0008074359243074865
0.0062775953790547715
0.005401679110368039
0.016777308035707164
0.01274856014522252
0.0
0.0
0.08138092478918713
0.1569827438177004
0.13478612348974262
0.007612205706580019
0.0
0.0
0.0008074359243074865
0.0
0.0
0.12162487666158305
0.35570188061991287
0.022323541055904814
0.0016349331420939407
0.0
0.009438246876527603
0.0011928736951001574
0.005294785934292975
0.0008434890767489606
0.006557898863645291
0.005642871698588651
0.01752643849418621
0.01331780133017378
0.005911447549700239
0.0028851766160319196
0.004028766990696579
0.0027222587012291953
0.014172287549324081
0.012703106056687624
0.021002910660465102
0.010074177625249732
0.0008434890767489606
0.0
0.0
0.12705559888603246
0.3715844711012661
0.02332031863848801
0.0017079352120155707
0.0
0.0011102237399142382
0.0
0.0009736566510948419
0.0
0.2462861724030219
0.08070491589583866
0.010562153990497375
0.002536185266064944
0.009247502353154979
0.004513391571473189
0.006302353512156075
0.004258532877753461
0.022170248718287155
0.01987195220188546
0.03285565238003401
0.015759419416708217
0.06504732300373801
0.019122688589552135
0.012825992095504907
0.0021276331221330783
0.004657607331663358
0.011474220240593046
0.03722540439856391
0.045055306402316725
0.0017367652442261887
0.0
0.001523128150332844
0.0
0.38527483153630765
0.12624977103886972
0.0165227794140646
0.003967451122384034
0.0374169948998834
0.014077975042347035
0.015008223440845308
0.007815504781244513
0.010123346122938751
0.016614822950688737
0.021492722908190078
0.02965992103528426
0.034803055774587324
0.010231443306344864
0.006862445641900153
0.0011383732765328656
0.0024920159701374875
0.006139190800831423
0.01991715824247429
0.024106485390195692
0.0357450796508661
0.020001094572576778
0.005221203299201559
0.02402098373840721
0.003965661585289573
0.004516760848439034
0.1696042773064732
0.19001789801661045
0.02001966722509484
0.007532309216843503
0.00803003126599371
0.004181624027672526
0.005416416286982988
0.008889629628639508
0.01149951142614285
0.01586930619729784
0.27234667851662836
0.017913301210925506
0.0035998523797668184
0.006792790104339352
0.0020582943294265173
0.0013041612186627004
0.011000611553330113
0.04476240222707533
0.025782739747505633
0.014426685324717118
0.0037660267412180696
0.017326210439467065
0.002860411043390255
0.0032579160710921695
0.12233468171193794
0.13705891999073017
0.01783879311448505
0.0013007620193780285
0.0038222643527383764
0.002190779603713945
0.013367568366111717
0.029901222824288122
0.060395428582975474
0.05487701386047267
0.19644224049509634
0.012920770848772724
0.0025965547690342834
0.004899604116992634
0.0014846369776681887
0.0009406846933338828
0.00793468380860194
0.03228688754833663
0.032407277851464404
0.010280412546105924
0.0018218633108576844
0.0005092262909891739
0.011512219536480186
0.0018447143037123345
0.08297465008318235
0.0886359429048417
0.039239337904181125
0.0028612384304100864
0.008407694485476232
0.004818977415793694
0.029404149076048172
0.06577262142233911
0.13284960562219206
0.1207109514765892
0.008912857385395651
0.0023761467687769744
0.006927169361578373
0.002240252731625883
0.00997550254746187
0.002069189394882495
0.009761650532415444
0.0011201263658129415
0.07128509860545042
0.022613445825742356
0.004007485798572676
0.0011201263658129415
0.025323006411922363
0.004057750288121666
0.18251628970636055
0.19496922755803756
0.008695073310842983
0.0015840979021522828
0.00817755279916606
0.002580592412433276
0.01640885455470301
0.006336391608609131
0.002877082535824284
0.0
0.015494974702357509
0.002205031559506785
0.010763777776717826
0.0
0.012421848033792007
0.001831192591112497
0.010826811487711238
0.005703965097490296
0.27011109366202923
0.012878431113643878
0.0
0.0
0.0
0.0
0.12482678293181936
0.11626470316099505
0.004969802826686839
0.004799900150931378
0.008830516616146025
0.0014700319302342114
0.011931795607065107
0.0024415902082607238
0.009720611096394766
0.0031964967887962194
0.08473952536503805
0.001968472910752846
0.002316295712527532
0.0017264649887281
0.0
0.0034204056364082794
0.09368499738423859
0.18145413124867335
0.17706610134469375
0.008442206344854325
0.0
0.0
0.0
0.0
0.08182778240420222
0.07621507666943125
0.031550683208016066
0.0022438255168785674
0.005229408536741175
0.0
0.002176384763075807
0.0016886198089915855
0.034969217757306735
0.03626414794651188
0.05554935631396588
0.0012903943306592335
0.0015184028386921987
0.001131750719741611
0.0
0.002242180736989728
0.06141338741929233
0.11894874496821722
0.09212681998225354
0.010586912626792391
0.05606638582394115
0.0012653357557954076
0.0014315639898069908
0.0
0.0021547891342074505
0.13660029200870305
0.03343666795085042
0.0023779532206279494
0.005542003501779389
0.0
0.0023064811045919635
0.001789559340956993
0.03705955002441835
0.03843188641632835
0.0038811710508991934
0.02078686626689746
0.049959569403839214
0.008216300885822694
0.007711218919337156
0.0004240528743429578
0.0023327058980855742
0.0007819148350719966
0.09763382519500381
0.011219759641743175
0.0594178298339698
0.001340972911233823
0.0015171376626611206
0.0
0.002283594567812387
0.14476575913651715
0.0022206572698819367
0.08254347824832013
0.28296383729486546
0.07000498458355336
0.018920055527571783
0.0052589392990313915
0.004871024391958933
0.0
0.0031540719372292773
0.01689265190725604
0.04060013686235248
0.0066770579580102355
0.006266598115967579
0.0003446107510661413
0.00189569645719591
0.0006354308032964607
0.0020144425278887587
0.00772992441121988
0.0575445839868861
0.054858433294808495
0.003236406826159239
0.0005556681263979363
0.0
0.0
0.0018046390342719057
0.0670797717827984
0.22995335344874163
0.056890241230156166
0.015375569746277535
0.004273728893969826
0.003958486018460209
0.0
0.002633511543511272
0.004799872285586591
0.14474244075079332
0.20568914427733512
0.05746092808534323
0.0
0.0
0.002932401670318425
0.0020931059395519432
0.008031775775886199
0.05979168373606152
0.05700063961825699
0.00336278759848265
0.0005773668097655689
0.0
0.0
0.0
0.0
0.023084147919242747
0.09690821337537554
0.09389424031896136
0.0
0.0
0.0
0.0027363494253564748
0.004987305942444267
0.15039459217446627
0.2137212472571575
0.05970476109519498
0.0
0.0
0.003046911127183311
0.005301190100585216
0.0038030332184145967
0.0506820082045536
0.05211544743726164
0.08151782849083349
0.01617454321703473
0.01107061624801857
0.0
0.0
0.0
0.032251351199959734
0.13539251414710213
0.13118162865591185
0.0
0.0
0.0
0.0009312049168962838
0.0
0.0005002639603974385
0.009515684612802337
0.11578476055407302
0.052275837371384935
0.005231755534961363
0.0
0.00740640478954842
0.005313298129144281
0.07080890539441315
0.07281159365822083
0.11389028197676695
0.022597796358628856
0.015466992061560998
0.0
0.016544376216872637
0.007757739773007545
0.006762859188178596
0.0
0.006940294159408008
0.07495929887838504
0.06596125618299527
0.029713615911583557
0.001436578850248068
0.0
0.0007717620601098494
0.014679938875264077
0.17862227225712135
0.08064644095420244
0.008071079968353368
0.0
0.0006902849614094549
0.0
0.0032914963533730995
0.03214228354674406
0.14478563805417718
0.005103239283095424
0.00048810516881015554
0.0
0.025523169532784523
0.011967940333450961
0.010433128413158148
0.0
0.010706859062919028
0.11564043686219651
0.10175906918975135
0.045839483242043164
0.0035319624193150675
0.004505048843171619
0.03049742178048512
0.052405363915625454
0.09065469339643584
0.020468977744760787
0.004245446779075267
0.0010914363695433403
0.0007471301564538772
0.0
0.0035625521675015977
0.03478921123535699
0.15670878326947452
0.005523492727142051
0.0005283007910160197
0.0
0.004650011248314742
0.0016706338423995123
0.11113612378607991
0.15711397278395028
0.0003735650782269386
0.0
0.0
0.0
0.003822820693563985
0.004876041106499858
0.0330088945582259
0.056720962979344036
0.09812013740276403
0.02215460483691857
0.004595060726501389
0.0011813165158217488
0.032604181006336067
0.08638142939467604
0.10383405969670835
0.03001224551746972
0.013008331080885793
0.009585746827072812
0.008367071701497787
0.014922840706497393
0.0031921128378815515
0.0011468470614249807
0.07629208372743417
0.10785469168832298
0.0002564427951490674
0.0
0.0
0.0
0.0
0.0
0.08173443406059377
0.15766465859728995
0.13537161873244252
0.007645272242750523
0.0
0.0
0.02238192967740853
0.05929862423993871
0.07127940498796563
0.020602632788187105
0.008929883913239628
0.0065803680622215895
0.005743779007740309
0.010244145412365563
0.02792204060890504
0.02246715887237224
0.061622562723853296
0.011910195979955992
0.04873903963315555
0.021485383580558605
0.017455241212671415
0.012179119309393511
0.0
0.0
0.05615063002323696
0.10831383387414477
0.09299876810129898
0.005252215398119184
0.0
0.0
0.0005571088798843926
0.0
0.0
0.08391786488955912
0.24542464648806836
0.015402637631431767
0.0011280595079529343
0.0
0.019182125498808832
0.015434683557980151
0.04233400231321872
0.00818216967745766
0.0334831679399692
0.014760215057522749
0.011991552918473227
0.008366916957467805
0.0005571088798843926
0.0012704036809923396
0.01201350468730085
0.12002716438628425
0.08404091952706258
0.013536475182447879
0.00567359943961601
0.0
0.0004879378367923424
0.0
0.0
0.073498561844752
0.2149525441557556
0.01349023495790754
0.000987998820262583
0.0
0.0006422373270051066
0.0
0.0005632366004605515
0.0
0.14247053756448602
0.04668582340449611
0.006109948204491965
0.001467121254489755
0.0004879378367923424
0.0011126694374088313
0.010521899221266501
0.10512450449383538
0.07360633792910228
0.011855776593773666
0.0049691612130952825
0.0
0.0027851736645941377
0.0020058933727659344
0.032393600035624845
0.03603048488410702
0.11066713731688707
0.07856759769735572
0.02100540015173283
0.007510046677411068
0.0007897118827056117
0.0
0.0006925705147543905
0.0
0.17518551432504362
0.05740611444736719
0.007512952762032088
0.0018040108217367923
0.0170136094016198
0.006401293561311382
0.0068242800395381855
0.003553731291900208
0.004603113030159961
0.007554805208607685
0.009772799593222583
0.01348644680652282
0.0034247226778072893
0.0024664991667497707
0.03983202127325505
0.04430403038906207
0.13607921821003788
0.09660878134656059
0.025828791637141607
0.009234550611503403
0.02435369156889979
0.006972080855220564
0.008072295880565948
0.008324940599656732
0.02712034485013541
0.12905863784862578
0.10621630698459213
0.019501889558361026
0.015417099786638622
0.005800614041892196
0.006183908649713663
0.003220259067244692
0.00417116975239811
0.006845883376083205
0.008855747358887256
0.01222091628385219
0.20973355211355457
0.013794992153054866
0.002772238056308183
0.005231112070485231
0.0015850877394836776
0.0010043315615548068
0.008471545711766277
0.034471423229224335
0.022068409132221023
0.006317840249419065
0.007314814167892475
0.0075437514117684895
0.024575447392296505
0.11694813552322927
0.0962492652260956
0.017671886679180075
0.19302982068772873
0.023976848675753722
0.011934866389014446
0.00576421048197991
0.008165505536488102
0.002154238011813013
0.0007294240509681318
0.11577543536557058
0.17495161361163342
0.011507248662007445
0.0023124937158557285
0.004363591273270277
0.0013222188578990062
0.0008377745264142184
0.007066635629457011
0.028754727398967186
0.028861947097451143
0.009155743484708467
0.0016225528949937896
0.00045351733454825397
0.01025279175742681
0.0016429040071704434
0.07389728850743674
0.07893924033908459
0.16101800720086057
0.02000055939010614
0.009955603726516878
0.004808281340095141
0.006811348757350279
0.0017969819920188451
0.000608457318526298
0.09657538829471292
0.04209701922963661
0.024433066279948817
0.017191518615120575
0.001182628476351909
0.00620943770845382
0.0006413703669283666
0.015409048024554334
0.155318810609586
0.057227471680248984
0.018154009125359732
0.003217198047465178
0.0008992342176960828
0.020329236553602067
0.003257550234787075
0.14652355127073155
0.15652073388230553
0.006980379790284944
0.0012717092296654303
0.006564915815270192
0.0020716921501108664
0.013172981137782879
0.005086836918661721
0.0023097135665326026
0.0
0.08346997406837042
0.04844588633872518
0.03408734488236138
0.0023449158648295673
0.01231207372846279
0.0012717092296654303
0.030553062011628974
0.30796615368874397
0.006337134515203455
0.00381512755340153
0.009613668558917507
0.0008992342176960828
0.005118530838111106
0.001907563776700765
0.007097585189847103
0.0011724579324147836
0.005790211522225378
0.005592261530017732
0.01028824700719525
0.0017127029214870893
0.013901481168202477
0.002844644797678758
0.011325277146043096
0.003724170391199014
0.09872821785238821
0.0022934259016927938
0.002698666846809147
0.0020114676213656684
0.0
0.003985041825053436
0.10915039695357602
0.21140834720235657
0.021635061411330397
0.004702518720464228
0.013373350038186078
0.006850811685948357
0.009896557537325275
0.010690017811343948
0.004738649315023172
0.007135019294604835
0.15702529523230507
0.024875467581902535
0.012201437846293958
0.003017201280394759
0.003219562273397142
0.004864636875988392
0.03346719812665713
0.19685224718912514
0.04702470324920356
0.0010923692820262118
0.0012853874039274401
0.0009580712591361117
0.0
0.0018980937095307788
0.051988834984835336
0.1006947659731805
0.07798895718021283
0.008962235705960699
0.047462388955951444
0.0010711562180951162
0.0012118749211499813
0.0
0.0018241132989553345
0.11563749108374159
0.07479186874372519
0.011848299368404468
0.005811600841346448
0.0014371068164707934
0.001533492286118173
0.0023170488689516363
0.015940580056264874
0.09376162873564473
0.16958323334710504
0.0760908952533667
0.009989860625568558
0.007188144740963846
0.0038020793509272715
0.003931861921130172
0.019233698429732136
0.04363796348838558
0.06551476470351747
0.007528742333824288
0.039870865788482646
0.0008998267206862488
0.0010180377220043006
0.0
0.0015323496799356695
0.09714148378404765
0.0014901171620889796
0.055388760446982245
0.18987588761324253
0.046975114248617625
0.012695835522070492
0.0035288812056475044
0.003268580497249781
0.0
0.14245870225863386
0.06392029434481418
0.008392000508388795
0.006038414006112086
0.003193943643643202
0.0033029677267555485
0.016157303194740263
0.0366581502490923
0.007136853888675149
0.07244158743807716
0.0684491726893887
0.03585375194345038
0.007089146962726198
0.0
0.001025960316380851
0.0011523405146883197
0.0012619043004397897
0.04690591906618317
0.16079621470373037
0.039780830791103484
0.010751456228124656
0.002988429690256682
0.002767994283101096
0.0
0.0018414982048504155
0.0033563385052164806
0.10121199030434883
0.14382932585854813
0.04017988688104092
0.0
0.0
0.0020504988577311803
0.006043837922854437
0.06134708937292004
0.05796611674292467
0.030362715708149024
0.006003437358021435
0.0
0.0008688335174306613
0.0009758584680802164
0.006745666392649562
0.01719724556813903
0.13296185839475044
0.10517062408553367
0.006597933585231918
0.0027958982407250534
0.00724045902803048
0.0
