0.2705622369963994
0.028135076330605687
0.0023723933067990224
0.011069467074093342
0.0008649511943823986
0.0
0.0015152615529548
0.018234989559577502
0.0035951642661268455
0.06011967173180337
0.032395371183532404
0.0122674803904874
0.006688514325446211
0.009864770964829768
0.0063007946993120885
0.010663225321944228
0.17447487336188414
0.013291570759788653
0.02605257175808456
0.00948739137834596
0.0029698286784540246
0.004342783260612302
0.006117529811916587
0.04769503205177428
0.08678298470837073
0.05234085426596969
0.0252677237804744
0.00520419844756836
0.008775800461692808
0.009404347551962636
0.018889079782875417
0.03425385545165044
0.005131923673929771
0.08581793314320912
0.046242830645849144
0.017511236865745565
0.009547531759141257
0.014081484990627335
0.008994080684053524
0.015221240093456762
0.09842607126529694
0.140389039326096
0.04113753970256564
0.011416930623238916
0.0013946169360982907
0.004527376168845775
0.00565567738705586
0.005452072255954646
0.12387852703013588
0.0747140462125857
0.03606845758817956
0.0074287423994891045
0.01252703209457638
0.013424252764888194
0.02696325078378669
0.0488957273446295
0.05947228428431616
0.0008266577310623918
0.0039834351589999786
0.008746637943618707
0.005810723767316508
0.004341872828365092
0.018632381155287352
0.04333809192138387
0.13576792448905065
0.19365121705346433
0.05674470505836871
0.015748398313843382
0.0019237204577737003
0.006245016771710787
0.007801384029141507
0.007520533176216329
0.03427796872012412
0.03170902891029056
0.032974011394585806
0.029253087909662436
0.013443976140561285
0.017520607484441855
0.0225583283009504
0.01077134872763614
0.0820354657877244
0.001140283290457211
0.005494710059252581
0.012065023673061946
0.008015253433628753
0.005989135345183425
0.025701317600331546
0.059780124471518294
0.009108089596131925
0.04679023189348269
0.08404222735291322
0.02089887062195522
0.018555311946168166
0.002025037280363281
0.00044725590016811374
0.0
0.044190072728926666
0.0408782768066049
0.042509052201676875
0.03771215537386101
0.01733154867687874
0.022587012821968025
0.029081483106575205
0.013886081977297201
0.0942285693510798
0.009710273835294736
0.008420877144176676
0.005157161393220756
0.008255417059074753
0.029028248710977415
0.07052270882523412
0.06812428685122116
0.011741860930001825
0.060320486527617595
0.10834458043150866
0.026942162771577616
0.02392092107627444
0.002610613990248055
0.0005765881554488724
0.0
0.007521284602300969
0.04636365916781027
0.05015407006894733
0.045373177154030296
0.06808193947120081
0.001470017139822558
0.001470017139822558
0.0034848726412860576
0.08075898228293754
0.008322230062787782
0.007217147334154711
0.004419966348354538
0.007075339088807236
0.02487877975330489
0.06044177717844742
0.058386199777238565
0.09013899411238258
0.02333229136027477
0.007505268583159317
0.016818944030879756
0.022175692831442738
0.021750171455371475
0.020916082696701508
0.10314751511388785
0.006446147852240467
0.03973616446785666
0.04298475169483098
0.038887267790837246
0.05834990578130565
0.0012598842258574952
0.0012598842258574952
0.002986724406770264
0.09267634271830869
0.07873089597075912
0.02342787834603756
0.020507485988852672
0.019461506302406596
0.0
0.003225771849132141
0.012773559099672788
0.0930398937730286
0.024083183210751022
0.0077468070127850045
0.01736021997379491
0.022889362430740887
0.022450146705985153
0.021589214872120028
0.10646706171563157
0.06787561983245755
0.026822256237559888
0.017322650628340142
0.0361230591135783
0.025231198722729213
0.04226317466762277
0.01465802836038458
0.02930667883097865
0.09565890064219973
0.08126465432531964
0.024181846426255357
0.02116746849400017
0.020087826549090554
0.0
0.0033295853047249787
0.013184644375500069
0.10540251712762795
0.022628041808133586
0.011695795677991535
0.00902350915899753
0.007934839481714025
0.0013004304706789825
0.0010201415834767906
0.006890780822412849
0.0935101374215012
0.036952190976966455
0.02386487879976818
0.04976561879115906
0.03476024035869478
0.05822466565746901
0.020193911299685535
0.04037490297130433
0.02114634339962746
0.054625806210630894
0.19215381020312913
0.0
0.03921135550533883
0.0035955305007125014
0.00222216015278856
0.004097460704784596
0.1452097805589905
0.03117395177062112
0.016112935157017925
0.012431408855857558
0.010931582388258643
0.0017915627484575754
0.0014054174370085992
0.009493215137272958
0.02975895680160094
0.016054891604984543
0.008432504385115929
0.0026758350911149213
0.0034782307599004773
0.00111108007639428
0.026427624259943397
0.008811373994561177
0.02619029737548131
0.06765548454382149
0.23798750147698852
0.0
0.04856428564375969
0.004453158224884053
0.002752203258862366
0.005074811862960117
0.005599639583370489
0.0
0.0
0.0
0.11398848148006399
0.13974336565438214
0.0573083506888414
0.03702150330239414
0.03685724351907392
0.019884401644261168
0.010443876432562194
0.0033140914927770704
0.004307879439049717
0.001376101629431183
0.03273130135149491
0.010913116317226053
0.012999399148337512
0.001376101629431183
0.004465321768772459
0.0025374059314800584
0.03783203608876176
0.039362934733889576
0.03077541053706317
0.00448350751405237
0.004216133208430376
0.0
0.0
0.0
0.08582527767927797
0.10521688687660805
0.04314914145137968
0.027874577850113668
0.010511879132022709
0.006302395129120849
0.007146412057187412
0.015124179403177175
0.06169356930509261
0.1750028119595908
0.10968744377940083
0.009706877622665408
0.00978762965418539
0.0010361073586324947
0.0033620719896970226
0.0019104874968652907
0.02848485180547227
0.029637510386505347
0.02317171104256859
0.0033757645717736244
0.011356183734230233
0.0027067801245481025
0.005978296404300678
0.005286251847691034
0.009502738572730887
0.027185985825091335
0.08261442772203426
0.09314502290715423
0.009936303959423777
0.0059573091441441186
0.006755112147664267
0.014296058944306769
0.05831555417049602
0.16542057909390928
0.10368153669158638
0.009175380095639783
0.0427272420831648
0.008896350730792773
0.017841448707893413
0.010749683409013184
0.0260714545223847
0.0485982043089791
0.06977173180787465
0.030767432009911683
0.010734378885563086
0.0025585710919092024
0.005650956359620121
0.004996804520393739
0.00898241862560554
0.0256974243331806
0.07809089649625978
0.0880448917162241
0.008498415577695411
0.0037691457392659525
0.00565562875043106
0.0013850462146878797
0.0395385680135297
0.03050826093256098
0.02734452354551242
0.029582126743092567
0.035923823899763264
0.007479793251843269
0.015000571772254861
0.00903802152762285
0.02192012157606269
0.04085995838538727
0.058662045206872536
0.02586836302751929
0.07591065109344575
0.03134962293744922
0.019211657808363886
0.006417392466365549
0.0165947675150081
0.04401154235762849
0.10780167403251638
0.10231805412631571
0.007145220935297064
0.003168988242357998
0.004755088355046825
0.0011645066211536691
0.03324287937429278
0.02565045951470803
0.02299048102753554
0.0248717927927779
0.0
0.0
0.0
0.008961042101646857
0.05998831815871222
0.06353115579840785
0.10133077778165
0.024830756952860918
0.041080728258157326
0.016965542019968843
0.01039681365454981
0.00347291390917172
0.008980625577195263
0.023817819841782717
0.058339260866735354
0.0553716786369328
0.0
0.0
0.006036797841176559
0.00265881049107222
0.013692840703018757
0.04886620562928485
0.18951877175321755
0.08953678172927457
0.0
0.0
0.0
0.0048494661840602525
0.03246400553076957
0.03438129049990974
0.05483739220088324
0.013437713471448596
0.050781808998903465
0.01665300169659646
0.03706940487721944
0.013948203601791304
0.03337594637799432
0.010016500765288334
0.006330280670152023
0.1231191391270217
0.0
0.0
0.005474407861857966
0.002411114872231564
0.012417211370650282
0.04431381459412713
0.17186314356574056
0.08119550707510027
0.01343078159005329
0.01325932911618146
0.005517163434745208
0.005120216487994512
0.028430129262740668
0.015362706962609473
0.05392970763287314
0.05474423580058225
0.04605095975332264
0.015101602838105604
0.03361600749822275
0.012648784581721206
0.030266632750622562
0.00908336041398956
0.0057405497384841455
0.1116493215301691
0.05623664858175362
0.01139445565562255
0.017718087544075913
0.007080542511294004
0.004394868080212323
0.0
0.0378313061707982
0.09371717140162598
0.009983535892437109
0.009856089703600695
0.004101086657236143
0.003806023107605212
0.021133037866642265
0.011419598728326623
0.04008770213493527
0.04069316735996336
0.06873622792112451
0.015004154232645617
0.005607500609282544
0.003961846187100316
0.013163857913221434
0.0019233925669142047
0.012287573380287154
0.21585489362784183
0.041802526220968944
0.008469868730270922
0.013170429565515918
0.005263197069021059
0.00326684809272904
0.0
0.02812123780597066
0.06966301537646412
0.13157260433472517
0.0009011503118374972
0.0026597084389835195
0.003333488049659739
0.0
0.011636349490257212
0.015145142411776323
0.18737457426313897
0.09153257913375593
0.019980277885057473
0.007467226654490269
0.005275791392752298
0.01752964779402966
0.0025612851862976105
0.016362743735131732
0.28744311013212887
0.015545099107024373
0.00988348682458836
0.003603791572539346
0.001619899016236794
0.002146654938379165
0.00040000553641058315
0.007378832234887554
0.008815307405343063
0.1752086226192432
0.0012000165665815479
0.0035418000161914426
0.004439038450684858
0.0
0.015495541619875144
0.020168024755281632
0.24951730063039534
0.008742473144121785
0.004435448327307753
0.0047338144666322956
0.001475147473130485
0.004102366288617415
0.004187704224166517
0.005206733892190703
0.0
0.1898373817740703
0.014461893246195621
0.028346500076132524
0.010322755961515695
0.003231322022317192
0.0047251652224841395
0.006656178165037554
0.051894578479271154
0.09442422442918558
0.05694946522792859
0.027492546252929826
0.005662427995978056
0.00954850948172913
0.010232400128212337
0.020552262804427176
0.03726990660208933
0.09285643179001343
0.03217427386320419
0.0070159561922319685
0.01772687904298161
0.006698767457997247
0.004098619623994981
0.0037169342938249868
0.08474906771663976
0.03836685639122781
0.032162620723328865
0.016215189472422065
0.021822431051236525
0.008824174173349098
0.013843642176672643
0.02274176378906014
0.02537865067981066
0.14462013321977685
0.08722379556566848
0.04210758124501633
0.008672574183967842
0.014624496220602736
0.01567194307018036
0.03147784377062274
0.05708258543256629
0.0694300286117376
0.0009650692017375888
0.004650401786152784
0.010211131621895785
0.0067836425365972106
0.005068854481202658
0.021752094648524498
0.050594407097178044
0.05876267362603182
0.04926026686290988
0.024835182664849857
0.033423233337500885
0.013515104330682906
0.0212029210506123
0.034831283271943965
0.03886993898483063
0.03834009589894716
0.017099836083577916
0.004706425759557818
0.003578145216846556
0.0046581801424085845
0.011115991950594718
0.019221821293173586
0.05564197422469219
0.09873547850904921
0.0013724114959070917
0.00661327173265068
0.014521108329722351
0.009646923748667938
0.007208347493172055
0.030933351413499368
0.07194960299608741
0.010962229274157987
0.05631534960143658
0.10115075782135534
0.025153267203929634
0.022332628775830483
0.002437275426614951
0.0005383040724527983
0.0
0.05452291739406563
0.024317439181537986
0.006692942646414198
0.005088430571386577
0.006624333224951442
0.015807897624273225
0.02733508484938283
0.07912767803950461
0.11457092386657657
0.12633129106655874
0.024379950116828097
0.01792168375242955
0.03315296515301778
0.0042556674013018115
0.0
0.0
0.011328874166404357
0.05819888394194793
0.10453386610841477
0.025994548362440823
0.023079570302623306
0.0025187930234300934
0.0005563082971140635
0.0
0.007256744679326487
0.04473294852812573
0.04839004244142781
0.04377730391905623
0.06568734972011561
0.0014183134427146386
0.0014183134427146386
0.003362302097974924
0.11840288568611756
0.13055659245754803
0.02519536675882703
0.018521095938030616
0.0342618057941117
0.004398003296379734
0.0
0.0
0.0
0.0008796006780332604
0.040562546474241255
0.08196671109824936
0.09207773742165531
0.01092298841017341
0.0
0.0
0.006944999638751875
0.04281125009857358
0.04631123763142997
0.041896659361535436
0.06286546381829045
0.0013573836179398705
0.0013573836179398705
0.0032178597825461576
0.09984834066066169
0.08482368952885386
0.02524090516996167
0.02209451071383492
0.02096758519009209
0.0
0.003475406528122397
0.013762073934120168
0.0
0.0008418136039139067
0.0388200058096308
0.07844547439966637
0.08812213759597746
0.010453743918931151
0.0
0.0
0.02304452911790193
0.03847407300189999
0.1635987019798036
0.07573867943005579
0.0019196303444204434
0.0018823524150984926
0.0016836272078278134
0.0
0.11085437521410897
0.09417359411142706
0.028023147444823364
0.02452993374389218
0.023278790019111567
0.0
0.003858491956309801
0.01527903315691572
0.12214577110687698
0.026222520017680422
0.0135536799378987
0.010456899079375187
0.00919529356144005
0.001507004642210085
0.0011821916947304249
0.00798538554883788
0.025584670316657728
0.04271497449379223
0.18163178049643272
0.08408716591790462
0.0021312264286492237
0.0020898394457818294
0.0018692092525755774
0.0
0.02511221627990256
0.033262918569170255
0.06345754619081015
0.019923082370947656
0.01952242670461714
0.006366297298221791
0.0
0.0
0.21548315167505278
0.04626039204687461
0.023910690016913014
0.018447511935555338
0.01622185376735376
0.0026585784096301098
0.002085560473818495
0.014087397621800505
0.044160619053932544
0.023824556648496503
0.01251336249131176
0.003970788858550106
0.005161498925976196
0.0016487803762470082
0.039217108826242256
0.013075583694338734
0.04430165252961681
0.05868069325890807
0.11194846884053233
0.03514725513187887
0.034440439456354374
0.011231087199251952
0.0
0.0
0.0105334271671928
0.032635956357923886
0.05464840723708635
0.043587492649764206
0.06817148109257559
0.008243901705435435
0.00370135873443916
0.0
0.06511789371984544
0.035130960140403164
0.018451820337753555
0.005855203401003646
0.007610987927645091
0.0024312409474309335
0.05782834523737148
0.01928085447110758
0.022966814968819478
0.0024312409474309335
0.007889150696073086
0.004482986626081133
0.06684011798002318
0.06954484806157958
0.054372756104237405
0.007921280538548707
0.015532268466193797
0.048123979760459276
0.08058286434067835
0.06427277911153138
0.10052357407148887
0.012156204477925963
0.005457910007870857
0.0
0.002174567979327169
0.0024312409474309335
0.0200939906265091
0.030352616105964653
0.10675023094842101
0.04786110526407222
0.015528774063265288
0.0
0.01598702448722454
0.0016923682545311684
0.005491577544938436
0.003120572750917369
0.04652689562424484
0.04840963757622555
0.03784846024389824
0.005513942882889116
0.01854908633194193
0.004421229823931745
0.00976489450298842
0.008634515272912244
0.015521686008315359
0.04440533984744925
0.13494164835154138
0.15214222592116478
0.001513700161813286
0.0016923682545311684
0.013987273404178678
0.021128224248602688
0.07430802044193958
0.033315749827790946
0.01080946102204612
0.0
0.0
0.0
0.004903410876209874
0.013070124206118645
0.156924091947479
0.04405297714555925
0.04828948577810311
0.023033038492409764
0.012753062582355874
0.0030397303471753723
0.006713662790617714
0.005936492594469971
0.010671632527088451
0.03053002546492618
0.09277649883110446
0.10460242051115677
0.010096608929929007
0.004477963001615926
0.0067192138609736595
0.0016455149611987146
0.046974104200052
0.036245577419953684
0.03248687453445805
0.0351452764706519
0.0
0.0
0.0033712445266711015
0.008986109017820558
0.10789009924652455
0.03028776536065609
0.03320049425493508
0.01583591644887025
0.0
0.0
0.0
0.0031652112851807677
0.15142972157899198
0.2050181131950042
0.0
0.0
0.00802412025074072
0.003558790268366539
0.005339988939363187
0.00130774698858662
0.03733192633169484
0.028805599364467603
0.025818429696974586
0.02793115258828017
0.0
0.0
0.0
0.010063296859073999
0.06736719310768068
0.07134581819250266
0.11379499015970473
0.027885069126751722
0.0
0.0
0.0
0.0025155016052969617
0.1203463760871406
0.16293490272562766
0.0
0.0
0.00445402563606282
0.03954514089022018
0.05312715739721182
0.06069678400465265
0.11470578058872978
0.01309967985211273
0.0
0.0
0.0
0.0
0.0
0.006212983979880088
0.041591865708513184
0.04404823107864126
0.07025594700760074
0.017215977048927016
0.06506006100559246
0.021335303481020054
0.04749215891078202
0.017870000993280132
0.04276021572052665
0.012832826630226866
0.00811015705627002
0.15773637963021406
0.002749873158902311
0.024414794701350696
0.032800202799127
0.037473618430635215
0.07081826037505926
0.008087618024439705
0.0
0.0
0.033467665524941764
0.019779057914575432
0.03634696195078657
0.030482204868274923
0.05290980526019131
0.037160429956450046
0.06098707197506627
0.0
0.047310256454979924
0.015514567057432052
0.03453526146365925
0.012994674717107269
0.031094295648362302
0.009331751454492816
0.005897529210575409
0.11470245273738722
0.057774480289292614
0.011706045262031792
0.018202601424426035
0.00727416505202234
0.0045150489169913195
0.0
0.03886583051807493
0.09627993503276186
0.0243369559521068
0.014382899245914144
0.02643071747355566
0.02216599411899355
0.038474855651111785
0.02702225365367931
0.044348467723242475
0.0
0.09807109671604965
0.07595857947576044
0.03335752645087991
0.021283869965498713
0.012037491990103977
0.009778477380457496
0.020664662585060136
0.025687018729816442
0.03749822272222102
0.007597747140850011
0.011814302766881755
0.004721258588101614
0.0029304687648127746
0.0
0.025225662987417113
0.06248998570755778
0.11802489628034321
0.0008083610765736668
0.002385844790670717
0.002990246968981045
0.0
0.010438183150768296
0.013585684279331108
0.16808107436043052
0.06365252978229663
0.04930051670881877
0.021650527188719588
0.013814183915817502
0.007812870897352338
0.0063466693401749525
0.013412290620600236
0.016672024474775476
0.14942864921791954
0.010268937678887938
0.00912043878378457
0.0004968480572237373
0.0004820134280766862
0.0
0.020670937276935565
0.14827846879937878
0.16902215695024658
0.0011576450144261657
0.0034167421059181757
0.004282299823510115
0.0
0.014948407381726427
0.019455909159058
0.2407070594956014
0.008433783941731502
0.004278836464299567
0.004566667552037444
0.0014230612854600243
0.003957515265723789
0.00403983999221591
0.005022888599703933
0.0
0.21399512642639787
0.01470603280133847
0.013061280154877753
0.0007115306427300122
0.0006902861333509416
0.0
0.029602622114846107
0.21234796568870123
0.00316229645802134
0.001393978876882953
0.004889929772212215
0.0019713837586255996
0.006993045601080178
0.003022450739751985
0.008193317796688799
0.0005457191112727771
0.10161089883502954
0.035207651463473315
0.007677417720422816
0.019398162069920618
0.007330324559888495
0.004485035833800055
0.0040673653642043315
0.09273917573736336
0.04198406818176307
0.03519489967025709
0.017743951014606137
0.02387984107440234
0.009656113765587178
0.015148815193580556
0.02488584813301917
0.027771339659350712
0.16385621247122617
0.0
0.005810368074862973
0.007618396176832899
0.007744891339310395
0.004730407545914451
0.006900844456169154
0.06102208109325516
0.07838110011652993
0.06197761351957048
0.03376237139083196
0.030093598777671062
0.006939695843544234
0.02875142731219109
0.01520259011835977
0.01842724870492276
0.05997210254014971
0.05027412119228086
0.025346330067594354
0.034111136428142
0.013793266588221963
0.021639310755164634
0.03554816626084625
0.039669943906278364
0.03912919581031841
0.01745177779946665
0.004803291457534447
0.003651789113850074
0.004754052869154343
0.011344776674715836
0.019617436826291065
0.05678717420136809
0.1119634084302517
0.08853186349397171
0.04822782752456368
0.04298717275046173
0.009913001973145333
0.041069949188282204
0.02171612549567491
0.026322386007950227
0.03342500783352413
0.09027171100993618
0.022540329716999954
0.003659295104243968
0.0066783906054861805
0.006312799479447548
0.003377774613636156
0.005108734622232588
0.050163359285727786
0.02237305883241483
0.0061577865363343105
0.0046815684697885974
0.006094663005464762
0.014543925490031268
0.02514941877550175
0.07280076585507672
0.10541003108983282
0.11623005968296538
0.022430571501511037
0.016488696937852477
0.030502111439456008
0.003915391601464408
0.0
0.0
0.04285062962217042
0.11572771121288139
0.02889654731198103
0.004691191097729876
0.008561650717725454
0.008092965414402312
0.0043302837694752525
0.006549362567858119
0.0698533908528968
0.17410283923146463
0.0394015714378025
0.0
0.0
0.0
0.0
0.0
0.11301925666954994
0.1246203498112165
0.02404976539294927
0.017678965199976273
0.03270396494619383
0.0041980316654169755
0.0
0.0
0.0
0.0008396063509878374
0.03871821894016831
0.078239788720437
0.08789107950288434
0.010426333983113815
0.0
0.0
0.07489589205522411
0.18667078712109597
0.042245849559778094
0.0
0.0
0.0
0.0
0.0
0.0007509667390338926
0.007530316941717715
0.08456092199050504
0.039929481675656395
0.02609927687508876
0.003868637911235996
0.0010620273290570038
0.0
0.0
0.0010444341354539763
0.048163796614347255
0.09732692707027311
0.1093327170842726
0.012969910371444581
0.0
0.0
0.02859123769715344
0.047734599424746546
0.20297613161540665
0.0939686194226035
0.00238167624025595
0.0023354256906071135
0.0020888682709079526
0.0
0.0009341702762428453
0.009367389914885605
0.10519014458196212
0.049670555283405304
0.032466376233261915
0.004812418924002131
0.0013211162516185105
0.0
0.014373244241976522
0.0050796724841287175
0.04219611687326942
0.03174225742782465
0.036697018972568336
0.01069838050372719
0.003133302295000154
0.0034028942296771485
0.032876151695217085
0.05488849235633591
0.23339577545328974
0.10805151632296109
0.0027386134938588032
0.0026854314629740856
0.0024019229553162327
0.0
0.032269051021683384
0.042742655784534345
0.08154257564995887
0.025601044303358685
0.025086204115824424
0.008180654787524042
0.0
0.0
0.016527334809946746
0.005840953264043639
0.0485199680394679
0.036499408713939384
0.04219673087550637
0.012301726286186823
0.0036028843049229985
0.0039128794661723604
0.014225714221558836
0.0024019229553162327
0.02851384784234174
0.032374462893608756
0.0504628123045438
0.025899574002765904
0.019163755386734968
0.005095247759652349
0.05006145173399089
0.06630995742955775
0.12650324648291325
0.03971686192045615
0.03891815088362874
0.012691276682505677
0.0
0.0
0.011902911643564636
0.03687906117977426
0.061753421035703734
0.049254441649396574
0.07703467287296166
0.009315717671039909
0.004182584193906464
0.0
0.022069440635411785
0.0037262871478783133
0.044235717268244774
0.05022498524896892
0.07828682786016353
0.04017999392046429
0.029730202313367975
0.007904648315228165
0.017497685612408786
0.0018631435739391567
0.016157359202359674
0.0
0.01603638890019157
0.016953921577260448
0.05372984062756849
0.016878735891545232
0.018818968702061626
0.058307237664728534
0.09763457316298375
0.07787319805391121
0.1217948298014642
0.014728513874445655
0.006612829146003059
0.0
0.002634716675966112
0.002945702837705672
0.02434597248449828
0.03677537082024278
0.12933907622886176
0.05798873770248249
0.01881473486722371
0.0
0.02766452509764418
0.002945702837705672
0.025545416637749147
0.0
0.025354157860186827
0.02680481289736956
0.08494897882264364
0.026685941388558294
0.010538866703864449
0.017674216398068623
0.032276098408274584
0.0
0.022395091745711953
0.008837108199034311
0.01971293476193737
0.0
0.0023660968325393355
0.0026453767182924104
0.02186380376536627
0.033025975508857754
0.11615244302367243
0.05207655527154029
0.016896497820996826
0.0
0.0
0.0
0.007664625554998258
0.020430188398703246
0.2452913769007318
0.06886014305711136
0.07548231956826378
0.03600343105953217
0.009464387330157342
0.015872259745633017
0.028985421812970917
0.0
0.02011182307658435
0.007936129872816508
0.017703122664288508
0.0
0.055795257374779174
0.006910918687960367
0.023212462442437787
0.0048778334626120665
0.024115735956386542
0.028073932434299648
0.04468357224411427
0.013496795112380822
0.0
0.0
0.004013092265780852
0.010696964967560027
0.12843118302904316
0.036054221506339384
0.03952150182536437
0.018850900111142547
0.0
0.0
0.0
0.003767832569731731
0.1802602687732262
0.24405129853344593
0.0
0.0
0.02921362749312145
0.0036184617418143924
0.012153725296694779
0.0025539663486639783
0.012626666854857208
0.014699123957682723
0.023395702359311887
0.007066735835908241
0.013879715471348125
0.0013850827769835412
0.016691060687055653
0.03794223776957706
0.06810426962499856
0.043868290565828194
0.03479201771877919
0.012361259048106081
0.0
0.0
0.0
0.0023940557897914744
0.11453617753419336
0.1550685741595264
0.0
0.0
0.004238989885533001
0.03763594239295855
0.05056223319203283
0.05776640605677802
0.10916790415189594
0.012467240858970914
0.0
0.0
0.008819079024842436
0.0008800723971166258
0.010605389102640394
0.024108245875789594
0.04327300058793649
0.027873620463144236
0.02210661697849844
0.007854261898728072
0.0077398650021255015
0.0044880453098229516
0.059100294830566
0.17792531252142488
0.024869264346565834
0.007112363627419425
0.0205164694873702
0.008890070741499338
0.0027997621721757827
0.024857735137705582
0.033395273792682
0.03815347591469359
0.07210306622889211
0.00823434598593343
0.0
0.0
0.03407484582494965
0.020137895441187357
0.03700637929930784
0.031035222056851396
0.05386971061741738
0.03783460548245332
0.06209351749726221
0.0
0.005112015323427341
0.00296425795407938
0.039034480925695635
0.11751586413785543
0.016425617292691423
0.004697564084020934
0.013550689369034722
0.005871701618105402
0.012243455459328732
0.0
0.012488248708370803
0.02656391605989897
0.015620014290417724
0.016324392094119913
0.05823609757216073
0.19775551692149557
0.022315323302623685
0.013188134429517747
0.02423515934792334
0.020324699854115332
0.0352788099122155
0.024777557548036594
0.04066451026856772
0.0
0.08992448497537223
0.06964881975976515
0.030586569199208605
0.0195158523664908
0.01103755646517737
0.008966194645777456
0.01894808156914663
0.023553238489005934
0.008018133620318365
0.0
0.008178446612568904
0.017396480034147857
0.010229412942113837
0.010690703904296191
0.038138319154311984
0.12950838626390657
0.1562673832504684
0.025268833893683063
0.002889067311279107
0.0031065871653180037
0.0027503103113471154
0.002057016917935013
0.010768604986288292
0.12176710359196068
0.056412764906093364
0.043693133145778544
0.019188021349151672
0.012242974666959599
0.00692424402740044
0.005624806533982854
0.01188679224879069
0.014775767756927776
0.13243280805015378
0.0091009606231793
0.008083090659707809
0.0004403371357285373
0.0004271897800868385
0.0
0.018319848857235692
0.13141344781776945
0.09803197823388562
0.015852020573549754
0.001812412660174848
0.0019488704490814473
0.0017253655559475393
0.0012904384365515717
0.006755521386910801
0.07638874985061608
0.06266382456240649
0.000622730742608983
0.0008610285305925187
0.0017487474596421919
0.001179616287705363
0.005662161440185115
0.017299212648297216
0.23519099692216844
0.19942582472853054
0.013704810800448067
0.012172036860815019
0.000663087929223747
0.0006432897970203422
0.0
0.027587204568468054
0.19789080664629125
0.0029469997270892157
0.0012990734500308734
0.004557011619717527
0.0018371672219159628
0.006516942276436833
0.0028166750408856163
0.007635497060862268
0.0005085652447002142
0.09436321012893717
0.000937747932382247
0.0012965920405703308
0.0026333761966973695
0.0017763419389986758
0.008526446215105303
0.026050265038814097
0.35416570274766035
0.006240509060133017
0.004828205026835981
0.005228951044305114
0.0026584632938888506
0.006127177404561118
0.0
0.0023378165419124094
0.0026239965640273066
0.1621042722893418
0.0
0.005748243989676529
0.007536940770398117
0.0076620834546594005
0.0046798303298822425
0.006827061067005196
0.06036963689088319
0.0775430543889774
0.061314952825388354
0.0334013862674532
0.029771839937276976
0.006865497057822294
0.02844401888357505
0.015040044993610533
0.018230225736059737
0.13722274442342447
0.00945811026036801
0.006169102464150489
0.010819818380799682
0.005564373057170872
0.001692179011396948
0.0
0.14346906168040088
0.026149424079888798
0.048850037663545155
0.033317832715265186
0.012852011785885867
0.005909079092659389
0.004701189271396635
0.009618862006103197
0.018666843060590715
0.10068649641131237
0.07961496779124573
0.04337033903359936
0.038657521020076184
0.008914568175335659
0.0369333994876978
0.019528885574700842
0.023671205275763697
0.03005845372575221
0.08117957852548857
0.020270076259551503
0.003290732289656189
0.006005745637437584
0.005676976710910776
0.0030375664360554363
0.004594184809300489
0.03395396163491684
0.06342978337208979
0.043261848150710866
0.016687813612120038
0.00767269841954773
0.006104302705551702
0.012489700366975581
0.02423813508044978
0.11501765362012345
0.13686696699767315
0.01918396793225502
0.0
0.004025134797461248
0.002611372702317406
0.0
0.008965649002611417
0.03493759438981083
0.09435678937900327
0.023560350411505473
0.0038248896976015123
0.0069806087499904934
0.006598473477572061
0.0035306295208421376
0.005339920904901909
0.056953875774761985
0.14195204207772524
0.03212545844373928
0.0
0.0
0.0
0.0
0.0
0.13368751987414712
0.15908345192858603
0.022297943085144215
0.0
0.004678501702086315
0.0030352552764889972
0.0
0.010420968794754959
0.01758874222922716
0.050790474262675495
0.14968608743426817
0.020160963054568503
0.0018058679619486818
0.005119468532498782
0.008843995486128122
0.0026397620680492857
0.05513662232293877
0.13742271312600862
0.031100416698043747
0.0
0.0
0.0
0.0
0.0
0.000552844332726157
0.005543645049068567
0.06225179367156965
0.02939516027231573
0.01921368358764617
0.0028480016935874598
0.0007818399398418143
0.0
0.01702753015903025
0.04916987929142885
0.14490998474802438
0.019517677954044577
0.0017482473041313532
0.004956119300587399
0.008561806063433958
0.0025555339682949174
0.0
0.0016118042982945148
0.099747691199684
0.2000839773772677
0.09309645153627358
0.003340021740382074
0.0031516976458582113
0.006274502899144598
0.0004990736436166187
0.0050044596096570915
0.056197066064036884
0.026536131191681807
0.017344924253991017
0.0025709996433101625
0.0007057967033463826
0.0
0.007678800703534746
0.0027137779048475867
0.022542967090660032
0.016958069073697374
0.019605114221967448
0.005715531605508004
0.0016739438544408696
0.001817971375494135
0.0
0.0014550371530085355
0.0900460414306718
0.1806234299745288
0.08404171396109844
0.003015164886490541
0.0028451575508426233
0.005664232838053244
0.0
0.0
0.004921635571875154
0.15026376648999126
0.26858675886644334
0.019913419904801763
0.0010586950252724668
0.0
0.00739238044583409
0.002612553638603642
0.021702111507512518
0.01632553090768428
0.018873840930147042
0.005502341538653909
0.001611505532536685
0.0017501608084583538
0.006362906835782454
0.001074337059874505
0.012753732749357597
0.014480516622381284
0.022571110902732873
0.011584414947427119
0.008571604086122083
0.002279012940578006
0.0
0.0
0.004738057929580531
0.14465890859840375
0.2585684380817798
0.01917064677120433
0.0010192055641349536
0.0
0.0
0.003603435992033593
0.0042152024975628255
0.04311704121896804
0.2080683265945801
0.12625072592176623
0.02595580926867534
0.005185832614419254
0.008280598963990365
0.0013981273928049445
0.016597531429729587
0.018844744082535444
0.029373731594845496
0.015075797412693593
0.011154967021696124
0.002965875924592288
0.006565246475792152
0.0006990636964024722
0.0060623472104318395
0.0
0.006016958359153049
0.006361222641183508
0.02015978882229199
0.006333012478473658
0.0
0.004689461768422966
0.005485606238651787
0.05611192118047279
0.2707772428710122
0.16430094880404625
0.03377853124157748
0.006748770849967492
0.0
0.0
0.0
0.0
0.053090761768593224
0.11422222550525372
0.1349051160979814
0.0
0.013874195086762752
0.0014773163715519346
0.012811428815560912
0.0
0.012715509526052438
0.01344303587680054
0.04260325093044887
0.013383419942759229
0.005285407652100096
0.008863897914276763
0.016186971739995202
0.0
0.011231491260712705
0.004431948957138381
0.009886347286078538
0.0
0.0
0.0
0.0
0.0
0.11219557236705754
0.2413833883841941
0.28509209910812006
0.0
0.032664468614599554
0.017256685159612137
0.03049950883119977
0.007736330235475093
0.051541873219892065
0.021048058958561294
0.02076295242329641
0.01362399567252935
0.004232131839341462
0.007097500713833801
0.012961232698131493
0.0
0.008993280158600608
0.0035487503569169004
0.007916196418184557
0.0
0.024949621880714902
0.003090312980452667
0.010379773982741857
0.0021811907716780383
0.010783685241301138
0.01255364760190402
0.019980878021259786
0.006035278812202364
0.026155094694368265
0.013817773672853252
0.02442156800478938
0.006194634674244066
0.04127061091050072
0.01685360266193836
0.016625312144929814
0.010909006392695517
0.05438149926786613
0.20082237598185176
0.15569123873373764
0.1668818390827434
0.10847191677508419
0.022799368384039603
0.0
0.0
0.012230667197231083
0.0015149163293899522
0.005088316038309268
0.001069251411889587
0.00528631920662469
0.006153980475707581
0.009794916754846434
0.0029585813743976523
0.0058109243969202045
0.0005798830182897036
0.006987930837422765
0.015885014039669472
0.02851274312613103
0.018366033541997083
0.014566133217750831
0.005175202757403026
0.02665860117687195
0.09844604692345192
0.07632210762876843
0.08180790253420953
0.053174509844867754
0.011176581687107735
0.0
0.0
0.0
0.003122765557443295
0.00885790360249778
0.13106504003140473
0.3515384678213306
0.017848927523661743
0.0
0.0
0.004498275880208308
0.00044889136673288336
0.005409404526963476
0.012296696812866268
0.022071907311481696
0.014217270791003324
0.011275742247831785
0.004006159459095993
0.00394780996485646
0.002289180753408579
0.03014480650424657
0.09075291643709363
0.012684863312093996
0.0036277454444358227
0.010464668655547729
0.004534486047486861
0.0
0.0024173539401127608
0.006856963092729975
0.10145833400005602
0.2721283057140057
0.013816975524552905
0.0
0.0
0.0
0.0
0.0
0.0
0.19684725460324318
0.15033220242670312
0.020932215193859877
0.0025393130289745047
0.003654477245011939
0.00211908856999785
0.027904967667070183
0.08400973476186242
0.011742344424580168
0.003358194364826391
0.00968711610202325
0.004197561743316431
0.008752600793542986
0.0
0.008927598578517743
0.018990010912999917
0.011166434992769488
0.011669980559959868
0.04163181836338276
0.1413714535152549
0.0
0.0
0.0
0.0
0.18222098304997308
0.13916212225298702
0.019376896252511346
0.002350635356047864
0.004860023330859619
0.0
0.0006700341523935214
0.0
0.005816274949619055
0.08897941721804899
0.03362174629040222
0.13375824668447023
0.006205968607338317
0.0
0.006330049527458456
0.013464730582255217
0.0079174803759055
0.008274515736715428
0.02951874122034301
0.10023841178003924
0.12094965246598204
0.01955786686952431
0.002236114024447195
0.0024044725788890213
0.0021287172627563874
0.0015921139534416538
0.0083348105250307
0.0942467234997533
0.0034459645691252406
0.0
0.0004750828940657671
0.0
0.004123987898044287
0.06309021546622404
0.023839257258946398
0.09484032226270642
0.07912539617200444
0.01824702572105567
0.0021810871637798794
0.0
0.0
0.006897202846268454
0.05180164541325212
0.22853227466635823
0.08711241245836274
0.01408629897488078
0.001610532012536047
0.0017317900693920188
0.0015331808932036992
0.0011466993460930552
0.0060030387637780794
0.0678799755350179
0.05568383939447989
0.0005533661390697621
0.0007651204621867653
0.0015539583382313895
0.001048221431908967
0.005031465769327386
0.015372291517243838
0.20899359065770212
0.056989036402611055
0.013142182704477185
0.0015708996325745725
0.0
0.0
0.004967620550394879
0.037309460666125234
0.16459739540287566
0.05427729980360743
0.01068899755711968
0.004659812221639828
0.005949212825395228
0.002749966873401842
0.0019098562088542775
0.004513147563072092
0.1665692083504996
0.09613569289144928
0.0009553622340095208
0.0013209467338748623
0.0026828405367667466
0.0018097080725045236
0.008686603748121725
0.026539583340693385
0.3608182170308801
0.006357728416312957
0.0049188961995106665
0.005327169678234445
0.0027083988604804346
0.006242267981890979
0.0
0.002381729201483798
0.0026732847206327715
0.09370736432039202
0.01845408286574754
0.008044960289067236
0.010271053565045018
0.004747696525200924
0.0032972825142413547
0.007791750224398188
0.28757439201907653
0.01640390935849011
0.0041948051538521405
0.003439131913991388
0.0005181179414409481
0.003704486596575229
0.0007327294215670023
0.006048614733468275
0.0015109831912050633
0.14553454277349215
0.010031002936339482
0.006542774743468141
0.011475191868215598
0.0059014159212389585
0.0017946769666305803
0.0
0.15215920933173552
0.02773333599504313
0.0518089615952785
0.03533594646276504
0.013630478437356958
0.006267001345702462
0.004985947730306164
0.010201491669194308
0.019797523225922733
0.0803641044435386
0.044420531721920536
0.00311123624720721
0.007045813637537054
0.007059650184618453
0.003321364884879662
0.027321514061132677
0.06892060566977741
0.050907988597704894
0.1402755741056352
0.02660171050549028
0.0008273051718755349
0.0073686873243249094
0.005200659910771125
0.009894678082581366
0.014158817615058585
0.03270730987721429
0.06110089899088726
0.041673448551911685
0.016075104780218428
0.007390988053202309
0.005880177468583809
0.012031129226350374
0.02334820906750403
0.11079467187813735
0.13184176708687384
0.01847961043784526
0.0
0.003877348173202224
0.0025154936881285972
0.0
0.008636466734921168
0.0600383364838773
0.16543399868292735
0.03137272735319428
0.0009756823565831199
0.008690261414929396
0.006133398279168408
0.011669288622187838
0.016698201590802205
0.16130059431428148
0.036800854566192365
0.004113905117343585
0.0
0.003626367867304089
0.0011831886795493462
0.004772632451891669
0.010837635308484885
0.126455483869417
0.15047758315947904
0.021091700891594695
0.0
0.004425410816792522
0.002871058383138143
0.0
0.009857230148105032
0.016637251639833053
0.04804288391983137
0.14158858383220488
0.01907032414647945
0.0017081767030121989
0.004842522855093977
0.008365565683244792
0.002496959999927853
0.18410041165943394
0.04200265041711079
0.004695405053220864
0.0
0.004138954478360009
0.0013504322405123992
0.005447243408046359
0.01236953360394549
0.03449999951985119
0.06078528856445289
0.030948976372813266
0.016609804500179084
0.01560166714555627
0.006113980690623041
0.0068146982326940005
0.016589872354392837
0.014313862499844813
0.04133370399219208
0.12181576406944745
0.016407156877199
0.0014696301397410499
0.004166265426569376
0.007197315969946335
0.0021482599939167866
0.0
0.001354931977037854
0.08385095919222686
0.16819670932025407
0.0782597237572345
0.0028077244022948877
0.00264941341008133
0.0052745389915285525
0.02968208091470674
0.052296634165334935
0.026626957498843255
0.014290248348209316
0.01342289719025249
0.005260164408570705
0.005863026874413266
0.01427309972292627
0.0009294757006510388
0.0030352627974524807
0.016301469365956493
0.17488447816887917
0.07277843240841535
0.01728583910498903
0.0018236758786602083
0.0
