0.024826142210039107
0.019595601732818053
0.009413227253907001
0.005874018796417914
0.00921168707912406
0.030159782854459402
0.04267097436299506
0.0282756631199607
0.015477720300785862
0.009040357796479685
0.014814046327617495
0.01990438813123673
0.038799738329340194
0.025789638029614016
0.07345187986742177
0.023823156229158256
0.06817667301133523
0.046882699172855924
0.024721896550585366
0.01226541304840895
0.012569266597503025
0.027330671105302237
0.015378048791290339
0.04692145434254465
0.030522909763428707
0.12409083970972641
0.041035887772247176
0.009419103277314864
0.010112887472227416
0.011849080369936347
0.07617130193676895
0.05142368067958096
0.01703653916087194
0.009950845902041539
0.016306024109933835
0.02190903319617371
0.04270740449068758
0.02838700853212364
0.08084949226905566
0.026222475025150686
0.02978561104976842
0.030551897059135132
0.008751949148894184
0.002995094280589798
0.010554018492610411
0.004353573885833546
0.046161448236553604
0.017137810240592792
0.03359698569187938
0.1365884903678546
0.045168764872791936
0.010367736250933823
0.011131394036197041
0.013042445387289367
0.08384279746381489
0.05660275109438261
0.01294623710848175
0.06339829938553423
0.1137270158671968
0.011672824338790695
0.004407874200728167
0.004231796633522993
0.0018271208486175348
0.003787060879607925
0.04551868024976965
0.0466897264902498
0.013374819613574968
0.00457713419571229
0.01612876070638894
0.006653176841726907
0.07054440476762733
0.026190179654844995
0.008040308604182155
0.04868912433557679
0.04210001017554757
0.04952883651042501
0.03875469551555432
0.014694979500610763
0.009401775918321349
0.0034813866681211248
0.019784574047987006
0.09688593976760929
0.1737988071612739
0.01783853142382565
0.006736159147076298
0.006467075579598775
0.0027922250628649088
0.00578742578009407
0.0
0.01825041045109829
0.16230540891510356
0.04065748412579872
0.004327682959136199
0.0
0.0
0.0
0.009154768968040895
0.05543788261019899
0.04793545691875997
0.05639398657819693
0.04412645102790291
0.016731838159571806
0.010704948113154852
0.003963938724751032
0.003078660860825911
0.0015710811081823283
0.002314737066326918
0.2812509352192071
0.04449818874336638
0.0
0.0012268082162841553
0.0
0.0
0.02078008438193757
0.1848024241393304
0.046292983555366644
0.004927539427679646
0.0
0.0
0.0
0.01844539736159607
0.00894748581497502
0.051299475268861805
0.0861146136725793
0.0
0.0
0.0
0.0
0.0026849775687756714
0.0013701793490385067
0.0020187404139844355
0.24528601440633058
0.03880798958643106
0.0
0.0010699303011339099
0.0
0.0
0.0
0.014753294978377364
0.23096864386544905
0.14784456763701254
0.002870924201541688
0.0
0.0
0.016086694963131868
0.00780332741934478
0.04473956262590916
0.07510272047068868
0.0
0.0
0.0
0.0
0.007203738876939852
0.019373137321563715
0.0410731020391368
0.018324502447138777
0.047453256940464816
0.005669594313266429
0.021801978366249614
0.00769284800593355
0.0
0.0
0.013822765564903961
0.21640083938368018
0.138519618938425
0.0026898474036262023
0.0
0.0
0.0
0.0
0.0
0.18575126827348576
0.13873807210196146
0.019267631432114116
0.0
0.0
0.006749379974620144
0.01815122220799787
0.03848251264158008
0.017168727514195396
0.04446025426459275
0.005311997974368025
0.020426869811080103
0.007207639694611037
0.004375503322486852
0.0017932316661513296
0.0
0.0
0.01597046718632327
0.06498642653041733
0.02983067461024195
0.009894792876714973
0.0
0.0
0.0
0.21671915533251537
0.16186806194039058
0.022479872401614344
0.0
0.0
0.0
0.0
0.0
0.08425008560752989
0.2537304799778271
0.00936560340289406
0.0
0.0
0.005104973941862014
0.0020921938009685627
0.0
0.0
0.01863301495088458
0.07582076610650491
0.03480395404359964
0.011544422680735744
0.0
0.0
0.0
0.0018858779835210563
0.052911605718242986
0.044614683980464476
0.004174948720045033
0.0
0.0
0.0
0.0
0.09066575416451522
0.27305212992754596
0.010078796829771385
0.0
0.0
0.0
0.0
0.0
0.0
0.21848633386480246
0.16202966593660476
0.0
0.0
0.0
0.0
0.0
0.0020294881412311577
0.05694083990427682
0.04801210515967477
0.004492872281036941
0.0
0.0013555914844164847
0.01631980901590797
0.022943564503558153
0.03677755765037162
0.03484038577381363
0.01910430873795117
0.0028704744139328624
0.0
0.0
0.0
0.0
0.0
0.20762016035877306
0.15397130168083123
0.0
0.0
0.0
0.0
0.0
0.07873962378216788
0.14905730998881614
0.038856648387205296
0.0
0.0
0.0012881726577447885
0.0155081615631119
0.02180249197818588
0.0349484669448439
0.033107638145444714
0.01815417730507269
0.0027277145786851653
0.0
0.0
0.0
0.0
0.0
0.04573649663739573
0.1283970623291604
0.07008426747675582
0.0
0.0
0.0
0.0
0.08398563836415593
0.15898822893651796
0.041445466243515985
0.0
0.0
0.0
0.0022820847848674143
0.01339791650330045
0.017232521100174297
0.16209473873062177
0.02790984332171465
0.005837741761404346
0.006103899972580464
0.0
0.0
0.0
0.0
0.04878368326039257
0.1369514956488653
0.07475362035769093
0.0
0.001051989065599851
0.01357296066759966
0.019395219654610416
0.02444101665414485
0.15936457690699216
0.0024070314798664023
0.0
0.0
0.0
0.002319340599115019
0.013616642070317837
0.017513847898101887
0.1647409907527669
0.028365481054970016
0.005933044891301424
0.0062035482262616385
0.003908080979916458
0.008270815331981565
0.018289746577319185
0.06757141742261168
0.08963453514105381
0.01469436826177395
0.012817249145303116
0.008207950839463572
0.0010691631467200564
0.013794543890438384
0.01971185324576143
0.02484002460622772
0.161966258104056
0.0024463270916231096
0.0
0.0
0.006277192908695858
0.006055163828337844
0.037910531057761515
0.038830513137861344
0.09644965685575706
0.05603491280587576
0.06751835728431965
0.00500811092730358
0.0033687474421497006
0.007129403954853829
0.015765675613310177
0.05824624432672805
0.07726454813409658
0.012666476398581414
0.01104840854002936
0.0070752150576788905
0.009516172845429752
0.005554092727694272
0.016909164816045427
0.0023336605482257313
0.025160014569941963
0.07301228927090128
0.05059068243659101
0.013040414450405222
0.005410910793230659
0.005219522769189535
0.03267869964508794
0.033471719875499364
0.08313915103058932
0.04830183155260787
0.05820050673682909
0.004316968088188528
0.007983197879941955
0.0
0.006086389936789421
0.0
0.008717159148959423
0.041921338851180504
0.2311746009595857
0.044696505488761196
0.007859312355831477
0.004587069855626402
0.013965110777633754
0.0019273469995656292
0.02077940539693033
0.060300122382699564
0.041782340655445525
0.010769948389961667
0.01578571550076366
0.008370203750100875
0.011865951464282766
0.0029766881026061084
0.04680778512138367
0.08716791935641285
0.0610197198628577
0.026246998374080732
0.0065932436028637515
0.0
0.005026688818035779
0.0
0.007199414903447168
0.034622416149609356
0.190924800041716
0.03691439863022436
0.012287445279952625
0.005119290937789962
0.0189311361985298
0.0033687498573997735
0.041197017710182
0.06474262415809405
0.09970932654749581
0.0511515725223373
0.012845300679093547
0.006811080809743517
0.00965567347231545
0.0024222186003546166
0.03808887053472411
0.0709310980328978
0.04965353955318311
0.021357954032709906
0.031570767953787944
0.005504139054561234
0.007448136028948979
0.008599235472088395
0.00916078089758499
0.02696624411190786
0.08156036018499681
0.049827483127756714
0.009998655378735583
0.004165717503048225
0.015404821951543676
0.002741250773768235
0.03352322417971041
0.05268297620237942
0.0811364096832068
0.04162353801613211
0.033143299377480735
0.01577726167427555
0.011425030052602002
0.0076727388416119756
0.00696032797709643
0.037441146985629614
0.11370322384744119
0.10019730272756906
0.035588480339129605
0.006204598659551619
0.008395989702164024
0.009693578660421687
0.01032658664945972
0.030397982393128842
0.09193977413361669
0.05616855460203395
0.05110669731657463
0.00614282344338192
0.004166606294777534
0.0037036015921988064
0.004354337851273745
0.004718325018945953
0.005698028580018349
0.11053451728475644
0.037361132931447674
0.017785084218481594
0.01287898533213242
0.008649175585835606
0.0078461029433739
0.042205926866364596
0.1281731553794782
0.11294846369823786
0.07260571280227772
0.0036444448075033417
0.000718434517749907
0.0
0.001185356532051249
0.00280371739570748
0.004353794592147107
0.10769981312486905
0.06670083268643671
0.04586781571018119
0.024186734445634055
0.01199990007485319
0.01229717601754893
0.02673903609669691
0.01504515568398559
0.045905731935408436
0.029862171433551313
0.12140460911053476
0.04014757194122645
0.009215205201520906
0.009893970847618984
0.011592579871297934
0.07452239954782994
0.05031049726581989
0.04405777781215213
0.1216361761545888
0.013267754694138488
0.013459674746102046
0.018911142852117376
0.0119146440291295
0.014136580534990728
0.015410571248729854
0.0865658212376078
0.017177098050306903
0.014035427252194433
0.0023847868462082023
0.0018844848982962647
0.0002802560080779188
0.008325205675225137
0.02086104966209134
0.0363582937616635
0.1478145838082417
0.048881147765986094
0.011219851795990492
0.01204627397399834
0.014114393032471882
0.09073376665234141
0.0612548837232535
0.014010277475937392
0.06860895242772602
0.1230741438966754
0.012632203978960794
0.0047701536835570634
0.004579604448813302
0.001977290378408949
0.004098316236369073
0.10539707620660108
0.020913749633902107
0.01708864970657814
0.0029035658343308022
0.002294429782982661
0.0003412220137052614
0.010136244587559342
0.025399096428024487
0.05284714621371661
0.08341211967281378
0.007852881040870736
0.002999289847918883
0.003321128848350671
0.0006824440274105228
0.004088506359380215
0.004148117428584377
0.023939651438253662
0.11723353869931791
0.21029933996726574
0.0215849086981062
0.008150860444226663
0.007825265018338324
0.003378637042172915
0.00700287787668151
0.0
0.022083288917145446
0.19639214402829888
0.04919620690175963
0.005236565686261613
0.0
0.0
0.0
0.09030101381187348
0.14252801731604953
0.013418380558657548
0.005124948713170779
0.00567488168222195
0.001166106250956521
0.006986115536594473
0.007087974205779309
0.019394833171151756
0.009040536166667829
0.008757245457504018
0.003053300978982042
0.0054757348964691735
0.003498318628534617
0.0005830531254782605
0.005585921023000833
0.0
0.03848049830408075
0.3422165780455049
0.08572520892848395
0.00912480282105754
0.0
0.0
0.0
0.034157131840521014
0.016568927555857663
0.09499621535702385
0.1594667848540892
0.0
0.0
0.0
0.0
0.033795819442953984
0.015753284664013295
0.015259645890620432
0.005320427748981967
0.009541559148537134
0.006095878406406388
0.00101597977051035
0.009733560307016876
0.027972457090605772
0.020619935257406036
0.03366086546665462
0.00807377996410334
0.002345532285789173
0.004925997792610308
0.011754339330026658
0.013394208146396731
0.037349226539912204
0.01811734754827946
0.10387391963615322
0.17436947285021132
0.0
0.0
0.0
0.0
0.0167252549927644
0.044979512340491426
0.09536132787203612
0.04254484806841373
0.11017442971275374
0.013163360334791848
0.05061866535578236
0.01786084236502401
0.030586573885445775
0.02254693505189321
0.0368065824646363
0.008828300874927917
0.002564729881526307
0.005386348255184867
0.012852820445051424
0.014645940318356608
0.042298575194804115
0.03278817119864107
0.012390241018255444
0.0015710871403529024
0.012407450591831848
0.004007867665951306
0.013669449346454329
0.021510083118718437
0.017267230195429688
0.04643705545879185
0.09845147358414852
0.043923496864155115
0.1137445880689602
0.013589913764816762
0.052258942973475775
0.01843961582257335
0.011194039063491904
0.004587701994791246
0.0
0.0
0.04085793573213668
0.16625758079981992
0.0763171028030611
0.025314275826936405
0.04366924361651573
0.03385065878033087
0.01279174182585723
0.0016219975911451895
0.01280950906878641
0.0041377410156520624
0.014112402388609589
0.022207108764226262
0.03527599062155005
0.02653979393376091
0.0018723047909703083
0.003736823633873226
0.008886122046767772
0.013415632187570138
0.02057241088642858
0.015858909356911494
0.01363440179943435
0.005587846529591984
0.0
0.0
0.049765192823406336
0.20250265752775984
0.09295465540934819
0.030832928662167237
0.0
0.0
0.0
0.005036816733026161
0.14131670414612132
0.11915722479135071
0.011150483624283844
0.0
0.042966352652449726
0.03232561652810676
0.002280477642279365
0.004551471956535822
0.010823346044912738
0.016340314572897058
0.025057310807804788
0.0193162397456821
0.0006247402252276337
0.00225253289551437
0.0008835160843562076
0.001975602081603737
0.03210965141271168
0.08327102939385082
0.050706216367156845
0.0025758698749320853
0.0
0.0
0.0
0.00494140623862253
0.13863979582788433
0.11690007502162367
0.010939264274479683
0.0
0.0033005998320619085
0.039735539442676986
0.055863087086256355
0.08954615162451782
0.08482951741432686
0.04651525104503208
0.006989043142774701
0.0
0.0006129060099042995
0.002209864025747424
0.0008667799768323312
0.0019381790064073113
0.031501410557663846
0.08169365810855628
0.04974570788941018
0.002527076156336922
0.012316275706651338
0.049930390528426676
0.07380455539191463
0.021211660324743118
0.06351841744760361
0.00905582342302014
0.0008667799768323312
0.0
0.002201160409224906
0.026499515454975857
0.037254929978753085
0.05971806755840678
0.05657255794908756
0.03102088536480347
0.004660972504088745
0.0
0.0
0.0
0.0
0.0
0.07815207460708953
0.21939801979225315
0.11975624071189281
0.0
0.008213688376043924
0.03329843193370482
0.049220042905850185
0.014145994454463604
0.04236024748717951
0.0060393022498674166
0.0005780530405348521
0.0
0.004496197550273802
0.0
0.0011561060810697042
0.0
0.00838955731760821
0.0731166733896934
0.11300212741573441
0.01074863027350353
0.0
0.0
0.0
0.0
0.06445245326778987
0.18093877467487038
0.0987636418715016
0.0
0.0013898761134309378
0.01793244287161636
0.025624745916268843
0.03229119612207543
0.2105506853759521
0.003180142900282924
0.0
0.0
0.0037080392804503385
0.0
0.0009534471546324543
0.0
0.006918914867827907
0.060299729705677846
0.09319348684011466
0.008864455535936505
0.0034803506332169516
0.0
0.028587060874680985
0.00842882408454937
0.010311138320079337
0.03981258070241395
0.09091670002606862
0.00940088137962821
0.0011784867622379905
0.015205057727498666
0.02172742128324618
0.027379956241393125
0.17852756306688272
0.0026964678893265834
0.0
0.0
0.006919045769213367
0.0066743138657274475
0.041786942561612764
0.042800994258231605
0.10631178616247951
0.061764570886556416
0.07442221564756173
0.005520198156616822
0.0029510163600610646
0.0
0.024239191167146526
0.0071468654715949684
0.008742894346045018
0.033757396702434855
0.07708897678843962
0.007971080409399355
0.014589250150611036
0.009773163154592495
0.015515625751865273
0.002356973524475981
0.011854292856663024
0.06689847882175981
0.10051380692903701
0.023685601431250168
0.004299364701529784
0.004147292906909298
0.025965618934571073
0.026595731556367633
0.0660601412433657
0.03837934084153128
0.04624456285409743
0.0034301471462453432
0.006343235082213769
0.0
0.00483608232586566
0.0
0.006926421036092641
0.033309572340966785
0.18368514234226582
0.035514645375511064
0.009065485214510494
0.00607285947957005
0.009641117562270454
0.001464578947961543
0.007366034272573982
0.04156945452104038
0.06245738616875959
0.01471778654523885
0.0317346525790727
0.0011914191852904757
0.008792289797653221
0.0014319076875195502
0.02073301259955897
0.022876289561441474
0.24565742290424533
0.02949077694970894
0.005582839932524734
0.0
0.00425635707582783
0.0
0.00609611648450556
0.0293165881746843
0.16166589041533685
0.03125732813336969
0.010404414626487698
0.0043347680739859356
0.016029970907082945
0.0028524945170249165
0.03488364292704651
0.05482092415472932
0.0844290372727506
0.04331267868899957
0.02793046188056687
0.0010485978397153143
0.0077383142741002395
0.0012602577886461326
0.018247643223394488
0.020133994912110712
0.2162092453670028
0.025955570787162978
0.010406488548239182
0.0009131369989204888
0.0012696616940462947
0.0
0.01627442176222296
0.01682357692198555
0.06786194448392259
0.07868343204945968
0.009495472950912971
0.003956077729757826
0.014629574139099015
0.0026032973022895784
0.03183616760137662
0.05003170491976157
0.07705321908779607
0.039528833066297876
0.03147536251846266
0.014983270829212686
0.010850065305638038
0.007286608185825797
0.006610049404899062
0.03555692090451481
0.10798110801689753
0.09515487250690562
0.009497365692465521
0.0008333642963106687
0.0011587425823971402
0.0
0.014852669485270656
0.015353849816176046
0.06193344665474694
0.07180955657116675
0.0685361912091975
0.00817027468746965
0.003547020253946094
0.012613931729371477
0.0005706392657294934
0.02780829167585058
0.03866082766770155
0.1256210413379871
0.034889254989852236
0.016608391920372036
0.01202688912265605
0.008076930991892443
0.007326991040937769
0.03941350887901438
0.11969299509984879
0.10547559566543356
0.06780199177382094
0.003403321960785629
0.0006709016327015536
0.0
0.001106931269362353
0.0026182185459367006
0.004065739922222809
0.10057420499982124
0.07596978906051856
0.009056442058167174
0.0039317384834409875
0.013982068682210825
0.0006325321539213445
0.03082444494616495
0.04285407273152051
0.1392461974269858
0.05646761996342091
0.007271996401658836
0.00777422370821303
0.0051806775573735465
0.001596988568141884
0.0087518949239958
0.008203715994138085
0.06450352711517994
0.05308208648239765
0.14655078723115114
0.015985375047836394
0.01621660588384161
0.02278469251529495
0.01435510813681551
0.01703216157935183
0.01856710248201849
0.10429700810028239
0.02069546512560425
0.016910289175158754
0.0028732602482186907
0.0022704819742075935
0.0003376605538625311
0.010030448869215487
0.025133996703104105
0.17524084888934927
0.05361108350084004
0.04136868114104272
0.012678613722408036
0.018565195777517435
0.01474024746889345
0.01052625770846641
0.046262835600270065
0.033272431336578125
0.012257159446174365
0.003987254657134359
0.004445866341370528
0.0028102197586471218
0.004785681694536167
0.006046508479255391
0.07227839108097829
0.17747185478531616
0.03521541651467438
0.028774558729296403
0.004889141451133422
0.0038634535597781637
0.0005745634114854182
0.01706781812415317
0.04276802464725572
0.08898615973250006
0.14045269681761707
0.013222998340104694
0.005050325412305844
0.005592250922999511
0.0011491268229708363
0.006884392176861191
0.006984767703376375
0.05661639015418323
0.020856790246757167
0.006784715040172937
0.007565088971411241
0.004781871714305656
0.00814331899075031
0.01028874264309496
0.12298895586444862
0.04667757267075848
0.0028728169961648254
0.000937949177397991
0.0
0.0017986679572433964
0.0020755824642100496
0.002028106536397975
0.12663555252159114
0.16569839435210992
0.26153265198838577
0.024622138994000675
0.009404055802501424
0.010413158647823918
0.0021397537554782996
0.012819215181610997
0.013006121365963835
0.035588667053971935
0.016588986808275114
0.0160691607990001
0.005602673196394683
0.010047733042432989
0.006419261038285733
0.0010698768777391498
0.010249919745277888
0.08691687411895137
0.005349384274621166
0.0017465263491078288
0.0
0.0033492443474776633
0.0038648783439902963
0.0037764748772884486
0.2358041720622346
0.012918513911699557
0.009628891329279434
0.004956156868250695
0.0
0.007733059375296812
0.0032096305191428665
0.01947381254015473
0.0
0.07844937545896005
0.03656769871803516
0.03542182759807713
0.012350173511451148
0.02214857838765984
0.014150207384778901
0.002358367981282715
0.022594265789782377
0.06493175265404288
0.047864530868327516
0.07813611022879575
0.018741459926607123
0.005444624393546123
0.011434593293256062
0.027285048700469758
0.03109163444389305
0.028476743641276937
0.02122531057425096
0.01092503437684972
0.0
0.017046260188926746
0.007075103692389451
0.042926823566141414
0.0
0.10121237405621264
0.035932876155790765
0.03037417853123729
0.04223542078592418
0.04395608624853232
0.015261577365991891
0.05027715835528985
0.044103453113632854
0.04086567426723197
0.03012418805080804
0.04917601479404524
0.011795190570840402
0.00342664779371588
0.007196515507446153
0.017172213393034493
0.019567939470071773
0.05651367826788198
0.043807153067885185
0.01655417685684165
0.002099075743610797
0.01657716997894435
0.005354774783091086
0.018263283311715978
0.028738885678493895
0.06369937266335127
0.022614840235271282
0.0191163989151155
0.026581431700651786
0.027664355716155654
0.009605079548148505
0.031642607698829574
0.02775710304024327
0.020532126248458772
0.035270930216277765
0.027387868518807965
0.10905668325629507
0.12210952455383514
0.019165326243107284
0.04594588691448945
0.024617033349190808
0.05658684323337861
0.04386386763577306
0.016575608584799877
0.0021017932946367293
0.016598631474757663
0.005361707297913251
0.018286927720190384
0.02877609223880858
0.045710820382719855
0.03439040923090132
0.0024261427246628797
0.004842196375501132
0.011514685246871185
0.017384049106533857
0.026657841843697787
0.02055006094249163
0.02055870799564961
0.035316593433951826
0.027423325995946622
0.10919787258801406
0.12226761263843021
0.01919013847399167
0.046005370376437836
0.024648903587526486
0.009370848017364541
0.010512466304880744
0.025846033015228614
0.06337047354990527
0.040794286732606384
0.026034123218578484
0.046518321530990996
0.021316394460759502
0.061047944090971314
0.04592925181424553
0.0032401742994734558
0.006466874388472921
0.015378150190493212
0.02321683244896582
0.03560221463614837
0.027445120454620803
0.0008876505448247049
0.0032004695250899937
0.0012553274176549506
0.002806997521975492
0.0456224017914641
0.11831409540282671
0.07204498568650078
0.003659876866497429
0.012515001941757337
0.014039661722658268
0.03451802363808704
0.08463285265725534
0.054481790412684444
0.03476922280979351
0.06212638207437025
0.0284685780383298
0.004526147461599756
0.013124704674895855
0.03248042368157913
0.02619972483881983
0.057141142603611694
0.03777955630077995
0.030610409482381945
0.006466874388472921
0.0008495125996535339
0.003062961209479158
0.0012013922192759007
0.00268639474849344
0.04366223326766333
0.1132307250272238
0.06894956966947781
0.0035026300940130158
0.017070857887722023
0.06920554730103387
0.10229610854533543
0.02940022191698506
0.08803910397324627
0.012551738723029346
0.0012013922192759007
0.0
0.004331681334435698
0.012560801154307312
0.031084900832270116
0.025074052494868302
0.05468607086807306
0.03615635598260198
0.029295231876383044
0.006189024842506456
0.03914662451909147
0.029338892930060152
0.03793021064754091
0.036126237535865906
0.039565210652941746
0.04693614796360135
0.0111644494934041
0.0035026300940130158
0.013853898631523831
0.05616393993515876
0.08301867003448825
0.023859825725288632
0.07144836129956784
0.010186395848523188
0.0009749929459913505
0.0
0.007583665490703773
0.0
0.001949985891982701
0.0
0.014150534001325687
0.12332473975631034
0.19059890595924314
0.018129545146996193
0.0317695438284847
0.023810054028188227
0.030782360021948445
0.02931834100266323
0.032109248482173725
0.0380911516174954
0.00906053770558497
0.002842568462893836
0.023637172005435674
0.012445982900396836
0.018243859623720878
0.008538105832414437
0.05751204941646215
0.04581385700686781
0.015758105903809234
0.0050227190314633225
0.005404321079688964
0.0
0.0013896116428205258
0.0
0.0100840456750055
0.08788447901996438
0.13582583336565413
0.012919594505214895
0.00507247385187324
0.0
0.04166451431782754
0.012284678837487377
0.015028077634610625
0.05802526695476179
0.13250750633552286
0.013701414026393468
0.016844475417566868
0.008869337371026503
0.013001058031926896
0.006084480570417478
0.040984611119583535
0.03264816907702172
0.011229644031150988
0.0035793227394280997
0.0004913019163353603
0.0
0.0010985844985314237
0.00609573916659708
0.06885819458407942
0.24429248617886287
0.011141676204128311
0.0029884729800652814
0.003757113443260924
0.0
0.030860347716260433
0.009099097078523532
0.011131095823493146
0.042978538064623095
0.09814653518663737
0.010148453857723916
0.018574437136235643
0.012442791971015025
0.01975386069758425
0.0030008023791625285
0.015092401267202387
0.08517240958628199
0.12797007172085062
0.030155539885664592
0.00036390074911510145
0.0
0.0008137068240314742
0.004515032356643157
0.051002342467469146
0.18094417255030054
0.008252490336945143
0.002213521909842639
0.016435802550677843
0.011623249709093324
0.018691058786297857
0.04558087874353095
0.08929572779579494
0.009615412777816653
0.020922331588223177
0.021446409246739767
0.011644236188854995
0.0078003337326780905
0.012383611837996572
0.0018811903371693745
0.009461362609445668
0.053394223831514695
0.08022389746149201
0.018904380587991192
0.040761832517304704
0.0015303280591368318
0.0112933281145131
0.0018392254710676431
0.026630686599030208
0.02938363611819602
0.31553667411688857
0.037879668221795657
0.010303535200004686
0.00728656615013595
0.011717345808710405
0.028574460366813513
0.055979114601621006
0.0060278616583114624
0.01311612130413046
0.013444663374735892
0.009322619590041449
0.008177626572876791
0.01356224915189892
0.006998247380518924
0.020808863080388276
0.025118481586275356
0.08552573249654866
0.023487603868274254
0.028565401199725678
0.0010724354690845401
0.007914228300071026
0.0012889070543012885
0.018662464367923296
0.020591698228157092
0.2211243001783477
0.026545615180787775
0.010643057810212261
0.0009338952157689073
0.0012985247373796624
0.0
0.016644385936735902
0.01720602496464014
0.06940464066315742
0.08047213160581476
0.0065331795058257355
0.005730782192301924
0.009504260831015476
0.004904287461428166
0.014582600577368623
0.017602729311427975
0.059935403066757716
0.016459829852660583
0.018205652932317445
0.005195776044630759
0.010868461832690895
0.003747870311130786
0.0
0.007662551210492465
0.1973543079007401
0.09934439142447148
0.009146777728134416
0.000802601293005282
0.0011159684894222152
0.0
0.014304394592175326
0.014787074235872864
0.0596472210117855
0.06915876191157214
0.06600623031929495
0.00786867526890895
0.00341608472397501
0.012148298122073381
0.0005495745552594931
0.026781769934364263
0.03723369289051508
0.12098383702408166
0.01564616708251678
0.00446531527431919
0.009340492779711154
0.003220966878230608
0.0
0.006585292873780235
0.16960877411807182
0.08537781933539089
0.05990288437624891
0.006073358171292994
0.01008741869737692
0.009593480012278393
0.01583175101183791
0.02808960072834932
0.03675112540745714
0.09547441528883946
0.0795902272825008
0.009488038478112954
0.004119110548841206
0.014648402188009179
0.0006626762890441273
0.03229342360247769
0.044896338806015054
0.14588215445233366
0.05915865717897878
0.007618552763710991
0.008144714359925033
0.005427569424212076
0.0016730951168590813
0.009168977757704411
0.008594674654347136
0.06757752584425936
0.07223082062587244
0.007323247440172948
0.012163396439006834
0.01156780581035796
0.019089904925896104
0.033870404285010265
0.04431445955810263
0.11512292666532284
0.05388784973815884
0.008457232218757042
0.010560434535352572
0.0
0.015453106540345448
0.013749061754378657
0.034475613609031966
0.04878938505048935
0.14880729582659014
0.045524319316273286
0.03512857653638752
0.010766155464430105
0.01576479797748518
0.012516809748198427
0.00893846357569138
0.039284490497379136
0.028253575374417233
0.010408273888539741
0.003385812081261855
0.0037752461943592725
0.002386322627475854
0.004063803366419455
0.005134445431491107
0.06137582642188861
0.18547269558953425
0.013218182033533688
0.0029373900903129236
0.001968003325734508
0.0022249137987320707
0.00446758530054265
0.026886053696710852
0.21735136641884892
0.0603479996302547
0.004144574916971485
0.0033598549594616566
0.0007799828824461125
0.0014105123123140987
0.0025668920486579556
0.009194961448558192
0.0281546530867558
0.06399305914768567
0.02357426547783864
0.0076687098856637265
0.008550760383815362
0.005404911874756765
0.009204329213049497
0.011629284642165474
0.1390134465604787
0.052759292152955106
0.0032471223872698445
0.0010601565557834826
0.0
0.002033020202479636
0.0023460144851407305
0.002292352818469726
0.14313516599424647
0.1366854657722433
0.009387273089830716
0.0076099181890854645
0.0017666256418559904
0.003194746032467999
0.005813893375216083
0.02082616815891786
0.06376900467948289
0.22908391002693992
0.00938658618681692
0.004173973364726023
0.0
0.0011974795473219096
0.0016965900630821658
0.005393178574163874
0.024102923763784426
0.06644803220235858
0.00408960932092833
0.0013352210403811625
0.0
0.0025605004610518805
0.002954703137485128
0.0028871186038517023
0.18027251183928
0.009876216064057253
0.007361296498598591
0.00378898659805411
0.0
0.005911931182537021
0.0024537655576729474
0.014887748045333266
0.0
0.2885212141660568
0.011821996766059526
0.005256937787319556
0.0
0.001508173371458988
0.0021367813430675626
0.0067924736846386785
0.03035658343906031
0.03257525090431731
0.046770944041624574
0.19404031442385808
0.05305398012431436
0.0022249881063460056
0.0027857415417711856
0.010215495547364051
0.0071110159953544465
0.008269676048543761
0.006163852324194851
0.003172641375497528
0.0
0.0049502517344462565
0.0020546174900808616
0.012465994327048879
0.0
0.029392178968654776
0.010434944705900626
0.00882069311920461
0.012265210238689449
0.012764893283314732
0.004431977981625759
0.014600539214635368
0.012807688774611862
0.027276314170476892
0.039162828476021594
0.1624762490244338
0.044423818380267446
0.001863054709617746
0.002332591749309566
0.008553765764551038
0.005954284340903352
0.004086342289904807
0.02533800369223075
0.08460749481468313
0.3296791168190178
0.0675618407896516
0.027739879026217495
0.012783120040556057
0.01356574428180604
0.018750499577696273
0.006656887415864448
0.005627088851868276
0.007824490305606908
0.00814325900687333
0.0028273440142514345
0.009314294277743647
0.00817056003965317
0.006043821288250005
0.010382324573594583
0.008061872442762175
0.03210184351656274
0.035944068094357906
0.005641491063451994
0.013524596823583389
0.007246251479705754
0.0026068485586895336
0.01616417170150974
0.05397465759461058
0.21031608943599175
0.04310052237180989
0.01769642837712493
0.008154886617208743
0.008654155334941524
0.001235764724156266
0.0
0.0009769577832584545
0.1885206407068141
0.2520797943918549
0.006816337730825525
0.0002763253846609046
0.003165476413524504
0.00585935417286182
0.010065439382293798
0.007815811170726376
0.031122043785611748
0.03484699750930052
0.005469303711554873
0.013111804445409509
0.007025084267095182
0.0026707474733051136
0.0029961154817514084
0.007366273280974189
0.01806096223115963
0.01162661458328019
0.0074198801087041084
0.013257998578257806
0.006075299326224669
0.0011980472035527426
0.0
0.0009471394654196912
0.18276668850939765
0.24438591492365896
0.0066082921750839
0.0002678914909062984
0.0030688609983785544
0.008101885992278245
0.014749134798618432
0.009324799472762107
0.005821308030288416
0.2133941519520269
0.059119932089306396
0.052533439614686955
0.012922541307420569
0.004068004271578162
0.004563595285488744
0.011220091555691489
0.027509928302673178
0.017709318556518357
0.011301743904470534
0.02019419484171068
0.009253717866336983
0.0014712252777321602
0.004266188285799106
0.010557769219233444
0.008516226609831885
0.018573741600371577
0.012280253500969092
0.009949920671894125
0.002102059013534059
0.012340555276699463
0.022465449827276645
0.014203261246508886
0.008866845768866196
0.3250357176586092
0.09004974774986294
0.08001739546299126
0.019683236159043067
0.0
0.0
0.0
0.0009124151928099659
0.0803738591185143
0.10913478703571164
0.04922799360476507
0.014150387814809111
0.0025824660065757953
0.00748851069410036
0.01853222652343954
0.014948673093823039
0.03260279511498077
0.021555731605747707
0.017465259938233783
0.003689778872366701
0.02333847282094914
0.01749128982783717
0.022613270011538
0.0215377755607708
0.02358802591085416
0.02798243851227407
0.006656032397776661
0.002088201428736071
0.0
0.0
0.0
0.00160157744363063
0.1410815611534527
0.19156609250831746
0.08641070948169274
0.02483840922577024
0.0036871081183668135
0.006389425508752728
0.03375237612231452
0.12402671875239231
0.11070237510555314
0.011782049986791724
0.0
0.0
0.020881236341823217
0.01564968537660908
0.020232387919938668
0.01927012899309789
0.02110451474954583
0.02503625307782962
0.005955239087968497
0.0018683410820107588
0.015536054838007773
0.008180397926156577
0.01199118081917174
0.005611859168034166
0.03780106830778634
0.03011217224444892
0.010357364130041236
0.003301293331147005
0.0032989037726737338
0.005716702423518463
0.03019869159028792
0.11096832457027136
0.09904686034577528
0.010541553950545408
0.0
0.0
0.00045313928305800653
0.025296123989988935
0.18235480554126193
0.18945756466972216
0.06729860955324855
0.008106002040559761
0.011932731168797587
0.0024402296883912775
0.008504062575416992
0.004477752980483662
0.006563683837540624
0.0030717966708406516
0.02069139518744445
0.01648267849969597
0.0056693718963175795
0.0018070485306989935
0.0002480375396897754
0.0
0.0005546288078613141
0.0030774806594511153
0.03476358752986534
0.12333293484477807
0.005624960664321352
0.0015087534991391881
0.0002480375396897754
0.01384648957340821
0.09981663256344078
0.10370451199720608
0.036837639468114185
0.004437030462890513
0.0065316899053953145
0.001335723012363594
0.0
0.0011092576157226283
0.03598478712503322
0.14333201364346057
0.31066750290976336
0.005770192971915892
0.0
0.0
0.00019054522923128386
0.0
0.0004260720916051088
0.0023641552744127947
0.026705779145627644
0.09474574845064863
0.004321158081718584
0.0011590414164990566
0.008606093206003421
0.006086150648541579
0.009786987494999719
0.02386699947683354
0.04675691095332779
0.005034809728635586
0.010955323610147182
0.011229740460950235
0.0
0.0008521441832102176
0.02764391841716472
0.1101092658394907
0.2386582717708339
0.004432727174755877
0.0
0.0
0.002701996100289873
0.0013740411761397442
0.0064974393828411995
0.025009474200109287
0.23602087645197686
0.07889384842730195
0.012793847675714686
0.002776390033095367
0.009642006378884082
0.006818738999381465
0.01096504460247052
0.0267398639187316
0.05238502801182912
0.005640848449806187
0.012274013028129005
0.012581461362998373
0.008724069536351802
0.007652589722775357
0.012691497655539155
0.006548931466157518
0.019472849528221925
0.023505773016880574
0.08003463299568102
0.021979604274317402
0.003027234659338932
0.001539434150672099
0.0072795344503200805
0.028019858023589098
0.26443064719683534
0.08839028018661418
0.014333839751312501
0.003110583370245348
0.0006404433248871921
0.005393349246126684
0.00918798930168242
0.018003398106171006
0.05260440187105422
0.11940459383172326
0.06630209977763554
0.0006750865478182488
0.0064668950980223
0.005672638756394724
0.009407832392116545
0.004854529485271425
0.01443464826063785
0.01742413533783644
0.05932730976468363
0.016292831521548444
0.018020941809315624
0.005143060680252584
0.010758192467572154
0.003709845125403705
0.0
0.007584808410252843
0.19535198829280762
0.09833646195486301
0.0004747417224285487
0.0039979305135484
0.006810785119048747
0.013345387319004318
0.03899408953319436
0.08851109901338783
0.04914778845514309
0.0005004217204637581
0.04347310266965907
0.013653688854943622
0.003848228155298312
0.0010008434409275162
0.00594809546611178
0.008747493164369825
0.042484550005498105
0.20627543293352554
0.01410865037804942
0.004026517913357181
0.008422621738131264
0.0029044490784590976
0.0
0.005938169668215035
0.1529416682348577
0.07698791638172485
0.054016350959564696
0.005476541737508991
0.009096148779934712
0.008650748434949543
0.014275997355795954
0.02532929335633393
0.03313966779461597
0.08609234058762567
0.03403522484591828
0.010689514702582859
0.003012789575182133
0.0007835633864546915
0.004656782105763817
0.006848439113025358
0.03326128394612988
0.16149366640402107
0.06578696523087062
0.013872885335459332
0.02465036436599863
0.008905014324191234
0.0009911379849052398
0.008055644641753366
0.03848612040307133
0.08306336265347053
0.07650989480350362
0.007757088821817492
0.01288397631285368
0.012253101902885316
0.02022082270467843
0.03587694347570585
0.046939721986906276
0.121943000679136
0.05708025575410308
0.00895825274833069
0.011186052274888615
0.0
0.016368574322491763
0.014563579083823821
0.03651800640858929
0.05167974952237344
0.09318204024969227
0.01964984636654944
0.0349152941842073
0.01261324945251457
0.0014038686733508215
0.011410184382435089
0.054512549832146075
0.11765269267077343
0.048057235596503045
0.006848386378639903
0.00848580116727404
0.007498141018588349
0.006928979469265058
0.005948588517053402
0.012941572929911053
0.02721232369002098
0.16831190528000073
0.011995174790177946
0.0026656091942789404
0.0017859145697909607
0.002019054499413281
0.004054223677211109
0.02439843184879639
0.19724101426836818
0.054764324017179476
0.0037610997059910854
0.0030489856627897143
0.0007078152641983808
0.0012800051994277565
0.002329391342399208
0.008344201152971829
0.025549654564877733
0.14708555485324645
0.0739594197440395
0.004725299734112412
0.00463551243757496
0.0015827230483968704
0.0017298768554804848
0.014613606058443432
0.07223734598754952
0.13759842824801072
0.006073042690937725
0.002917926891787848
0.001186685728563791
0.0016530532568435235
0.0018763148837332843
0.00601905987222573
0.009849195725121433
0.11698647017151374
0.008034387102614261
0.006513183111352364
0.0015120210242366959
0.002734321892392272
0.004975999899311863
0.017824718131844924
0.05457866878278122
0.19606852751847273
0.008033799195491291
0.0035724237962714866
0.0
0.0010248997913004164
0.0014520789148040737
0.004615918165340091
0.02062923044529608
0.2939350518931527
0.012973114164448454
0.006233217946444723
0.002534974677018554
0.0035312198040276005
0.0040081468933931014
0.012857797130515124
0.0210396578902146
0.12132540680059527
0.04131229801125952
0.004991146567745356
0.0007860622855344055
0.0004971494349804131
0.0
0.005794085936247176
0.01962370444576111
0.2398301133709341
0.009826905910090368
0.004369772216441478
0.0
0.0012536526705861407
0.001776176192929246
0.0056461696883002704
0.025233578989286545
0.027077822128436586
0.03887783726541684
0.16129389563715626
0.04410054250177389
0.0018494971031378681
0.002315617282133646
0.008491519288611195
0.005910954510841717
0.14840467481462585
0.05053301129484283
0.006105147329576077
0.0009615077414123508
0.000608110882774977
0.0
0.007087299040587599
0.02400362425092002
0.05793584452390232
0.010816576539706909
0.011382172040844091
0.024077086376452998
0.013538827552897112
0.00995460631897205
0.030434394980458263
0.026302672364985423
0.020177433363344034
0.028970386429640622
0.12019049448275533
0.032862161269697404
0.0013781796917511854
0.0017255159290004971
0.006327579219141417
0.004404633806609352
0.0030228387434990214
0.018743583823855492
0.06258771174114604
0.2438774670700144
0.04997832668731942
0.020520351725694407
0.00945620992564766
0.010035149894503544
0.04317173798857488
0.008060129478442951
0.008481591200167525
0.017941391432443415
0.010088654451995265
0.00741781981972784
0.022678632489685567
0.01959981923232342
0.0
0.0022676790231963354
0.043206804411425284
0.08182399730209247
0.09054666886290491
0.008419721936958903
0.0008169145716576946
0.0012201239834701426
