0.10299269154274476
0.028475738358911623
0.041056411551056
0.00936387501323673
0.013733254245876864
0.017433522416895293
0.0382092594490649
0.09139041445604419
0.013378587832679721
0.008512720154304083
0.021039702639567004
0.004889589104308413
0.02415585018928103
0.008128235237400498
0.028777522880067106
0.019722064374753396
0.08895682110466475
0.02402773450849459
0.024461804862427307
0.0033040650237991334
0.007618910450406206
0.005913659286047405
0.028246338710784444
0.0847887335455505
0.02303893219279654
0.11391738086389187
0.010564073658230418
0.01760606614199949
0.026394207287626172
0.029692953819313285
0.033828305390381015
0.006380078915735436
0.007669191155192082
0.0048798631761822935
0.012060876933295805
0.002802926136919086
0.013847188876336918
0.0046594596208220625
0.016496533617774388
0.011305549102538715
0.043707845089394445
0.0362612878182271
0.017479043055965354
0.02968668973192461
0.014012669373212518
0.05682766871682826
0.00907022470470046
0.041285517966851565
0.013206922674339873
0.06530242060450822
0.006055788643446874
0.010092566451903616
0.01513031297549317
0.01702129863410196
0.019391862858748516
0.0036573400273581078
0.03889063948269932
0.15342913803999728
0.22541387184206824
0.05623118660951957
0.030589495668210735
0.009246474345857188
0.007407446849848726
0.006880415579532327
0.02923663700127272
0.024255556570493605
0.01169191562548287
0.019857738803789535
0.009373221833415766
0.038012624930475795
0.006067168643728195
0.027616316927490173
0.016416705306647197
0.1178077857062581
0.03745544221622101
0.07022001723218822
0.05541719513025858
0.033099755860951506
0.010290295302617014
0.0034380392560905363
0.026014357536444675
0.10263036315606454
0.1507817082406811
0.0376136317791669
0.020461635184125984
0.006185063881289431
0.004954919058862455
0.004602382302427875
0.017318707206547015
0.0789016392133945
0.003951826254691735
0.0015485983741253368
0.0021562859708251754
0.008637066566110305
0.007344191672723309
0.01664101752790289
0.01787121183369854
0.12824545818965444
0.04077396345172305
0.0764414527447402
0.0603271128343427
0.03603236688394807
0.011202006964815268
0.003742646693748422
0.003124334388651994
0.0055328922355125185
0.001969612698805463
0.005907668747166116
0.014630418938663617
0.18552511176939665
0.09401388976665526
0.013273966422010985
0.018853130356715528
0.08589225926091794
0.004301954795946271
0.0016858029106552317
0.0023473311263646694
0.009402303528114955
0.007994880987318417
0.018115397932435703
0.004648918061002763
0.002329430342105452
0.0047834256938843155
0.001379189350245755
0.01066301005438503
0.10402347749309336
0.022094226091508906
0.002870940914860103
0.003158812218014454
0.005593949116962134
0.001991347878876521
0.005972861383311126
0.014791869354950905
0.18757242884572164
0.09505135709436802
0.013420448037718764
0.010898743249385048
0.0009529875779793667
0.005173201356820853
0.008201517950227012
0.030236789367778377
0.030001905707041875
0.045079028097166775
0.015756142481336565
0.0047002200612654395
0.002355136201932287
0.004836212020290596
0.001394409057601347
0.010780679098543874
0.10517140318239322
0.02233804152939721
0.0029026224824067054
0.011442347650329487
0.0
0.0032073062297067892
0.0
0.010396959406541546
0.1928923229620996
0.14539134804840875
0.008337393535323732
0.013482782257709415
0.0011789362969829263
0.006399742233879857
0.010146057960567646
0.0374057850423242
0.037115211608200714
0.05576704637551293
0.01949184721910875
0.005437560710265912
0.002915680286982498
0.0069210371274954635
0.007662049733984131
0.020959238750162406
0.017854958110874675
0.02054252063745311
0.0038335292528978806
0.014155272617795657
0.0
0.003967742935073872
0.0
0.012862027906616932
0.23862615442642846
0.17986292942556906
0.010314148985934383
0.007748921823013396
0.0007276604687975297
0.0
0.0057082384035458695
0.0377478689136399
0.14477716191011009
0.07000756511767967
0.006380065136011202
0.00984663202080825
0.005279873164825274
0.01253299216837009
0.013874858282177042
0.037954134658116166
0.03233273367096454
0.03719951873180433
0.006941964219916442
0.00826111660122911
0.007731458290131415
0.027198257670664437
0.021899604288534852
0.01578124481858197
0.009549638031275976
0.007836463558289732
0.0
0.014032171007336157
0.0013176873333682207
0.0
0.010336789976550614
0.06835590342202215
0.26217039483428883
0.1267735238496036
0.011553370529635532
0.007152346289742958
0.004278888697803092
0.012883505106910989
0.004816220604854857
0.040960843126758184
0.12148375660102742
0.04827493126721707
0.011388709387476117
0.015911227377808014
0.014891085158877541
0.05238488729402099
0.04217947768308393
0.03039528271226109
0.01839296906531835
0.01509332933217563
0.0
0.019477059055215108
0.017421492186229282
0.03356684297190099
0.010468269977160815
0.01577231742271999
0.0047218466310256745
0.031018023991597775
0.01871064036819227
0.01377569323788383
0.00824130372218065
0.024814124902765827
0.009276225581191792
0.07889215466098212
0.23398237396887026
0.09297936890594938
0.02193509102352441
0.015730311211261207
0.012376847998912963
0.025980876693976734
0.015091281918711215
0.04942476510105906
0.018038982689133624
0.025326920750346496
0.013728025424733612
0.022390507976156965
0.02002746198214548
0.03858789271861439
0.012034151652758084
0.01813159769422854
0.005428157523908201
0.03565781217891511
0.02150944561062156
0.017191102385170916
0.034447826716240804
0.06403453624198163
0.03955174726731595
0.06787356361253821
0.015209476427660665
0.0029175470381902907
0.00845405840545513
0.01808330804176871
0.014228221676266948
0.029867190174600617
0.017348690436961092
0.05681790018080968
0.020737318947269733
0.029115413136270616
0.015781513107189622
0.024753711396164065
0.03610048173145663
0.0424839669484851
0.05796139939800122
0.14814149193499465
0.031563282417470154
0.031009331206731924
0.0025588580807426376
0.015527229634718321
0.031113729873509674
0.05783683480587079
0.03572365800134532
0.06130429478726327
0.013737399023336367
0.0026351668332305475
0.007635816672237062
0.025698835067101272
0.011807378196770054
0.05274597531099088
0.03914721775545835
0.030899132871482042
0.01482054498726088
0.022371547178736583
0.009947010575978073
0.022357877496636293
0.03260642960580609
0.038372077358572086
0.052351497782871334
0.13380334269247418
0.02850837154831207
0.028008035533619826
0.002311194252244023
0.024471820090209137
0.021830876819572607
0.02896811950834063
0.029528654539126998
0.07165525799122176
0.04283632286377129
0.00943741483628571
0.0
0.02957092925153954
0.013586419166129193
0.0606933154811167
0.04504560629377377
0.03555476618651177
0.017053585742047572
0.025742312332156556
0.011445746285329239
0.028942211998978864
0.0161957025940252
0.02019829644431365
0.042766859946396146
0.09143708160972737
0.02066670327698493
0.022036207984589867
0.01597458742846839
0.028159037507127116
0.025120178103212078
0.03333280322997559
0.03397779517980963
0.08245169709158481
0.04929055614751514
0.010859368750083686
0.0
0.026770912980288074
0.022238180410420635
0.050574162342042386
0.05055368182412534
0.05502773822345662
0.00844879751519683
0.02281621447652885
0.003467467736416416
0.023775593352984924
0.013304526929559217
0.01659259778416335
0.03513233442922221
0.07511419202558794
0.016977386976424983
0.018102414566719818
0.013122884135268234
0.034232680259808045
0.0015448013167708046
0.036060495796504256
0.04392097676881054
0.08525999783079655
0.020942455684212866
0.046987304475720935
0.010625326679799827
0.02199190375393324
0.01826833188724935
0.041545916326460035
0.04152909188796613
0.045204462160030115
0.006940560522814101
0.018743178208617123
0.0028484727728668594
0.036907473450157754
0.03291913014516453
0.06450260965231308
0.05233170437538087
0.06579243583285226
0.026580367453572364
0.011525718104331265
0.0206717901580759
0.02581132389566071
0.0011647749121306455
0.027189490562165578
0.03311626634519079
0.06428574691353597
0.015790539996670714
0.03542826695433464
0.00801145999518813
0.021787147015993307
0.02609688034848425
0.03694607224837955
0.025151479567217205
0.04630216034383405
0.02871742205611577
0.036681666359094436
0.013128806950550851
0.0278281088177307
0.024820911599430062
0.04863474718355457
0.039457926209500206
0.04960727171456792
0.02004150619825529
0.008690352051406768
0.015586459115200471
0.01963051482215446
0.04696218748436376
0.05181947679552432
0.07034648023981371
0.1010996062818335
0.008166736010906079
0.012951468297951354
0.008746075957204233
0.016254385330707367
0.019469678558750404
0.027563760153657538
0.018764358647915546
0.03454390587810351
0.0214247438392006
0.027366499116909877
0.009794797223797658
0.06387421539319647
0.0028023918049337134
0.01568296549172715
0.0041855850916472015
0.01859609777951691
0.03273394373014662
0.04689346494207022
0.0720707700806703
0.014645421537993582
0.03503632168009078
0.038660121164638864
0.05248226376943978
0.07542575244392566
0.006092824999894981
0.009662493035862234
0.006525043808428697
0.017569178721323544
0.045298900425257374
0.08745398810081159
0.05546990671367521
0.049410211685778076
0.02238064643360746
0.03209078101482029
0.019774083965565407
0.023272054574014444
0.0010210288239272025
0.005713961832002941
0.0015249841282178813
0.006775338056594311
0.011926348061127514
0.017085255272078555
0.026258403084623346
0.07297063236599577
0.013882817891243
0.0026337491276247154
0.0
0.009340894177552293
0.004937248544364309
0.12125750011584299
0.1520202675174069
0.006401188390437833
0.016504288566990724
0.031863154345909646
0.020210012574082264
0.01800221162462235
0.008154207797284534
0.011692016919540764
0.0072045278108699585
0.0448674016766684
0.004909119776439537
0.016470292932496598
0.0033752531139324194
0.010859827120639154
0.01035150110337856
0.1662793437331646
0.1522349877041603
0.06816847836306184
0.018412686959986442
0.018745319299616637
0.0025319372060293843
0.005838445278721703
0.0045316947040309995
0.021645444445191113
0.06497443227350426
0.017654958115520425
0.08729599839747053
0.008095352527824411
0.013491699950107506
0.020226138097715406
0.022753999691442553
0.02592295987454426
0.0048891166087221116
0.02376702509392013
0.010613057154426392
0.008450085325043075
0.010832543015974297
0.010298478757473924
0.0042721688542902625
0.04102521569896729
0.0769489524211014
0.31066795161432814
0.0255657930664019
0.0034682231821645468
0.0
0.007738228659521936
0.0
0.00214933461648582
0.0590239015827436
0.01084425144405823
0.05362005112037444
0.00497242971439542
0.00828704241094377
0.01242355409957346
0.013976249187196263
0.01592272795066348
0.003003054977383104
0.03193324317632459
0.12598121400252793
0.18508813638952326
0.04617162844272272
0.025117144300202225
0.0075923131565182045
0.0060822811020411855
0.00564953384099325
0.1908223945291972
0.015703344440964724
0.0021302958639386983
0.0
0.004753072579747659
0.0
0.0013201914649744063
0.0362544065969737
0.11098103952638762
0.045964564858160015
0.018109913758479017
0.0
0.0
0.0
0.007495893604961873
0.009799794566074773
0.03790940009458311
0.14955800823775944
0.2197265143539608
0.05481243248575879
0.02981770023333209
0.009013179009240332
0.007220551527191911
0.00670681764277819
0.02523767114733285
0.11497934572739825
0.005758795403019639
0.00225669364574135
0.003142245872181545
0.012586357807972652
0.010702316984093536
0.024250108447323893
0.13175062135366888
0.05456661792101624
0.021499099310325502
0.0
0.0
0.0
0.008898714990139408
0.011633780227042038
0.0160129441869563
0.0053476603097286
0.0012218798382412327
0.0
0.00489220529404217
0.006219956851786854
0.012812663136406808
0.01146544148112658
0.04876850775351906
0.22218258891109152
0.011128120999103104
0.004360766130803833
0.00607198030619968
0.024321494830617463
0.020680831673113517
0.04686017164313422
0.012025631405170314
0.00602567528844284
0.012373570257391473
0.003567630693068035
0.02758263899278117
0.26908368385958253
0.057152441852604416
0.00742643272587237
0.030942926079800977
0.010333656055493329
0.0023611234181341507
0.0
0.00945354864248307
0.012019255349754345
0.024758800360908842
0.022155470229626658
0.00507643237581889
0.002438242918965585
0.02204237465809553
0.012577065859462538
0.03619557610004668
0.011849518051324037
0.015543492006040504
0.002639816310298497
0.006724633010387623
0.003369507478594285
0.006919197521173877
0.0019949893954975748
0.015423982195622112
0.15046935683234744
0.031959169889494855
0.0041527993811911615
0.01637063535808595
0.0
0.004588712244443594
0.0
0.014874992132616444
0.2759722024785493
0.2080122729929923
0.011928358897548239
0.002838698740987123
0.001363445150428476
0.012325912483017893
0.007032990568461809
0.02024026495338304
0.0066261518884454034
0.008691791384490364
0.0014761633134673245
0.0012048854779665877
0.0
0.0030649208076734893
0.024925999913970553
0.05570149275554537
0.08799123818741893
0.01227877249828588
0.0014761633134673245
0.009897826781725905
0.0
0.0027743748457663823
0.0
0.008993548038161622
0.1668551645648186
0.12576600733708124
0.007211988268975502
0.005418298044850097
0.0005088038549687075
0.0
0.003991385858302955
0.026394537072835716
0.10123289810290544
0.04895156537459157
0.004461148949754478
0.0007284841114514118
0.0
0.0018530774518214263
0.015070473693492676
0.03367760106547319
0.05320025856287145
0.007423851342472459
0.000892501021410963
0.003436418621466329
0.0
0.0005987078518295496
0.006568162785035132
0.05468428466073898
0.2763681925640221
0.033040258543671534
0.0
0.005729293908544116
0.0005380078398763368
0.0
0.004220480766346789
0.02790951313834993
0.10704339658769906
0.051761254732177756
0.004717207006954789
0.002920281830103039
0.0017470575963509018
0.005260297019693658
0.0019664486243200297
0.016724191067246506
0.04960145841419965
0.019710511616488513
0.004649976349756083
0.003633659889545501
0.0
0.0006330720864912243
0.006945157819510286
0.05782301682308658
0.2922309900758155
0.03493668130547018
0.0
0.00014921652852569012
0.002272798478181054
0.014836726981204511
0.031005646815808394
0.13319190833281153
0.10155206622527009
0.016289491143015717
0.0
0.0038926350421411814
0.0023287675696542307
0.007011794649356793
0.002621208249386115
0.02229277035139148
0.0661170347238744
0.026273432730349457
0.006198258228915393
0.004444956750078441
0.0034973595448053517
0.007341486870976433
0.004264384507783293
0.013966090073266879
0.005097324318110796
0.0071566967643565335
0.003879165418751159
0.00019890049029455011
0.003029562047297523
0.019776845769601776
0.04132945870337807
0.17754022381040688
0.1353654046384901
0.02171333033281725
0.0
0.0008278790749770723
0.000444755023586636
0.013999283656371608
0.027660889298351855
0.25249244526379316
0.11636385225720876
0.0028735492475991885
0.0
0.0048500443381663625
0.00381608861740127
0.00801054742133848
0.004653015788595405
0.015238878552637008
0.005561864904178134
0.007808916615741736
0.004232690065137931
0.00663908381852832
0.009682351073283168
0.01139443750476495
0.015545571437104128
0.039732376540136824
0.008465448845377524
0.00831687603297751
0.0006863000463195786
0.000903327174152616
0.0004852874179212979
0.015275097206462538
0.030181742382026647
0.27550314287306155
0.12696857911999768
0.003135427866314944
0.0
0.010764358933483537
0.003402558031000038
0.0063507357964730365
0.023348124868853383
0.27723260429055036
0.05613495279045872
0.008453133112216954
0.007226158740614653
0.008660305146279643
0.012630073233000373
0.014863392067153
0.020278308874921522
0.05182861286736136
0.01104269387239659
0.010848889135629418
0.0008952391603260267
0.00947913904161756
0.008456171874847498
0.011220776860141108
0.011437899635436729
0.027755604244308747
0.01659261382931486
0.0036555747425737204
0.0
0.014041490605659096
0.004438442356179911
0.008284171642383245
0.030456293591806554
0.36163407712273327
0.07322483550827319
0.011026628702836142
0.009426110806814745
0.016279300905272995
0.018194983820374988
0.03244337018091175
0.05848594310551967
0.11150125320079954
0.015204344944793283
0.008660390461444692
0.007052706091559143
0.014027291172384037
0.012513497752425537
0.01660457806415819
0.016925877749272636
0.04107292241320886
0.024553857103778515
0.005409543112656372
0.0
0.013335803513525998
0.011077844250962907
0.02519327945039645
0.02518307717739223
0.02741180718349431
0.004208728468513336
0.011365789183413272
0.0017273026308960227
0.024090214615329873
0.02692505456504661
0.04800990872093295
0.08654787632407328
0.1650002745889077
0.022499487842683488
0.012815701735765645
0.010436640022390135
0.008584940256928198
0.009706372059983096
0.04062133439613722
0.08082201041049784
0.16790824201519083
0.03245103647199996
0.007506960004914673
0.0054622105092251684
0.01254777964107823
0.010423245094926833
0.023704587328318906
0.023694987916227598
0.025792020387324175
0.003960031155113722
0.01069417511856491
0.0016252348622229666
0.02105806069102582
0.018782457201488263
0.036802840774844504
0.029858565319834475
0.0375387686358331
0.01516578997971756
0.006576155143115749
0.011794570883557783
0.008077648899558117
0.009132814351940325
0.038220985500596535
0.07604616967783437
0.15798640243840756
0.0305334773688179
0.007063367409434143
0.005139443885283928
0.02680075860791892
0.014714016144503161
0.04926497378158648
0.1322527724599696
0.12027270617001964
0.010506479095068149
0.018003223722042647
0.005964985806799712
0.016633379325642222
0.014835921497421412
0.029069894889707466
0.02358473794768415
0.029651190928679776
0.011979181806288998
0.005194385399712169
0.009316317127578517
0.011733524600367152
0.028070174782831317
0.030973467138632502
0.04204740242021357
0.06042911905991137
0.0048814103326788845
0.007741334002783381
0.005227692616839516
0.021169432013768707
0.011622333866643554
0.03891350720278641
0.10446406074477707
0.09500122416780785
0.00829887684005367
0.01422041913768215
0.004711633851395189
0.016039165649702505
0.0019936353833023557
0.017218172010737377
0.023691570938668374
0.08406460826059454
0.1617248621015506
0.057063782450911656
0.008433182970123323
0.011580860109209909
0.02770495468947746
0.030570472406772735
0.04150032509148279
0.05964287783857595
0.004817898468175288
0.007640611768274561
0.0051596752852653945
0.013892819710072352
0.03582008394671342
0.06915419945821233
0.043862802327368396
0.03907110136877887
0.017697485513059816
0.025375769810640585
0.01563634748231062
0.015830480608685762
0.0019676962608552603
0.016994146957890522
0.02338332071162625
0.08297084648981042
0.1596206653984188
0.05632132751021093
0.008323459112133582
0.021669960035032063
0.008119887485308517
0.05018976626406674
0.022782836783480025
0.013885714605281072
0.018105262962666402
0.02286124731792633
0.027844702874987765
0.006520666410874081
0.016812340698316573
0.03245787932100814
0.020587231950870182
0.018338222452173886
0.00830640588089362
0.01191024812150642
0.007339000141399472
0.04570485060137966
0.005000748373693385
0.016777710536158973
0.0034382521284788956
0.011062525520922465
0.010544711611324682
0.16938294350509978
0.15507644992376943
0.010170907236561368
0.003811110968865536
0.02355682502742395
0.010693241664307972
0.006517331593383817
0.008497798324922373
0.010730044052080416
0.013069054558166154
0.10619686627667743
0.023647248595419317
0.023968159166419385
0.004923858299479243
0.010110536090826057
0.0035546703264573566
0.011576789481263164
0.18971518654033098
0.01692884615052503
0.007559499392289283
0.0060188514911383405
0.007715835423731032
0.007335430571591592
0.0030429929272824995
0.029221560633500777
0.0548094248999691
0.22128347725450465
0.018210077863215296
0.002470356152464677
0.0
0.005511808143297728
0.0
0.0015309343472605687
0.04204171725949856
0.03188490730493718
0.002581731972450628
0.0024170608390833726
0.0013344407030450856
0.0031506844241567483
0.00962281048103338
0.026600069160416035
0.11353856071342387
0.31570870171164017
0.03308162696372712
0.002849478232357415
0.0
0.0006672203515225428
0.002647932276462512
0.008624480051705989
0.021609212231962452
0.209886605253536
0.017272195247171437
0.0023431241818911847
0.0
0.005227930771690752
0.0
0.0014520858809670466
0.03987642197287243
0.12206865809001224
0.05055667865313927
0.019919194125927825
0.0
0.0
0.0
0.008244774760157478
0.010778848146886505
0.29944860083270614
0.031377807624085416
0.0027027201504316997
0.0
0.0006328561728812343
0.002511554515246441
0.008180289204545938
0.020496262323071647
0.05474045819987813
0.017282461756208643
0.03817286855316373
0.01414135124916769
0.003028582376550912
0.002888483997148782
0.005737167331343937
0.01103176246715249
0.16337776797282585
0.06766550434574763
0.026660024997667973
0.0
0.0
0.0
0.011034879213302609
0.014426505370918268
0.01985690126588161
0.006631382807182483
0.0015151958954863099
0.0
0.006066594397759129
0.007713076848452545
0.015888382790959475
0.014217756385232773
0.0732651117694036
0.023130999152321467
0.05109090374973367
0.018926909162097088
0.004053481348487189
0.0038659724425856253
0.007678675327047598
0.01476500812649826
0.0068138937166793275
0.03244617115497032
0.2258496597601811
0.11699053315109538
0.058955505258277044
0.0013392566385758925
0.0007575979477431549
0.005016006153187192
0.016924104322363995
0.0056519500665052295
0.0012914066027053654
0.0
0.005170578988855441
0.006573881568012407
0.013541722561207104
0.01211784200725606
0.0027765335085704218
0.0013335867919348457
0.012055984856253147
0.0068789736990560535
0.01979701933635602
0.006481044460796941
0.008501448103700227
0.001443836517340028
0.005807504733919595
0.027653981763584853
0.19249243130997734
0.09971142834758989
0.05024797716465155
0.0011414529770876925
0.0006457033013526827
0.004275159063414456
0.0018405376259750124
0.0
0.0
0.051657438897693746
0.3899341035202915
0.03837258505758786
0.012902215588554993
0.002777275045443278
0.002380385599654838
0.001143314419081532
0.010335871205191298
0.00589750128463904
0.0169724368889802
0.005556347459010867
0.0072884856529897984
0.001237834027042438
0.0010103544978455718
0.0
0.0025700836969165175
0.02090165130787381
0.046708384133947074
0.0737848906799797
0.010296342057838026
0.001237834027042438
0.0015779349490903868
0.0
0.0
0.04428710234814769
0.3342994139883181
0.03289769369275229
0.011061364141955398
0.0023810213361544377
0.0
0.0007056739540476402
0.0002767880948393262
0.02225993388344627
0.21310500282227365
0.12599490787054576
0.0022143047587146096
0.0016168907016912315
0.0008592209782506753
0.0
0.002185638637685608
0.017775085202373014
0.03972152704190015
0.06274780394936325
0.00875616737907704
0.0010526730626678905
0.004053132969135553
0.0
0.00070615451737228
0.0077469133022319515
0.06449815970251588
0.3259664075570826
0.03896980431184347
0.0
0.0
0.0006001159656494252
0.00023538484573791307
0.018930189560113594
0.18122776647751765
0.10714800421631886
0.0018830787659033046
0.0013750286789378989
0.006147745658697241
0.0019420159950715426
0.00047076969147582615
0.0232207701922938
0.05767751301842349
0.017885170062555425
0.002370576751955931
0.003846968461802668
0.004245607843507474
0.0
0.0007396883301174814
0.008114798139954232
0.0675610434718114
0.34144587586512504
0.04082039945548618
0.0
0.0001743462192794458
0.00265556252896423
0.017335393613643835
0.03622733588604627
0.15562287828216184
0.1186545417007439
0.019032819104097123
0.0
0.006439689343333042
0.002034238304955291
0.000493125567267447
0.024323476385161247
0.06041649842967033
0.01873449967673904
0.0024831505229119394
0.004029653011516844
0.0030204705679006305
0.0031532889814514763
0.007767062748703473
0.01088318683640783
0.02022942353391533
0.01904448590317931
0.002663243182777968
0.001653993400009602
0.00019431422097518787
0.002959706073347691
0.019320829090846668
0.04037647951184138
0.17344648185829523
0.1322441342923125
0.021212661980622112
0.0
0.0008087897484696987
0.00043449981347485115
0.013676486638469909
0.027023081479238688
0.2466704467691227
0.11368072178980909
0.0028072906338953
0.0
0.003366407300403606
0.003514437505285345
0.008656630201201311
0.01212964628991712
0.022546314402547587
0.02122566498684902
0.0029682663981345715
0.0018434264898272916
0.005706876149379242
0.0011351097407392866
0.018140600578899845
0.017028681212765046
0.06586175796164245
0.010110013017654289
0.008872769043789705
0.002037226098040364
0.000720716637900483
0.0003871849826589561
0.012187186456083276
0.024080404661752937
0.21980928344013584
0.10130146649048552
0.002501590890708895
0.0
0.00858830864572615
0.0027147198208268726
0.005066913829667435
0.018628225230294802
0.22118912858800313
0.04478708888813581
0.0067443046668858005
0.005765367168718755
0.005085426217477777
0.0010115020344182285
0.01616518097992445
0.01517434400567572
0.05868974582596196
0.009009083763735295
0.007906569397308797
0.0018153824857459594
0.0035268336329366836
0.007823408473707133
0.05001754769032173
0.034367211430747426
0.07131618709155242
0.029123468017795202
0.00999612862628905
0.004499868290803758
0.008095504894902851
0.0025589471110508233
0.004776170419834213
0.017559323349452545
0.20849712638990459
0.04221717130564263
0.006357311281617753
0.005434545969479253
0.00938569585419367
0.010490166942899854
0.018704955868493276
0.033719585191540974
0.06428512231536723
0.00876593891497233
0.00499307625816729
0.004066179174988537
0.0033244612084540274
0.00737449528263496
0.04714750236177617
0.032395194425182794
0.06722400946463138
0.0274523410394589
0.009422543082970365
0.004241662389805725
0.010976814357767452
0.03276031696487913
0.1754346098481573
0.015857115867995878
0.07547620972155762
0.029598647908988907
0.005820511662783712
0.005586534250570713
0.010901777579817567
0.012184655092520452
0.021726387865797257
0.03916634669955121
0.07466916849434904
0.010181910623770754
0.005799613331949797
0.004722993548273189
0.0038850259622633717
0.004392518331387327
0.018382764938103764
0.03657516527429584
0.07598513909058106
0.014685381076977467
0.0033971971433615768
0.002471866897683071
0.01274991119703286
0.03805212682614878
0.20377275442098708
0.01841853315255742
0.08766796449987616
0.034379749906657375
0.006760705283247588
0.006488933243510365
0.01064971284413352
0.00937952683524088
0.05944939620542362
0.0875236130177105
0.020438547005288247
0.031431600862238125
0.01969249573179008
0.014016274350541091
0.00466037578330717
0.005269150388741358
0.02205148521011587
0.04387461401042507
0.09114979038715744
0.017616199995716668
0.004075189059693933
0.0029651870390100263
0.01546261888127363
0.008489208353532732
0.02842328177813324
0.0763028482311719
0.06939098420807087
0.0060616822235436815
0.010386906994714578
0.003441481023432584
0.01277511767490489
0.011251435678018007
0.07131394464261943
0.1049910426692882
0.024517547742187618
0.037704528338238424
0.02362260409911072
0.01681355702379806
0.016543767073993656
0.008541399345288685
0.017946701880113245
0.034480582508926536
0.03709532343473391
0.09688266545872469
0.05735888546117828
0.01853960230391262
0.014707481935257035
0.008074626909121082
0.027035194135120677
0.0725765001766754
0.06600218595220567
0.0057656521501675976
0.00987964898837218
0.0032734118567692145
0.011143224763714347
0.0013850799759926422
0.011962340493659079
0.01645974022220796
0.05840396221225994
0.11235849343021859
0.03964511419146053
0.005858961454853191
0.015735830860872914
0.008124269086447424
0.01707025153538983
0.03279667876839022
0.03528372544702644
0.09215127547374287
0.05455769027382706
0.017634196901914787
0.0037826320038745723
0.006134783327115161
0.0015295649317627026
0.015274876508916698
0.03474979808460351
0.0766300810162727
0.0886012392676929
0.03541121078326664
0.011790716391861075
0.0014655618569369485
0.012657427911074057
0.01741615492453486
0.06179760071322391
0.11888723043318608
0.041948745328784474
0.006199404062096023
0.016140025013254396
0.006047781671300941
0.03738189094958478
0.01696890787817809
0.010342233243339567
0.013484999354709322
0.017027308908231682
0.02073904151933865
0.004002426776644844
0.00649125292447408
0.0016184422997619682
0.01616244315772958
0.03676898048616802
0.08108277195398139
0.09374952999014743
0.037468825433503807
0.010417382397996793
0.001656207871369439
0.0025064545923490227
0.004575919076813865
0.0075900296957117745
0.0028724325907956184
0.12942471527242871
0.15331686235113817
0.009995519178825624
0.0037453918215861336
0.02315060897492385
0.010508846423767369
0.006404946129314848
0.008351261510794267
0.010545014187787837
0.012843690582063845
0.10436559776928851
0.023239473270614854
0.02355485003027976
0.0048389508351178185
0.009936189078667421
0.0034933732651482993
0.0113771582610869
0.18644372045413232
0.006451486008654067
0.0010256897079651544
0.0015522475911967986
0.0028338671628752635
0.004700506184410537
0.001778897803913139
0.08015273970500235
0.0949491488897741
0.18256675763056854
0.0702857229349715
0.00031695556437552657
0.0
0.0
0.010774175104521161
0.012467573521179777
0.07734945898124296
0.02218785560332566
0.0017965583422710387
0.001681968097606194
0.0009286016530391499
0.0021924771612559318
0.006696256865651189
0.01851027785419964
0.07900845269601249
0.21969325547346405
0.02302062085909232
0.0019828758151847017
0.0
0.00046430082651957496
0.0018426253661536676
0.006001545377282135
0.01503727378345427
0.038011181832350006
0.012553846223864873
0.003151686453143286
0.002890133754469189
0.010519750396475786
0.0017680048415897366
0.07353157985407201
0.13531851006000128
0.10421057668973807
0.01663209601448524
0.03211220109999256
0.0377385244655461
0.005962060557008895
0.006235475168475831
0.030984186598185408
0.08733505228033112
0.2202990339093191
0.023084097526440975
0.0019883433631402757
0.0
0.0004655810817001406
0.001847706189913003
0.006018093936151308
0.015078737305729605
0.04027158592042914
0.0127144011288754
0.028083103545731798
0.010403541742058209
0.0022280744335208924
0.0021250065362299207
0.004220732429393711
0.008115872330251813
0.10449792515662938
0.01667795707238131
0.03220074673564392
0.03784258402929077
0.005978500241108046
0.006252668761361656
0.03106962186588736
0.08757586846402178
0.0038555071720714823
0.03027652359724485
0.10826718067352144
0.14211837517292739
0.003975200916668271
0.003731686802592353
0.005103615889853583
0.0036319376159417013
0.03964308229517334
0.012515972211319391
0.027644821020136684
0.01024117754529419
0.0021933017066266863
0.0020918423515774542
0.004154861032167138
0.00798921093698672
0.003686935607374451
0.017556326636178395
0.12220518650663954
0.06330250813050568
0.03190028500964405
0.0007246595255941901
0.000409929324663621
0.002714115080445941
0.003795335709253143
0.029804009182773823
0.1065774951547047
0.1399003866837694
0.003913161438208627
0.0036734477581111488
0.005023965659663396
0.0035752553198227324
0.0033372453127661164
0.006724950087188368
0.011906422710648
0.25947163219477476
0.062766758108071
0.002139893920320654
0.006652467548488685
0.0017631727782693334
0.003021240861771601
0.014386443666045915
0.10014042617283528
0.05187292228103426
0.02614052829686654
0.0005938186078482369
0.00033591452577446247
0.0022240679680416747
0.0009575037366298926
0.0
0.0
0.026873773223228654
0.20285559821811291
0.01996258759302733
0.006712125556412599
0.001444823075677235
0.0027346889065591237
0.005510726565484193
0.009756658277129963
0.21262272552019876
0.051433904616544214
0.0017535253230346888
0.0054513311132700516
0.001444823075677235
0.00035629116470894213
0.009814960978426952
0.029209873530946506
0.10123501102685026
0.09151198519461488
0.019641568905683984
0.0
0.0
0.001050093303835605
0.0
0.0
0.029472437788947203
0.2224715133584326
0.021892948044726506
0.00736118077836508
0.0015845358915630807
0.0
0.000469615996694788
0.00018419854705654392
0.01481366993506604
0.14181835354273453
0.08384782221124716
0.0014735883764523513
0.0010760178040664955
0.0003907441318124757
0.010764057002148032
0.03203443644898066
0.11102432619968984
0.10036109437211785
0.021540887200377397
0.0
0.0
0.003608483044087797
0.0033411847374112146
0.011682776135979615
0.014136874379792486
0.06091110113033531
0.0704985345161432
0.02567076537112624
0.00651859303331358
0.0
0.0006263782341967019
0.00024568575486976505
0.019758612315606456
0.18915865407905844
0.11183701404459184
0.0019654860389581204
0.001435202669455541
0.006416783239249429
0.0020270024785264246
0.0004913715097395301
0.02423695729207322
0.060201595733652837
0.01866786068583895
0.0024743179067249514
0.004015319454976852
0.004813028630184095
0.00445650363419112
0.015582596713216896
0.01885589603718303
0.08124379969490848
0.09403160853648816
0.034239908343868294
0.008694560710008282
0.005483175950054721
0.0
0.010919095870566865
0.0058514127300533505
0.08729433694205874
0.12410555860059073
0.05089327590949972
0.009976777890243552
0.008819940357681261
0.002786137586216229
0.0006753956379354628
0.033313968977508775
0.0827477669122831
0.025659183381401145
0.003400977647144193
0.005519101516989304
0.0041369030151424575
0.004318814039644453
0.010637940208847996
0.01490585239146599
0.027706664021631116
0.026083747344527158
0.0036476365206066248
0.0022653457895738557
0.007536686692850131
0.0
0.015008419444361409
0.008042832267041663
0.11998704283524293
0.17058447887386682
0.0699533771661748
0.013713192837112873
0.0007163652656120393
0.009147746112540262
0.04903232907070879
0.013827751961442036
0.08527029025704223
0.15420349694191318
0.02635030927631161
0.0
0.004105484902957392
0.004286014386496359
0.010557149337590869
0.014792648446163209
0.02749624306776316
0.025885651789161804
0.003619934190386342
0.002248141400712362
0.006959791785003283
0.001384317311588025
0.022123277179895717
0.020767241571719292
0.08032137197460888
0.012329614960051354
0.01082074036387071
0.0024844887273185144
0.000710924759949204
0.009078272665241091
0.04865994828010293
0.013722735754680207
0.08462269674674174
0.15303238349097736
0.026150189290437154
0.0
0.008971245055792105
0.06394126890794845
0.12606780806214227
0.07683127119232164
0.06755844864818071
0.05179013906352551
0.009056207232418418
0.00962404612635627
0.004926154135709994
0.0009798224803662101
0.015658898533435137
0.014699093897643843
0.05685162300274673
0.008726925402861048
0.007658941034670712
0.0017585259440630215
0.003416375608231518
0.00757838465449517
0.048451032199805386
0.033290853801112304
0.06908261273690457
0.02821134085654572
0.009683056693310103
0.004358935484052191
0.0063498646653891615
0.04525775425525701
0.08923103926806956
0.05438132289409184
0.047818001097029904
0.03665716096371144
0.006410001058933074
0.006811918530345995
0.011065122005846337
0.022058806690534304
0.262656029087054
0.03760946150715406
0.021549669892811645
0.010286469409760518
0.011603886147712348
0.014920701364270358
0.002703672346229509
0.0059974286697518624
0.0383434759308269
0.02634592068494165
0.05467102306082089
0.0223260644819381
0.007663036975675816
0.0034496011793419303
0.008927073461805228
0.02664286255060449
0.1426750602509204
0.012896058330966222
0.06138225962855781
0.02407158357986412
0.004733626123702829
0.004543340173776884
0.008756784325113641
0.01745703414352982
0.20786234414684931
0.029763607019227024
0.017054110332361656
0.008140569443387913
0.009183154806156044
0.011808036437131974
0.0021611174484490337
0.028754326723356753
0.09629360165286255
0.08630283302739969
0.026274377554905547
0.0
0.0
0.0028158456020439277
0.009542178988032028
0.028478645806953296
0.15250585400327019
0.013784640325934634
0.06561170472849528
0.025730197026740637
0.005059788958616069
0.0048563916637612906
0.007970366582122931
0.007019744883066059
0.04449260630572862
0.06550367043251266
0.015296441737190537
0.02352376865006372
0.014738088453316261
0.010489939618508918
0.0023100257430938216
0.030735596995875716
0.10292855618419673
0.09224938984148995
0.028084770949934647
0.0
0.0
0.0030098668788071633
0.0008513189124068723
0.01211085566870727
0.0334547141399767
0.06441445956734887
0.09152909769447122
0.029873805901311168
0.0072164961202035496
0.006626835623161804
0.009420024554171014
0.008296502862342087
0.052584964513312696
0.07741754127678317
0.01807857333425204
0.02780229441231249
0.017418666215827286
0.012397859967917
0.012198924191644788
0.0062981957275942396
0.013233410186831215
0.025425044382507082
0.02735308327425723
0.07143864430207818
0.04229488316225666
0.01367059884469695
0.0010061576184325135
0.014313589794869503
0.03953948985962615
0.07613022368746096
0.1081764983855216
0.035307282571931
0.00852903940452018
0.007832130886759327
0.000903054087892068
0.010494537719221179
0.005215550084591034
0.05647611308823103
0.12065158778774324
0.06675661944282667
0.012435645636738699
0.000903054087892068
0.011376966816881086
0.005873826468086338
0.012341749666160954
0.023711917683333916
0.025510046284552813
0.06662514438973084
0.0394450752133068
0.012749480772208973
0.002734833588962848
0.004435433181662501
0.0011058716649146748
0.011043697959795018
0.02512401812127262
0.055403359161975724
0.06405847698766927
0.025602217867538624
0.0008422067577757135
0.009787421047493864
0.004864128943830503
0.052670781001434824
0.11252214450232557
0.0622585920099726
0.011597738090098945
0.0008422067577757135
0.0009891216991037147
0.0
0.004172045616750138
0.027954819727228183
0.24083119260939637
0.03011148776802145
0.026277308371515578
0.02713648908506926
0.0024817227669005557
0.00402493064017561
0.0010035224443509106
0.010021595744694078
0.022798772115136326
0.050275738293527106
0.0581298187190847
0.023232714129825593
0.0064593449203060385
0.0010269391572837179
0.00155413846977343
0.002837319253081549
0.00470623213076976
0.0017810647776398255
0.08025037818692111
0.0950648116954523
0.0008975777721203045
0.0
0.003785919784451332
0.02536758098980823
0.21854209195419935
0.027324647847215538
0.02384532452052704
0.024624987439072904
0.06941957858542977
0.00515689087549837
0.0127080053372255
0.032228582190214954
0.03428929515593796
0.026189430399434662
0.03461953475879692
0.09535132728817793
0.005516428406144503
0.0008770295453356273
0.0013272698249614302
0.002423135583888
0.0040192299578976865
0.001521070085864105
0.06853565977603751
0.08118752507130782
0.15610611980867883
0.0600987366359906
0.0002710170457567943
0.0
0.0
0.009212600867401555
0.010660563571814918
0.06613867753129575
0.05928590901646751
0.004404102840762802
0.010852927424161348
0.02752394685178713
0.029283842890979614
0.022366372995814687
0.029565875070484086
0.08143221594538487
0.10118440720493625
0.09863248193762461
0.02935095774284236
0.007437141635672893
0.010088336870598858
0.010680049811458122
0.005384907153798257
0.0046313057556441025
0.02843180912700139
0.009390093715604592
0.0023574154589338105
0.0021617778584468623
0.00786861973025387
0.0013224418123435647
0.05500054832387684
0.10121627015821505
0.07794799010789386
0.012440565025088286
0.024019457651954484
0.028227865396858225
0.004459534263052945
0.004664044401149869
0.023175719271250526
0.06532534419694856
0.040545126929515826
0.010804736960552593
0.0062879933994660075
0.0013891609616703577
0.0023296937276407683
0.012757844808286517
0.083089244940428
0.062269556528786456
0.11729224168422886
0.028445017492360943
0.0189603973274793
0.024496577592127214
0.003303858851099199
0.028247180243234044
0.06399370234002916
0.047778029141018065
0.07840374112742196
0.012513303272551008
0.024159896068624856
0.02839290978627626
0.004485608537504329
0.004691314417836716
0.023311224467363337
0.06570729236748604
0.0028927482127604153
0.022716170821560792
0.08123177559170974
0.10662998600026406
0.0029825532242175544
0.0027998470362021978
0.0038291916173657393
0.0027250062257640354
0.11797803305173342
0.028611331539775048
0.019071256124488636
0.024639805662499622
0.003323176052706081
0.028412337563863205
0.06436786458647677
0.04805738060937437
0.04054599431802905
0.03713608392485482
0.049866591132988025
0.021065119869918197
0.006926510485037337
0.003293995407724523
0.011513862442093889
0.02771794705841211
0.003309230339261955
0.025986721327132725
0.09292708404914624
0.12198199040988446
0.003411964986965062
0.0032029537574760083
0.0043804977630397595
0.0031173377749219703
0.0029098120125817797
0.005863620655292537
0.010381451941153157
0.2262385894726914
0.05472761203230125
0.0018658169991820858
0.0058004216567041035
0.0015373461791494192
0.04638358566462535
0.042482734951977644
0.05704611122562383
0.024097961055242614
0.007923751725501457
0.0037682469191570667
0.013171565623095436
0.03170862605433089
0.03323498922495001
0.03536047554705156
0.07366252602423758
0.022304372877548755
0.011965947662288486
0.008602741091756627
0.007947996921104922
0.012695754322209632
0.0027865690729115752
0.005615271331162831
0.009941753208128316
0.21665642103263602
0.052409664426467134
0.0017867916975916184
0.005554749079503949
0.0014722330166530477
0.0003630504143079272
0.010001161978139312
0.02976401813375119
0.10315555460318473
0.0932480718857747
0.020014191861006597
0.0
0.0
0.0318273457915324
0.033862808709567996
0.07054260411467578
0.02135968763017069
0.011459138782723866
0.008238378343652824
0.007611365378994543
0.012158035020332275
0.007297136426193204
0.014377963808082796
0.011552438573339315
0.098252970616906
0.01786832437539971
0.0220314734518364
0.06021244524098393
0.018578227092879145
