0.17551584881436713
0.02648962135407062
0.0012846225209728114
0.0
0.0008796345792023479
0.0020775144085422702
0.053864705859670535
0.08433314657854889
0.08965944831240949
0.004532181823649362
0.0017861898139234016
0.000906706548585975
0.00442524497025598
0.0
0.012521204495925939
0.03805792306310347
0.3525239732103339
0.006429726058881185
0.004816370863257726
0.0006954122031639587
0.0013194518688035219
0.0009834613716673186
0.008014921146537311
0.04652578501471154
0.04356503469406543
0.003060975885070202
0.0020467195728063924
0.0013908244063279174
0.0021990864480058697
0.0054241626914558845
0.0036017087219306584
0.021068111216687533
0.08226098155836296
0.004158197852336851
0.0016387980308657786
0.0008318874594475341
0.004060085152666304
0.0
0.011487986949673156
0.03491748127129891
0.08488693996857957
0.24409734667379895
0.03558836509789102
0.0025033296578094036
0.0
0.0
0.002485778279081911
0.0
0.03997016023421092
0.0028083920386726595
0.0018778295450482296
0.0012760571584291883
0.002017623498131865
0.004976574756256404
0.003304504994509605
0.019329624940661188
0.22137115281484865
0.0024379037456839316
0.0
0.0
0.0
0.0
0.0
0.19171274006592717
0.0792428082386944
0.2278673167062642
0.03322209508346837
0.0023368832956571755
0.0
0.0
0.0023204989079134044
0.0
0.00527081133842829
0.03099624108998715
0.14750197816761118
0.015118818088893062
0.0030269401944797505
0.0
0.0
0.0010142805562827122
0.20665218723373543
0.00227580755172861
0.0
0.0
0.0
0.0
0.0
0.17896576203102754
0.014473893697547802
0.007204019287560549
0.013309435344125962
0.010090400345788352
0.004239004807659288
0.0004211570891277428
0.0037633330672535424
0.01068608679238354
0.011575873357621138
0.0680746356455584
0.3239471325444967
0.0332042853133357
0.0066478335312299686
0.0
0.0
0.002227585567903729
0.04167313935356166
0.09613420933229826
0.06245751490868938
0.007071337773609029
0.003534246357534318
0.0026486668555469202
0.007060107445471497
0.013045469963448181
0.03178788798850187
0.015821627750297735
0.02923047859477943
0.022160762173167217
0.009309796853864129
0.0009249545875153388
0.008265115973979309
0.02346902202613578
0.08313632190781638
0.028246284006614136
0.007397432292590304
0.0
0.0017217355795843727
0.002411986348784015
0.028825097990706348
0.027988928500465117
0.05329493341940661
0.1229440921698703
0.07987565012463374
0.009043390579078577
0.0045198760456829756
0.0033873263667259013
0.009029028340004389
0.016683587171778994
0.05684178290295353
0.07102445060131293
0.04919093318954599
0.03901450078720034
0.017782760587236292
0.004570232170760677
0.005010868571503713
0.019673008431441225
0.10632135734292236
0.0361236002093874
0.009460426251147645
0.0
0.002201892742019452
0.00308464046292148
0.03686383368406512
0.03579447346784381
0.040225376582642754
0.008535092029407835
0.004877244958906105
0.011046596010898822
0.05232660329128565
0.022859102766389652
0.03157175925203162
0.03682090235428231
0.0670905592484743
0.08383041255572801
0.05806023402319235
0.046048954535472614
0.020989055793980353
0.00539426134389902
0.005914346060480792
0.023220122071448267
0.005235647545718049
0.01339040874175572
0.03349714670085835
0.014709699349335654
0.07392367654475576
0.028152053204883266
0.012971635873424918
0.012918747537262775
0.047478155558870694
0.010073999587025853
0.005756629633582627
0.013038336700812003
0.06176127663657426
0.026980680587268126
0.03726426013577651
0.04345984247538274
0.06689149169085817
0.0327294184745926
0.011673914331940429
0.009882631439288095
0.06886955285875467
0.016673005994574275
0.02468111397609817
0.017437929563413338
0.00701738666976914
0.017947288274591012
0.044896534512937084
0.01971554563766631
0.09908058513024867
0.03773245642712293
0.017386003138755435
0.017315116414251982
0.05984772256461872
0.05606454968380082
0.04382993744222605
0.013070838232163547
0.014581462600464275
0.0048887417675741425
0.0296414955902703
0.01915746731642974
0.08965528294514417
0.04386754129405456
0.015646654993799934
0.013245782020032931
0.09230649656301597
0.02234698363280683
0.03308032458230929
0.02337221774348593
0.01268902537250865
0.016254078992743715
0.05339283416114571
0.04618434911557823
0.015199669094488352
0.005613969912527125
0.01497058696548043
0.0
0.07659692540918497
0.07175497990910049
0.056096344273193655
0.016728890895113924
0.018662284132176448
0.006256922944917901
0.03793707311574261
0.024518946288742818
0.04618479924215969
0.06442036639039167
0.0673589203878059
0.024756124550021276
0.062158375967842974
0.0
0.027765483090050138
0.003387096321248112
0.01624022249006849
0.0208030050743857
0.06833554829443184
0.05910967022108672
0.01945350415995793
0.007185116094851493
0.019160310267253802
0.0
0.018903854734808174
0.029844509001316473
0.0654692411619557
0.020368500367074428
0.03641719225874695
0.0047900775668134506
0.009334344389377176
0.0
0.046745755019419445
0.06520280947324247
0.0681770548424649
0.0250568098689307
0.0629133451498334
0.0
0.028102719765392314
0.003428235641559479
0.030198943372989433
0.016601692142057426
0.029434433524553636
0.029216470635284722
0.0650448489283508
0.027771302860295614
0.05324552375858936
0.007898107887337349
0.019133458992052405
0.030206997309558094
0.06626442376890068
0.02061589405812674
0.03685951169553851
0.004848257351693267
0.009447718367354188
0.0
0.03075526878299924
0.034806520875047306
0.05766541662379806
0.009997736066580248
0.07010424296697736
0.02291148309530124
0.027343629523566646
0.0
0.024474418173500406
0.013454667961523692
0.023854829153537788
0.023678183406950406
0.05271491830169386
0.022506962281128303
0.0431522784833702
0.006400939027125337
0.03745593662332007
0.02249440218369284
0.012106470119235154
0.00725837724644893
0.04309798936842432
0.028400791773263462
0.03805279178313466
0.010880938093108049
0.024925286290207505
0.02820858122547787
0.04673433448212219
0.00810256075054026
0.05681525134568419
0.01856837212228525
0.0221603588932057
0.0
0.04413606843403992
0.03101412658667458
0.026642773620356285
0.01878431362934818
0.09320816969457817
0.05599720775885064
0.06465598978494044
0.05006058679399839
0.03171666328058452
0.01904764488826154
0.010251427968541981
0.0061461954457106595
0.03649419932052849
0.024049014142494232
0.03222206391497508
0.009213680948539669
0.02104602234234191
0.0
0.0016635778432250753
0.0
0.015664915097625336
0.043204155393808605
0.10139941749851221
0.09420036531880677
0.03737321629756639
0.026261914627401198
0.02256037242575775
0.015906043315120324
0.07892613026694292
0.047416904855467824
0.05474892478873748
0.04238993649901646
0.03541428615183285
0.010347674349200711
0.013341288562489836
0.0023526543419404144
0.04614788186667918
0.008710606086240927
0.013333353408409637
0.09844851646572936
0.008425537713544345
0.0
0.0006659946297457905
0.0
0.006271272109645861
0.017296296408467006
0.04059411333733647
0.03771205397926718
0.09222141837815913
0.002563093432229979
0.0
0.0
0.0
0.018955792374460444
0.11669508707526167
0.18611834258516696
0.014177710102027572
0.004142574737329889
0.005341034429312865
0.0009418586354473606
0.018474784106146128
0.0034871929191007947
0.005337857679859787
0.03941275338550235
0.17866129818230606
0.001997983818226341
0.0
0.0
0.0
0.0
0.004932274487526371
0.1955732942563635
0.05401740079497827
0.0015012959856680417
0.0
0.0
0.0
0.011103089196469395
0.06835250856261149
0.10901620560090024
0.045659798183576183
0.003385004576435281
0.0015603880085540553
0.004836307080933672
0.00017445668035871064
0.0019891122192732653
0.015009224075677632
0.18817284704434004
0.10464834655753202
0.0011702909648218277
0.0
0.0
0.0
0.0
0.0028890105195633876
0.11455431077106676
0.04028455935584293
0.0
0.0
0.0
0.0
0.0
0.0289857075150344
0.2026899130018115
0.07417756102717407
0.005499178567024614
0.0025349603225408644
0.007856921798028275
0.0002834171759121189
0.0032314530266170354
0.024383542615932518
0.30570005564127495
0.0175050616843436
0.008071033428377334
0.005974386475972509
0.002694807105939061
0.0022673374072969513
0.0016556151639121426
0.008418949894300155
0.008503049365822203
0.06544510661340841
0.0
0.0
0.0
0.0
0.0
0.0470893252630641
0.32928405269851974
0.013468719511575647
0.011208248492539414
0.011697335133356754
0.0029610466888290786
0.0068603586831199855
0.004326344097176674
0.020160163529870934
0.008741605814085741
0.014958448861551569
0.006896870343863783
0.005105240769297589
0.0023027701937199294
0.001937488211724981
0.0014147584973059036
0.007194172390405723
0.0072660371839569065
0.1317909128117693
0.024864850869892985
0.008173196357399817
0.0
0.0014731601326542533
0.0012109301323281131
0.01325884977379171
0.2770123593331448
0.011509308317643945
0.009577687581253448
0.00999562255557448
0.002530277600285831
0.00586232293172291
0.0036969533785175834
0.01722729006272561
0.007469888761077317
0.21305303120768418
0.0032492664424892755
0.0013700110295329908
0.0
0.0017346035762471396
0.0019537193890644122
0.007226536353315869
0.19868312495194368
0.3277038278699066
0.005977028519399674
0.00447726477707921
0.0006464503359841119
0.0012265532586603128
0.0009142188348855297
0.007450614821672342
0.043250045394434375
0.04049775253727914
0.0028454618431197677
0.0019026162461431523
0.0012929006719682237
0.002044255431100521
0.005042263823341935
0.0033481233185377775
0.019584769310364257
0.30732073963180556
0.007246006020495612
0.003796088694580704
0.0
0.0012597269653142683
0.0
0.0019382063273794723
0.09726791680242755
0.05217532150240029
0.023148039158823446
0.00028910137061396226
0.0025286043568173997
0.0024531065173206256
0.0010221277155502606
0.015582519189880215
0.015768087088018468
0.04063051818159446
0.0028547902515204237
0.0019088536804692043
0.0012971392476914458
0.0020509572076794886
0.005058794108687957
0.0033590996251667347
0.019648974960143558
0.2250284861661826
0.0024781810201302966
0.0
0.0
0.0
0.0
0.0
0.1948800786699104
0.052346370258013294
0.023223926439993638
0.00029004914493073876
0.0025368939967509332
0.002461148649215386
0.0010254786038397443
0.015633604079057607
0.01581978033296913
0.2432528382595136
0.0
0.0
0.0
0.0
0.0
0.0
0.14421377459401669
0.2302422192367496
0.002535598525618748
0.0
0.0
0.0
0.0
0.0
0.19939529684635787
0.016126136628551432
0.008026381962830322
0.014828751495156396
0.011242252984111235
0.0047229012542064994
0.0004692335665355651
0.004192930008291967
0.011905939012646721
0.24888881523714082
0.0
0.0
0.0
0.0
0.0
0.0
0.14755509434709385
0.024992647166503134
0.0004692335665355651
0.002412927312199671
0.0
0.008110333341545388
0.003029465987725505
0.01043664939647569
0.05041692351876093
0.047646400564343654
0.023714806521380003
0.0438131370136356
0.03321644242913549
0.013954318394236357
0.001386400908312125
0.012388461496700177
0.035177373995879925
0.12461181744753978
0.04233794213444309
0.011087903112275303
0.0
0.002580684288318634
0.003615291074747117
0.04320551795288931
0.041952195728835684
0.07384345708383622
0.001386400908312125
0.007129252585281975
0.0
0.023962849875490307
0.008950882239932402
0.030836200210140757
0.14896220889904144
0.055584554213674336
0.022431202918299607
0.016723200814608187
0.006322960904300621
0.01258778217581623
0.018256521135515315
0.017260498391231706
0.07507254095966939
0.1334947757652653
0.045356004008043974
0.011878304722610415
0.0
0.002764648469516732
0.0038730072414898385
0.04628542500289947
0.04494275965471049
0.05050610489907099
0.010716475269656153
0.006123762322197092
0.013869864854039867
0.0657001410393786
0.028701390522620905
0.0396408118480954
0.04623152136222099
0.059546901351394954
0.02403021210234897
0.017915314843742355
0.006773693421552895
0.013485102724306404
0.01955793796415382
0.018490913699290488
0.08042409000060388
0.062046820145437255
0.04809961164978271
0.032868278264444196
0.00777777478475624
0.011394941801996872
0.001485230551699503
0.02762567919222847
0.01839165032487946
0.05283230827874162
0.011210053244838505
0.006405809742774492
0.014508681222150566
0.06872614928998616
0.030023315303167493
0.041466583023247405
0.048360846548849895
0.07443490313886075
0.03642034334062381
0.012990391761110926
0.010997104345349841
0.07663603197772081
0.018553235319902293
0.02746442457376271
0.019404419982045937
0.06490456423416795
0.050314977087370184
0.03438212099960454
0.008136002488650108
0.011919768497382023
0.0015536371004891527
0.02889805900514571
0.019238730479426123
0.03001217003164771
0.014324740509141875
0.11522533527243997
0.010633952039596235
0.0028647651523951638
0.0031072742009783053
0.023944784934545056
0.030103627520128493
0.09822610959614096
0.0480611713812724
0.017142437096254116
0.014512046514675756
0.10113077277757551
0.02448330083127732
0.03624272302933842
0.02560654482548661
0.013902065287896725
0.01780792934982365
0.05849705904302575
0.05059946038683407
0.016652720433817474
0.006150651760641103
0.01640173861131609
0.0
0.039604789936343365
0.018903276176262727
0.15205415649709952
0.014032821894493211
0.003780413810728305
0.004100434652829023
0.03159812090907016
0.03972547946381064
0.03714072782326157
0.004100434652829023
0.021295979460752765
0.002899445141418594
0.0492784266623312
0.014018063607205547
0.0220495247733262
0.0
0.01959140310681935
0.025095718885300797
0.08243663373334051
0.0713069896376513
0.023467747567559066
0.008667769537616573
0.02311405292181534
0.0
0.022804677621188218
0.03600294310791943
0.07897886223454285
0.02457155384520043
0.04393190388838346
0.005778513230453835
0.01126049250753796
0.0
0.05234035054486962
0.005778513230453835
0.03001123282980026
0.004086025879988839
0.06944533069141035
0.019754873050761505
0.03107316209513993
0.0
0.014791692951899577
0.0028892566152269174
0.06270146077072836
0.06370927425004398
0.11053582310421763
0.015096086238616161
0.032603950254566416
0.008172051759977678
0.019541267983957437
0.030850826798329876
0.06767677831846687
0.0210552995507017
0.037645132335952416
0.004951592715357071
0.00964908626977025
0.0
0.03141078408545307
0.035548384235753315
0.05889449263304986
0.010210827001593004
0.07159843911125549
0.023399816586282932
0.027926429423765678
0.0
0.012674962598064715
0.0024757963576785354
0.053728716023066315
0.05459230872997892
0.09471785468696686
0.012935796400982401
0.02793823880536413
0.007002609555511629
0.011388076841523811
0.013520252030600748
0.08436059621077366
0.056322007227513377
0.07730993924012662
0.018846879724904494
0.015862884253400038
0.005962507035343362
0.020617492840199803
0.0233333416786862
0.03865732153917962
0.006702209407607851
0.04699597124764034
0.015359232982442694
0.018330422988819473
0.0
0.03650810924851411
0.025654009562852253
0.02203814985172581
0.015537853698126151
0.07709916543992061
0.04631930869708267
0.05348160863415076
0.0414087035063247
0.007474935745157016
0.008874458487895684
0.055372829396389274
0.036968786821743836
0.05074490068198503
0.012370764344220297
0.010412121570402243
0.00391368600593975
0.02381669425069094
0.035307118886693266
0.10920084237054963
0.028284547842308837
0.060281202850502924
0.03512459609731182
0.02480827840668318
0.009000404674085886
0.028006626513163983
0.019680073254442303
0.016906222881524484
0.01191962208662762
0.059145422082913825
0.035533135123395655
0.041027581794059326
0.03176604095275574
0.026538649432462216
0.007754308552694258
0.009997654015084852
0.0017630249145452674
0.03458215855770102
0.006527527345205453
0.009991707593592008
0.07377504813815815
0.01827060547334341
0.0270853054915667
0.08377172278017524
0.021698049661268138
0.046243784428990235
0.026945285980899902
0.019031283790705896
0.006904520046726829
0.041277267693953054
0.03336523063017514
0.04118769706176685
0.040566517198824474
0.15783706517730592
0.005739993363536496
0.007163091019006728
0.00799706334112691
0.015834902854631815
0.004626788674730312
0.005965332957352398
0.001051949848584655
0.020634249781936394
0.0038948011147035685
0.005961784886569388
0.04401959954053074
0.19954451602128848
0.002231522540598139
0.0
0.0
0.0
0.0
0.0055087942129095685
0.21843330786309062
0.02462904247263109
0.019908141410728566
0.024575598070235783
0.02420495664743172
0.0941771584987151
0.003424900635171429
0.0042740249730309505
0.004771633969217142
0.09222743523032631
0.01856082371094767
0.009399871820211474
0.0049472555418451246
0.010422454118150681
0.013105521487219657
0.03820411864206945
0.08545908667578621
0.10517062330673524
0.001176131628156083
0.0
0.0
0.0
0.0
0.002903428932010468
0.11512602599643668
0.04048561068054673
0.0
0.0
0.0
0.0
0.0
0.029130368769533867
0.2037014935221083
0.04860878686398059
0.009782545958609765
0.004954234764485277
0.002607468044564266
0.005493190280783338
0.006907310163430686
0.020135612095910724
0.04504150548521155
0.04023424910371283
0.0051803226072009365
0.0
0.0
0.0
0.0
0.10017761399182755
0.21318325338574057
0.05418901828774695
0.0
0.0
0.0
0.0
0.0
0.03899029950262235
0.27264956047741723
0.011152196484859475
0.009280510246909639
0.009685477498015217
0.002451767923913156
0.005680426259156357
0.0035822439832798847
0.016692760188434342
0.007238112394284277
0.053852576849543976
0.006933737487944683
0.0
0.0
0.0
0.0
0.13408533218036395
0.2853406685035407
0.013060568937191945
0.008275935866502286
0.01211169214558083
0.003555013101072235
0.0018773716567425482
0.006863052898877909
0.014432358170448504
0.028019018576086446
0.011518499167156412
0.009585335919694585
0.010003604639306728
0.0025322981735476785
0.005867004336232367
0.003699905609982655
0.017241047051947227
0.007475853900039897
0.21322316639686864
0.0032518611699980556
0.00137110506271512
0.0
0.0017359887577014092
0.0019552795471902444
0.007232307161281615
0.19884178493842614
0.013489553616623705
0.008547765502084196
0.012509510219007368
0.003671780307988955
0.0019390354083153132
0.007088475279932417
0.014906400348317467
0.02893932532226708
0.22257430193869102
0.01359589511185942
0.0019022402089348973
0.0
0.0016966559822758991
0.005998953205254529
0.010841127706537602
0.15676362776415595
0.3063846810333085
0.0072239356381049785
0.0037845263071301307
0.0
0.0012558900024752038
0.0
0.001932302805539135
0.09697165150647032
0.05201640232766388
0.023077533272631307
0.0002882208058199145
0.0025209025601432415
0.002445634677147007
0.0010190144488112529
0.015535056883589374
0.015720059566288976
0.2196100528600458
0.005085114322785818
0.0019344767398290586
0.0028395055067863026
0.002853240456671508
0.0023265732425901504
0.024714294133181332
0.13763585099274137
0.03829790165183055
0.008758117120577339
0.0017293247863290914
0.002923360673179712
0.0
0.0009114342444204415
0.004424194761654816
0.015780485804554514
0.05416321025492512
0.02402998344516028
0.0003001161827211875
0.002624944619143744
0.0025465702989343657
0.001061070957889319
0.016176215859907254
0.016368853926985852
0.2516956678909445
0.0
0.0
0.0
0.0
0.0
0.0
0.14921915228298693
0.039878523055550646
0.009119579936554106
0.0018006970457313187
0.0030440128826095874
0.0
0.0009490507302506917
0.004606789019639801
0.016431774061820895
0.2992530702829547
0.08165375578217064
0.0009003485228656593
0.005251424112658946
0.0
0.0
0.00366744347570848
0.015257473737720654
0.20748383445643098
0.0
0.0
0.0
0.0
0.0
0.0
0.12300792520365078
0.02083488670385579
0.00039117217681197523
0.002011514300161803
0.0
0.0067611035828200735
0.002525486004221327
0.008700415217915472
0.04202959704397404
0.2466874977048469
0.06731079040579416
0.00074219697715374
0.00432898039279539
0.0
0.0
0.0030232353276811925
0.012577408191992446
0.006866641065345233
0.001801091987423934
0.06442146525188798
0.08435905646083794
0.06613245535100974
0.0014112243227781492
0.0114236149996239
0.015168182950970202
0.028603370149092096
0.0005370244016401766
0.0027615263238783116
0.0
0.009282044637178934
0.0034671372113449324
0.011944446853304692
0.05770072756111962
0.02153075765319257
0.008688758967948722
0.006477756078439907
0.002449208072403983
0.004875895673766179
0.00707168992753148
0.006685879073642101
0.02907945757014585
0.009426932762570651
0.0024726460729597682
0.08844161441039244
0.11581312400085937
0.09079056325865062
0.0019374125831149813
0.015683017283434162
0.020823782610512428
0.0033756061985619414
0.005497159809125193
0.001537803858095536
0.11969106272081208
0.14610466233711195
0.1050506301472432
0.04987892725180906
0.022319067129416142
0.021075122655911025
0.008504887005219426
0.006340673472210635
0.0023973778056113858
0.004772711719543736
0.006922038462738324
0.006544392157918448
0.02846407659821997
0.021959905810341688
0.017023643417460717
0.011632897433638644
0.0027527470591876533
0.00403295202074232
0.0005256598637208543
0.009777411825232195
0.006509260392142644
0.0033041714471296214
0.005380828631419722
0.0015052607740114043
0.11715815431527178
0.14301278798233652
0.10282754332640082
0.048823386836146336
0.021846749886584225
0.0019569550815653615
0.012579844515054672
0.00928033356891384
0.012855417597958524
0.312358086301146
0.032722366576911355
0.00909454126665146
0.006057513287398825
0.0302282717850452
0.02343340287699947
0.016012927756091876
0.0037892141696446355
0.0055514431997989175
0.0007235818479494912
0.013458812827341309
0.0089601337069786
0.013977692374645766
0.006671520785477137
0.05366437310281901
0.004952594570118549
0.0013342189512974179
0.0014471636958989823
0.011151903958933694
0.014020287249924497
0.0026937897907023224
0.017316420311584476
0.012774574162558358
0.01769575245073862
0.42996746928309026
0.04504302517868426
0.012518827154494615
0.00833829432486829
0.006299735886439325
0.004351301481452186
0.0016388485040768471
0.002357518211539681
0.09261466465047578
0.12020726588688069
0.014038640597332026
0.002765915063704795
0.028012327851957734
0.013370220384369585
0.10754736712139476
0.009925365296179826
0.0026738733181617667
0.002900222927963852
0.02234923916610469
0.028097691127893423
0.026269505434008356
0.002900222927963852
0.015062570955230342
0.0020507672940755033
0.03485445689555718
0.009914926811776805
0.01559555088975444
0.0
0.01262513598823956
0.008720329537531196
0.0032843734405804998
0.00472464061223727
0.1856066280864903
0.24090423883692696
0.02813447259159863
0.005543098066438226
0.005941824297811136
0.002900222927963852
0.03822484423925621
0.03261902311483118
0.07695446137448615
0.023504409175230462
0.008787159215759495
0.0
0.03259937865287473
0.003599057684734507
0.018692032679825853
0.0025449180882541537
0.04325295125684428
0.012304017457222956
0.019353438915416497
0.0
0.009212777416205091
0.0017995288423672535
0.03905263607283385
0.03968033712721476
0.06884552958797051
0.009402364071811465
0.020306866669090047
0.0050898361765083075
0.0073735602164186195
0.003599057684734507
0.0474354636950823
0.04047886963378593
0.09549732984798374
0.029168007621623703
0.0109045041322627
0.0
0.0024143212559552475
0.02258446535488717
0.19563652534069517
0.1955437017812583
0.0218279637833686
0.0017995288423672535
0.0
0.0
0.0037343089823262264
0.0007294213695195555
0.015829603069947233
0.01608403553691069
0.027905860298019055
0.0038111560740311393
0.008231189268927398
0.002063115181646631
0.003355165532971028
0.003983348921983855
0.024854395407240742
0.01659364087784048
0.02277712445254709
0.005552684806839503
0.004673537353247704
0.0017566792333308901
0.00097862144552371
0.009154391561381139
0.07929934707483513
0.0792617219552738
0.008847751067853469
0.0007294213695195555
0.0
0.0
0.00097862144552371
0.03104856573041913
0.5124115008920362
0.08844212669008626
0.02484913167342197
0.0
0.0
0.002063115181646631
0.0017703246225959713
0.002101780257242536
0.013114210830072467
0.008755493800791167
0.012018156437894324
0.0029298270199974094
0.002465952326277626
0.0009268968908412849
0.005640621096730566
0.008361953072109435
0.025862555431604525
0.0066987641354208415
0.014276684285224729
0.0083187253308628
0.005875462693578597
0.00213160869217979
0.0005163613014577442
0.01638251223932238
0.27036958028334707
0.046665737656039534
0.013111433465589375
0.0
0.0
0.0010885852186513056
0.0
0.0
0.12154988715999426
0.30221362544670005
0.10612279486872869
0.0
0.0007302451225901958
0.0
0.004586255586268361
0.006798906243020713
0.021028232049148245
0.005446606660918123
0.011608034280915155
0.006763758789154497
0.004777199733546175
0.001733160604940157
0.010361347894216477
0.008375282121220856
0.010338864030021122
0.010182936541977368
0.039619985388319866
0.0014408431437628348
0.0017980666403638712
0.0020074089211491045
0.0
0.0
0.09882933801756845
0.2457227500628817
0.08628593419955553
0.0
0.0005937450354120969
0.0
0.003056489843339852
0.0
0.03364445591207765
0.20845989962368341
0.17181527964235632
0.0023790999056334658
0.0
0.002345939996320372
0.010081937462848743
0.008149429151683658
0.010060059912258315
0.009908337260027544
0.03855156868026656
0.001401988488129012
0.0017495788778892195
0.0019532759069586644
0.03775344637877634
0.007597902521816706
0.003847852386282487
0.0020251668752872152
0.0042664480661549695
0.005364765934323141
0.01563891634847835
0.03498281220046976
0.00297406667269471
0.0
0.03273717897904719
0.2028384427368589
0.16718200394400481
0.0023149436454936983
0.0
0.002282677946534304
0.00520581656341505
0.008134506642522977
0.001925779234558845
0.013257145294675284
0.20696344877106362
0.1305179220317921
0.02189175053161303
0.008440656252435503
0.030347597043932344
0.006107471137808327
0.003093044076873473
0.001627902990930281
0.003429526550278666
0.004312394507680726
0.012571131302444277
0.028120460248106927
0.02511917819676037
0.0032341959794392823
0.0
0.0
0.0
0.0
0.06254321612167925
0.13309526708347033
0.004184625206560259
0.006538813099650046
0.0015480115807074708
0.010656576867690701
0.16636476795023522
0.10491506563646831
0.01759738745581555
0.0067849073211833
0.003317311790927664
0.001471891262679648
0.0
0.002367781362527762
0.10285125507848551
0.013315149576443664
0.12870889215032663
0.11577603831087972
0.03642662061234628
0.004690075009866546
0.0
0.0
0.0
0.0
0.09069715528488963
0.1930083365535322
0.008834347722777806
0.0055979563775273794
0.008192514463945158
0.0024046595554094736
0.0012698799034184358
0.004642262985638465
0.009762244749869857
0.018952447947902174
0.004810605550645346
0.0021344657133398467
0.0
0.003433642323414341
0.14914992914580447
0.01930898766745126
0.18664742719966892
0.16789282637020325
0.014193094111498493
0.0009272693237806645
0.0024117375479398473
0.0
0.0015873498792730446
0.00185453879894281
0.004490761610404107
0.056678660409725606
0.013378118210148133
0.00847715354929068
0.01240617082056
0.0036414482197124746
0.001923017294963522
0.00702991832937937
0.014783260559625325
0.028700261408659035
0.22073564526312917
0.013483581232449636
0.0018865260558264053
0.0
0.0016826401330930817
0.005949396651505288
0.010751570593903213
0.15546862430615002
0.0214930288856324
0.0014041917994915964
0.00365216663647999
0.0
0.0024037716187044027
0.002808383828224718
0.006800495244564686
0.08583019853283888
0.17727737929219511
0.0005374996820724558
0.0038282177093216015
0.002216788246751959
0.004590967764650727
0.003016691017640108
0.002972277535243085
0.18087030189502565
0.22353474886549954
0.005175991437061782
0.001969048167842368
0.0028902508883151255
0.0029042312982885533
0.002368151907103328
0.02515596831976294
0.14009556933242356
0.03898233125636231
0.008914635216314656
0.0017602299019767943
0.002975604647474644
0.0
0.0009277226715289685
0.004503260447775667
0.016062502082018475
0.036230796968473096
0.00046386133576448423
0.0008801149509883972
0.0006559989904223227
0.0014521156491442767
0.0015010867499802034
0.06071880766320536
0.29441191506717596
0.033474172780237246
0.02617918864408187
0.01946184172469153
0.0027731562747745422
0.007116589143191206
0.008173468332768871
0.003671785026067655
0.024614588729565474
0.030001435747631332
0.006860848159566775
0.001354701543063748
0.0022900737017105296
0.0
0.0007139904470683654
0.0034657824359014136
0.012361962679726118
0.22513425955793584
0.06142980531749151
0.000677350771531874
0.003950754717772077
0.0
0.0
0.002759093400757803
0.011478512315407466
0.025762267455656334
0.020147929092936296
0.014978149721063894
0.0021342661435162433
0.00547704267653041
0.006290434079178962
0.0028258654366830503
0.018943787567961386
0.15109119064865667
0.04534944592026959
0.07423016240359437
0.08294240483324969
0.0782996359217802
0.013497656731917508
0.032925151629966704
0.06262583458548635
0.1585856388873453
0.04327144585692284
0.000477129092058846
0.002782930337814032
0.0
0.0
0.0019435184612426127
0.008085518448367086
0.004414292051641576
0.0011578508281852463
0.04141401295193745
0.05423110205926243
0.04251394083852939
0.0009072203209459075
0.0073437904229988965
0.009751025108365213
0.1064293504076879
0.031944364525303824
0.05228807802330973
0.058425022860409376
0.05515463444650286
0.009507813339987787
0.02319263277367745
0.04411393453885583
0.009974060034890245
0.03750592445166393
0.07969069344876674
0.08006788610516163
0.016574688706430828
0.007831298477873389
0.0058832298024551625
0.004536828442080881
0.004460492677513835
0.001169969064202045
0.04184745806519175
0.05479869270065385
0.04295889795782688
0.0009167154214379887
0.0074206516070456285
0.009853080762506867
0.0015972180039979366
0.0026010624763425005
0.0007276346422796768
0.05663359676752867
0.06913158212954157
0.04970625953761602
0.023600952226190457
0.010560596750512179
0.010078450005175071
0.03789846693940897
0.08052474789520016
0.08090588830507307
0.016748161821239848
0.007913261992483997
0.005944804545549624
0.004584311551727252
0.05729449931531157
0.02449055323844857
0.045553377851729346
0.10219106678772913
0.0473128577049784
0.01655910016993469
0.012507430294920607
0.07150801533478156
0.001230147977624927
0.0020032905570434236
0.0005604108402295082
0.043618156291012476
0.05324387512149341
0.038282848360365135
0.01817702003007738
0.008133577697369679
0.0007285773073251833
0.004683494950745954
0.0034550820846180595
0.004786091222170226
0.11629138327308876
0.012182586076959668
0.0033859113322695722
0.0022552212677714183
0.044127171297434445
0.018862174394342752
0.035084375143545767
0.07870568314757191
0.03643949421791661
0.012753514882969013
0.00963299314437305
0.05507416033870818
0.07032148016297883
0.027475362684094257
0.012905442140415117
0.05371461284045882
0.06626130991162267
0.0766942599022552
0.02830501908362101
0.06062516029004872
0.0007653715482201077
0.004920018432489527
0.0036295688841038883
0.0050277959686715005
0.12216427160921182
0.012797824847550064
0.0035569049055744527
0.002369113306081504
0.001789909006791783
0.0012363111491202213
0.00046563693321314306
0.000669828570050668
0.02631409084557402
0.03415382355249071
0.00398872106723825
0.0007858641018908632
0.0738728198151888
0.02886290948676015
0.013557186220550193
0.05642728091913579
0.06960760490926982
0.08056743443806604
0.029734464772125487
0.06368682132392699
0.0
0.0
0.0
0.016389883293852412
0.12332050919694515
0.1440558499216697
0.0674317119192209
0.007850351369982422
0.0023125408971914905
0.0015972991270203178
0.0006015973142837415
0.000865410451856371
0.03399748871138061
0.044126329026168525
0.005153379619006948
0.0010153269626340788
0.001088361480257636
0.0005312326249900506
0.007001628788347053
0.005974812869322604
0.01409571661767556
0.004305292832701009
0.0016095402913288092
0.0
0.0
0.0
0.0
0.02117553198146367
0.15932861385595
0.18611842454530636
0.08712096033324965
0.010142559499684917
0.06464593026538323
0.06705903501730527
0.06780138266777652
0.061662097271470304
0.05871148467930031
0.04104958838534707
0.04162018249869714
0.009288099337253455
0.0009859899449954186
0.0004812647600958098
0.006343053947725575
0.005412820574086079
0.01276987021742349
0.0039003359823972916
0.0014581465552598674
0.0
0.0003228422108847719
0.003019986966870104
0.026160449117950967
0.026148036783396535
0.002918827836002813
0.0002406323800479049
0.0
0.0
0.058565318952168655
0.06075144650700694
0.06142396876393426
0.05586214598720182
0.05318906870522397
0.03718845450554887
0.03770537840320791
0.008414458542287484
0.09412237659915997
0.14321986429455127
0.03844554041208208
0.19594271921135156
0.014448712769143616
0.013523230286752912
0.01292490617100519
0.02411001486622687
0.00025932406289069283
0.0024258144186889413
0.02101346640428512
0.021003496155915822
0.0023445580156210032
0.00019328874711291172
0.0
0.0
0.00025932406289069283
0.008227532974031832
0.13578348695611256
0.023436203783264508
0.006584750226282939
0.0
0.0
0.0005467031338453452
0.07560410716346429
0.11504182490180244
0.030881506208145323
0.1573916307303255
0.01160597583744181
0.010862579003397137
0.010381973198487198
0.01936644837838914
0.04481535763561033
0.04906455904526756
0.04894296395905658
0.039062923980614575
0.09173641484373918
0.029745623338760786
0.026652092292341275
0.01676595989728096
0.00025615738540364885
0.008127064305014564
0.13412539743498128
0.023150017850208537
0.006504342029423216
0.0
0.0
0.0005400271914482289
0.0
0.0
0.060298673047559224
0.14992264507281133
0.052645575081938796
0.0
0.00036226123216125496
0.0
0.044268104972218544
0.048465418214260765
0.048345307959105376
0.03858591586741198
0.09061619624007554
0.029382391347425502
0.026326636259823576
0.016561226147687576
0.0
0.0016402076281243553
0.009504518046869087
0.1077187562902695
0.08199523798738158
0.010012027782085927
0.003524125866637572
0.0071216594658552275
0.0
0.0
0.06518837911698289
0.16208008785730474
0.056914680436934255
0.0
0.00039163751618360266
0.0
0.002016077641230649
0.0
0.02219206959365906
0.13750130517864229
0.11333031073652763
0.001569267483892718
0.0
0.0015473950239213434
0.0
0.0017732144222876193
0.01027525307687658
0.11645382507043762
0.08864434969394452
0.010823917506005573
0.0038099022986648468
0.007699165068459369
0.0015719801492401354
0.00046154925996844646
0.009667118825649416
0.06451352671451999
0.09649729596694745
0.01744086308788567
0.0014448777715782124
0.006191832345644754
0.0020732957646892895
0.0
0.022821900782619437
0.14140371771203722
0.11654672838767051
0.0016138047272987776
0.0
0.001591311506951219
0.003629104058685542
0.005670766672657916
0.0013425085481085614
0.009241885342945795
0.14427936189935647
0.0909872860111025
0.015261283170125794
0.005884191171651344
0.0016165943805645053
0.0004746484492055228
0.009941480480748032
0.06634447948182039
0.09923597729605114
0.017935850699959347
0.0014858847214228336
0.00636756219867365
0.0011757198019149771
0.00353286418963818
0.001545650059611419
0.009049069550040843
0.06791164211907882
0.0587805172548577
0.07070977352620433
0.021545018524304897
0.003272872747278671
0.005114126627121447
0.0012107284798233697
0.008334705807073801
0.13011696107887127
0.08205601270150584
0.013763242102817673
0.005306601468035816
0.0025945308883893728
0.001151193371638082
0.0
0.0018518855836318678
0.08044186830449301
0.010414024679286187
0.10066560436304813
0.09055058024827033
0.0010603116460422303
0.003186079742858493
0.0013939297069272046
0.008160816730420508
0.06124546420280382
0.053010646672955346
0.06376893222069323
0.019430168666299354
0.034469368064041314
0.03411572972880009
0.02352025952560225
0.018620674537943
0.038428909850267784
0.050669296284105846
0.021537800211975978
0.03053656417434592
0.0038260441998552597
0.001697615835748223
0.0
0.002730896798244995
0.1186241971638216
0.015357118660501686
0.14844727939903535
0.13353108413655917
0.011288268146619047
0.0007374899855338968
0.001918139901458047
0.0
0.0012624753234899595
0.0014749800914668227
0.0035716610375827506
0.04507853691872644
0.050830509031237786
0.050309013639739046
0.03468432499290245
0.02745911568526969
0.05666947666622351
0.0747198532212876
0.03176087667617903
0.045030970633497536
0.014624072542932758
0.001019788084102371
0.002453762794633631
0.001442198084618564
0.0005049901293959838
0.0013020861224713309
0.045077334854819795
0.07256567764520422
0.018682254937020824
0.0012205571079892095
0.00317455062002972
0.0
0.002089415802210676
0.0024411144152406378
0.005911153171244483
0.07460566208783681
0.15409373951559158
0.00046720758356017054
0.003327578424638574
0.0019268853816548975
0.003990579021842032
0.002622180008116385
0.0025835747466059085
0.15721679380413514
0.024203061790872286
0.001687764741364935
0.004061014629427657
0.0023868596968612053
0.0008357663208842705
0.002154972275109551
0.07460367265384545
0.12009729675419001
0.2558620493350251
0.018672843383907838
0.0014774400820839666
0.0
0.001496497620310221
0.0009344151671203411
0.01157549218793553
0.04559733928812184
0.030594666956467984
0.0003917022055586004
0.0007432026359323266
0.0005539505700968857
0.0012262218439882356
0.0012675749094996159
0.051273277263707215
0.2486126512020747
0.028266868342581346
0.022106705476371096
0.01643432150953105
0.0023417589383638165
0.006009519329409517
0.006901988430944524
0.003100595333468325
0.020785497628075595
0.033586394646161484
0.0026016645463442785
0.002477342231147401
0.0
0.00017517454914117651
0.0007834044111172009
0.050816084948288154
0.06608700966575684
0.0863254329749848
0.021563048526009123
0.001382639123076481
0.0
0.0010510472948470591
0.00608418622469374
0.064191908439794
0.22226393561914445
0.017610929780455625
0.013773002127551292
0.010238972304469737
0.001458971391045626
0.003744073154545178
0.004300102584048087
0.0019317444731952417
0.012949858284387444
0.10328502153542823
0.031000606179526633
0.05074328880140931
0.056698924885191945
0.05352515621643993
0.009226916276513652
0.022507433957987582
0.04281064068703619
0.05378279333829641
0.013434290945914713
0.0008614169851822727
0.0
0.0006548274071665011
0.0037905924022325578
0.039993082300655486
0.1384757064517112
0.11176595038157694
0.046807373345233036
0.012919453014001585
0.023643639844082617
0.02604917001333502
0.014655533502200807
0.010857903074227848
0.06650248465843774
0.09531418752539611
0.028608190683126474
0.04682726761899209
0.05232328830121618
0.04939444946709838
0.008514845765502271
0.02077046360736088
0.039506807220124014
0.008932399050764256
0.03358891793293335
0.0713680358877389
0.07170583567179385
0.014843677815266422
0.00701342109886123
0.005268802886592687
0.004063015655386465
0.10314061608603772
0.04319509929199602
0.011922417684540066
0.021818984867121416
0.024038872613104743
0.013524519313135286
0.010019964118364815
0.06137027614855919
0.051819637625950675
0.01631487910763029
0.038454148908851814
0.013325950061343994
0.002006739690638769
0.002076300784755076
0.008326098169064267
0.020601760425063526
0.008522762539721953
0.03204854260111745
0.06809512420355997
0.06841743261467191
0.014162952250194235
0.006691788205717906
0.005027177538288439
0.0038766872627649597
0.048450645907448756
0.02071024508833587
0.038521858233474905
0.08641707757298667
0.04000974863080452
0.014003073741235597
0.01057681075274443
0.06047019472956672
0.04944320824343729
0.015566684796365747
0.03669065588703306
0.012714826928753331
0.0019147113519168168
0.001981082400029117
0.007944266391824155
0.019656971324857535
0.002596387526872827
0.024775813895515815
0.10180413109158605
0.11059381554848557
0.02710660835583329
0.016659666449333598
0.025189770109761946
0.019359154822096526
