0.08548929845984297
0.06899435340064437
0.0392713944437657
0.006381764393415025
0.027948649399252654
0.009899326627012215
0.06455984460689419
0.04252695474938914
0.06416809176830966
0.022889539861570996
0.015021097405084028
0.017002484091743444
0.01113836680136714
0.004479870973727649
0.0053540960916601465
0.021193203540735395
0.17518496171264514
0.032110155795319485
0.012540741496246963
0.01992174878786437
0.06911003426603317
0.017441219260502846
0.016245348753525714
0.0418933767702864
0.026493307164931524
0.015579252024792201
0.004484006277616004
0.009699837206226
0.010274969981440812
0.01687989436653809
0.0073175126823098605
0.01850510265027419
0.08394188252667333
0.029943091857665395
0.01964994063329766
0.022241903771176404
0.014570722797169259
0.005860370670972907
0.007003993617036555
0.02772401910288489
0.016373908298675573
0.037087697822632874
0.06290761437653367
0.029969604348308098
0.045260858208992075
0.006126617550876015
0.006727063005895588
0.009550033820309486
0.034657382142693836
0.020380094019943982
0.005865780294099333
0.012688901490678169
0.013441264955507959
0.022081537270808586
0.009572449063683248
0.024207563447920594
0.01802835887908975
0.23011112130903347
0.15736180391830143
0.011380937820385224
0.004439427981267139
0.004037610063404256
0.0016119798718886222
0.005194211032621603
0.012266259649306522
0.02778367406175302
0.047126264407100965
0.02245126464724784
0.033906470502638036
0.004589660591730704
0.005039474999028431
0.007154259836000801
0.0
0.02935607478421881
0.1814944545125858
0.1098889370749022
0.03268893020225005
0.009911148776568856
0.00884203942383678
0.005709425360013642
0.013505665661977773
0.17238418040963294
0.11788515671003705
0.008525853193446165
0.0033257286726727365
0.0030247130066299193
0.0012075897395639541
0.003891162698436677
0.00798076379680048
0.07848697480791247
0.022761660893286642
0.005718313658060622
0.015831098965789814
0.0035309719631126677
0.003731636691139807
0.0
0.0
0.03430146898080704
0.2120694420971657
0.12840108884158233
0.0381957851514611
0.0115808044782063
0.010331590420489561
0.006671248738949978
0.0
0.0
0.012436644457099053
0.09222796708840614
0.14021906925325792
0.05781003471768117
0.006905991945814725
0.002746748136874785
0.009325222252338127
0.091709077305467
0.02659614443762213
0.006681634380831316
0.018498043559932845
0.00412580790024144
0.0043602770857357216
0.0
0.008110273125652302
0.0115185926808265
0.018943763341424443
0.008589442069596715
0.003349333058906988
0.00925726163902414
0.017689071507049264
0.007347948986456258
0.0
0.0
0.017262453157680206
0.12801531531947072
0.19462847258741117
0.0802421440767485
0.009585733747007124
0.0038125726929244736
0.0007233848203195208
0.0030213286933728736
0.0034270766567341933
0.02156452285007676
0.143913871963205
0.13865599814041626
0.006194568916481312
0.003358528293851622
0.011257313852664593
0.01598816845500996
0.026294538566216923
0.011922415398181074
0.00464897949268368
0.012849369937630225
0.024552986888596834
0.010199184001864777
0.0029862297681336257
0.0010783584372499604
0.00276784110579243
0.0
0.027490177687149245
0.07084752369252136
0.021716434839728006
0.0009941973166875213
0.0008203539299884463
0.0034263351922431944
0.00388647331925178
0.02445522849176205
0.16320540206072023
0.15724271479835425
0.0070249455234284545
0.003808736107597058
0.0
0.0
0.00330412474636147
0.04971084950196742
0.22596189354981625
0.04368410964164382
0.0
0.0
0.003386531286424892
0.0012229114533305503
0.0031388678127327206
0.0
0.031175212235961
0.080344572983212
0.0246275041522711
0.001127468607328982
0.0
0.003305454481382747
0.0035761107139209536
0.004263388653869704
0.12564659592143995
0.025723502059849124
0.005065633778234015
0.0008647289792310378
0.0
0.0
0.0032852527340625527
0.049426918405169745
0.22467127774033305
0.04343460118851045
0.0
0.0
0.014433097762989814
0.01197757230230344
0.03672780665239958
0.07833219057208445
0.11150065415192094
0.05438837400315791
0.005471669412316207
0.021457649819272524
0.0
0.0032865748740994985
0.0035556852122961362
0.004239037659495325
0.12492894623035074
0.025576578355537026
0.00503670063850619
0.0008597899478130354
0.0
0.0
0.010772507648946756
0.0428016624932162
0.10858561722301838
0.015249486953702629
0.0
0.0
0.015684623391965212
0.01301617392167842
0.039912555489852855
0.08512454697987758
0.12116912093640313
0.05910450945107238
0.005946129893028419
0.023318289796039084
0.004533141461567198
0.03218852853664832
0.0735073520541431
0.09971237567207793
0.08555092884708394
0.0
0.0
0.0
0.0
0.0
0.011706615463664251
0.04651308872011918
0.11800131474854866
0.016571803483714915
0.0
0.0
0.0
0.0
0.02981641590677299
0.0529097815358741
0.05844483348506021
0.0072674920288618595
0.0
0.0
0.005897040722558817
0.0418731833518026
0.09562371969766154
0.12971312386047634
0.11129088195045451
0.0
0.0
0.0
0.0
0.003843631596321246
0.020622455024958065
0.15582429459939148
0.10950897959736507
0.0
0.0
0.0
0.0
0.0
0.03878736639782764
0.06882889911643562
0.07602929800593874
0.009454083180155944
0.0
0.0
0.0
0.0
0.03213420232818253
0.05952743498956538
0.041040913596060165
0.0
0.0
0.0
0.0
0.003957574515294139
0.02123379944313277
0.16044364339196052
0.11275532942990607
0.0
0.0
0.0
0.04903854278071619
0.07848532234834087
0.04436491093126559
0.09745884739656607
0.04451053005947269
0.004424702791717707
0.0
0.0
0.0
0.0
0.03308680788373136
0.061292101954050736
0.04225755503925288
0.0
0.0
0.0
0.025013477553937697
0.06912639172749822
0.11831709363459054
0.025921956066910317
0.008310906482117693
0.0
0.0
0.0
0.02882978259087864
0.04614155828397659
0.026082152206917647
0.05729610267100974
0.026167761761550147
0.0026012848726948293
0.0
0.0
0.015789678355031186
0.07618708601570999
0.06372324513283655
0.04505664161196824
0.07757484551092544
0.11507854032045511
0.026817656289902698
0.0
0.014705435333723323
0.04063943852710421
0.069558675540645
0.015239530282967711
0.004885985867973171
0.0
0.0
0.0
0.11979729750544707
0.043163024581258015
0.010507592088024624
0.004426772652522319
0.0
0.0
0.01658128981967884
0.053148324364326864
0.008879513454132848
0.042844714128841874
0.03583552494074285
0.02533813839621584
0.043625137189514274
0.06471578610287862
0.015081228032654947
0.0
0.007607884517207659
0.005923317414714905
0.0
0.00796456186981223
0.028833221674055814
0.07285246556139681
0.15369009235927691
0.007471804215531765
0.06736943533934778
0.02427324033286746
0.005909069407131076
0.002489448261239242
0.0
0.0
0.009324685578145425
0.029888592449211097
0.0012279782545444697
0.0
0.002280525981605655
0.0020055278555496654
0.007158284160753279
0.03688913680120867
0.25196195378324726
0.03855856445978519
0.005840683058963626
0.004547416512269498
0.0
0.006114509425039714
0.02213568160585211
0.05592989226449991
0.11799010838598431
0.005736212241766104
0.04291865239526968
0.004049255583455136
0.00938596632849441
0.007321079195043172
0.010699885018923737
0.04597603719912838
0.06386861064969533
0.1094467852347367
0.000942736679542298
0.0
0.0017507928039869028
0.0015396727623420699
0.005495518357881791
0.028320324248782253
0.19343483876978254
0.0296019680252564
0.00765162078663223
0.004564015324098232
0.006636928269307925
0.006334795637277722
0.006261316063976139
0.050816728636834216
0.08537045659791338
0.0593173833616828
0.04486583310541976
0.004232966672283273
0.009811799190454837
0.007653229982415991
0.011185329191722798
0.048061928711722844
0.06676627214884528
0.11441228757703545
0.0003150209528184119
0.006323396945005174
0.01416075166561805
0.22790876350876393
0.034904471545634044
0.0014088165002907485
0.0005940091950439562
0.0012042125280748005
0.007998767949126916
0.0047710806000082675
0.006938039743676363
0.006622199625502887
0.006545386349959091
0.0531222379721059
0.0892436375350316
0.06200855976663386
0.02436421283939711
0.007899269601510758
0.004311274073389117
0.0030092846466533594
0.007448278415707692
0.05749351580761099
0.04562804704066876
0.018786984202928077
0.00041195580335364845
0.008269164463816458
0.018518145464006243
0.29803839053432657
0.04564489913312149
0.0018423223216193323
0.0007767912989738274
0.0015747598214444487
0.0013731860111788282
0.0014933755384788686
0.0006893070940371453
0.31706429172480827
0.04530603212743926
0.0017923815226944027
0.0011651869157214354
0.0
0.03186130567993916
0.010329947660571055
0.005637892840113858
0.00393526926714136
0.009740182330389952
0.07518480050373898
0.059668217640531984
0.024567912390166566
0.0029501781294474032
0.0003070537311829906
0.002374442246571749
0.009964814826575939
0.012330936313109477
0.004093088959613424
0.0023934017094961748
0.0007001902285801837
0.17568491614471943
0.03220179388198813
0.012576531093888517
0.0199786027923622
0.06930726505339256
0.01749099416575054
0.01629171080441476
0.04201293486012529
0.02656891551742892
0.015623713124775049
0.004496803031344331
0.009727519243281248
0.01030429337045452
0.016928067325672216
0.007338395884049982
0.01855791373631461
0.1533064280062614
0.0396520185506489
0.007391427528754864
0.000925450632813553
0.003989350075129928
0.0024063954688731477
0.009955613817819092
0.06273948035950391
0.10870275563153771
0.08436324230917489
0.011268380046846282
0.004240474129190282
0.0018843179516109109
0.0029241217319682946
0.004764884048691205
0.006395094937991364
0.03211515755331325
0.01888515202062993
0.0054355074351117106
0.011758131900262626
0.012455307212318302
0.020461789224344905
0.008870280755353043
0.022431864902862766
0.01670592381864876
0.2132317693581797
0.14581883608237886
0.010546111350859332
0.004113782410857523
0.003741439061703809
0.0014937362362028917
0.004813199825393238
0.13139437781327884
0.10197400856238172
0.013620646290123753
0.005125670058695463
0.002277667970934816
0.003534530043788424
0.005759550172328427
0.007730066414162142
0.06294380848935069
0.06534217905813551
0.021576776404965664
0.005015655155075042
0.00847442549611845
0.004206119711429369
0.011114762838524219
0.017031530976557116
0.020256259286448062
0.2585476897366062
0.17680818999279052
0.012787366224446152
0.0049880416112839335
0.004536568019885015
0.0018111843939041827
0.0058360989023436075
0.011969822503973833
0.1177174492623397
0.034138717511914225
0.008576522404594372
0.023744023690980217
0.005295872518105463
0.005596836340422317
0.0
0.07632059855400117
0.07922866976476889
0.02616226328871471
0.0060815799482573955
0.010275406617228675
0.005100002393728425
0.013476867272266449
0.020651064332114107
0.01131633856157865
0.010918198220688667
0.030753262714205348
0.008358337445415724
0.0056371074145837
0.0016135409319300777
0.001495834718555168
0.0
0.0278589394279917
0.27397927475770506
0.0794555193277089
0.019961266601328936
0.055262583681939606
0.01232577940493983
0.013026252022069995
0.0
0.024229300025033203
0.034411595467378306
0.05659416378356332
0.02566080891821536
0.01000607430979615
0.027655908276714977
0.05284579373201953
0.021951869906621437
0.02633800045313985
0.02541135616605776
0.07157610590163145
0.01945345610039303
0.013119980180143324
0.003755405652197596
0.0034814525281958632
0.0
0.009055062047857259
0.004186656543458287
0.044092277082736546
0.007561999196819942
0.026117654250630434
0.001160484217310455
0.005683316138072895
0.003780999598409971
0.033971773516242615
0.04824831614378157
0.07935037794777229
0.03597888457002572
0.01402946390889898
0.03877620283672447
0.07409480810817526
0.03077860078315421
0.009011698765641568
0.0032542175761506205
0.008352656095900756
0.0
0.0829585194596
0.21380020674286143
0.06553479947446404
0.0030002402451425117
0.01269605464241674
0.005870089013620407
0.06182154867546934
0.010602639109629977
0.03661942499623377
0.0016271087880753102
0.007968547521568545
0.005301319554814989
0.014879050124519766
0.009516176710228518
0.023970144347463238
0.013806475164079287
0.030339177009962328
0.010128593892816104
0.01371195286315998
0.0
0.008301895141687662
0.0029979001504624836
0.007694761760915297
0.0
0.07642431772010339
0.19696030058368422
0.0603729715692283
0.0027639272641922547
0.0
0.008103139814494592
0.008766638678651996
0.01045146273845658
0.30801571756656776
0.06305975014431342
0.012418122526039325
0.0021198355202952587
0.013707106412903252
0.008766638039355614
0.02208214345362551
0.012719012482475171
0.02794952125809065
0.009330818374831793
0.01263193520091146
0.0
0.002011052528330601
0.0029979001504624836
0.020847642961598786
0.01764162914385917
0.06248824986526635
0.0029979001504624836
0.0062390461812123
0.00913780456844311
0.0
0.007291890006916211
0.00788896235762344
0.009405109432258031
0.2771785732833082
0.05674649240204826
0.01117487611287565
0.001907607149897258
0.0
0.0
0.023900852371819475
0.09496361013202186
0.24091779662871773
0.033833880495046015
0.0
0.0
0.0018097150204031292
0.002697763909958335
0.018760470985273375
0.015875428809672097
0.05623220815308604
0.002697763909958335
0.005614421019873306
0.008222968792738221
0.005021690980063269
0.008396659502747178
0.01897936418523001
0.013945789379490628
0.029419211556597092
0.020665754814746903
0.02645036646255464
0.0
0.0
0.0
0.024551223497620293
0.09754768492027056
0.24747346151385854
0.03475454134033528
0.0
0.0
0.0
0.0
0.06253126645334042
0.1109628889519288
0.12257105169522536
0.015241452290080856
0.0
0.0
0.005158337270551984
0.008625142772247917
0.01949581565985129
0.014325271190340789
0.030219743915970012
0.02122809501982836
0.027170112953034564
0.0
0.0012393063712183518
0.00138558666583988
0.04450429056213558
0.04032427427572533
0.06014194821598326
0.010547711308535003
0.0
0.0
0.0
0.0
0.06646392157174001
0.11794145820119907
0.13027967013775332
0.01620000276826692
0.0
0.0
0.0
0.0
0.05506342146061163
0.1020029751423111
0.07032547748933718
0.0
0.0
0.0
0.0013172476127838618
0.0014727276243149078
0.0473032107823189
0.04286030900875782
0.06392433667374134
0.011211067629582225
0.0
0.0
0.0
0.0
0.13158697849662296
0.11426442669322658
0.027781925668960036
0.0
0.0
0.0
0.0
0.0
0.04557355335778484
0.08442334143050324
0.05820528067011992
0.0
0.0
0.0
0.03445340082288938
0.09521424106232027
0.16296919300411944
0.03570473320076184
0.011447388377425914
0.0
0.0
0.0
0.0
0.0
0.10890870975017906
0.09457160141284494
0.022993868493298285
0.0
0.0
0.0
0.02267734802499851
0.04510805321329976
0.13231009725470527
0.03775292302338808
0.004906023590325392
0.0
0.0
0.0027795455654586027
0.023487082097522465
0.064908097409017
0.11109703901600897
0.024340122598268996
0.00780375069517677
0.0
0.0
0.0
0.19133666550620573
0.06893869368100551
0.016782412245406508
0.007070309063100273
0.0
0.0
0.02648314085503548
0.08488691625660545
0.015459278970898443
0.03075042009717443
0.0901965565758577
0.025736385416056575
0.0033444645836471876
0.0
0.0
0.0018948322467591987
0.006384873401078068
0.0074897166616280505
0.0021021275964993244
0.0
0.007035492862671557
0.009097244730798664
0.08705215632310384
0.08632174545328856
0.0922783145630248
0.033247921637128704
0.008093862784797786
0.003409885930939939
0.0
0.0
0.012772353881951576
0.04093946938966657
0.0016820055427008386
0.0
0.0031237176449487943
0.002747042919197967
0.009804956716502354
0.05052836427311139
0.34512126028678547
0.05281503878422107
0.0030793123450281014
0.0036121588523618598
0.0010138192336956368
0.0
0.00339309468872533
0.004387441417485305
0.04198372665960589
0.04163146232058467
0.006279078890227516
0.0010450209277457054
0.0002534548084239092
0.0
0.0007168784673123864
0.0
0.08331217612583539
0.15272795150688143
0.0010980688030809806
0.0
0.002039266107318608
0.0017933603984753924
0.006400999766423179
0.032986585995384864
0.22530656384900694
0.03447940268338349
0.008912357247928455
0.005316015545941153
0.007730476642058238
0.007378562449235929
0.007292975849226536
0.05918966091128517
0.09943671136298625
0.06909094507862128
0.004099190202650539
0.0006822241961710336
0.00016546367479519154
0.0
0.0004680019539604145
0.0
0.05438894177106703
0.09970585390514344
0.024669546571109563
0.0014983373495138844
0.004456388395042681
0.000851776412497135
0.005007258405100009
0.011311702775717847
0.08314497891447321
0.14109823302177624
0.00913467647883164
0.005448623839658028
0.007923313797680215
0.0075626210863901505
0.0074748995240402245
0.060666150186249546
0.1019171654761671
0.07081442241968318
0.027824185345141993
0.009021048327417253
0.0049235199873854186
0.003436634473549654
0.008506011686359886
0.06565819509621407
0.0521077059277504
0.02145493203430169
0.02528492973718431
0.001535713455285999
0.004567553243245109
0.0008730240209199071
0.005132164735332013
0.011593873809861207
0.08521903488547054
0.1446179360335121
0.02648384598389468
0.008822782774965848
0.0020350940435677383
0.004179366116738537
0.0031768039469462013
0.015365589921537998
0.11361355677147296
0.08362447133683223
0.05438437042344367
0.017632287442036633
0.0096233737469675
0.006717149124085053
0.016625611303222005
0.128333662213427
0.10184825704467315
0.04193520696795504
0.005035687545850636
0.0005241129796846464
0.004052958406156517
0.01700903868075768
0.021047794301232138
0.006986533081595583
0.004085320496557625
0.0011951614645207824
0.05176458079039615
0.017244763167274406
0.003977737602702376
0.008168871512623903
0.00620929168168961
0.030033150070773104
0.22206586392163788
0.16345004064749638
0.013922643569280859
0.006524207796755005
0.008902595226701643
0.0024488317984413185
0.00790199737408215
0.005774149694422509
0.00703876181526967
0.007535688088515566
0.14352982847148105
0.03712334502301611
0.006920064208385571
0.0008664331451328825
0.0037349427512113373
0.002252935727312136
0.009320728179391932
0.05873848195081335
0.10177060461897072
0.07898326153316493
0.010549777177048638
0.003970052217090181
0.0017641519399917173
0.0027376457470002363
0.00446101966557601
0.005987269362712232
0.11275544154161989
0.008042718985328538
0.004137614217059182
0.003162697464438987
0.0062282097133104595
0.010498074601070733
0.013636169709449525
0.07081490657055917
0.20601820340760965
0.04137812709481881
0.0024256782002020777
0.0
0.001139525817820069
0.0005135773410845204
0.006185727009843833
0.0403526042833546
0.1418269759218504
0.11007065521162555
0.014702113633618466
0.005532643756120316
0.002458512805858394
0.0038151686225708255
0.006216853393623365
0.008343826893062713
0.06794149155860242
0.07053029064248792
0.023289953486495003
0.0054138937658506315
0.00914728743186789
0.004540081919525071
0.011997265238521813
0.018383819566139
0.28710587780773905
0.05766433890355603
0.003380412300607366
0.0
0.0015880371481665303
0.0007157186641536815
0.008620396419662477
0.05623517574162537
0.02302820608015081
0.024407008563134037
0.01642251245196957
0.0024629100702051854
0.0001985046435208163
0.0037003649631334647
0.00755781229420686
0.002701636014405215
0.16666059646210202
0.17301092509845165
0.05713029623857897
0.013280290784032386
0.02243831191269112
0.011136828811628433
0.02942931240833091
0.04509554123494152
0.024711385525957846
0.023841970087065557
0.06715561990094593
0.018252025409613057
0.012309700157431538
0.0035234746480822077
0.0032664406611896944
0.0
0.056488229397492554
0.05987043427621835
0.0402844514870678
0.006041522667762834
0.0004869322343496208
0.009077001663281901
0.01853932664717367
0.006627117822338416
0.03335356151860311
0.045880579778900754
0.011508174451789845
0.0029618932413920315
0.012458575921075835
0.00527393950687261
0.012334737387300612
0.007570179384077286
0.0518904856232112
0.050064833666745696
0.14101749678614178
0.038326724380433164
0.025848664712638886
0.007398808552357447
0.006859072794218259
0.0
0.017840062226728657
0.008248448532156753
0.08686952808460553
0.014898466240953416
0.051456364913334725
0.002286357679332975
0.011197130734337065
0.007449233120476708
0.07003785775775029
0.09634286037506036
0.024165571789275885
0.006219565410385148
0.02616128318823646
0.011074542213409583
0.02590123942623402
0.015896327791169694
0.026122009147789144
0.011935089915337295
0.06916648814448867
0.03660907701032046
0.031092382942088187
0.00457271535866595
0.019816604664344675
0.003233398030286086
0.023192132586744133
0.01072300699187601
0.1129306382164733
0.019368049281893267
0.06689342348335403
0.002972271607907632
0.014556302398585949
0.009684024640946634
0.027179853345920036
0.0173833870598792
0.043786733870258596
0.025220559581646953
0.055421171033476845
0.018502101565842286
0.02504789383649485
0.0
0.03395868758125736
0.015515651472140209
0.08991663499934976
0.04759190618907208
0.04042018791562025
0.005944543215815264
0.025761643482722828
0.004203426808218207
0.008139078338845694
0.04120628051339542
0.10806539091389251
0.032954151417725334
0.021483549464149307
0.023778172863261057
0.028197443895711143
0.0
0.02824592889183209
0.01806521575166068
0.045504181187591114
0.026209785736844283
0.05759495594734828
0.019227809603199537
0.026030347522165556
0.0
0.004144131153712539
0.006177706068952929
0.04296027351923787
0.036353712251364564
0.12876814472001338
0.006177706068952929
0.01285666350568975
0.01883007035129846
0.008458317455881194
0.04282251469369932
0.11230404037040333
0.03424671229050111
0.022326198849767113
0.024710824275811717
0.029303432401677716
0.0
0.023707575901004623
0.0030888530344764646
0.08629546920270034
0.024941745849982138
0.08045321450279777
0.014247184517987444
0.01594551621082026
0.0
0.0038938779525492435
0.0058046506172169466
0.040366015381097436
0.03415840700458849
0.12099217450363321
0.0058046506172169466
0.012080283348006798
0.017692971835649173
0.010804934241761434
0.018066693896106975
0.04083699749467034
0.030006493388996382
0.0632999217943703
0.04446552420612942
0.056911998654045844
0.0
0.022275937629678874
0.0029023253086084733
0.08108431236117092
0.023435579295391393
0.07559485608545724
0.013386834446779775
0.014982608347157655
0.0
0.007787755905098487
0.026366427621943918
0.057513435720309876
0.026777699269553118
0.05508898136126884
0.04371556728937016
0.03979591523088169
0.004104507803364303
0.008684890621291977
0.014521815391490367
0.03282434197261421
0.024118898568092583
0.05087980035969389
0.03574091294846136
0.04574525603673892
0.0
0.002086571644267437
0.0023328580525042507
0.07493013260627375
0.06789240274515372
0.10125864491046115
0.01775876880764495
0.0
0.0
0.006259714932802311
0.02119305262273066
0.04622868472026623
0.021523628375919337
0.04427993422781036
0.03513810559702358
0.03198753117983539
0.0032991594885122704
0.038961749090300354
0.026444579762213174
0.036241247905534596
0.020545114117335523
0.06698118325572906
0.014547861320685595
0.06767356042647586
0.03991826290628485
0.0014515023622259117
0.00162282899954604
0.05212438536616439
0.047228660100181494
0.07043954742082703
0.012353707070322214
0.0
0.0
0.0
0.0
0.1449984105284222
0.12591033276810495
0.030613477940154697
0.0
0.0
0.0
0.027103344855852838
0.01839590320245156
0.025210855850275337
0.014291999872347173
0.04659477952146284
0.010120071903748938
0.047076424664897684
0.027768733972597333
0.029334318781570532
0.019162098323266697
0.042843450115102336
0.02700347876467735
0.09434381083747224
0.044199131195401135
0.024602370915112706
0.015205445706302589
0.0
0.0
0.09033875102964439
0.07844625442820213
0.019073197779951142
0.0
0.0
0.0
0.018810647026690813
0.0374167061387075
0.10974998199885666
0.03131569478212075
0.004069500453073167
0.0
0.0
0.0023056069196807655
0.018276239797215373
0.011938613832541531
0.026692870350054975
0.016824050251077066
0.05877927907881195
0.027537503992192083
0.015328081547512369
0.00947348987447823
0.006929253903485939
0.0035315350135439083
0.14479139157286097
0.16352602145101788
0.086740377165075
0.007527493304037736
0.004542610652586761
0.006034268883183153
0.01089897749665289
0.021679415791812255
0.0635896565581364
0.018144461072396603
0.0023578877322895505
0.0
0.0
0.0013358795100493958
0.0045014124946141125
0.005280340273634782
0.0014820252233282288
0.0
0.004960107035552315
0.006413666885057602
0.061372816583921075
0.06085786814108534
0.004014842352606374
0.0020461880224876047
0.08389281433129339
0.09474774713399955
0.050257783128454615
0.004361465079351153
0.002632010010519485
0.0034962838159286755
0.005922140453234445
0.0
0.054645910283663154
0.15015232030005843
0.2524053288553612
0.013184157654135465
0.005470600639077224
0.009895557797265605
0.0031655882396185394
0.0037133639921696064
0.0010422243292298103
0.0
0.0034881621086226677
0.004510368354035884
0.043160022913425786
0.04279788886403549
0.006455005554287108
0.0010743002295198706
0.0002605560823074526
0.0
0.0007369639033285998
0.0
0.0856464091363769
0.15700706942958795
0.004164705677286586
0.0
0.03842937103502293
0.10559361530675458
0.1775023598920537
0.009271670718723101
0.0038471633220534475
0.006958984857524132
0.017805338760915546
0.0
0.000781668224959122
0.0007596449855637273
0.04724216263750222
0.15761561341445934
0.017207635126428825
0.05976190707575791
0.004392270135873138
0.0007310012013774185
0.0001772938364520925
0.0
0.000501462704653582
0.0
0.0582775896830388
0.10683452653553928
0.026433345932509667
0.0016054640229862477
0.004775006938868377
0.0009126758979452191
0.005365262519680031
0.012120455951405486
0.08908959813518948
0.1511863379077388
0.012115536856003658
0.0
0.0005318814944115243
0.000516895912156319
0.032145648576390594
0.10724860667050377
0.011708832972981392
0.04066463421357451
0.02792956010338194
0.010287160839857794
0.0025430049415091304
0.0029883722161708915
0.0200429637298978
0.0038381363821945623
0.028519549308912744
0.2365167639107302
0.024100095186810302
0.001463750970904592
0.004353520815648089
0.0008321147111435322
0.004891674998566401
0.011050592796016888
0.08122572907322045
0.13784123825355757
0.02524283103646708
0.008409353195731103
0.0019397309256495821
0.00398352387294966
0.0030279410821793277
0.014645568864918515
0.10828970304306983
0.0797058856841725
0.025464239704494247
0.009379121208325281
0.0023185358867310163
0.002724590940822296
0.018273787016960596
0.0034993470893552705
0.026002151024869153
0.21563961437490836
0.0683999846204432
0.03575171042704892
0.014925219197394387
0.0029884870373586237
0.002444744617837876
0.00791403743655973
0.011914322749174729
0.04135670585303583
0.051565001672538774
0.01717827572416113
0.003962401375697467
0.008137376305950034
0.006185351664453332
0.029917356810090213
0.22120968565165103
0.16281985656355163
0.013868964608119152
0.00649905361571243
0.008868271137240147
0.002439390290702794
0.007871531104653322
0.0057518873736465415
0.007011623763488899
0.007506634130032949
0.1397246337488624
0.07303210187889117
0.030488614837409427
0.006104756588400692
0.004994022268168845
0.01616646536449074
0.02433808123981113
0.08448175259746753
0.011383971881747619
0.003777894969313606
0.004911418260512364
0.0
0.010020493836355922
0.0117738489032584
0.008576316505203027
0.009432666465376213
0.1149356114659607
0.008198228057015032
0.004217616582809554
0.0032238494389910414
0.006348634548811056
0.010701058920016372
0.013899830306909697
0.07218414008505122
0.21000164478121472
0.04217818913159756
0.00247257962319245
0.0
0.001161558988743391
0.0005235075569352747
0.006305330425897737
0.04113283744128093
0.07025382989394179
0.027307407986498267
0.005151596575910605
0.0013386305852967427
0.0004355846207787717
0.0016554762858360314
0.0200271665198269
0.03439582720973972
0.07380558327607924
0.0
0.0
0.0
0.0
0.0
0.019816727447130613
0.20832736639509633
0.3012120074024806
0.0604975119607561
0.003546499231185492
0.0
0.0016660608305249312
0.0007508834622658538
0.00904393504583869
0.058998130937288916
0.02415963139885693
0.025606177414849742
0.017229385828048168
0.002583918141846873
0.0002082576038156164
0.0038821718565219595
0.0079291438757435
0.002834373205395576
0.10586168465137383
0.0
0.0
0.0
0.0
0.0
0.028423759541106198
0.29881053690848175
0.01790031082011355
0.0024383225661309253
0.0036112063457133165
0.0006585683760926805
0.004024485403178446
0.0023283907793481204
0.009103584757161061
0.006690795086148208
0.07192077150545322
0.07622699223253207
0.051290133564578066
0.007692062151136824
0.000619961757322374
0.011556831742516867
0.023604256849224667
0.008437641464847805
0.04246572963002115
0.05841511992872822
0.014652199122191132
0.0037710802641507165
0.01586224956349597
0.006714775843623884
0.015704578434727796
0.009638346741342237
0.05328740919577479
0.007258638893952237
0.010750194908245924
0.0019604912391138563
0.01198048473217697
0.006931383118072875
0.027100448197702433
0.01991781814202024
0.01555035306203422
0.016084226494202592
0.2090938707298788
0.1351739316200925
0.03979452370778738
0.013652772590291549
0.00896894654348357
0.003920982478227713
0.029387562707282426
0.04042502071471105
0.010139762680506802
0.002609701015441358
0.010977153996578322
0.004646826932895534
0.010868040831111196
0.006670025965019199
0.010960674789998274
0.005007908787233233
0.029021940028765927
0.015361000189607765
0.013046220753780024
0.001918690314745937
0.008314956094647417
0.0013567189290869034
0.010761312232531262
0.011130768711962823
0.14469925022643862
0.09354442809495644
0.027539007831912682
0.009448129447464287
0.006206780885699246
0.0027134378581738067
0.003930911869639008
0.008710677997338476
0.012757036782515599
0.28338746722271496
0.1689941800103638
0.0075438719406562766
0.00520654713684329
0.0027134378581738067
0.009948889430211392
0.004545626227888047
0.02634291026131829
0.01394301859620159
0.011841917605285234
0.0017415750542697955
0.007547398347973656
0.0012314795276726332
0.0023845088318930324
0.01207221944832493
0.031659958084725236
0.009654590093827591
0.0062940435396939675
0.006966300217079182
0.008261015708034976
0.0
0.003568047433232
0.007906590964342384
0.011579428350725418
0.2572278286989382
0.15339424291710188
0.006847493357046802
0.0047259281723151785
0.0024629590553452664
0.007936519597110652
0.0
0.01983118759680526
0.16779624594989945
0.19440918463195028
0.0008707875271348977
0.00367899276274495
0.0033286135430483964
0.002868491533580708
0.014522512483863118
0.03808596575734067
0.011614177969871724
0.007571542769781783
0.00838024708728338
0.009937750408105253
0.0
0.008040012816788867
0.0010475308859104226
0.029265610339820475
0.008458560130496059
0.027284311076568035
0.004831685306253556
0.005407645017805337
0.0
0.00954739146524182
0.0
0.023856314961570455
0.2018537756858703
0.23386833074732533
0.0010475308859104226
0.004425716294646962
0.004004220759885502
0.0004684700470070826
0.0010475308859104226
0.008669060165102946
0.0676214596210984
0.25485822784829937
0.006285185092078609
0.005130142314922859
0.0
0.011525485723165165
0.0015016521173851982
0.04195271597664337
0.012125479926971428
0.03911249209985433
0.006926297418303562
0.007751944787763807
0.0
0.00402935539647593
0.013641889745763445
0.02975723371578522
0.013854680137874576
0.028502830216990915
0.022618268871538637
0.020590255748549162
0.0021236567849457232
0.0006715592327459885
0.0015016521173851982
0.01242723506080919
0.09693643346128834
0.36534330646377194
0.009009912384086794
0.007354140267659926
0.0
0.0115919822403633
0.012013216939081585
0.003922993183533165
0.0579900712163395
0.07022882732119005
0.0737715338602084
0.02122203798770824
0.0
0.003662452515566159
0.012399693871666149
0.02704761550048064
0.01259310811046904
0.025907434802170365
0.020558706685135972
0.018715359292550533
0.0019302819853086307
0.022795855322240207
0.015472272893080367
0.02120413644770584
0.01202059609573049
0.039189548684563105
0.008511705702579038
0.03959464676617606
0.02335549525299308
0.010536445743591635
0.010919323879214477
0.0035657753759189307
0.052709642438067326
0.06383396845875379
0.06705408512731283
0.019289613043689462
0.0
0.006813551714997934
0.09268866341692136
0.20111194993649226
0.10300594609668955
0.0400488441174927
0.014792072436929433
0.003452993286945283
0.0052174336753640855
0.010474650300308768
0.00710947870193961
0.009743258634961505
0.005523440060667139
0.018007519880038587
0.003911111885618761
0.0181936616449445
0.010731803738328976
0.011336856490182543
0.007405590713022564
0.016557740751230954
0.010436054976097479
0.0364611243289996
0.017081671849418206
0.009508096999276591
0.005876460166851219
0.003130813496962428
0.04259025697307604
0.09241054204896322
0.04733102789798047
0.018402364426880775
0.006796927941655554
0.0015866435656300333
0.0023974004239785997
0.0
0.02494453508899281
0.1816718631392837
0.368410028091713
0.008451714236691273
0.001881527806294588
0.0016354747235484287
0.0
0.006917940380937896
0.0045190159267414825
0.010103811709995211
0.006368256156312175
0.0222491909065281
0.010423523272377383
0.005802000601677445
0.003585914765741072
0.002622868047288405
0.0013367601294339464
0.05480658087703039
0.061898031525197884
0.0328330534347379
0.0028493142174232443
0.001719473481257162
0.0022840974313966984
0.0
0.015221574580687581
0.11085922444019904
0.22480999140151317
0.005157378084197025
0.0011481398922439073
0.0009979941654758248
0.0
0.0010269275601154872
0.0072552404961396064
0.19933921276244432
0.19030366259310952
0.00838797946854185
0.0031851322429074314
0.00024204914303917758
0.0017454412274301198
0.002286661772908362
0.0011654106239483764
0.0477813260658993
0.053963775514088326
0.028624424417648692
0.002484081464457147
0.0014990667499210559
0.0019913156848941193
0.0033729673543505872
0.0
0.03112369132260262
0.0855195648518403
0.14375797754480482
0.007509064283965553
0.00311579191848094
0.005636035427872509
0.0008952932259363224
0.006325244273317767
0.17378737681324424
0.16591002774462688
0.00731278572038123
0.0027768534330364037
0.00021102263345848586
0.0015217058806099514
0.010368603744002646
0.03970551322843232
0.08808608302839681
0.04227054689982294
0.02493052474892917
0.010835616091155586
0.005231456541078253
0.0
0.003286836994870756
0.0
0.030328932749414117
0.08333578123064782
0.14008704777192788
0.007317316680686529
0.0030362286586536635
0.005492116526073002
0.014052192563031937
0.0
0.0006169021867553699
0.0005995211750823336
0.03728409638200664
0.12439218261335092
0.01358047749598316
0.04716483283126197
0.010103836411872088
0.038691613665104194
0.08583676211913269
0.04119114795598353
0.024293911691919752
0.010558923371935253
0.005097868757637362
0.0
0.034677425119998974
0.02705142625363131
0.048526853288440926
0.011607721057543943
0.0018392470721983263
0.014193981315453384
0.0988899536785474
0.03686467626213925
0.010405891321691504
0.0
0.00045682672527404825
0.00044395578590146375
0.027609517392986973
0.09211455989777922
0.010056578166431488
0.03492637340730868
0.0239883688649278
0.008835520784642363
0.0021841568695121867
0.002566677554600251
0.017214664510270553
0.0032965299470947987
0.02449510361607359
0.20314145136652642
0.025679232297464792
0.02003204841019513
0.035934973082537354
0.008595717947609065
0.0013619942269639373
0.010510888342029621
0.07322971886203951
0.027298929549424915
0.025837633116336228
0.006070924972153996
0.004827502778139139
0.00333985625135729
0.0029325726024487927
0.009429278228168034
0.03661664371988289
0.24656577157810425
0.025176010890563236
0.00927295927249047
0.0022922924623663367
0.002693751393895561
0.018066946678546848
0.00345973810543105
0.02570783361203745
0.21319879733072813
0.06762576765308681
0.03534703810178117
0.01475628117776971
0.0029546604600006496
0.002417072641382232
0.007824458731276704
0.01177946495822408
0.040888590786006734
0.02711683051006878
0.006371490870236014
0.0050665079898095456
0.0035052094550714636
0.003077761568214088
0.009896113099610858
0.03842949999053302
0.2587730155994983
0.05533060681259774
0.0004074488926804428
0.004607188364644368
0.0
0.0
0.024449164203154503
0.02291705498873493
0.05659029875188978
0.16940989813065263
0.08854817227009641
0.03696608819196341
0.00740174559063256
0.00605502967524925
0.01960111955243109
0.02950884001558902
0.10243036404847612
0.013802559112628768
0.004580529465191272
0.005954875993347887
0.0
0.012149402682186027
0.01427526764458555
0.010398401960345154
0.011436688163892341
0.13860918387965265
0.0010207037612724283
0.011541507602945549
0.0
0.0
0.06124781367782289
0.05740971357267745
0.14176484910191248
0.012598562666416133
0.007394297981745235
0.01184794541822651
0.003586934314524975
0.010520354193568943
0.003165068010715119
0.003267791881719916
0.003505929081399891
0.08160551958037744
0.031719768452420055
0.005983997112759978
0.001554927960571521
0.0005059668540994174
0.0019229699314982475
0.023263177709179197
0.03995354210702955
0.08573116910878391
0.0
0.0
0.0
0.0
0.0
0.023018735663908236
0.24198912718564144
0.0432826994207562
0.0017376735451834497
0.002362657277853599
0.0016000076184860487
0.0
0.004039334670759017
0.01480202547175249
0.06302929837837126
0.12507220226902344
0.0029593320816561175
0.001800671865290305
0.0017620566295486763
0.0026119413266848836
0.0
0.007598415417832101
0.19009256648134226
0.09360389139472262
0.0
0.0
0.0
0.0
0.0
0.025132553953560077
0.26421107066726907
0.015827622198301586
0.002155987611731801
0.003193062416314907
0.0005823123158750725
0.003558487623159821
0.002058784897976273
0.008049474762452664
0.00591606357532147
0.13655762495007126
0.003231088548679036
0.00196602817234761
0.001923866886433562
0.002851796783059962
0.0
0.008296180478307148
0.2075488312224656
0.0381186507832486
0.10696290261282015
0.04391853879395345
0.0032630279429431866
0.0009207166027009352
0.007840572150763033
0.0034495515187692107
0.008861075433301524
0.024486977440422563
0.0033355370344872303
0.004939999601617636
0.0009008977067726076
0.005505350396832685
0.0031851543282880083
0.012453374514876919
0.009152765556948135
0.007145799549414579
0.007391128547143079
0.09608417772165116
0.062116005714477104
0.018286638795008546
0.006273811008327213
0.004121468748232034
0.0018017954135452151
0.05897351668457918
0.16548273331437624
0.06794654656207695
0.005048243546961354
0.0014244443288379475
0.012130180451005576
0.005336814915176656
0.013709005150275863
0.00615538299025588
0.012344539369494378
0.18138109348783968
0.08157794583960934
0.07121296155305432
0.01654641431160966
0.010745312835060765
0.022803617923993318
0.005020709542717091
0.005193080126510141
0.06750969498308143
0.043643320875365765
0.012848373546924035
0.004408041756683832
0.002895784765744526
0.0012659593043792376
0.0018339739902551069
0.0040639824586230855
0.005951818414593421
0.13221493162055026
0.07884453809236862
0.003519606998019388
0.0024291239144175174
0.0012659593043792376
0.004324833058154844
0.00867339563393502
0.12744015286819285
0.057317472778219684
0.05003493215309358
0.011625674587926998
0.007549763230468704
0.016022047823724274
0.005391009363928507
0.007410587017270219
0.018079580335405028
0.09377788691776089
0.16132002453510125
0.04777472022446789
0.010348763565591692
0.0
