0.07574322160325989
0.07880872305470206
0.14227037705655055
0.06123828753329143
0.021762248416940588
0.002857876452387997
0.025544907600030566
0.03201665544650249
0.006351859953289165
0.06631871784248308
0.13863114175100386
0.027268085472472336
0.002208743650863158
0.0
0.004909484675507399
0.0
0.028716501916521166
0.11506724939910928
0.04424019589847395
0.006232178558153349
0.007998747781322722
0.008170479865015559
0.007439916136370218
0.0023622409984122997
0.012557796484010293
0.026440987701330857
0.030732676952039455
0.010007706169428558
0.0056718650800206254
0.002034662002835379
0.0028577156874675016
0.003538614838450331
0.01385841017434327
0.1446933655427569
0.3024637254995024
0.059493174585955676
0.0048190098189724055
0.0
0.010711453476332136
0.0
0.019514183139154796
0.041767374510834586
0.030658243370595833
0.007124915882278716
0.013302400426694758
0.0020432561947027767
0.003447971531135093
0.012007336528701838
0.027398446414301433
0.05768862280882963
0.06705217780130729
0.02183469062922723
0.012374805696362585
0.0044392006134899445
0.006234929052249065
0.007720506472260636
0.013185053076457544
0.02732442623051016
0.05160052805005943
0.005960423013342655
0.016340489765150016
0.010302183906553235
0.0034082002789811256
0.001230203101937239
0.03435235185308421
0.07352639538863505
0.053970117834499856
0.01254254997845979
0.023417262033968402
0.0035969046321794357
0.006069735554511169
0.02113745916551964
0.02596529784983529
0.05587357446496142
0.1053927536509036
0.030586327583247686
0.03209608155472881
0.00234489481640387
0.01255860934677937
0.003316182087667755
0.023210686261073893
0.0481013372356197
0.09083646918450303
0.010492601565101217
0.02876544971733147
0.01813574485231703
0.005999723090351729
0.002165623306245862
0.03209269740547028
0.09424727437119758
0.10346475196688965
0.022626125867867563
0.0024128769444147725
0.004512612697805614
0.008331250056964624
0.0078577629343792
0.014773055544797546
0.03178948394241096
0.0599636103813783
0.017402208089885542
0.0182611883876914
0.0013341368764488081
0.007145268832206449
0.00188675448520184
0.01695198514971248
0.0686081701327434
0.0614486487066561
0.016899534347380785
0.004926484420464356
0.001787005420812263
0.0037217153959841825
0.005886416409365666
0.018259262963024315
0.053622347306919414
0.05886666644747376
0.012873220871283338
0.0013728155682538002
0.0025674682579180934
0.004740096592033388
0.00447070428226078
0.027870213080364196
0.4382787995461528
0.021027349822938413
0.006749026298503377
0.004621363961990598
0.004826595815155174
0.004958654112063194
0.0021094556832039852
0.010107386427035195
0.04090667148768552
0.03663790596866136
0.010076113362382734
0.0029373481232223895
0.0010654772391457956
0.002219021273699998
0.0035096942803131744
0.014886374280430999
0.03860659675225527
0.09267144427882389
0.030060982823399505
0.017184245631900477
0.0025391728591194034
0.004985300883122622
0.01593667235595121
0.016617228656068614
0.2613176657876672
0.012537266185635686
0.00402401348294914
0.0027554242745785793
0.002877790925372046
0.0029565288564141904
0.001257733743425904
0.1638927489874259
0.02266617645788048
0.02110312481048623
0.009816299318283008
0.024398421348856586
0.004562598791489386
0.01016759803096269
0.1147187976972696
0.015353188046889813
0.039817240156792534
0.09557747802028664
0.031003648938794166
0.017723117104299642
0.002618797408638738
0.00514163223945834
0.01643642185217886
0.0015153671771195023
0.004826877302848306
0.08025521371739062
0.10479050379405273
0.016800161210118698
0.009416394904505661
0.0005072949737779664
0.0
0.1690321731352308
0.023376952836614454
0.021764886297283157
0.010124123343873886
0.02516351825902101
0.004705674861361917
0.010486438243042559
0.11831620248018486
0.019887672913015297
0.03542824115816801
0.09249625025231574
0.010552610632604409
0.004930298162161087
0.004552846107482536
0.0063742952048601595
0.0010242991717884348
0.0020320587754338185
0.006472687629304327
0.1076196672140797
0.14052070417785167
0.02252847727678632
0.012627083513200615
0.0006802662871176154
0.0
0.0
0.0
0.07240642612140533
0.29340660507123384
0.0
0.0
0.0
0.0
0.02666873143093241
0.04750813494620358
0.12403450454643071
0.014150712357701389
0.006611371684167467
0.006105220586535116
0.008547725398713929
0.0013735523324840623
0.0005660157695476114
0.0
0.053160686574463996
0.04026312273193588
0.009591037000298515
0.0015240327908695118
0.0016009342832408364
0.0
0.0
0.0
0.08499914460997691
0.3444350424388568
0.0
0.0
0.0
0.0
0.0
0.0
0.17227409565668506
0.22737551571352038
0.0024363372473459734
0.0
0.0
0.0
0.0006644556129125382
0.0
0.062406241099817204
0.04726556985153188
0.011259082717065749
0.001789088213859078
0.0018793641937815404
0.0
0.004501588093278868
0.004078962007769418
0.019654005127507174
0.0014007954442451075
0.00600736667439576
0.0012938322865592411
0.005578831787707182
0.0007003977221225538
0.0
0.0
0.22658273417785638
0.2990546305820668
0.0032043816731629525
0.0
0.0
0.0
0.005094044456455434
0.01517608737213539
0.04817043592823639
0.2603252159945503
0.009030530169822866
0.0
0.0029156015078168284
0.003975315553807141
0.00592069361577304
0.005364836546115569
0.025849842382634363
0.0018423899459235093
0.007901162163150253
0.0017017071309455727
0.007337533569156657
0.0009211949729617546
0.0029130742483299567
0.0034034142618911455
0.00695162435147905
0.0012010912530851486
0.009908284033070114
0.015847211032886502
0.01765497082856081
0.011751619374622274
0.005434644993534382
0.016190798483098692
0.0513912316022303
0.277731210217976
0.009634333974882222
0.0
0.0031105459076860033
0.004241115081914744
0.0012431398677267384
0.007169096576381224
0.013955140580128346
0.15156251969046838
0.1546256788457416
0.09329917785577937
0.013492613439915993
0.005134973970360712
0.003107849669316846
0.0036309750410345766
0.007416427320499934
0.0012813992145445752
0.010570776654020403
0.016906795148247826
0.018835426279572947
0.012537362001087068
0.007807883668303772
0.0
0.0
0.0
0.010536737126239707
0.0317546185506631
0.048260277923530964
0.019136852510355955
0.0007241611643624617
0.004176184401255448
0.008129230759711253
0.08828909246830151
0.09007346199750543
0.05434918710607481
0.007859796723283873
0.0029912553091449414
0.00303970532753736
0.0
0.001024118522458243
0.0018194323423860442
0.0972748246628404
0.3363224515563271
0.10559108678925419
0.006905867622649214
0.004548294423848679
0.0
0.0
0.0
0.006137922227425646
0.01849788759939342
0.028112861602184857
0.011147712140769591
0.0035208104535124716
0.0
0.0011592234930321637
0.0007464482246190169
0.00247103899128602
0.006456449243789503
0.07795087305518351
0.03068039006029015
0.00170268207652695
0.0
0.000573657004391812
0.001019149721773841
0.054488209416307117
0.188390040643347
0.05914653939917307
0.0038683016137879495
0.009673927907262106
0.008991307540455575
0.013814517207155328
0.03396748333097947
0.061915838477644716
0.05571824150553598
0.08124433500275281
0.016190984102365878
0.001972171710111505
0.0
0.0006493356597410411
0.000418120796644405
0.0013841452863033248
0.003616561219212869
0.04366395426500672
0.017185531039231823
0.015976773897663585
0.003089237602873179
0.006917132444658651
0.0064838799498073245
0.008941080312032397
0.05838759212089791
0.14581027467042684
0.09479886427216402
0.00812180783201831
0.007548709552335803
0.011598065969087846
0.028517617124725777
0.05198183681896345
0.0467786047801988
0.06820919926818295
0.013593243897544816
0.006490767650631564
0.004894246875967961
0.0033766927436717875
0.0005178787098451462
0.00360360833039545
0.05559555615334912
0.11469130986635931
0.03827459697009677
0.013413402354902834
0.002593589118970582
0.005807322630755103
0.0054435827373366845
0.007506540962586266
0.04901967510262435
0.12241594543184635
0.07958899070708586
0.01508252086572006
0.006824010518941222
0.002135268532438429
0.008610853438160095
0.01067521178348554
0.029985984853633046
0.09130228029019258
0.0858009691503681
0.01213314139681958
0.009148777551956236
0.006312025436405508
0.0009680666372863098
0.006736196974666099
0.10392433994733627
0.21439157192132494
0.07154640590150847
0.00610896733205632
0.0012855572226774532
0.0027738987449417354
0.002831658800575536
0.0025463867183631835
0.0017793418004501348
0.002991850978414993
0.0021660102821972243
0.02819363873954987
0.012756069694104939
0.003991440830844414
0.016096201240899555
0.019955090211467005
0.05605256785252809
0.1706706411691028
0.16038708311863176
0.004800818332731201
0.001283859451019056
0.003874751737160133
0.004427144345736959
0.009470022783805938
0.005866420024231196
0.03285301627092189
0.021676832839347696
0.033106495340108746
0.006966855752965398
0.015032666059851901
0.015345686724187518
0.013799703852275953
0.009642836149401103
0.016213820616692506
0.011738319329013713
0.01983707428764668
0.003857134542013086
0.01849392808240132
0.0
0.0146621853430432
0.005785701607388017
0.00802723217151056
0.0
0.02601720734816476
0.006957654972139094
0.020998549076737406
0.023992145592763203
0.051321155953417456
0.03179205201772721
0.17804125819669142
0.1174738587352401
0.0068998519261379765
0.003857134542013086
0.003659198899176088
0.1766736138637748
0.1479212083276859
0.005785701607388017
0.006098665106135629
0.0
0.05731372206998787
0.22965653583399495
0.08829662816933109
0.012438470075877894
0.015964270598812533
0.016307021430507967
0.014848928567396957
0.004714669789478827
0.025063430761459133
0.05277214560378563
0.061337697412320986
0.01997384262261902
0.011320170533297065
0.004060872486344913
0.005703561079364169
0.00706253108241558
0.05002500834594735
0.07283403915315584
0.03147682800174261
0.02728588640643375
0.026136857445955834
0.008833827566618217
0.018382255198932985
0.02165044374460891
0.03558951911295949
0.015432639233296928
0.01538361948219888
0.0037088991622853777
0.005711258181535626
0.010706760396784509
0.008061926718560907
0.021945466245176026
0.043215435094665626
0.0909919816984334
0.10576107104437277
0.03443975039427547
0.019518720306021076
0.007001929346049961
0.009834323001492142
0.012177516976866594
0.020796719523043808
0.04309868342196285
0.08138925970758083
0.009401345973230368
0.025773774329492148
0.016249584126586378
0.00537573757718793
0.0019403933165084378
0.06136496507259977
0.026609614041805132
0.026525092098576515
0.006395041945609215
0.009847594672975326
0.01846105241557282
0.013900717509897536
0.037839307841244924
0.020537751832353457
0.06382163799012949
0.09272565744335116
0.05240947674836225
0.01896461994629704
0.007427793236729477
0.001299159426810606
0.014903830727758397
0.013212288132000096
0.027380867585864662
0.0517071141395745
0.005972734867597937
0.016374242693087862
0.010323464105372118
0.0034152402600384586
0.0012327442103890287
0.018268221813211784
0.05364865694368821
0.05889554919300442
0.012879537076786789
0.0013734891359129067
0.0025687279781779057
0.00474242230558098
0.00447289781931528
0.01304776431166928
0.040546292373056875
0.05890919969436538
0.0332960737812256
0.012048343622979235
0.004718924266870525
0.0008253642435003405
0.009468498415219302
0.02280057423751429
0.20550592277393412
0.27024815495082344
0.014699544835614345
0.006758268739144057
0.011471562785471803
0.0
0.009187019697992705
0.010791928817143326
0.03169287590174243
0.03479247082919676
0.007608570158148534
0.0008113869613282183
0.00151747278824105
0.0028015799493768356
0.0026423587016824943
0.016472371107803443
0.2590396784548905
0.012427974938630083
0.003988934906407249
0.0027314043845531742
0.0028527043272095483
0.002930755875228247
0.0012467696873721581
0.013469410251154891
0.1214023626795307
0.15964875405029083
0.008683737428435928
0.003992438667852194
0.006776811135097361
0.0
0.005427220209836055
0.01536666715336801
0.20141413522845944
0.060337429823253144
0.0
0.0033268854593510497
0.0016944416297032285
0.003420749072141497
0.0006895463266864963
0.010780712395811923
0.16953432230547674
0.008133766693263598
0.002610647836316622
0.0017876288066736047
0.0018670162723182656
0.0019180988569522939
0.0008159763603800885
0.10632823481953889
0.014705071138074103
0.013691014545418172
0.006368492721135292
0.015828894752423175
0.0029600643023325454
0.006596403792518156
0.07442578964067713
0.010057059665450998
0.13181999422782198
0.039489183030779675
0.0
0.002177354740027769
0.0011089652947818545
0.002238785884779376
0.0004512890453320396
0.15646355490518904
0.12830808696024387
0.001545674430457676
0.0035424395966867153
0.0
0.003705604601127722
0.0011089652947818545
0.07963079379674794
0.13078498957679696
0.018087411859918055
0.01684011022714029
0.00783332155910607
0.01946972823090132
0.003640914189765815
0.008113654879280468
0.09154460373503881
0.015387656955428052
0.0274118356562116
0.07156697391249806
0.008164854335091726
0.0038147116125216733
0.003522666245528839
0.004931973105854281
0.0007925293393625002
0.19245202774365489
0.1578204683280477
0.0019011978767410277
0.004357242707126831
0.0
0.004557937597259566
0.0013640404617384148
0.09794682056346878
0.05944281653229629
0.02089821339659034
0.0008793554292396183
0.0
0.001917057914186203
0.0002434234553645797
0.0007052869346630056
0.023606036295463515
0.04787329519082927
0.08528230801437255
0.22265552695589638
0.02540207927082001
0.011868136625551268
0.010959539942920512
0.015344103722464676
0.0024656769461779593
0.0010160603284934656
0.0
0.09542925757520707
0.07227671720503591
0.017216962369979636
0.0027358058581359607
0.00287385246355633
0.0
0.18493546555319373
0.0650174579400793
0.0027358058581359607
0.0
0.0059642530171805834
0.0007573266657032777
0.002194252816732223
0.0734418987329652
0.00828009930127638
0.001978479111683463
0.010136210560577105
0.0024674629574244515
0.011403512073990778
0.0051781109115947715
0.009967865232853241
0.0021420432780950576
0.0027297302041023406
0.0
0.2563786021882657
0.19417738541222718
0.04625479500209527
0.007349968967479358
0.007720842603445949
0.0
0.01849351671632017
0.016757275546500243
0.08074298777155567
0.005754776631600446
0.02467958722831115
0.005315348389010367
0.022919071400056175
0.002877388315800223
0.022245172379846714
0.0053153479551314355
0.02723176896727583
0.006629043545447832
0.03063647941788384
0.013911423720804245
0.026779495305052737
0.005754776631600446
0.03119661711788462
0.011899519307649925
0.019679045772037707
0.008632164513521737
0.046443709359711025
0.018483690226289484
0.0301319164024049
0.002877388315800223
0.02298588168055202
0.020827880327398608
0.10035672457112488
0.0071527020404529235
0.030674645642394634
0.006606529792837366
0.028486472935940345
0.0035763510202264617
0.011309414799034957
0.013213059585674732
0.026988259349386822
0.004662991065339312
0.038466885676149955
0.06152355473998085
0.0685418123068864
0.04562325802171773
0.03877476420005984
0.014790098987485085
0.024459394318607053
0.010729052521404464
0.05772561403673819
0.022973668182132805
0.037451430999207946
0.0035763510202264617
0.04283015043656575
0.04818169041788644
0.03900023720178483
0.008239342085565773
0.0961950321479189
0.04603411648461266
0.004798178120453413
0.013243007679158161
0.008268296691667237
0.009660048623237235
0.019731077112091933
0.0034091059779776446
0.02812308410528832
0.04497978128449221
0.050110819172205494
0.033355097506569356
0.02077252942474195
0.0
0.0
0.0
0.028032523446028086
0.08448175923686707
0.12839433651943194
0.05091275033746444
0.031313060618174966
0.035225563706014186
0.02851301662905417
0.006023771001255636
0.07032804793147483
0.03365547553053108
0.0035079410371224857
0.009681943630774842
0.06934162055547585
0.05151110611157565
0.039944423168256325
0.03704724536530932
0.036881998656640366
0.018956146661642036
0.004187474797007789
0.013648896819651056
0.01398906367175539
0.0
0.0
0.0
0.01887823804930459
0.05689344253178853
0.0864659527945492
0.034286710665416394
0.010828859572527659
0.0
0.0035653917144835103
0.002295830209915981
0.007600106449406145
0.019857922805358218
0.23975134958724986
0.09436282923490205
0.046697459188473595
0.03468966770792439
0.026900194367601455
0.02494911735020421
0.024837833515585366
0.012765837862046407
0.0028200153366705672
0.009191720601531424
0.07011071475717263
0.011017192025707829
0.01237245520988302
0.0
0.0023176420836489163
0.004015290617494997
0.02615204523997241
0.1023864041190209
0.0028927276432927215
0.0
0.0009524278251625593
0.0006132881738884999
0.0020302265322508684
0.005304673299408597
0.0640450965148023
0.025207267930559777
0.02343429594261648
0.0045312094097655084
0.010145861099411938
0.009510378163541658
0.013114532597191595
0.0856413267097682
0.2138705316847895
0.13904838702779027
0.018728768372212278
0.002943037141702464
0.0033050703965011867
0.0
0.0006191148086949335
0.0010726099167957432
0.006986030586843385
0.027350616148335415
0.06266304796054872
0.007575411117063247
0.001995613271649201
0.002250908676496959
0.0
0.0
0.009565647145970939
0.25460170351032524
0.015361970799042026
0.0029703604839510407
0.006650953897738502
0.006234373415524161
0.00859701811799549
0.05614077603731866
0.14019934162146203
0.09115090405981763
0.01727356258946815
0.007815336299519365
0.002445459546767624
0.009861754353733782
0.01222600257208807
0.03434205666198136
0.10456578626311168
0.09826529822507575
0.04107773987774605
0.004965937302150101
0.0013081917579399185
0.0014755465000667687
0.0
0.0
0.006270604096243156
0.16689999752027035
0.029591700930118595
0.02114286612888218
0.006101565774026944
0.004151937441222865
0.005973716347959983
0.009938011930226627
0.02565620354089447
0.06134490109887757
0.02211751928276724
0.010006960081953339
0.003131230074902892
0.012627247040144977
0.01565449201568821
0.04397246349715774
0.13388875525898672
0.12582144633239228
0.003766175520235104
0.0010071699657711614
0.0030396890963334854
0.003473033450523473
0.007429101772353099
0.0046021252951905026
0.02577273645242082
0.017005175271719797
0.03788998433541618
0.02707187627777693
0.007812603680516646
0.005316248801684947
0.0076489019466281895
0.012724889226567246
0.03285087101165309
0.07854760857387494
0.029320667998112244
0.029766706512835098
0.010571597447392724
0.15540835093324548
0.0493955426123402
0.0002791738078569686
0.015642612984716267
0.06643688363243165
0.005027462703617002
0.0013444698506249215
0.004057676940519727
0.004636147743807503
0.009917098096253523
0.0061433709487597925
0.03440399168560458
0.022700185901506922
0.0013333002176186882
0.0007453374911958607
0.0007070891869577175
0.03413971347989484
0.02858371184845323
0.001118006197058348
0.001178482031243453
0.0
0.03914012079724948
0.03973553701858531
0.01411201140224655
0.2074544014079144
0.0659380442770661
0.00037266874559793034
0.02088130331293396
0.08868650778807632
0.0021804062974038287
0.0007453374911958607
0.0
0.33576007286393966
0.02332457021438574
0.0016680711653205172
0.003277522380053187
0.0006871671868801535
0.06164128442250203
0.08974678608810348
0.03878604265601845
0.033621925119285315
0.032206080858496716
0.010885125171945446
0.02265078724642013
0.026677879821741877
0.04385373921241398
0.01901624279182326
0.018955840194809
0.004570140330128174
0.0070374658919352216
0.01319297056979384
0.00993398170801985
0.02704140931368585
0.10891155215895085
0.08765970799781311
0.04181986161412732
0.050012481988904255
0.016863994098828338
0.003931366806361837
0.014336719263992624
0.012978093036055141
0.0438380816082312
0.04472120977549282
0.05862781052699251
0.012043446046699529
0.015765172119968803
0.0025749981122269307
0.009958668465129107
0.01613880538334465
0.03846140267021162
0.01667797055453332
0.01662499517209582
0.00400818745797339
0.006172126124446416
0.011570738610071662
0.008712481021059922
0.023716347820330632
0.012872340792999619
0.04000115888449982
0.058117182085405575
0.03284841744094641
0.011886357034166167
0.0046554796583187195
0.0008142674535583685
0.009341197119086111
0.03844767035387691
0.0392222074551702
0.051418826965460185
0.01056256173950055
0.013826657520225095
0.0022583716017848567
0.008734132249047614
0.014154348149388497
0.036891680026099924
0.09210168422242687
0.3088179536094536
0.07260858365027652
0.006585135014717058
0.0032334961481089624
0.0
0.0046557523231945
0.007072729469012517
0.021978704556277213
0.03193258421304031
0.018048618645285838
0.006530979021350228
0.002557961189909285
0.0004474006326473293
0.005132536591631017
0.012359381229460885
0.11139745946820072
0.14649192335253133
0.007968101006157685
0.0036634173739711713
0.006218326621356146
0.0
0.004979956979471108
0.020270196126556603
0.05060542652039643
0.16968054809747976
0.03989490936767699
0.00361821359650021
0.0017766499397767613
0.0
0.0025581110060874847
0.0060171095301244475
0.08181170947516911
0.1418645924748446
0.025582347405234452
0.009118379681966868
0.026830768221615217
0.029615175499829782
0.003975623875577056
0.008677687682860815
0.07821365357878506
0.10285394837442859
0.005594510815161698
0.0025721345780248756
0.004365970700986419
0.0
0.0034964947305714104
0.009899998277353682
0.12976135761223878
0.038872479331292856
0.0
0.0021433509288518414
0.00109164655209322
0.002203822701660947
0.00044424125141902764
0.0042246934766865295
0.05744110084849528
0.09960503716954498
0.017961709963918052
0.006402136934269782
0.018838242999043707
0.020793212774119132
0.0027913389591500814
0.0007443781653724353
0.0
0.15710679540687278
0.17452752090672757
0.031016935366706105
0.010056233461125741
0.00019481267836343803
0.008104442256592495
0.008654969912131261
0.11344250922349015
0.03398385833984369
0.0
0.0018738021240656173
0.0009543605764721603
0.0019266689387390386
0.000388373266039293
0.13465042518356996
0.11042020919284591
0.0013301865688953231
0.0030485757412965515
0.0
0.0031889933435706
0.0009543605764721603
0.06852918718953185
0.0006507648227862145
0.0
0.13734897210520677
0.15257885910363606
0.027116231219902753
0.008791556886884244
0.00017031294577032628
0.007085223847550305
0.003978912669761707
0.06094478178763019
0.07653847612652503
0.03865823038503316
0.0021029042448707544
0.00017031294577032628
0.00010771536130442523
0.0004101678775865932
0.21210428516249638
0.17393632070906878
0.002095338881727666
0.00480218296741281
0.0
0.005023371835654148
0.0015033295853609772
0.10794866961456992
0.06551282548927996
0.023032236477972066
0.0009691508939103853
0.0
0.002112818468429866
0.0002682806650427267
0.0007773073781815593
0.026016568973949463
0.0062676699787115485
0.09600154888353771
0.12056507615264683
0.060895287261707565
0.0033125406103650078
0.0002682806650427267
0.00016967558534886017
0.0006461053825379098
0.018446596899962964
0.022583764239400533
0.0016096839330460298
0.00996798655727661
0.020218971108515168
0.00297339342310073
0.006670845823679005
0.0032997328192524733
0.23950201058917575
0.08420132857408673
0.003543025139311319
0.0
0.0077240489540738545
0.000980781369145012
0.0028416829610065776
0.09511146147882851
0.010723202413348428
0.002562243665591446
0.01312697270775886
0.003195505727307286
0.014768200687353595
0.006705949941353909
0.012908955875008291
0.0027740686208467254
0.06743713178409799
0.08256180223662345
0.005884688005720351
0.03644099921143339
0.07391658345320837
0.010870141804855982
0.02438730088603736
0.012063174480962882
0.000877237512109643
0.0029423440028601756
0.011460599075487085
0.09057708883103345
0.07548776300818826
0.0025622438747411676
0.0018609016964364262
0.0
0.018439121125415323
0.004405915274326706
0.022572532946601748
0.005494843321191989
0.02539471239856251
0.011531240245514024
0.022197641320806927
0.004770159634992292
0.02585901299919904
0.009863563837642296
0.016312047505279707
0.007155239092844286
0.038497394750383954
0.015321212041313734
0.02497647789810749
0.002385079817496146
0.0015084569066244771
0.005059518170974889
0.01970711419749666
0.1557521575890317
0.1298052533133137
0.004405915633970858
0.0031999201787302096
0.0
0.0015084569066244771
0.006092421571081103
0.13423673676936082
0.14298515845751986
0.11163424690344798
0.026174337483334507
0.0027531462963904423
0.0
0.013002051388323865
0.004959453166020312
0.008201785579325712
0.003597692857951958
0.019356697986755544
0.007703588157008847
0.012558307973339414
0.00119923101292766
0.014361913693984766
0.016156405531118724
0.013077657561967687
0.0027628368969511456
0.0322563599570975
0.015436275642086222
0.001608937147124423
0.0044406786200421626
0.0007584602791147134
0.0030633024682335287
0.06749495619690488
0.07189370986780848
0.05613030222694203
0.013160598241865917
0.0013842968262690776
0.0
0.0015784611524850168
0.0
0.05190851992075526
0.3184599910610229
0.19902707854626916
0.01732941297172154
0.023170483554397006
0.003960068099605939
0.008147458952876076
0.009165467339212757
0.007418905339232585
0.0015673468516127435
0.01829891018142795
0.008756940395196313
0.0009127439172290906
0.0025191800724203876
0.01804224806034228
0.013402861757234619
0.01039328451881778
0.009639457305421921
0.009596461164214419
0.004932268637476579
0.001089554273880894
0.003551356028276649
0.0008954550015133089
0.0
0.02944750569946937
0.18066114033185462
0.1129073038257941
0.009830909993817517
0.013144527094380689
0.0022465315541930018
0.0
0.0
0.0015212399304383177
0.32628111576979385
0.18667743228381703
0.0038809497517130636
0.0030822293999078704
0.001988939194591962
0.015090443532111053
0.01121008467679846
0.008692889745215503
0.008062392538954221
0.00802643078746846
0.004125324134227131
0.0009112975938574902
0.0029703359264263585
0.02265651708734095
0.003560243255962949
0.003998201185738127
0.0
0.0007489539602099148
0.0012975548858829504
0.008451122797713763
0.03308651641148296
0.0
0.0
0.0012723572579367627
0.2728998479929366
0.156136044753227
0.0032460064224433104
0.002577960825988104
0.0016635385182827954
0.00980630582234766
0.0
0.0
0.03382798566184921
0.15433864770826636
0.20493216925974606
0.013313600374010548
0.013096996562309168
0.015961972343012634
0.0025082630382685816
0.0028168132154880276
0.0
0.0005276531407265608
0.0009141535356984275
0.005953986124366947
0.023310116813224067
0.053405852354882016
0.006456297623762585
0.0017008018475296494
0.0019183825293177907
0.0
0.0
0.008152516607207644
0.21698946076696407
0.006908739843817176
0.0
0.0
0.023832496825205395
0.10873468400638665
0.1443788383407505
0.009379699454097343
0.009227097708716965
0.04088712397245218
0.006761087161252817
0.001093433747260424
0.0006826788823318051
0.0010629898054468983
0.013301519820068254
0.01706834563600629
0.27606483258979014
0.053553266604251054
0.006474118709391659
0.001705496509568053
0.0019236777714699593
0.0
0.0
0.008175019704960568
0.21758840895465328
0.03857885691618678
0.027564066327598172
0.007954643550797218
0.005412902788121468
0.0077879655782568235
0.012956238683033815
0.033448128167898654
0.07997567181487944
0.0409999832270748
0.006779749546456817
0.0010964519130227844
0.0006845632562451791
0.0010659239378939497
0.013338235525806139
0.01711545877527769
0.2768268443970915
0.029268500487490058
0.033399476601854786
0.024728138960361006
0.011944647087570311
0.0060457101696405
0.004921441376525757
0.012284534973830141
0.016401714968926586
0.04405804888216111
0.0314788741483657
0.00908440794818221
0.006181674489515017
0.008894057407788593
0.014796358494140481
0.03819862441854144
0.09133427840691735
0.03409374394253776
0.034612392525525365
0.012292534960601805
0.1807070876963394
0.057436583021787425
0.0003246201730858086
0.01818905496039412
0.07725206325620329
0.033425381886946055
0.038143063076233885
0.028240172005286664
0.013641094820607052
0.006904356828406711
0.00562041289115245
0.014029255546566949
0.018731181212086237
0.06725115012174003
0.01238122997556566
0.0019601646487348045
0.004906031415029355
0.007502751067338847
0.004757537403351025
0.01581146169278535
0.06776016485265461
0.03650164223042418
0.037056920789782094
0.013160705201315294
0.19346967216950028
0.06149308823146179
0.0003475467358095776
0.019473671703313936
0.08270805281146652
0.0020334227121340765
0.0006950934716191552
0.0
0.3131261172755997
0.021752235297233583
0.0015556246544771786
0.003056580993672277
0.0006408444914597466
0.0720008170843786
0.013255664373569573
0.002098602865130721
0.00525252385846638
0.008032638940021054
0.005093542336906933
0.016928158984910482
0.0725457813930557
0.004681962764708438
0.0003475467358095776
0.0023902048630441834
0.0007925284850024491
0.003910912938931172
0.0003475467358095776
0.00475864461754379
0.0004915053060844326
0.10055998285386561
0.0809377752726343
0.03861302573973147
0.046177418571204776
0.015570827187834695
0.0036299012437452627
0.013237349158918377
0.01198290527782475
0.04047648433507145
0.04129189235742692
0.05413210540558365
0.011119929006153894
0.014556265213800023
0.0023775417839639653
0.009195016600618817
0.01490124748440318
0.09542134218350333
0.05457610596453445
0.015915689739689577
0.004317324255691281
0.01129945452487696
0.0037214416451266663
0.015055190376363754
0.06729809493484723
0.046415002241080895
0.00906663094053474
0.007817357639622378
0.0031770789095307995
0.003414833087927196
0.013648403481127436
0.036024898677548274
0.11407117957986547
0.03002959824638648
0.030634551362262664
0.040160735406366
0.008249901296239929
0.010799327153013573
0.0017639038014122242
0.006821804287636384
0.011055270305155438
0.02881429016690243
0.07193612901792218
0.2412026266561034
0.05671101984042802
0.00514332746483885
0.002525525977652872
0.0
0.003636380839551008
0.03443539854811669
0.00672655466662171
0.005799715887448645
0.0023570822619001833
0.002533472642041406
0.010125782413560895
0.02672695645200097
0.08462967450230552
0.20552833976543475
0.04606462661365353
0.008430822822697187
0.000949891255206259
0.0
0.0
0.0019721043897641104
0.014234960177690036
0.019782387692288295
0.04938759154128377
0.1655971341050133
0.03893482624107981
0.003531140185945257
0.0017338943186690828
0.0
0.0024965492867645425
0.005872305959385166
0.07984288580643258
0.13845057791370272
0.02496670043493672
0.008898943101878887
0.026185077624707044
0.028902477294989706
0.0038799492779620806
0.14110503071362893
0.03162556833062384
0.005788162910747745
0.0006521457570934376
0.0
0.0
0.0013539439417733605
0.00977298067688689
0.0022507546005515596
0.0020659683943529193
0.18019600362838734
0.018111376955253815
0.0036164489943606363
0.0
0.0034964877628882855
0.0015025315398637814
0.004298361869939197
0.05844273413373234
0.10134190709600119
0.018274918560095325
0.0065137746528247204
0.01916673620242075
0.02115579590212197
0.002840013130963711
0.0007573583126228733
0.0
0.15984635633610197
0.17757085697702962
0.03155779538523677
0.01023158974800028
0.0001982097383109775
0.00824576404539135
0.0016474887072495082
0.001512230430806072
0.1318983779913233
0.013257015668970579
0.002647138376210776
0.0
0.002559330147757078
0.0010998105895707968
0.00026592626529508987
0.0035174709365361667
0.05542268671106295
0.11197249782904578
0.0448704531171026
0.004243359911236303
0.0036063987555767073
0.0010375290095899809
0.0007183782425746503
0.0
0.1516193096884512
0.16843155748282276
0.029933564087868604
0.009704985525884445
0.00018800818726858587
0.007821367224582274
0.004392315304972221
0.06727684672205483
0.0844907008551963
0.04267475842677703
0.0023213926180968526
0.00018800818726858587
0.0001189068143248226
0.00045278366123060977
0.00025223944853200957
0.0033364321056241165
0.05257016608212029
0.10620944520771132
0.042561039756941726
0.004024960688803557
0.0034207829462943647
0.00098412898374116
0.0
0.0
0.007485550237217188
0.07537650317891503
0.12353815984168783
0.006492696109053779
0.0
0.003414904761819107
0.006810303026354583
0.10431302878373416
0.1310031807328555
0.0661673892431701
0.003599328844740614
0.0002915074710791481
0.00018436550685098032
0.0007020429373255642
0.020043639042971132
0.024538987928283542
0.001749044764311487
0.010830980132690057
0.021969459240482107
0.0032308194746476534
0.007248384432437068
0.0035854121996602454
0.0
0.0
0.01160637656789803
0.11687157958224892
0.19154642720838178
0.01006695214039722
0.0
0.005294823941214398
0.005899666878105736
0.005319653495801757
0.0046562312502357525
0.012119000844228933
0.13329953061101685
0.03528367630779123
0.04055654910857368
0.021211491433900727
0.039498962381318274
0.04835771383514287
0.003446752019464643
0.02134405214027014
0.04329407660042732
0.006366808772416484
0.014284016161354952
0.00706558630856819
0.0005138114651915053
0.0017233760097323215
0.006712648651774066
0.05305239012537531
0.04421434056324136
0.0015007455350292554
0.0010899586645855286
0.0
0.011626168261213361
0.01048316589925853
0.009175794006142612
0.023882287912844274
0.2626864879059138
0.0695317152822499
0.07992269288632023
0.041800388662113185
0.027918078773165003
0.009592842454009386
0.0030464944580686484
0.002934781762330977
0.016270442246501194
0.024572533905816995
0.02866015789677199
0.08543039961404998
0.0006169983331288395
0.0020694752791527485
0.008060725206823634
0.06370670662955584
0.05309374405988201
0.00180213474453802
0.0013088510568325974
0.0
0.0006169983331288395
0.002491959788554314
0.05490633671245407
0.05848467002472685
0.0456613271198125
0.010705988700802468
0.001126108852213715
0.0
0.033524763914682745
0.011519337743631983
0.0036583107420812763
0.0035241631962810234
0.019537975357592812
0.02950734556884628
0.03441587206102309
0.10258707275197436
0.07798260724051648
0.05643548728256239
0.062406953358413245
0.039419790114492086
0.03395968767408805
0.02662941730483252
0.10772113418401402
0.052517661784428
0.00036644402550428445
0.0014800101187987561
0.03260964895735615
0.03473487165754699
0.02711890716916744
0.006358437917702158
0.0006688119542699536
0.0
0.0007626208975556107
0.0
0.025079186770246117
0.15386140091959874
0.09615834323186967
0.008372567455207975
0.011194634050532639
0.0019132752705052645
0.046314971989668594
0.03351783308108158
0.037064371133948774
0.023411970176379863
0.020169138209912268
0.01581558709329383
0.06397710321534127
0.031190981176183644
0.05462800543073853
0.04146735243850155
0.03872449631797394
0.04140446772272954
0.11942867951577776
0.012193682716440338
0.007655726287556554
0.012356238574433817
0.000519426456940754
0.0
0.01708161049451763
0.10479608229432275
0.06549412386982331
0.005702614579138276
0.007624743985188885
0.0013031452430641577
0.0
0.0
0.000882425432756523
0.18926584099096253
0.10828595192177219
0.00225122197730832
0.0017879083750351654
0.001153723679215102
0.03720751870500592
0.028243705391345828
0.02637552679677745
0.02820087416915683
0.08134371357620668
0.008305203057982628
0.005214369018210281
0.00841592099613926
0.0072769457207256935
0.003442590426727985
0.10280376113542815
0.08394563082374255
0.04453773781724791
0.015847829271362975
0.007761693262040422
0.004928000795787842
0.0
0.0
0.0007811001531393947
0.16753322365187048
0.09585192186123123
0.001992723425630777
0.0015826102169071358
0.0010212463388553673
0.00602009139476154
0.0
0.0
0.020767001261669946
0.09474849976943
0.12580786394188334
0.008173219609592696
0.008040246524057836
0.0064413640018172805
0.0030472919407065514
0.09099922847344417
0.07430649962907442
0.03942365273954349
0.014028088279504653
0.006870449978602984
0.004362138752321096
0.0073616438591277466
0.0076322590053138515
0.014411548508932368
0.0787982357304992
0.06257158184908311
0.02699235647816817
0.01949440720000192
0.01093936403059812
0.004954314490536639
0.0
0.0
0.017090480613834513
0.07797454134546213
0.10353525926418655
0.0067262600666459236
0.006616828092724401
0.029320494815616955
0.004848431530498729
0.0007841103849556751
0.0004895546735844525
0.0007622787824513794
0.009538629892063475
0.012239851843550111
0.19796837503603096
0.00605836298053268
0.006281069323707992
0.011860176021746842
0.06484805885971068
0.05149411766745961
0.022213719703638515
0.01604318236089121
0.009002695504126036
0.007513466995691911
0.006106972055778527
0.0035642312256322435
0.020055199333456994
0.03297134465985184
0.09038617184185221
0.06447806809357885
0.11427363617793397
0.03217468965628996
0.005320400654714705
0.0008604393769911908
0.0005372102275701194
0.0008364825836392225
0.010467164979763152
0.013431336578107023
0.21723954757924807
0.02296842207652657
0.026210200828510572
0.019405378592980284
0.009373548056543972
0.0047443640984615445
0.0038620954568287535
0.009640274684156855
0.012871226947421101
0.008244863204027677
0.0067014534328272285
0.003911190253409179
0.022007466743205247
0.03618093039194789
0.09918478683663702
0.07075466644045374
0.12539756927848592
0.015600503697710266
0.008585374350123893
0.004946688530240849
0.007599615892662807
0.0016329610060506336
0.007644090879996912
0.024838615234453236
0.1668263137604961
0.03859616552523347
0.04404365464272189
0.03260882274624908
0.015751322016972127
0.00797243543531609
0.006489870093355444
0.016199529779570458
0.02162882605171267
0.07765465569369313
0.014296560714226006
0.0022633949103458366
0.0056649764303940125
0.00866339906209789
0.005493510941274767
0.018257436661597664
0.07824241313130775
0.026215106156952793
0.014426873923225388
0.008312421666531055
0.012770404163774654
0.0027440297411720684
0.012845139988776498
0.041738840474648736
0.2803351487712806
0.04595712504044861
0.027040105971489883
0.017031249116740168
0.0009027287462787793
0.004269252669331488
0.01046131835398225
0.013409257598385528
0.08771380921128506
0.1701322551223628
0.03132209000319593
0.004958833142581173
0.012411299833967875
0.01898049262202039
0.012035639030646776
0.03999990527604113
0.1714199628255654
0.011063108945351124
0.0008212255404602647
0.005647865677379553
0.0018726823369818433
0.009241178987008302
0.0008212255404602647
0.011244302118958457
0.0011613882941183206
0.1006866781164152
0.059241705041142456
0.037313471985647925
0.00197777294865613
0.009353432551237542
0.022919523204588937
0.029378112804063234
0.1921706822750178
0.007853985014404733
0.003972559266847091
0.006504137445645939
0.0015142650171180543
0.008814317310561526
0.0016424510809205295
0.013522980543710117
0.0
0.08624855582565945
0.04932974337100691
0.014385725704608757
0.0039023029184433134
0.010213245926830353
0.0033637020831711914
0.013607945538479608
0.0608287765098338
0.041953160795406015
0.008195062099645807
0.007065880560488276
0.002871668553605457
0.0030865675904348773
0.012336392075782958
0.03256185056304322
0.10310559750011303
0.1152054009382501
0.03476199487687177
0.017244391810616135
0.0015195656617371105
0.0019493637353959511
0.000774829489322936
0.005286330299108841
0.049723110653967895
0.20858830573281087
0.002329160261900812
0.003555118466822443
0.0046651828583860475
0.0061927405043381316
0.0
0.014436025444834662
0.08071202657831604
0.03164870129524686
0.006182205764007409
0.005330371752854259
0.0021663345156573955
0.0023284504396140797
0.009306349759235744
0.024564067701975573
0.07778098706465887
0.18889588351519174
0.04233682981585044
0.007748555394701137
0.000873020957111419
0.0
0.0
0.0018125111189718742
0.013082990806217503
0.15735522322175657
0.0017570761296662476
0.002681916696917868
0.0035193290797038996
0.004671690778594103
0.0
0.010890274976472934
0.060887684543446056
0.17559555035892663
0.09344651179959977
0.015666248290051938
0.010023577782807977
0.0032423184791336808
0.009204732318909854
0.006174607816918283
0.03082579031741712
0.15980247390178423
0.035816186228259494
0.006555136608568148
0.0007385598146361312
0.0
0.0
0.0015333513647633426
0.011067971720515095
0.0025489959606324743
0.0023397242376887524
0.20407328513660059
0.02051126617229656
0.004095654797817425
0.0
0.00395979783038944
0.0017016279006592371
0.14855063451525702
0.07905404546239012
0.013253360459327082
0.008479764075487933
0.002742942326222597
0.007787035740496711
0.005223605650662478
0.026078056657622986
0.010213542632804076
0.02371530959278432
0.15115001769568273
0.06179035921887808
0.005755561868078906
0.0
0.0014615568813851159
0.0
0.002196692138170437
0.0020163444422024177
0.17586774871112493
0.01767634701681726
0.003529582955005232
0.0
0.003412503156969506
0.0014664411749566388
0.000354574895558468
0.004690047779102499
0.07389827902233805
0.14929941831468943
0.059828374643636814
0.005657917602362475
0.004808620392129468
0.001383397536178014
0.008801900493707462
0.020437550683219223
0.13025915328404175
0.05325014178412324
0.004960069651591512
0.0
0.001259551039080875
0.0
0.001818397670315273
0.0010167228814180148
0.07020128459840459
0.1470907987605764
0.05038172595752861
0.0034616289886309276
0.0
0.0009746331408316785
