0.002968780806464
0.0040833694125691575
0.0057969619937783025
0.0017404719488647348
0.010500055880001075
0.0013775395782687641
0.0031982913426186754
0.0008695683529562268
0.01627137925746154
0.3865958656137375
0.06810385698045036
0.004190563562486384
0.0005392834044062976
0.00038133095321149664
0.0006148776718457708
0.0
0.06281191021828432
0.07615765214180432
0.04650304137209973
0.023572874144074774
0.01343849918593563
0.0
0.0012450116735335853
0.017233091165247474
0.11832031666798873
0.06829976460706269
0.031297116382278105
0.00814659535971837
0.010133800527188173
0.00492060935432598
0.010687302154766062
0.0
0.013736626197411846
0.3263720187067447
0.057494648188072026
0.0035377581889975826
0.00045527391523370395
0.0003219272735817403
0.0005190921188446266
0.0
0.09378115322896438
0.06985178428335327
0.024395791611558245
0.000593604539098732
0.0010077917597593148
0.0
0.0035593885461721133
0.0075522228687002774
0.0998883951944171
0.05766003735351488
0.026421656209820236
0.006877519936529303
0.008555158576202712
0.00415407755509529
0.009022435801900094
0.0
0.05846119700502625
0.11370624411071317
0.002002067086348073
0.0
0.00014397025139418782
0.0
0.0003219272735817403
0.009606047937042565
0.10188275926380468
0.0758861698460123
0.026503305602800824
0.0006448850997517819
0.0010948533016748251
0.0
0.003866878513325803
0.008204647500546497
0.10200362576816874
0.17587152260101935
0.01899558975038176
0.004455835125607377
0.0
0.0
0.0
0.000494604311290548
0.06351156768348819
0.12352914734626289
0.002175022506818453
0.0
0.00015640761452497502
0.0
0.0003497380634113538
0.010435899279856645
0.010735850784506423
0.25570621145836875
0.013495278376631186
0.0
0.0
0.0
0.0
0.0
0.12700039872097096
0.21897019175335836
0.023650605104189364
0.005547771790712534
0.0
0.0
0.0
0.0006158109015239816
0.07451637940762486
0.1138206930316876
0.0054820081806458325
0.0
0.0
0.0
0.0
0.0
0.013366753583250032
0.31836898508342865
0.016802400128187404
0.0
0.0
0.0
0.0
0.0
0.014473724642937178
0.030757928843904134
0.01161492214304981
0.0008029191529312027
0.0023368380397944402
0.0027085197158211597
0.00713739771661393
0.012025502796644293
0.20111929426410086
0.30720141849566973
0.014795909640353521
0.0
0.0
0.0
0.0
0.0
0.05514713827828924
0.04974550917407439
0.0064311884012982065
0.0
0.005341219141403381
0.0011752611149768817
0.020350057359605475
0.016844677539763715
0.03906450244498311
0.08301547916428223
0.03134861037147528
0.0021670743355001157
0.006307112893958878
0.007310279673768138
0.019263796806272566
0.03245676527575081
0.006307112893958878
0.0
0.0
0.0
0.03256061106446163
0.029454700895485894
0.03259160801185842
0.0
0.12321803868261012
0.11114890572862894
0.014369529334549158
0.0
0.01193415592041408
0.0026259453173547577
0.04546916183167336
0.037636914507091036
0.009394867437746614
0.01473799020523818
0.07587315750600884
0.08418509071918275
0.04040789937794603
0.02100756253883806
0.006912684364675506
0.0
0.014092301156619923
0.0
0.0
0.0
0.07275181920454708
0.06581212711364795
0.07282107725097746
0.0
0.003523075289154981
0.007877835672075404
0.02861589044603513
0.01856823568188443
0.10940590558703521
0.0026259453173547577
0.004982380629920236
0.0
0.01261256956479152
0.019785689147878743
0.10185939115011598
0.11301812612575304
0.0542474329998296
0.028202563331894612
0.00928024934962025
0.0
0.04018180467017955
0.02115192174715323
0.03769307760460191
0.016471480520825248
0.05878306421566552
0.014101281665947306
0.021362185166704822
0.0
0.0047297135867968194
0.010575960873576614
0.03841671117774055
0.02492777740452965
0.14687696278410342
0.0035253204164868266
0.006688824798172062
0.0
0.02995485271637986
0.0035253204164868266
0.04294514947994909
0.029496003765542834
0.06122151004848253
0.010575960873576614
0.03280152045411809
0.004985555931966567
0.04676224795259468
0.024615903081832362
0.043865950161041174
0.019168961239632687
0.06840977519126352
0.016410602637809763
0.024860600656795413
0.0
0.022017133506667903
0.0
0.04060543887586927
0.0
0.07450953844373263
0.05743711710627469
0.04085013295130319
0.0
0.03486046138555752
0.004102650659452441
0.04997813674190178
0.03432646823647049
0.0712475573563285
0.012307951540916181
0.03817331862737169
0.0058020241894503255
0.0018347611255556586
0.0
0.08305628444489052
0.059783127941138124
0.07185342383457176
0.024615903081832362
0.028542180535504735
0.0
0.02174866505089974
0.0
0.040110311775536624
0.0
0.07360099779651672
0.05673675099691596
0.040352022145550975
0.0
0.03669400695496923
0.041482943353201
0.09104963667846688
0.03039777364950186
0.0362477750848329
0.004052624515641945
0.010668353095798506
0.005731276538581082
0.0018123887542416451
0.0
0.0820435280649554
0.05905415547819297
0.070977270827066
0.02431574622963737
0.028194148166517986
0.0
0.019936276296658097
0.0
0.017284082108062218
0.01671407573700273
0.12204547773745092
0.03738507073718283
0.025631045830431978
0.005731276538581082
0.02406349000336453
0.027204017100528357
0.059709260553392665
0.019934495658568755
0.023770856490775247
0.0026576625888586267
0.006996178105818579
0.0037585024677711486
0.030967941583109285
0.005315325177717253
0.0033617067063147267
0.0
0.005942714122693812
0.11073870000503762
0.2404576868041229
0.08732761094409922
0.013073971069926386
0.0
0.011334693906149223
0.010960890559224569
0.0800359616515874
0.024516681349716858
0.01680853268146156
0.0037585024677711486
0.015451056719003911
0.005315325177717253
0.0043385160837013355
0.0
0.06567774100631663
0.033519642519210205
0.04306631950265667
0.019934495658568755
0.007651149513940906
0.0013132402597953357
0.0008305660407878274
0.0
0.0014682472242888193
0.027359853687534685
0.05940910565777422
0.021575751369700177
0.0027073140980451893
0.007901298303750741
0.0
0.0
0.014988718153838737
0.027363238882779896
0.3398801982608476
0.109015841915036
0.0038174427831509303
0.0013132402597953357
0.0010719031852973232
0.0
0.0162267877840256
0.008281590039817502
0.010640256752153552
0.004925151591344539
0.008446856907156875
0.0006566201298976678
0.0
0.0
0.0008809483345732916
0.014565996658374089
0.16479334775192309
0.1429149585830807
0.0015451321908544968
0.004509469502443201
0.0
0.0
0.0085544381185263
0.01561688807159565
0.19397817037411164
0.0622180805609706
0.01659637031523076
0.002513896764346052
0.0037404702365156123
0.0047812274990793446
0.008750027567226303
0.04103329883818181
0.09429704913173041
0.05128347864905128
0.004820833507354598
0.0003747496090684536
0.0
0.0
0.0005027793528692104
0.008313180338027098
0.09405170483691905
0.08156515833194221
0.017128609395807154
0.0
0.00023701245584663966
0.0021851468530732633
0.0015899278549384097
0.019251397587624022
0.09311110073914612
0.16745018679832968
0.019479636903002546
0.0029506328944801656
0.004390297436719919
0.005611864152443236
0.010270158875908472
0.04816196235189055
0.11067915714226816
0.06019289303816141
0.004826685563440901
0.0
0.004070267721096799
0.0053817327809000635
0.00575624230525973
0.04344487873526785
0.11383370258997036
0.06809414429083636
0.020104341211130767
0.0
0.0002781883323695449
0.0025647696736763232
0.001866144025946874
0.022595918731585667
0.10928717542370885
0.196541097614455
0.015544824884864701
0.0048657824848237176
0.005555703857061389
0.0
0.010365088549730212
0.026358696041406882
0.050490502277168885
0.026437258323084255
0.005049529040847666
0.0
0.004258188106840572
0.005630202259925913
0.006022002532488113
0.04545068742647675
0.11908929626762282
0.0712379861063762
0.07645585604495367
0.018214117897658495
0.01617727930984782
0.025048020888965395
0.03411880520397198
0.01722500296243491
0.04488704581054297
0.05870505615900454
0.016262514650956066
0.005090431029870031
0.005812205415051245
0.0
0.010843634820393903
0.027575651943872508
0.0528216006997969
0.027657841371302776
0.05465697407862977
0.07742645370908548
0.029552236392910138
0.03166753865910065
0.019714368549218493
0.03284165359879639
0.028038097003002006
0.03246945864793362
0.1039561856124516
0.02476553555064195
0.02199606855033065
0.034057518200134224
0.04639096375526482
0.023420646864316948
0.06103242193942335
0.07982061846075782
0.023245572622721873
0.006080177267366727
0.015919283466476846
0.002390709377205824
0.011873816430482563
0.0018770317376624812
0.021795048054225805
0.00802945261375935
0.0743164858293156
0.10527589656916592
0.04018185042514064
0.043058003624985096
0.026805409842377993
0.04465443478036445
0.038123091768800896
0.044148365403897626
0.0126921598887585
0.017144726305152444
0.00916612602330964
0.005404370094072867
0.008242189378690366
0.006914561014421898
0.018076512577699353
0.019144407812061864
0.06253882756250434
0.07582654719956365
0.046300863568628906
0.02347038811788547
0.013380073625645566
0.0
0.0012395988291684945
0.01715816814051618
0.11780590425486302
0.0680028228161949
0.031161048244400656
0.008111177014874764
0.010089742558699523
0.004899216388153396
0.010640837768546886
0.0
0.09454237860431451
0.033713265720092894
0.023280552818056476
0.013952110800643095
0.00519472661110034
0.0066322780024078475
0.0386263056706685
0.06350889420949118
0.11139426888521864
0.06888892987854035
0.03414049683617568
0.003388416697546842
0.0022354398101273624
0.0
0.0016979495584328098
0.008178552469994157
0.11131260392185911
0.06425460022217007
0.029443493880534678
0.007664100030534518
0.00953360974743915
0.004629178280930588
0.010054329342988971
0.0
0.06514738828622181
0.12671079647944386
0.002231042957231425
0.0
0.00016043609008614259
0.0
0.00035874600874407763
0.01070468904009556
0.10525436912533663
0.06509186627506529
0.03225871934057866
0.0032016518031240853
0.0021122254249458915
0.0
0.001604360900861426
0.007727761842709354
0.29218198876710405
0.014567740680970553
0.004135976414951148
0.000661494929599269
0.000661494929599269
0.0009354950907328917
0.0034777388592951014
0.023921895968651064
0.069042768215423
0.13428725819807136
0.002364444467029524
0.0
0.0001700290997474869
0.0
0.00038019663077059815
0.011344758150033269
0.011670832327805235
0.27797557725148037
0.01467057751752827
0.0
0.0
0.0
0.0
0.0
0.3096525257242728
0.015438794550592244
0.0043832802584094065
0.0007010479207446456
0.0007010479207446456
0.0009914314666363577
0.0036856844808752422
0.025352266024551373
0.09172312355431998
0.0155465908620151
0.003925086587089183
0.000537679230230374
0.0003400581994949738
0.0
0.0034980410917988276
0.0016166826330879288
0.02217652854851135
0.5281999733660513
0.027876544877223585
0.0
0.0
0.0
0.0
0.0
0.024013083337573224
0.051029899133823324
0.019270098075037025
0.001332108010088413
0.0038770038798118037
0.004493653932349164
0.01184152182044514
0.01995128468696906
0.17428923755633585
0.02954111638311398
0.007458319364813589
0.0010216802421826794
0.0006461673133019673
0.0
0.00664686167680817
0.0030719667252129216
0.01355527489569687
0.01458182815573592
0.027340005445006463
0.0020433604843653587
0.0019385019399059018
0.002167311010864165
0.0016362555916922586
0.0
0.08475228859945716
0.18010601461678266
0.06801229523240528
0.004701570428484235
0.013683580201001879
0.015859998051338565
0.04179371972664631
0.07041648979221914
0.013683580201001879
0.0
0.0
0.0
0.07064178815016066
0.06390336890686563
0.07070903749591068
0.0
0.04784227638969999
0.051465415365002265
0.09649439845820683
0.00721188008424915
0.0068417901005009395
0.0076493537166936855
0.0057750353913356535
0.0
0.0228059670016698
0.0
0.018000570608424738
0.0
0.023946265351753288
0.0025497846628539994
0.0064505014569633074
0.004701570428484235
0.02342760852425978
0.0
0.0
0.0
0.12094555181651105
0.10940872842779759
0.12106068917987657
0.0
0.005856902131064945
0.01309643102944434
0.047572207795736204
0.030868582192982205
0.18188077999817298
0.004365477164969701
0.008282910052755573
0.0
0.03904601420709963
0.0
0.030818712298452042
0.0
0.04099831491745461
0.004365477164969701
0.011043880380650605
0.008049541847220678
0.03514141278638967
0.01309643102944434
0.03999771090557527
0.0061737169971541545
0.04748884491883893
0.01309643102944434
0.04391514425882591
0.0
0.006335078502589687
0.01416566587910454
0.051456156203979454
0.03338879275768727
0.19673011322645462
0.004721888794190448
0.008959153531997782
0.0
0.04012216384973468
0.004721888794190448
0.05752164232954714
0.039507571851500785
0.08200138657167302
0.01416566587910454
0.04393505087944898
0.00667775915569762
0.03801047101553812
0.01416566587910454
0.043263252968960574
0.00667775915569762
0.051365987313066144
0.01416566587910454
0.04750051821023471
0.0
0.06546247786009343
0.018887555176761793
0.03083309053426921
0.0
0.01900523550776906
0.004721888794190448
0.041527750531481
0.0
0.04058717238618083
0.004776614621184011
0.05818830763737594
0.039965457379161046
0.0829517676353429
0.014329843354250138
0.04444425007879063
0.00675515316224623
0.0021361669676937278
0.0
0.0967003763156455
0.06960401621469449
0.08365716298061664
0.028659686708500276
0.033230954371474934
0.0
0.06622117599850555
0.019106458484736043
0.0311904404109396
0.0
0.019225502709243548
0.004776614621184011
0.04200904956033864
0.0
0.05340417419234319
0.0
0.03498657503901373
0.0
0.04768897577038453
0.01725528870762505
0.058146080398810154
0.0
0.001998608393971301
0.0
0.09047335097278883
0.06512186227230717
0.07827005598228011
0.02681414481660912
0.031091045480499832
0.0
0.021984692333684313
0.0
0.01905999002830746
0.01843141654198979
0.1345854280332756
0.04122631858627297
0.028264589053025247
0.006320154752324015
0.04996520984928253
0.0
0.03273361287145652
0.0
0.04461804190216735
0.016144133568683723
0.05440176077952249
0.0
0.08993737772870855
0.01340707240830456
0.028264589053025247
0.0
0.011991650363827806
0.017876097179746576
0.045415467926606744
0.03160077090258784
0.018240021600032394
0.0
0.01581348624470235
0.015291978197483725
0.11166138134284079
0.034204205821488386
0.023450258344225896
0.005243637593295271
0.021556389163674645
0.0074156234195571465
0.00605283786047462
0.0
0.09162965163294443
0.04676459817034006
0.06008355026647439
0.02781141471503144
0.07461827018195069
0.011123434733993898
0.023450258344225896
0.0
0.00994910269092676
0.014831246839114293
0.03767981390795571
0.02621818559442543
0.050821855283226795
0.013394290014940155
0.06408784422626516
0.03261611772592462
0.08229667493797602
0.03647505873038371
0.021485777951682498
0.015730911989202172
0.0068082450306745
0.0023421075260893543
0.0019116932326726473
0.0
0.02893977816301801
0.014769859677669393
0.01897644032221926
0.008783796051924827
0.015064606028096603
0.0011710537630446772
0.0
0.0
0.0015711334686171925
0.025977828614458617
0.29390184860719276
0.25488268242731693
0.016051280251738815
0.00423037493623001
0.02024113332094494
0.010301285606850086
0.025992104889796773
0.011520071170507821
0.006785943594682357
0.004968360079476625
0.0010474223124114616
0.0023421075260893543
0.007612995634831217
0.021758821656921994
0.023192224829137287
0.061550029468386135
0.06589631023966024
0.041407791219060214
0.005029248191940062
0.0003909508160699761
0.0
0.0
0.0005245155526538449
0.008672576458098198
0.09811775614701043
0.08509139020055602
0.017869114895357932
0.0
0.0002472589985145713
0.00227961530784595
0.0016586637513129902
0.020083675646995487
0.09713648777280935
0.1746894075289584
0.0003496770351025633
0.0007819016321399522
0.002541562949625977
0.007264080738170332
0.007742615676205864
0.020548189168731273
0.021999174655495838
0.013823797232552143
0.0037047619181620243
0.0
0.0
0.0020464323118124634
0.009858590324511501
0.0659167622626519
0.2488244925123488
0.08280707652106362
0.016978218408673952
0.0
0.0002349314616238182
0.002165961034500908
0.0015759681216028307
0.019082368297505165
0.09229357550813427
0.1659799565942126
0.013127683680264124
0.004109178057060583
0.00469182016503366
0.0
0.00875336999976569
0.022260052874106817
0.04263948598080959
0.022326399120571425
0.0035200544272639403
0.0
0.0
0.0019444037912334212
0.009367072779563283
0.06263036490848661
0.23641890513556366
0.0786785825258545
0.009934509483215326
0.0010636974670197646
0.0
0.0
0.015063405255020793
0.04706313856687501
0.052212858477186944
0.06588382524316166
0.01724396661314734
0.005397641423212957
0.006162975300994158
0.0
0.011498054318250319
0.029239858143829803
0.05600941419393275
0.029327007749716732
0.05795555339482152
0.0820991840062924
0.03133573058292195
0.03357869253793299
0.020904141847584438
0.034823665978674555
0.029730212023976816
0.03442900885190097
0.013049548878459421
0.0013972277253567382
0.0
0.0
0.019786648096068435
0.06182013597548776
0.06858458889523487
0.08654218904950457
0.04513538488282328
0.019976954480238618
0.01512961974950168
0.004420321556400622
0.015447289286020904
0.02258554256126951
0.10141282057425256
0.04497634201299846
0.06244797966844266
0.08846310445339972
0.03376472057832092
0.036181545789347805
0.022524526962774842
0.03752302337969254
0.0320347502052786
0.03709777439516701
0.01066519405266547
0.014406675824044868
0.0077022755469988435
0.004541280309331736
0.006925893615664929
0.005810290419767034
0.015189653780470113
0.016087003798293354
0.04863405545087476
0.021525468641816384
0.016302392629600374
0.004762962900234333
0.016644686328751022
0.024336261497814107
0.10927383807720176
0.04846268436873582
0.010466902505869043
0.019909591384862927
0.010527621096375249
0.008321551174960818
0.03968201343205014
0.06629092398406755
0.09181012526816833
0.03168292751910453
0.09666227748659618
0.03446920940770844
0.023802566529013025
0.014264955310463831
0.005311206599219952
0.006780991827169224
0.039492413160523675
0.06493293743578993
0.1138920332697037
0.07043360822921212
0.034906020214706866
0.0034643942736970815
0.002285564488867788
0.0
0.0017360222346678468
0.008361938000332731
0.0856150294280007
0.008339447670166275
0.02142017163583489
0.0025809403835015936
0.010459780317126683
0.01968704471412861
0.03497067072535644
0.06807991746343704
0.09107330097232608
0.06450989857031682
0.0033735117772925706
0.0
0.0017360222346678468
0.00496598721646806
0.010515166091195214
0.05187675012166271
0.08717695150607328
0.05391235078274026
0.02671829050870918
0.002651768722758831
0.0017494511151468946
0.0
0.001328812225230173
0.006400520235033068
0.24199978848732104
0.012065734025594153
0.0034256232625089695
0.0005478833028823628
0.0005478833028823628
0.0007748239891293929
0.002880437880222638
0.019813314944761008
0.06971069454490512
0.04937813592289419
0.0025822040767133512
0.0
0.001328812225230173
0.003801140556729146
0.008048676435863373
0.039708281605082954
0.29524858069698195
0.0022594902190356866
0.002754687243016207
0.00120329070756331
0.0
0.004965256638591944
0.0015169455993748306
0.05549999914905927
0.30652108124870747
0.015282665587032973
0.004338953157514795
0.000693958385035587
0.000693958385035587
0.0009814053491944332
0.0036484120049627066
0.0250958844135829
0.09079554879010981
0.015389371779254956
0.003885393092968613
0.0005322418043569924
0.0003366192694630339
0.0
0.003462666210142064
0.0016003334950071577
0.3739669144261532
0.0028619090509906936
0.0034891340918489578
0.0015241086409385524
0.0
0.006289079189084764
0.0019213893046034745
0.0702972504844288
0.02905054189328108
0.013448281642629728
0.007087217699679938
0.0029835085630752303
0.0025519573408789077
0.0010777075175314413
0.005073450999987782
0.0051188407461858435
0.34094131069756756
0.05778777324602584
0.014589823304601148
0.0019985915697805414
0.0012640202792549874
0.0
0.013002465119992875
0.006009323216959209
0.02651657242066304
0.02852469649582543
0.053482001651916015
0.003997183139561083
0.0037920608377649627
0.004239652815593127
0.0032008122468690134
0.0
0.10908607262748027
0.05049889373395868
0.026612816640534293
0.01120320691407162
0.009582712943944548
0.004046839503390009
0.019051033412379546
0.019221473921492725
0.03634222969196196
0.027463090444219008
0.056605054258917605
0.018626862086941455
0.027342652568375612
0.0
0.022971373667198605
0.0019985915697805414
0.04071866556214797
0.043802327029650354
0.08212659254412642
0.00613804683608405
0.005823062445429334
0.0065103815968021285
0.004915145190708167
0.0
0.019410208151431112
0.0
0.015320324822379834
0.0
0.02038071855900267
0.0021701272760632803
0.005490035829289774
0.004001516824470123
0.0558068770402853
0.04217213210519513
0.08692233056863813
0.028603280837284684
0.04198718853444685
0.0
0.03527468282925249
0.003069023418042025
0.011423227256424699
0.017315116439675843
0.05933942696759468
0.19357176309076463
0.16770655599148868
0.0
0.0
0.0
0.016827174502247803
0.0
0.013281556653388935
0.0
0.017668533227360193
0.001881335330436016
0.004759443598045107
0.003469010808834356
0.015144457052023023
0.005644005790712497
0.017237315376896944
0.0026606099328754765
0.020465676115391768
0.005644005790712497
0.018925562845292534
0.0
0.009903069401577714
0.01501088930031298
0.0514427709717005
0.16781199927502624
0.14538883152737875
0.0
0.0
0.0
0.0008413587251123901
0.010774649050135457
0.06679310645993056
0.11334675723438888
0.2392228731078988
0.007937362177904264
0.02179138483595212
0.006125183969296093
0.014635019139661195
0.005454149494279964
0.01665747669861592
0.0025711108134843217
0.019777239991238624
0.005454149494279964
0.018288933932611214
0.0
0.025204755184972057
0.007272199584170357
0.011871541131902178
0.0
0.0073175095698305975
0.0018180498960425893
0.0159892631587453
0.0
0.0008130566188700663
0.010412205239857086
0.06454628172410665
0.10953393415462342
0.2311757572128455
0.007670360647002162
0.021058353763252314
0.005919141525949898
0.006504452950960531
0.0
0.027301645648238736
0.09368157561961635
0.20851242427481456
0.03800063940912352
0.022557732408432785
0.0
0.03171977569628711
0.009151945255395736
0.0149401420132699
0.0
0.009208967137631741
0.002287986313848934
0.02012222841373614
0.0
0.025580464271199282
0.0
0.01675848089203184
0.0
0.022842898692351905
0.008265239617503839
0.027851825342246377
0.0
0.00818574856678377
0.0
0.03435867834248936
0.11789674383747774
0.2624095048473093
0.04782318850260329
0.028388540454420904
0.0
0.00818574856678377
0.0
0.05485695355471545
0.041478615866176724
0.14773544048355833
0.054161375390807856
0.005788198221600071
0.0
0.026086637635419293
0.0
0.017090089285155773
0.0
0.023294902485444226
0.008428788022994928
0.02840294325721814
0.0
0.04695594774375473
0.006999779260854869
0.014756829697391859
0.0
0.00626079303250063
0.009333039346181909
0.023711235445985215
0.01649863699206595
0.008347724043334174
0.0
0.055942435367604744
0.042299373859995104
0.1506587550931482
0.05523309345275149
0.00590273217749462
0.0
0.0
0.0
0.06976839709993209
0.054053148372047
0.22458966181445802
0.06493105654214028
0.03285061824778538
0.007602046088494515
0.036126633904481224
0.005385440501575598
0.01135350492716565
0.0
0.004816884520597496
0.007180587590641855
0.01824278208704663
0.012693604264745629
0.02460553636109045
0.0064848811236211
0.031028300179621975
0.01579118011710434
0.03984415398253917
0.017659496664608632
0.010402396521933366
0.007616162865096647
0.0
0.0
0.05367791432698638
0.041587027766493534
0.17279320045630026
0.049956195571434554
0.025274375579640136
0.005848808280108929
0.006422512694129995
0.0
0.0
0.018020860084672085
0.13605633425609973
0.18503785477534007
0.046933447900123375
0.009158895094770192
0.020502462552081463
0.005403500677269907
0.025854204238905255
0.013157936256820414
0.033199978369021575
0.014714703379816927
0.008667754362798598
0.0063461365621406566
0.0013378831096107883
0.0029915976229617763
0.009724156295593814
0.027792762895042955
0.02962366325934226
0.07861847494179751
0.08417002331403566
0.052890590377750256
0.005351532438443153
0.0
0.0
0.015015807971841138
0.11336838413611157
0.15418203580589493
0.03910710353520217
0.007631611883734874
0.016914443568038767
0.005403500677269907
0.006225929746987762
0.007641703652434012
0.06983644289326568
0.05497558207138244
0.07423766615561152
0.015111571003602152
0.0004614117721018021
0.0010317481031866084
0.003353686249802594
0.009585223019025679
0.010216667556716975
0.027114095082184746
0.029028724061310192
0.018241011384625284
0.004888570281354117
0.0
0.0
0.002700343072866711
0.013008774312915087
0.08697960413071591
0.3283331145803714
0.1092669980713681
0.005833486740941933
0.0018635699973652549
0.002147210961034307
0.002635485864809335
0.024085330505474664
0.018960087442365662
0.025603233086280434
0.0052117084862837795
0.005583962251522554
0.0
0.0027894262735151613
0.006127612895675478
0.011348541907960826
0.046001280788188284
0.1628896768124577
0.034709119004045205
0.002969133246158208
0.0
0.0
0.0016400865554214142
0.007901038970753255
0.05282813164151809
0.19941715270690938
0.06636465428737547
0.00837966656493317
0.0008972189431847796
0.0
0.0
0.012705842556474459
0.03969732067355373
0.044041061632694174
0.055572395244353666
0.0033914881063539875
0.0
0.001694192332263438
0.0037216810071304196
0.006892676413565379
0.02793944329184021
0.09893304730107448
0.021081010039447796
0.022972080503834962
0.007145875253132423
0.0022670399338983274
0.0
0.0039039397955007984
0.007709903622496219
0.14643182420007067
0.15350191581983
0.01015809911392115
0.0010876374234147425
0.0
0.0
0.015402427652033212
0.048122358429697955
0.05338797978184056
0.06736663022517854
0.03513452591005006
0.015550566957875706
0.011777278923799914
0.003440890172030275
0.012024560930824869
0.017581157940085464
0.07894230616017865
0.03501072291501244
0.027847488775681647
0.008662457928910976
0.0027481781244287633
0.0
0.004732480352312734
0.00934619111025701
0.17750932834025696
0.18607991893136258
0.014334230912546318
0.0036820281644897083
0.005404970997830984
0.00570956236662007
0.007369345676258297
0.027586716114443008
0.07563444958427154
0.038365292663041214
0.04344789114740466
0.019230068514257306
0.014563962923646935
0.004255057319608866
0.014869755628846317
0.021741128324366053
0.097621261028356
0.043294794473611814
0.009350748904434941
0.01778650271418546
0.009404992678401152
0.007434170279968949
0.03545046334552702
0.05922189343699568
0.08201981701711482
0.028304371768289493
0.017725928790515676
0.004553252242594415
0.006683869654876043
0.007060531991788401
0.009113045372787598
0.03411415431997688
0.09353071508476811
0.04744310663902629
0.024254436539546724
0.02950184057872097
0.03996647868281136
0.022598918096564717
0.012305146758669208
0.015506269008520797
0.05901862351588146
0.06862653435138166
0.08477297909034401
0.008257426618798896
0.021209497611903293
0.0025555560352636835
0.010356905137304917
0.019493416530388566
0.03462672334498287
0.06741033038426729
0.09017756684307779
0.0638754237329401
0.0033403322438609207
0.0
0.0017189479181763609
0.004917145193748879
0.01041174617512717
0.05136652621298306
0.08525525813027768
0.037176185713024106
0.033210744718616556
0.008184920962306084
0.008326899539802217
0.004678610875533344
0.0387128993424751
0.07032853929004758
0.13955816474436744
0.031917769909344355
0.0034103444999864277
0.0009256817714908597
0.005397798031733582
0.005471009250039731
0.0039743972360687775
0.04898003288638477
0.05383897480015031
0.038135729861629865
0.0019942882669955575
0.0
0.0010262684710767617
0.002935697484892249
0.006216155076835083
0.030667506422794352
0.22802643123409708
0.0017450498486353014
0.002127500493679767
0.0009293256724048931
0.0
0.003834767804088223
0.0011715676687933587
0.04286376825107893
0.0833208166716464
0.01905595892619824
0.002036087887734961
0.0005526624781857323
0.0032226630455943956
0.003266372552021111
0.00237284593196938
0.029242691376553005
0.15044795121394192
0.034327217749558714
0.06547542108319986
0.11626241225718745
0.03582031810913895
0.001285910745569092
0.01545544720465938
0.022342060047325342
0.181422031489973
0.001388393822932164
0.0016926786051528063
0.0007393886335500823
0.0
0.0030510119442942784
0.0009321208306867558
0.03410320405112461
0.01409324761857873
0.006524145536775776
0.0034382117323417077
0.0014473852193887683
0.0012380273954674277
0.0005228266984061736
0.0024612759887997406
0.0024832958511094923
0.11969916292167228
0.027311367133269256
0.05209345180419282
0.09250051804726787
0.028499305298978487
0.0010230942900493279
0.012296638658422548
0.017775754764567064
0.015535819429067241
0.014928851790531028
0.12346235256251625
0.19421343756341922
0.030338103187773628
0.007788888309431228
0.005760288209209608
0.001235616096732426
0.018770241159312383
0.008689252356731287
0.004579218723706733
0.0019277153395457932
0.0016488799036018444
0.0006963322776415275
0.0032780765029980508
0.0033074038899165935
0.00625334104670485
0.004725523783208779
0.009739928239090258
0.003205090118214294
0.004704800258015826
0.0
0.003952642286118716
0.0003438939989329046
0.02069154570921611
0.019883149428985846
0.16443464234882896
0.2586652245177872
0.040406124164023074
0.010373713418491465
0.007671900881914103
0.0016456683898338283
0.0
0.0
0.049157577379935244
0.17153787111444338
0.15038789638623365
0.021227047739891192
0.008095159438174073
0.0
0.007301321996298498
0.0055174618631355175
0.011372217149728584
0.0037422227262925577
0.0054932653369582215
0.0
0.004615055192351209
0.00040152628811552794
0.0014945229846107116
0.0022653702775414907
0.007763492356927492
0.02532536932135875
0.02194137409445447
0.0
0.0
0.0
0.0
0.0
0.057395766251705456
0.20028545096322112
0.17559100769667216
0.0247844327411847
0.009451805879135421
0.0
0.0
0.0
0.002555297505525558
0.048946966080784325
0.35264382559970325
0.029294097543149343
0.0
0.0018179876247333923
0.001556557030645909
0.0023594003363166536
0.008085736208124595
0.026376564346471572
0.022852107635970002
0.0
0.0
0.0
0.00013224413419341745
0.0016935512669494844
0.01049849044199589
0.017815758399713413
0.03760087200520786
0.0012475886416419002
0.003425153545678273
0.0009627518282249443
0.0
0.0
0.002661361744566142
0.050978636639487394
0.36728122063245894
0.03051002490877941
0.0
0.0018934479081585455
0.0006743154226410103
0.0025460562444586175
0.003430887366895781
0.014005868779851187
0.26516551913900976
0.11538068247983536
0.009774520599291962
0.001090513040940117
0.00018315674711242801
0.0023455508481678915
0.014540299807434454
0.024674639640801903
0.05207681570958803
0.0017278972616156841
0.004743801950939446
0.0013334012446731345
0.0014652539768994241
0.0
0.0061502243407069584
0.021103588921890248
0.04697146112133758
0.008560379856497649
0.0050815660241509105
0.0
0.0009339198301078
0.0035262613540067095
0.004751743233546257
0.01939798223828322
0.3672514794557652
0.15980104230339812
0.013537609123224523
0.0015103491922760517
0.0
0.0
0.0020477546718032213
0.005406454333987431
0.08722520361809986
0.11011929395212285
0.032598714970818884
0.0009339198301078
0.0028190028271427455
0.0
0.011832419551388872
0.04060120482290316
0.09036841652275895
0.016469318901250866
0.009776427304914397
0.0
0.0028190028271427455
0.0
0.01889160238645601
0.014284379056937241
0.050877035984500316
0.018652059625698495
0.0019933359811421915
0.0
0.0
0.0
0.003939676192739849
0.010401480079637317
0.16781261096990222
0.21185856231619374
0.06271668332777149
0.001796768807937023
0.019172226749502315
0.010796168999473705
0.052239855836515345
0.11322261649068031
0.04504185692042068
0.016878542040861727
0.004738294435675949
0.0
0.002223742993675118
0.0
0.014902457011282177
0.011268093646808999
0.040133855567701604
0.014713496031608372
0.0015724237235328635
0.0
0.0
0.0
0.01858554300855278
0.014399171481285788
0.05982824591698978
0.017296928037865086
0.008751047805029166
0.0020251024877114853
0.015123824813815127
0.008516453030820771
0.04120890276821522
0.08931456106481085
0.035530831251568216
0.01331447391447281
0.0037377575332139387
0.0
0.0
0.04944857871280091
0.19769021262487618
0.26580727172129537
0.07460666905318843
0.0
0.0
0.0
0.0
0.0
0.01062678928982666
0.008233117601637427
0.03420842547603831
0.009889988661353627
0.005003649398161245
0.001157907380877191
0.0012714854883518379
0.0
0.0
0.0035676476134055037
0.02693550995439673
0.03663253906179632
0.009291565585828339
0.001813215910492589
0.0
0.028273568677575127
0.11303475143334947
0.15198253109882415
0.04265839051779209
0.0
0.0
0.0
0.0
0.007422120228677814
0.019555237179492906
0.39765227495247935
0.08623486161803585
0.004554219433929284
0.0
0.0
0.0010146144057760552
0.0
0.0
0.0028468957738447586
0.021493879935728294
0.029231872634607463
0.007414442698685195
0.001446902068817833
0.0032068642593916278
0.0010244672328611833
0.0011803942297472362
0.0014488154000028128
0.013240517893277992
0.010422999052543435
0.014074960097707917
0.0028650517978777144
0.0
0.005922670902976565
0.015604602280125059
0.3173168159232363
0.06881331614030398
0.003634156022275646
0.0
0.0
0.0018854159502937223
0.006850506504869624
0.024306086588230705
0.12768086125365116
0.27209977932695495
0.04045618964026005
0.004516759647647778
0.0
0.002481310871679993
0.0007926814099267859
0.0009133299067968013
0.0011210207580679998
0.010244849278870581
0.008064794382501456
0.010890498843730365
0.002216833516785317
0.002375174035197404
0.0
0.0011865002948657384
0.0026064193115884265
0.004827174838044174
0.019566938813767636
0.0692861651887339
0.014763745621759234
0.0014588403863374612
0.0053005786625568724
0.018806831852251106
0.09879305249865873
0.2105371746398101
0.03130297233103612
0.003494842285778598
0.0
0.00702691914384688
0.005656119302116405
0.007390037269303984
0.03486605429084664
0.37371213504406287
0.03563896234453555
0.0009059126404409833
0.013772004626856097
0.0019909379396223412
0.0
0.0009945580481326556
0.0021847742595310325
0.004046274245101254
0.016401560588532295
0.05807761996426771
0.012375388436262838
0.01348552175119143
0.004194911999430375
0.0013308422950329528
0.0
0.0022917673921079547
0.00452601900743841
0.08596128461185891
0.09011170861482477
0.005890162032265797
0.00474111890023161
0.006194537897707172
0.029225711153755364
0.31325606340027823
0.029873584507507742
0.0007593615537682084
0.01154408313241071
0.07651830963810802
0.01478535772198052
0.018740015462294417
0.008903969782713218
0.05794925876796269
0.04114290880980202
0.003724199576230682
0.07877808322043223
0.019292898492650968
0.006001400085500102
0.001903953423643322
0.0
0.003278689284736044
0.006475094319476626
0.12297947153345788
0.12891722540520614
0.009930836643607065
0.0025509300388556516
0.003744594625995072
0.00395561725741156
0.005105524567567672
0.019112233710865366
0.0523999765340119
0.02657969280286686
0.10946999366537881
0.021152493093750828
0.02681017633098351
0.01273835661451814
0.08290440575915377
0.05886060458059602
0.00532798105377305
0.11270291139333423
0.012919068083421843
0.002081976567482114
0.0047077507702577
0.0020551974650195436
0.007441526193554509
0.010295627338722137
0.08571849694193763
0.03258514479152065
0.016362432758929926
0.0042030115620097
0.006169739768777433
0.006517428864981375
0.0084120608800537
0.031490059719016944
0.08633623967213451
0.0437937357996814
0.022388761213821898
0.02723252972742812
0.03689221748473935
0.020860586892205803
0.011358622659886701
0.014313511409881918
0.05447885243225765
0.06334771323258882
0.021285959119980824
0.0034303455805029066
0.007756673298390229
0.003386223289590955
0.012260948028405525
0.016963476098389756
0.14123312997116802
0.05368855210547438
0.07794506204626095
0.042802233151756984
0.03697845761735917
0.021686202507438634
0.015789916207995264
0.02733503326561969
0.040987480286590404
0.02231255516160896
0.05320027630555552
0.02319837386331407
0.020723892391995447
0.005107486227634496
0.005196082517387344
0.002919507802371606
0.024157301107008283
0.04388582950132301
0.08708592394091674
0.01991706101739223
0.0021280947788483184
0.0005776362314108151
0.003368288983314055
0.0034139736381725485
0.002480070270666442
0.030564112292394266
0.0731745277397026
0.06356594195728203
0.0724777611569119
0.030620392690497756
0.008182907353686951
0.04495971370544289
0.0279663593017491
0.042655134025711854
0.04901859002394716
0.013048081474707492
0.015591112228680985
0.024585864243174577
0.015398106438383775
0.015699705605443922
0.09610736438010281
0.07902438950649235
0.06735269779581834
0.015403956586547892
0.001645879357241172
0.00044674680785982443
0.0026050518811289265
0.0026403846262310847
0.0019180989980185296
0.023638440352584694
0.12161517129681325
0.027748536507612633
0.052927304669247104
0.09398116137807729
0.028955489839502583
0.0010394708225199532
0.012493469296837598
0.01806028887635237
0.037911227565317535
0.010091452769995589
0.012058245726961325
0.019014832816644532
0.011908974064234861
0.01214223239847788
0.07432992584929472
0.06111786594284583
0.1396726550477047
0.06464303774183636
0.004706613489518612
0.0030556585451040575
0.017391275314880376
0.007030173530700276
0.012460117924762378
0.03999345599206288
0.10619727062112504
0.024230684456687718
0.046217385851382284
0.08206659351567944
0.025284624916969287
0.0009076907351674099
0.010909595618418911
0.015770675359382105
0.013783401487186743
0.01324489891962848
0.10953597791809115
0.17230644295046382
0.026916009065759982
0.006910312983355233
0.005110536037828478
0.0010962403897041258
0.12196549647799425
0.05644784363364442
0.004109927249418289
0.00266827398243094
0.015186476747652604
0.006138915342487459
0.010880472404200729
0.03492324044586079
0.019552466268391383
0.01776632462893319
0.005916771109178178
0.0027727362558312755
0.005301368974688397
0.006689284622242151
0.009336681183040936
0.01985528712192036
0.016417247381497132
0.015775843307517724
0.13046701486038964
0.20523217741087205
0.032059341793532294
0.008230792510598895
0.006087099361001844
0.0013057190334397476
0.0
0.0
0.03900298797697016
0.13610291396098304
0.11932193625612378
0.01684212957417794
0.0064229244618477545
0.0
0.023288712582664278
0.0211612602857376
0.0070473964709925506
0.003302573539481157
0.006314398227386848
0.00796752822956539
0.011120811132625438
0.023649398939314545
0.006923838017702737
0.013835063059151395
0.06093005472711465
0.05100848748327826
0.016944920064270275
0.006985111013724502
0.002868365248961544
0.0033838426451170004
