0.00218697436112633
0.03125714002836414
0.07464309190579682
0.23151876907880814
0.17309634510416447
0.005552579548422547
0.005688856656382289
0.004306010855235842
0.02011295311070873
0.02227944535111623
0.07066402838567218
0.036308541196723894
0.023782018769714926
0.012640666497477606
0.015110043103601842
0.0036811383934487207
0.04231592421493397
0.02745045038769235
0.03872272842452818
0.006488090401080865
0.004318139670792753
0.004383280897774781
0.017922929049312444
0.02492119212885105
0.010596197492369933
0.010277498252396142
0.013174212023186655
0.01469693014885729
0.012696864408895945
0.013052022861945086
0.017046005812417737
0.00910862044184642
0.03379126748499603
0.0374311366974788
0.11872085971682853
0.06100106835705051
0.03995557256844395
0.021237266375243005
0.025386004005139233
0.0061845881814384185
0.03678277214575911
0.06866902004481377
0.08963339590036377
0.06062579989696293
0.02008946946958685
0.010334433875233624
0.014462968611342874
0.011356620875332955
0.01780240533638372
0.01726696674584251
0.02213366281565722
0.024691943303140295
0.021331683075087253
0.02192837587402542
0.02863856634019209
0.015303164486862829
0.005381507385103765
0.05025862946911036
0.06475830668784988
0.01422272976797577
0.020499873600264378
0.006142710296323338
0.002980479697506849
0.010996228348292452
0.0373316020759783
0.06969361964078959
0.0909708016353738
0.061530387876223454
0.020389221268701997
0.010488632329883084
0.014678768280336575
0.011526071220669511
0.021972624017874195
0.06592568970292778
0.1167046886188556
0.03186253837226476
0.023882316418616777
0.020078740781779916
0.009967101391626626
0.004225505439518293
0.005461804006330043
0.05100853053679332
0.06572455514785626
0.014434944871153753
0.020805748974555123
0.0062343647058911746
0.0030249509640530537
0.011160301333687693
0.04831268071717389
0.05760001015732849
0.06212416252413772
0.024080850886121163
0.004210687706436246
0.0024160250763839886
0.005322246084339635
0.006849296874870332
0.017492123752563538
0.05248259478788843
0.09290710359239641
0.025365357538775262
0.019012405343690093
0.015984427634352174
0.007934681395124002
0.003363870605761874
0.03320544026825596
0.08746890086467009
0.18043814412857662
0.11522432552580283
0.023588143304174764
0.005501544071565352
0.004231516405269906
0.005150703881324201
0.038461104565182314
0.04585462824109183
0.04945624782969009
0.01917045608318807
0.0033520743987820985
0.0019233665305985696
0.004236971745984145
0.00545263726607332
0.017023820092168965
0.02081576696153172
0.05038728090082773
0.016068376085762903
0.01382045484610996
0.005324574857234347
0.012497169502599575
0.006803364779030562
0.03717495514434378
0.0979252929610365
0.202008461870058
0.12899871522119002
0.026407966953214755
0.00615922127316562
0.0047373692770713485
0.0057664402038684805
0.013427194759192511
0.007687316275336422
0.019603561532644302
0.023700938842713393
0.04891637292917488
0.010103938688812585
0.025079599913460617
0.011422353844023821
0.019058917550831774
0.0233041693420889
0.05641078366078546
0.0179892558389516
0.01547260885047591
0.005961096431225964
0.013991132535427796
0.007616666981309483
0.005320432858171497
0.007685637084116216
0.02509677217937865
0.045007497512031
0.04815489352003112
0.006675851499437042
0.025856831601316067
0.007277280177970083
0.017380474709702408
0.009950641850748235
0.025375308212086254
0.030679049164008442
0.06331849636751859
0.013078774382792358
0.03246362027533225
0.014785361773010219
0.019924106337282938
0.021193877121827878
0.02643871247879592
0.10978409180718587
0.024526140589135027
0.028085808026264387
0.026536926763399228
0.0029076427304260822
0.006886892638003301
0.009948468266387619
0.03248584845767781
0.05825875667136686
0.06233281962342269
0.008641378205396063
0.033469687137146605
0.009419881543167108
0.02986148968812678
0.04937477034648515
0.05745418399734452
0.05578430593057946
0.04868660843217903
0.027986685650208405
0.01701882637693678
0.025959752588768654
0.013675801033101096
0.014547364972437577
0.018147392174613725
0.07535521898642521
0.01683461296225024
0.019277949832175255
0.018214805939231603
0.0019957905656346037
0.009172122611801123
0.03299062248095148
0.04051740853897599
0.009272792047979076
0.019228819802978886
0.00249878040763726
0.004209083173689429
0.0013528154049516968
0.020496768317414676
0.03389058078103361
0.039436247506698226
0.03829005204859204
0.03341823008889752
0.019209912758395276
0.011681632260331528
0.01781863664360193
0.006380814640761721
0.07890085683189668
0.20194884420388276
0.12384518226756054
0.049863451303937274
0.01117001183935851
0.0026468369854448746
0.01371014061175831
0.006117510165072283
0.022003681908876215
0.02702380562168465
0.0061846534344326765
0.012825003064799535
0.0016666059963411934
0.002807322818335444
0.0009022842739379011
0.027139187428673446
0.03778020562427923
0.031918152679869964
0.01620062715445311
0.001531852599401687
0.0
0.0004893323705804679
0.002920418126153798
0.004255797712088877
0.052624328536669866
0.1346933702840298
0.0826007450491612
0.03325731492347795
0.007450037887994935
0.0017653549618836459
0.009144221910977256
0.020171437246132733
0.04394524850914545
0.18129976657103342
0.11186975094134256
0.054339985950729724
0.014754582970432988
0.050317133167818294
0.0
0.023243662381052004
0.03235728212295971
0.027336660932373066
0.013875209378655206
0.001311972391642461
0.0
0.00041909421362687315
0.002501224957977359
0.03636315750764827
0.0321674323234018
0.03344905288444188
0.027734306233649447
0.02438150855408933
0.005308500281906834
0.010370984291334298
0.0028708352831474304
0.0172760543521035
0.03763740245659719
0.15527622464806495
0.09581210669504708
0.04654009227613816
0.01263672856968537
0.04309467475431962
0.0
0.01969555683459159
0.0365385535098007
0.05109885258037863
0.05345601698432575
0.09946196222785317
0.020936612959066698
0.01615976018089596
0.020688277329702517
0.03846721813327304
0.03402871809774314
0.03538449633771714
0.02933908056362802
0.02579228186581846
0.005615663003458968
0.010971074635297963
0.0030369487863726214
0.02293469618069933
0.04832153397956705
0.061868921269681354
0.02497159310396808
0.0031723115456565414
0.0011582147153616539
0.008488559238938473
0.00866367796035771
0.020835189596864857
0.03865276297417644
0.054055556318396036
0.056549111980704767
0.10521707297220995
0.022148056243436385
0.017094803159740986
0.021885351311308133
0.006044751709315304
0.02763485135119796
0.14715670547256873
0.05366633267643313
0.015297382515601036
0.009234773665841705
0.020464559768568872
0.021847495081172407
0.027511319471748497
0.05796410592068648
0.07421487710201526
0.02995467959065108
0.003805346960293249
0.0013893366975582541
0.010182452962853146
0.010392516660775732
0.05781128976320148
0.031244170481769855
0.025674330193135978
0.009711976872788032
0.007041403925083585
0.008275815640107244
0.004750282942861891
0.01570021168032393
0.007250983143274423
0.033149391563202533
0.17652185600229703
0.06437546028540708
0.018349978310260185
0.011077574630531436
0.024548266835799103
0.026207167171519097
0.002674733440082482
0.00947244519417775
0.030432345759132142
0.08118324162484321
0.09851791916872331
0.039110020098682856
0.0
0.0015041954784567762
0.07623733339758333
0.04120254454633898
0.033857443394034965
0.012807450271964957
0.00928569248017969
0.01091354506491901
0.0062643284024833015
0.02070429975162697
0.012137490499581474
0.004362284141889918
0.019997315077390724
0.015628150532400898
0.021584670703624506
0.012566707052288502
0.01643492154054867
0.01127856446262333
0.003527244347193764
0.012491573277760295
0.04013196901872764
0.10705856733868152
0.12991828205297926
0.051575456172357696
0.0
0.0019836238329220086
0.006719610505237649
0.0022616790990400183
0.003088980646177257
0.03958756202135634
0.07113839207662212
0.08947447401082681
0.09162455526276084
0.02415488756064511
0.017238329481546754
0.006195555113523497
0.028401283285226925
0.02219595624598236
0.030655732777100757
0.017847926362776243
0.023341776665375524
0.01601843563068242
0.009964335333590634
0.00482936147762124
0.010366062883094489
0.014098987786610074
0.028669785880360295
0.02468719704701702
0.017577593682175485
0.013158492081498333
0.009543559262183863
0.0032121606597446165
0.004387139676258521
0.05622442608864155
0.10103464480129173
0.12707655369451448
0.13013021697311505
0.034306095677230274
0.030759930400926505
0.02214678693021227
0.019785628332320674
0.0090200961946027
0.023383552571796855
0.0471022979563117
0.07584478427923169
0.020794744595862866
0.012372682756345546
0.005996602430359213
0.012871506547204883
0.017506667251678782
0.03559917982630049
0.030654012232651833
0.021826040871622467
0.016338856795337996
0.017216516003457694
0.00984783455760391
0.017025522693118557
0.0956161329363874
0.0954763954740762
0.056586903531269925
0.03567727312452876
0.005644963154012969
0.03819450547543848
0.02749959325798355
0.024567750311003642
0.011200224090343115
0.029035281130278402
0.05848677008527605
0.09417622181451067
0.02582076669143262
0.03212763395178871
0.014926393952847734
0.028877720959382583
0.0219628012010092
0.04624568145706597
0.01957263187054163
0.027566043877631265
0.013482181707323595
0.0066646014570642025
0.003812147157319924
0.006590666969150383
0.0370134944119188
0.03695940132509806
0.02190507996214286
0.01381085501863781
0.00218519412718304
0.03268193094216769
0.015143499649955193
0.009472936256434082
0.003710549464152563
0.009007756782458598
0.01531678571174005
0.24912759482602906
0.25673351996867827
0.012436771528229862
0.0057780834906948925
0.011178713576192887
0.00850191274797179
0.017901939972047157
0.007576665967539263
0.010670956664836263
0.005219021539142262
0.01055606643767325
0.0013709827227193726
0.010107679768327747
0.018682637132586687
0.014497269075594794
0.05235740017642801
0.07412006147331208
0.01890754963381959
0.0819446107653785
0.05315768269477918
0.07498640210253461
0.012564160003375919
0.008362059463864268
0.008488205178246128
0.03470767735714679
0.04825978462470172
0.020519492252963633
0.01990233250387661
0.02551180664038545
0.02846054394031261
0.024587424976070305
0.025275187839226082
0.03300951916607289
0.017638805498504447
0.1136303735992653
0.06370880937368895
0.023074665478944406
0.0
0.00611731860947061
0.0
0.018334865107140382
0.04740979005097462
0.09046372769298446
0.04661311579913041
0.02029348402353365
0.00685646313481249
0.015324799743749406
0.007062526953847898
0.010999886009973578
0.012733877094443194
0.0237685180958127
0.023053638191215472
0.029551308108089126
0.03296694408041655
0.02848056122776421
0.029277223438359846
0.03823619726845637
0.020431707690972294
0.007185009735969282
0.06710178323857634
0.08646073130458307
0.018989187330269847
0.02736998778664673
0.008201314264938229
0.003979326629509508
0.014681389820279746
0.1047876196047113
0.053993767132021815
0.023506724059937704
0.00794210529597904
0.017751305711348937
0.00818079695322158
0.012741591578230817
0.014750140228514372
0.07404662970571277
0.14016494183209136
0.04846836723707811
0.00782241404669307
0.006292303946333785
0.0
0.007510683982625819
0.012305082782491712
0.004997581580172767
0.04667309415477298
0.060138339968130915
0.013208056260400367
0.01903737807442883
0.005704478993045401
0.002767847253646744
0.010211738888794696
0.044206376311029826
0.05270433531602532
0.0568439603388304
0.022034114860930428
0.003852803084321093
0.0022106766198454653
0.004869885291639137
0.0062671454082415924
0.05150362856693084
0.097492662811479
0.033712497021744656
0.005440932411898005
0.00437665409715745
0.0
0.005224106480769548
0.008558882634274631
0.016487461331658005
0.16586366595409036
0.19143149883155322
0.029763242973942842
0.0011373837773589915
0.026957912683359966
0.004757988289922186
0.0015631844458593373
0.030627033503646494
0.03651458405353567
0.03938259642745085
0.015265661435826255
0.00266929658102315
0.0015315995689255755
0.00337395082864399
0.004341999693436714
0.013556269748812862
0.01657584199264163
0.04012398909895902
0.01279543836017024
0.01100539202898051
0.004240022079158326
0.009951644223014844
0.005417600024246986
0.011422832467468589
0.11491355949359004
0.13262744919683425
0.020620551056402182
0.0007880015048188041
0.018676963909743462
0.0032964264191237378
0.0010830044529971494
0.0814271989150037
0.07954428862168489
0.056324023575635075
0.04288035109282996
0.03841941801339582
0.02563459780196135
0.08713135218269938
0.03783672543336311
0.013123099401226175
0.016046185725059368
0.03884188697008374
0.012386579242972137
0.010653731168076004
0.00410453850795209
0.009633654299015295
0.00524448870903476
0.0036634068576621407
0.005291978369055145
0.017280490095070496
0.030990105396885244
0.033157258413726194
0.004596686174924646
0.01780383226905917
0.005010802470358893
0.0788253144209222
0.07700256971307373
0.05452427354691681
0.041510173534276516
0.037191782907034926
0.024815482525718566
0.08434719999260423
0.03662770939789013
0.00419543373372074
0.012582042510768741
0.11565022043810265
0.15743749741654472
0.04030944108846734
0.002398816365455185
0.004752992867581943
0.0
0.0034045526777144192
0.004918050281281394
0.016059460800085558
0.02880036272546286
0.030814385981184786
0.004271887025794243
0.01654582392300417
0.004656742106675316
0.014762102449113978
0.02440854176629027
0.028402620202711292
0.027577111785128373
0.02406834719506616
0.01383528836285063
0.008413299576273885
0.012833268911611831
0.0038989868467483382
0.011693002766416988
0.10747844369163918
0.14631305618732549
0.037461199622935724
0.002229317407995314
0.004417149179223384
0.0
0.0007089215321998951
0.006054370822092846
0.10560260402904925
0.2341477590283633
0.03910309027606421
0.016545715750162955
0.016756575266666615
0.003817659349680177
0.012099140526768533
0.02000544149465446
0.023279021016526315
0.022602427530957765
0.019726615227334297
0.011339516082314018
0.00689560949858125
0.010518252702461145
0.0037665631878292076
0.04657478387363525
0.11920939961863494
0.07310519593205207
0.029434147624307707
0.006593602505388199
0.001562414725209973
0.008093027902475855
0.0005810379158460187
0.004962212098864353
0.08655276242286528
0.1919094282320293
0.03204921425737791
0.01356100465142107
0.013733826844626847
0.003128984988034992
0.005400085112891485
0.0029611221772171603
0.16805016871146236
0.04449169993808257
0.006927676107803088
0.005035684840997566
0.005051124127963807
0.0007985602138743593
0.0036162795197532925
0.04471647723935657
0.11445301430119091
0.07018834137467263
0.028259742350565747
0.006330521622118754
0.001500075291553557
0.007770120822898687
0.017140277882562848
0.03734160148699586
0.15405587322078731
0.09505909739551789
0.04617432302741031
0.012537413624457353
0.042755983831329336
0.0
0.005184624875476699
0.002842975134350316
0.1613450652749021
0.04271650713440586
0.006651265883201877
0.004834763961288243
0.004849587229735198
0.0007666981284304425
0.006856607555535509
0.0036115903674314954
0.011570594189833241
0.018980997692596667
0.029120929061795198
0.003923912171802894
0.009342827256978405
0.005501673072998408
0.01739315583522092
0.037892518327300506
0.15632872632631697
0.09646154548274274
0.046855552839000635
0.012722383524636482
0.04338678140236216
0.0
0.019829058319893022
0.03678622110332398
0.051445213578139214
0.05381835544094517
0.10013614066311795
0.02107852663790758
0.016269295138672608
0.02082850772659043
0.006957766060240243
0.0036648737263252737
0.011741300183622237
0.01926103258285912
0.029550562756832273
0.003981803349718104
0.009480666039113102
0.005582841641701091
0.01348283437924108
0.002109674658125746
0.00804659770641014
0.019304624545930727
0.0505676330766565
0.06457458307187312
0.017195180948243325
0.003265801397287441
0.01776940201725105
0.03296521402757036
0.046101568071752475
0.048228210251318904
0.08973493905728462
0.018889087303987296
0.014579393594619345
0.018665038008481776
0.0051552985739785
0.023568529629329635
0.12550337720323662
0.045769616623146596
0.013046453859593602
0.007875925728621957
0.017453308401305885
0.01863275212171257
0.012082364202660775
0.0018905414730781473
0.007210792726997406
0.01729944149715861
0.04531514238870818
0.0578671820007375
0.015409107084131072
0.0029265806273151263
0.0
0.019810246510427884
0.07362646181792776
0.1504301562598508
0.04497948579078554
0.006975030025077715
0.00023913668013331312
0.0
0.005215759061955287
0.023844937441958987
0.12697526002816997
0.04630639510761957
0.013199460510013255
0.007968293281342366
0.017657997912031535
0.018851273953079527
0.0019239825693657747
0.006813695589160684
0.021890518848740728
0.05839652634917956
0.07086566325090131
0.02813252185424896
0.0
0.0010819941299946524
0.0
0.020042577800996872
0.07448994076985213
0.15219437622177548
0.045506997751699405
0.007056832022172034
0.00024194123551774568
0.0
0.0019127134304075648
0.004327288014434986
0.027262994824662604
0.10802635533639268
0.07005993294920357
0.02027062519450668
0.014907642111132244
0.0045752834692710295
0.0022317343567004985
0.00790358435910425
0.02539202993758867
0.06773737779152059
0.0822010229747239
0.03263247628249114
0.0
0.0012550651508518216
0.0042515868343840175
0.0014309944115934996
0.0019544390908844485
0.02504757639809167
0.04501020571601096
0.05661168834433991
0.05797207331553034
0.015283118249014198
0.0022186626558525226
0.005019461967545948
0.031623863534691
0.12530577587968267
0.08126641159873507
0.02351302522106104
0.017292202957834558
0.0053071256842944885
0.041464008139397164
0.03614385787755552
0.02077732722258011
0.023124817034374162
0.055201807631767776
0.057361367448877223
0.03131472256927901
0.01615033535631756
0.005778806974160747
0.0019450244832879373
0.0026564966655824632
0.034044961284693455
0.06117840251939225
0.07694727455112282
0.07879632585015332
0.020772994593469814
0.018625723950803783
0.013410301466318603
0.011980574946291395
0.005461840112788589
0.01415918662736238
0.028521338889516662
0.04592546201114558
0.012591614071348624
0.056358368944691234
0.049127157955872774
0.028240788236343694
0.03143152407794911
0.07503094805658776
0.07796624723272172
0.04256334028362301
0.02195172631482774
0.03811450560515065
0.049351883284695794
0.020252144811168587
0.006663033254644882
0.007933389153888682
0.012959451471435825
0.015379780139511693
0.03387903692969729
0.03419356347186922
0.02461896222539461
0.021994235012691807
0.010026980806927422
0.025993784076879543
0.052360177472687904
0.08431109600898261
0.02311599571104781
0.028762207470860213
0.01336282778581949
0.025852728612563367
0.019662158929369726
0.04140136452922296
0.017522364063785864
0.024678452025102326
0.012069899327407147
0.06997154956505151
0.09060140470291375
0.037179387006446844
0.0122321608067236
0.014564311502577858
0.023791280683617494
0.028234579755010928
0.06219597169383655
0.0388409268743106
0.028360946939574545
0.06444556787291536
0.013635639537339983
0.010934729151432385
0.012387171647944607
0.01929893945594631
0.013398001455736216
0.024614104462637072
0.011435632656833523
0.022124232410135298
0.016826470441769763
0.035430434623296786
0.014995278089671743
0.021119310704418578
0.010329171124966757
0.02089192692988292
0.002713365914689941
0.020004507208947114
0.03697554312831241
0.028692116329360383
0.10362259324370801
0.14669393352929544
0.03742067631965018
0.033239264840103595
0.02427071396857277
0.055151188982452075
0.011669099332065721
0.009357715880350332
0.0106006862389831
0.016515634701127612
0.011465733558738976
0.058308574924118325
0.020866890531799482
0.008681701610289565
0.0
0.02137498813053316
0.03724303880768035
0.06435336494650669
0.06301156402071069
0.1168948208354271
0.065539077462154
0.023737569468099164
0.0
0.006293060914937576
0.0
0.018861601030191074
0.0487718093174493
0.09306262846648475
0.0479522476898342
0.02087648842397986
0.007053440064671223
0.01576506055240118
0.007265423819047997
0.011315897885548237
0.013099704193042542
0.10617774920658314
0.044857751425686376
0.02608819910138182
0.03520567632524146
0.013070317929453458
0.015395015410815952
0.020314139470056676
0.06715745204124841
0.05955116390719643
0.03382012789286769
0.025221142284178554
0.01603075108050209
0.01899732241235131
0.006933973597221321
0.008697259286741347
0.005992508880746458
0.06651046941957538
0.03427075461040965
0.014920114204718421
0.005040988175968758
0.011267053113010355
0.005192489796385603
0.00808730306325747
0.009362162766019602
0.04699864467999622
0.08896505248030975
0.03076369011052043
0.0049650181214388875
0.0039938314352403765
0.0
0.004767157792408425
0.0078102435688257804
0.042560326644718934
0.024170739845316033
0.018025173372603974
0.011456938161772871
0.013577102346894769
0.004955607277525159
0.0062158012013732505
0.004282756518132935
0.0441582993571519
0.339952937353704
0.08231412009309774
0.038214048332408164
0.0042793617779924055
0.002977227355776769
0.010343848104300111
0.009600296082807228
0.028735075476112835
0.05439343017578791
0.018808988286119696
0.0030356230787339776
0.00244183738726726
0.0
0.0029146508352335438
0.004775200220455629
0.009198739175415676
0.09253920728598425
0.10680409750706399
0.016605607353639276
0.0006345729339291976
0.015040448162368566
0.0026545926263758473
0.0008721370568382539
0.026998482053347733
0.20784797901507765
0.050327035380058754
0.02336415380818298
0.002616411271377413
0.001820283400942535
0.006324251646282459
0.005869642293108744
0.003179907706874637
0.08775592272228593
0.15971914910312576
0.052089133336331694
0.009349429590552833
0.0
0.0
0.0032837403600063887
0.0077578743704459704
0.07804412439304577
0.09007460206319223
0.014004551410565017
0.0005351752024304534
0.012684554382268114
0.0022387846537898423
0.0007355279448344538
0.05530169345641331
0.05402290541955925
0.03825274512098727
0.029122407046254368
0.0260927418118411
0.017409866585270693
0.059175697961563745
0.02569700320275629
0.0026818158477062808
0.0740100801598492
0.13470118781149001
0.043930037017318714
0.007884961059955415
0.0
0.0
0.0027693844441394784
0.00644436260683713
0.0
0.003914676573839984
0.0577588316302431
0.06949479526127536
0.05255824547758047
0.023779768418036144
0.008921370325091054
0.05385921365810282
0.0526137813070188
0.03725496713955105
0.028362783222519086
0.025412143251585848
0.016955750639249485
0.05763216930040698
0.025026727019870295
0.0028666268382546564
0.008596970666354342
0.07902067981512768
0.10757280035541518
0.02754235509203658
0.0016390465943934378
0.003247591972847087
0.0
0.006276268968245814
0.0
0.003812566827795152
0.056252260265185185
0.06768210505259084
0.05118732530140526
0.02315950105536389
0.008688666845995369
0.020699300939510987
0.01936812730867445
0.06459064180638656
0.11303134591732372
0.015589011973597461
0.009561724096705651
0.007103027783618139
0.005394296599466497
0.0032899985218882567
0.00986665596218418
0.09069123205051086
0.12346021094959711
0.031610081344697206
0.0018811171377100437
0.0037272283395171093
0.0
0.0005981940654705049
0.00510872999539886
0.08910838246424792
0.1975758860918479
0.03299552275145647
0.01396141677344133
0.014139341840873057
0.0032213736827544012
0.023756377560664434
0.022228603097876203
0.07413002391347455
0.12972492827892795
0.01789135079125281
0.010973893680566437
0.008152072881332215
0.00619097944735528
0.006453092872157139
0.005115052841073023
0.02348914082433917
0.015390205708534936
0.01925413872554676
0.0076133268764528965
0.007384450892372971
0.0010167344070100054
0.0006846816100660157
0.005847355700346227
0.10199176872142983
0.22614162126998938
0.03776605109692614
0.01597997350195013
0.01618362316795683
0.00368712337190735
0.006363335109042865
0.003489317727135248
0.19802642297051404
0.05242798777395684
0.008163412923922682
0.005933934276387149
0.005952127574225423
0.0009410048433311802
0.0073860880149970885
0.005854592709882555
0.026885226194991237
0.017615338285709645
0.022037922914987178
0.008714069905773184
0.008452102784514583
0.0011637349666008194
0.006082051593127721
0.020872904113777332
0.0987666246960849
0.06792953421997189
0.014434051626426966
0.000510331548509998
0.002551657688136384
0.0011637349666008194
0.0063079023884192575
0.003458921343568961
0.19630136163200032
0.051971273496093075
0.008092299242151643
0.005882242181706426
0.005900276992842521
0.0009328074974909916
0.008342129317897715
0.0043940612969840896
0.01407742710002108
0.023093335304938983
0.03543013861055786
0.004774049339140874
0.011367002200610318
0.0066936408228141535
0.006029069208732924
0.02069107464188639
0.09790624211055449
0.06733778180901426
0.01430831272731769
0.0005058859133722592
0.0025294295129217018
0.0011535973588561268
0.0061100398751252095
0.06484955265254687
0.151817811695602
0.10841890155440762
0.05022218075391471
0.019012424420383256
0.002088537412135858
0.0
0.0065877479920058105
0.0034699735982098453
0.011116890973124223
0.018236719605560784
0.027979046547196174
0.0037700487188788473
0.00897647867451992
0.005285942858149628
0.012765809361708468
0.001997480925993299
0.007618674934444638
0.018277993322542103
0.04787841677587648
0.06114046897858133
0.016280731169057903
0.003092124169022039
0.004825075395567617
0.05121144662103509
0.11988995207766223
0.08561799677189826
0.039660266319047136
0.015014039704446322
0.0016493101004210193
0.0
0.0028248645839506602
0.03972347726195637
0.12942386446843365
0.24248972813543698
0.009952208835839194
0.0
0.0023320009603787005
0.0009109914740931898
0.0106364912805622
0.0016643040680323635
0.006347891247125205
0.015229251126414637
0.03989236781893932
0.05094232937010824
0.0135651293399611
0.0025763624405101505
0.0
0.01743959300842389
0.0648157269562007
0.13242847331477972
0.03959687859040894
0.0061403418071986765
0.00021051966075815126
0.0
0.002353681358119465
0.03309766012938983
0.10783615569603994
0.20204280087990364
0.008292195152330767
0.0
0.0019430266564791569
0.000759039446407801
0.0033181780522669106
0.012840290332816808
0.16522056818967437
0.03946374603092995
0.019492076771747694
0.0
0.00021051966075815126
0.001644211073062883
0.0
0.01985012353438281
0.07377466816054366
0.15073296455360724
0.045070027220010835
0.006989070407626713
0.0002396180501716495
0.0
0.0018943470374142618
0.0042857362215710714
0.02700120815596261
0.10698905698097746
0.06938719847619089
0.020075981154984813
0.014764494889356201
0.004531350356805516
0.003776822326917858
0.014615097336310489
0.18805763915486892
0.044918492849293
0.022186305131889857
0.0
0.0002396180501716495
0.0018714767541383123
0.0049641687226704605
0.01652648526843904
0.042888425572432456
0.08933470815464316
0.023836608330057095
0.0
0.0
0.0011980902710565392
0.002297969730825083
0.0051988848489524595
0.032754272481563575
0.12978488609320285
0.08417131531648181
0.02435350867586632
0.017910320377713677
0.005496831232104061
0.0429461573942646
0.03743583601534566
0.021520021946099227
0.023951423816362456
0.05717502058729537
0.05941177482234459
0.03243408113602446
0.016727636215263738
0.00602186887518578
0.020047732624344138
0.052026530420065595
0.10836897949368163
0.02891540110980504
0.0
0.0
0.0014533636779889942
0.005382052275531825
0.010138018412658838
0.03030252581867284
0.02432221213114151
0.05529804332635693
0.023150151983648514
0.030796395894923508
0.010206520179356837
0.05302671277512602
0.04622297882575077
0.02657131841096008
0.02957343213749736
0.07059545203919272
0.07335722938009963
0.040047184867691765
0.020654037865377114
0.035861345513275966
0.04643441939239472
0.019054928062875634
0.00626914435639374
0.007464402463623496
0.012193346325785451
0.014470595925208996
0.03187625891253138
0.006645356825182531
0.01251766917216191
0.03741529930596764
0.030031253899934895
0.06827790047835117
0.028584081427070463
0.03802509324960626
0.012602250045694697
0.014683323095425478
0.008695551389172518
0.018456098808524075
0.0013666543478023645
0.007068595671051357
0.026059395403942077
0.1268070207807098
0.02909134400549691
0.054165201048685316
0.07013483810965555
0.028780682785920653
0.009468954932033667
0.011274280269288605
0.018416906720577875
0.021856478789761692
0.048146101267673394
0.030066886129317773
0.02195430003282965
0.049887520888584835
0.0105553923210001
0.008464608924368894
0.009588949321634196
0.014939370960849007
0.01037143591947829
0.022177783241069244
0.013133815323503138
0.02787620732657743
0.0020642032933586023
0.010676451208798713
0.03936027416314212
0.19153011903664394
0.043939748335735586
0.02038001394013105
0.09662223207009933
0.061353856811482026
0.016445289364331248
0.02305455688947475
0.0008571137886986098
0.008437212717996283
0.004018723426743492
0.03608085993781859
0.02634559565331837
0.059866014926996065
0.012666680223708688
0.010157698662741209
0.011506929448452812
0.01792754157777289
0.012445928891847235
0.06329332297604323
0.022650782387559677
0.009423892535819866
0.0
0.023202316796724264
0.04042691297003033
0.06985487670475796
0.06839836641486521
0.024456421105331923
0.11594859564793121
0.07362584554778735
0.019734673542158288
0.02766592571242374
0.0010285535531613526
0.010124822671502665
0.004822547850998642
0.046749368261610844
0.015103115617844063
0.035279911231544815
0.010683826823125754
0.012268001802309239
0.01771305626665828
0.03156544010232298
0.0689815853764313
0.06283848655635006
0.02654787119688084
0.015439609153156958
0.020835546383325795
0.0077353212291135995
0.009111131815811559
0.012022385005631965
0.03974535793786692
0.035243777915433025
0.020015546268504252
0.014926464557810413
0.009487375121320316
0.011243061733137312
0.004103688483952748
0.005147242382240117
0.0035465075456529594
0.0566610140727927
0.03286296298976574
0.016765344164480975
0.008150506436401316
0.02710718324325525
0.047015046260062754
0.17050718114563782
0.15218995096670582
0.04493476128795461
0.03943283476378936
0.020546139721040243
0.011155785753787954
0.017318361245465732
0.011441286477479303
0.014412882812089585
0.03150901866478934
0.025319015216451825
0.014379103220825305
0.010723123502078944
0.006815699373582442
0.008076978914798989
0.0029480764354516036
0.0036977621556750196
0.002547799464890177
0.026269644560989184
0.20223701912785844
0.04896843195221553
0.022733426819940172
0.002545779943799761
0.001771143942409149
0.006153525317972109
0.005711188371088317
0.03228098609426204
0.02832842000672749
0.014760279828246433
0.008014280135613644
0.012441454288756803
0.008219382925240628
0.010354168049403043
0.0226359763400939
0.15173656344143407
0.20730058129678958
0.060956042204629246
0.030303351076418492
0.0026033654424013363
0.0
0.002118985988082053
0.0170481811198172
0.020236427022108303
0.15579025704927632
0.0377220977347998
0.017512354677509806
0.00196110342975691
0.001364374194443319
0.00474027601465002
0.004399528376286884
0.0023834662304368015
0.06577652485863045
0.11971580100214792
0.039042859643838385
0.0070077661860290475
0.0
0.0
0.002461292898745808
0.11688798778906903
0.15969089628577554
0.04695657365164155
0.02334373238890061
0.0020054635556534368
0.0
0.0016323291017180724
0.013132810849035509
0.0024391325675371684
0.013844866281208384
0.02679933970191106
0.08747545572075689
0.023241329347486815
0.0012806834950398627
0.0
0.0011550670069654843
0.0029688654694511804
0.08193178944997982
0.1491190029060452
0.04863211248601505
0.008728932166945964
0.0
0.0
0.003065807018357748
0.0071341384727906885
0.0
0.004333686115727611
0.0639410796716472
0.07693320856994829
0.05818384594407731
0.026325048898579485
0.009876274062964721
0.0030382039244784297
0.017245281223856813
0.03338148165435294
0.10896015919901116
0.028949594201404198
0.0015952300717191625
0.0
0.0014387611236487707
0.0011849159441437791
0.0024784143784311913
0.018150181764925326
0.22564040063175855
0.011993521501748435
0.0
0.002748868084250969
0.0020209422816718694
0.006655038268337655
0.0
0.00404265309022647
0.059647052514693155
0.0717666820025614
0.05427645157627961
0.024557163910413297
0.009213023000366596
0.021948492102113488
0.020536982891810284
0.06848865068925407
0.11985272403195693
0.01652980007306178
0.01013876876482043
0.007531691512936594
0.005719839363456548
0.0011053417288038186
0.0023119739820253115
0.016931288155332423
0.21048729384979106
0.011188084569802846
0.0
0.0025642650987325387
0.00188522388147126
0.00018422362146730312
0.0009211181073365155
0.02181606310249289
0.12880089395238375
0.08852887830758067
0.012370102044255748
0.0
0.0
0.0305857280527474
0.028618757536074648
0.09544050839280313
0.16701752478337353
0.02303465620548339
0.014128607231319854
0.010495585178249308
0.007970727577191316
0.008308191902696828
0.006585499610493512
0.03024166759478927
0.019814495929569017
0.024789210789634156
0.009801963486446135
0.009507291515140855
0.0013090195251893302
0.00025671984940362424
0.0012835992470181213
0.030401185198967347
0.1794870051687525
0.12336702604137877
0.017238021425349245
0.0
0.0
0.0012835992470181213
0.0
0.002178340058054418
0.08690715094012451
0.030220114973155073
0.03785327441813908
0.0018741995200303096
0.0
0.010386534618423933
0.008232900790580616
0.0378067973237582
0.024771207782560364
0.030990376612072178
0.012253981885932757
0.011885596000425217
0.0016364784027386916
0.008552760174911944
0.0293520928432745
0.1388885380823849
0.09552451275378274
0.0202975887367707
0.0007176432618607343
0.0035882162327856557
0.0016364784027386916
0.0016046990935547614
0.0
0.0027232645428348417
0.10864748219587869
0.037779853187977136
0.047322492037898393
0.002343041473357103
0.0
0.10936352431826396
0.029592303094855173
0.04494313679775562
0.009467077615633566
0.0016046990935547614
0.02811976346918909
0.06944522398602657
0.07052132438525058
0.00563128000960729
0.019325907693906623
0.0914465309527947
0.06289493310893539
0.013364271107693455
0.00047250829812813374
0.0023625414402599306
0.0010774846864674702
0.00570690834944439
0.060570873685659755
0.1418010937518231
0.10126558044856604
0.046908594465751796
0.017758012367413912
0.0019507387576911449
0.0
0.0720067692392627
0.01948406613167001
0.02959131118403571
0.0062332818687818314
0.0010565606590346025
0.018514521471492115
0.045723894228010244
0.04643241668655597
0.01950463920688049
0.030088989044025124
0.019903878747045696
0.0012853615572586449
0.03590659556365326
0.01179793637494761
0.048540814306610384
0.021391434127063687
0.004585274134869811
0.048666290648309005
0.1139315453593687
0.08136287081403608
0.037689192069791926
0.014267857447356515
0.0015673410929054263
0.0
0.0026844717334774375
0.037749261494163765
0.12299163215711631
0.23043823924749904
0.009457594341782914
0.0
0.0022161029226483446
0.0008657161392925819
0.01567120272292156
0.024175307322288002
0.015991975832466077
0.0010327369464462916
0.028849523039086385
0.009479173169156236
0.03900061586713376
0.01718716748274849
0.005014113335740016
0.012320388678290701
0.059295565835029505
0.02834032281617882
0.02977135437881256
0.003539434161492235
0.0009917953507431448
0.0008657161392925819
0.002057815358757865
0.028937168201741453
0.09428077282220297
0.17664531239237521
0.007249837146994842
0.0
0.001698781392980641
0.0006636255265959244
0.0029010714366636586
0.011226220816437052
0.14445176346005464
0.034503014784232094
0.017041854377024778
0.0
0.00018405660126175448
0.0014375279761283714
0.0038436312456426765
0.009444347925843491
0.04545375708743234
0.021724628661946344
0.022821603791813076
0.0027131974935701826
0.0007602731219151579
0.0006636255265959244
0.0054557261729740155
0.01984046823170358
0.15545940962411084
0.1408507146104541
0.03166870842270733
0.005374578991556717
0.004317345113783389
0.006328995095477988
0.0027229484241098247
0.010536941591476636
0.1355825632910959
0.03238456266413375
0.015995500811657088
0.0
0.00017275570191717745
0.0013492651327863005
0.003578981013767132
0.01191498119915373
0.03092095966301631
0.06440700190059198
0.017185308036827787
0.0
0.0
0.0008637785241481043
0.00512074980206585
0.01862228245135825
0.14591435050487295
0.13220261539796885
0.02972428000338206
0.00504458498000435
0.004052264251525798
0.005940400847643312
0.0015109953287496662
0.0
0.0062340170824639616
0.13026148351558872
0.12131316749994897
0.05451842799485444
0.010494868200993551
0.0014298078232825979
0.005454089023492663
0.018157505704402742
0.04712114035955868
0.09815126728832267
0.02618907436738397
0.0
0.0
0.0013163313661521982
0.004874598376062487
0.009182141971290138
0.02744541219300923
0.02202896027147826
0.05008419435529479
0.020967409361318738
0.02789271707754595
0.009244184958538989
0.002302639495817804
0.0
0.009500157729516453
0.19850838121056016
0.18487184277352786
0.08308184887290879
0.015993363819997473
0.0021789160447267335
0.005847855485555876
0.0031667772374487585
0.009138356529162705
0.009254849040806135
0.045420843800801296
0.0454530640006165
0.0077210831656832485
0.009450755837588734
0.007848140684642645
0.014783318833182822
0.044187323636030756
0.035466794597058884
0.0806359361434908
0.033757689508985556
0.04490748792279763
0.014883208517390566
0.01734094773274969
0.010269412527880507
0.021796581244526908
0.0016140134940815446
0.008347984123146506
0.030776045089384613
0.14975860063918814
0.03435676465036233
0.009415092078041882
0.005098535583663283
0.01471282393632263
0.014900377771439505
0.07312790606798861
0.07317978083623182
0.01243100297650683
0.015215789213288276
0.008573240688911635
0.003622924976233966
0.015057634738803645
0.0
0.005780114495836657
0.007752763117442566
0.1745998507396344
0.015801529799829014
0.01824154009652888
0.010802748689527597
0.022928574427819953
0.0016978363767871556
0.008781531981667357
0.032374381675249454
0.15753622930311606
0.03614106389196836
0.016762849443324002
0.07947315118757826
0.05046441418143205
0.013526482880531807
0.018962698811496908
0.0007049882025576001
0.00693972668166687
0.0033054568046299924
0.009018487120437011
0.003811079546470009
0.01583964452692683
0.0
0.006080301490050869
0.008155398507927685
0.18366759575083327
0.01662217335940099
0.045741627219512
0.05399639932659313
0.0014099764051152001
0.005144147715791588
0.0009458409126654798
0.002906740766593892
0.07065332707652412
0.09736318208048622
0.02186588736447216
0.10366680069773772
0.06582706598517629
0.017644288466777503
0.024735426858095124
0.0009196045506777157
0.009052356073148615
0.004311721967231085
0.04179746563759289
0.013503325917150649
0.03154290490399476
0.009552147999490525
0.010968520064366735
0.015836809954293235
0.02822188720560221
0.06167474666744766
0.059666542495127935
0.07043427728407863
0.0018392091013554315
0.006710157179422894
0.0012337789545255168
0.003791626621413962
0.09216199769638574
0.12700301222751706
0.048305802113094806
0.05632589872007381
0.0244978477876396
0.004311721967231085
0.0045238561665935624
0.002975902710168302
0.005910471428186128
0.02918641082157677
0.027491291192785535
0.01594474260288958
0.008134357739889589
0.003954534691594472
0.013152102555015158
0.022811175343900137
0.08272817993186203
0.07384086443045981
0.021801844309712704
0.01913237101008522
0.00996875751699611
0.005412662651037462
0.008402675451048176
0.0055511844134730325
0.006992969765871314
0.015287823938339617
0.02155332829928829
0.026013958330331603
0.004089226979878848
0.0020253681552746417
0.002368818749416497
0.00489913610617573
0.2032681570686434
0.1221304168217558
0.040138501283194274
0.019582439742838926
0.004242393485023467
0.0
0.012646568486459288
0.016255000002294438
0.06357063259490077
0.11660833842678639
0.020399646590473382
0.01790186194796746
0.009327611343515984
0.005064544248003303
0.007862252714990062
0.005194156906392769
0.006543213033499553
0.014304579055294466
0.09588840502020485
0.13100153087349103
0.03852056176033129
0.01914989990271269
0.0016451707768703687
0.0
0.001339072020935645
0.010773427702584003
0.03755697129181158
0.018322984260335667
0.003969541593031672
0.0
0.01183319741399378
0.015209550653805226
0.05948205207075404
0.10910860841020775
0.06035408540926756
0.07358629954515848
0.13908727931775264
0.0558804953609512
0.00041129269421759216
0.0024436462351845813
0.015134333655370235
0.012703561711315654
0.08946381815497309
0.12222434123937688
0.03593965852104364
0.017866843881919073
0.0015349432414147799
0.0
0.0012493533055655257
0.010051600886328579
0.0018668651638678007
0.010596594421636338
0.020511699269660403
0.06695203169847916
0.01778846656318131
0.0009802105201868853
0.0
0.0008840660757583236
0.056310321574612555
0.06865596856907
0.12976833916396277
0.052136465032748706
0.00038373581035369497
0.002279920313343126
0.014120323241954363
0.01185241463367908
0.004654857085977944
0.0077301915044085375
0.024682082168160313
0.15296195218932068
0.07031200767498158
0.005803246637271899
0.0004375261314297081
0.0
0.002553169240747452
0.014492154793839083
0.028052288223247072
0.09156519241269115
0.02432793034451587
0.001340559242325353
0.0
0.0012090698113076455
0.0009957497971366345
0.002082747410683775
0.015252592303901372
0.18961799296004694
0.010078813321184193
0.0
0.0023100244796065788
0.0016983085398970964
0.006366093364435288
0.010571993926574099
0.03375580315548198
0.2091944072304256
0.09616037554583351
0.007936658253377167
0.0005983711531020148
0.0
0.004801534511822955
0.0024647862726451864
0.036726969765515705
0.09481518547666705
0.09073106557863957
0.01024938614572078
0.007738332438367865
0.0023122318736375734
