0.03961632909684803
0.0
0.01245021087585668
0.0
0.02200907172047113
0.0
0.00622510543792834
0.0
0.02641088606456535
0.0
0.01867531578904786
0.0
0.07483084384960183
0.0
0.05602594316924629
0.0
0.008803628688188452
0.0
0.02490042175171336
0.0
0.0
0.0
0.0
0.0
0.34641824171787583
0.03937102496896684
0.1542566221100224
0.02783951866668145
0.07923265819369606
0.03802812182521627
0.02490042175171336
0.0
0.002047386655290877
0.0
0.0014477209222124162
0.0
0.005800928856657486
0.0
0.004343162441213904
0.0
0.34081412996480465
0.12924293836921505
0.0009651473085935563
0.001079067526711223
0.001706155546075731
0.0007630159674454792
0.0012455895810643393
0.008980687219828988
0.026854535796664903
0.003052063869781917
0.011958059598085094
0.002158135053422446
0.006142159965872632
0.0029479612671982074
0.0019302946171871125
0.0
0.2672730568238837
0.10721060119426892
0.010333815060439946
0.004992281132887526
0.004094773310581754
0.008053847689761454
0.008823168002310242
0.035738879482720656
0.28979587225623277
0.10989588389874866
0.0008206693372088441
0.0009175362393541242
0.0014507521584591733
0.0006487960984896095
0.0010591307325054046
0.00763632096650308
0.01639813149949304
0.021535483393630837
0.007655315933519221
0.010031381376542322
0.008863132519447535
0.013020464096581155
0.010336772940758254
0.0035933399430703975
0.22726354872923157
0.09116168303062065
0.008786891991491215
0.004244960341294762
0.003481805180302016
0.006848224915188496
0.007502381628240672
0.030388938845419825
0.04060110196905188
0.027943869368590193
0.006380503114394303
0.0
0.0011606017267673388
0.0019463882262915747
0.012969494296092076
0.025660251853926484
0.04283999056385819
0.056261282293033926
0.019999453130709166
0.026206905556698436
0.023154864535090205
0.03401586083462226
0.027004738634796195
0.00938757255719224
0.03924214836933643
0.05424509066677253
0.059088145703898566
0.019913027527243138
0.0
0.004428039511935428
0.017872978750526
0.02120582021133266
0.10607006202445686
0.07300314063862089
0.01666901458997144
0.0
0.0030320629533094937
0.005084924050676967
0.03388270262863633
0.06703720770396433
0.07714766016102716
0.06756579228711804
0.022111755776526704
0.0
0.0015160314766547469
0.0
0.010234820920233431
0.06177793568161322
0.03800904625607566
0.05254055259445113
0.05723142479630751
0.019287302449855423
0.0
0.0042888976681102736
0.01731135792232589
0.02053947183840681
0.18383337904936806
0.06109563114403794
0.028228123855597916
0.0
0.0
0.0036709834270225094
0.026885797307616928
0.06791058311201818
0.07472345693233694
0.06544267913670537
0.021416940280715405
0.0
0.0014683933708090036
0.0
0.009913213163522361
0.059836693771896314
0.04798948203500752
0.005922778950523843
0.013498040985658846
0.0
0.013724979191473039
0.03352280438116062
0.05006345099525653
0.02164359561198269
0.20257311675875073
0.06732364103402096
0.031105662416969916
0.0
0.0
0.004045198745881541
0.029626500830871344
0.07483330042152643
0.01779887448187878
0.0
0.006571358576413765
0.01237592805278385
0.02129761092403354
0.035593918937784325
0.07100088569720064
0.010019473710333631
0.052881467977906736
0.006526539402610528
0.01487401388551951
0.0
0.01512408587952379
0.03694007585076239
0.05516685466073392
0.023849915851287973
0.015702239256341764
0.003618135804437423
0.01908468456740507
0.038071350097815815
0.12124622796588672
0.009045339318203451
0.0011441549662026835
0.002558408356033902
0.02370147556773645
0.0
0.008750603579135178
0.016480129497500565
0.028360490180492286
0.047397850966520036
0.09454675122031743
0.013342209451998068
0.0
0.0
0.007227014922411035
0.01022054234216547
0.12465258415013829
0.052256787270557985
0.00914153091291356
0.0
0.02090953787397303
0.004818010119512573
0.025413695986947673
0.050696867102063746
0.16145484439139265
0.012045025041923608
0.001523588528295231
0.0034068476186270395
0.0043093591941339
0.0024090050597562864
0.009978757962731758
0.07328734011228774
0.1275209257447903
0.06005249209355512
0.006094354113180924
0.0
0.0
0.0
0.006746236470291473
0.009540618946428324
0.11636004883592957
0.048780395210155494
0.008533388944272455
0.0
0.0
0.0
0.048672605987041206
0.10703181747242323
0.10710004267596326
0.014869721282985174
0.0028444630613475887
0.0
0.00402267830787226
0.002248745570020595
0.009314919315807064
0.06841188678647799
0.1190375734962273
0.05605748938432735
0.005688926122695177
0.0
0.001005669576968065
0.016246968666306153
0.15351172587816933
0.036367232981878765
0.057605557769353694
0.0
0.0
0.0
0.0
0.0
0.04165525828370359
0.09160056074612158
0.09165894961635537
0.012725886935545301
0.0024343640759739564
0.0
0.0
0.0
0.0019245338447356154
0.01758499975319899
0.2874749366175953
0.02162419365686982
0.0
0.0
0.0008606776877289254
0.013904570392273809
0.1313792524841338
0.031124006044120866
0.049300306379693515
0.0
0.0
0.0
0.0034427107509157014
0.0
0.009227625662254381
0.012332628832820101
0.10208031232114698
0.07522876017139819
0.0024343640759739564
0.0
0.0
0.0
0.0017338839131753336
0.015842978427564405
0.25899683157342546
0.019482038011228334
0.0
0.0
0.0
0.0
0.0
0.0
0.05418585075871598
0.12543185724570555
0.068321423067524
0.008351490621361483
0.0031016657904234155
0.0
0.008313510170970633
0.01111092267817541
0.09196793907766555
0.06777637994058328
0.002193208875847558
0.0
0.0023262493428175615
0.0
0.0
0.0
0.05862594880410458
0.09104503779699989
0.11119179137065867
0.0
0.0
0.0
0.0
0.0
0.04872041640477237
0.11278022269405356
0.06143020981692283
0.007509120830917899
0.0
0.0
0.010930791782766873
0.022928455677006448
0.09757133522148119
0.11651074908818974
0.02191092357317699
0.0037545604154589495
0.002091613125132472
0.0
0.0
0.0
0.05271266572115967
0.08186181615584523
0.0999764754177948
0.0
0.0
0.004464286298520487
0.025785641462037528
0.02143300117641892
0.0438867632397457
0.03303333392402057
0.12188771016693568
0.008819015386042055
0.0
0.0
0.011555792977525445
0.02423945971741738
0.1031502724384317
0.12317260477344207
0.023163747127376372
0.003969238802175149
0.00515948405825103
0.0
0.0010423731721643115
0.0
0.09680193596785007
0.09813571442208266
0.013550850623077622
0.0
0.0
0.004719545416594489
0.027260013771168663
0.022658498067105546
0.04639612212280225
0.034922115046164104
0.1288570099207581
0.009323269356148812
0.0
0.0
0.0
0.002330817339037203
0.10601954039466283
0.0909383245849554
0.019593312562047976
0.00303901389024733
0.006212513947096664
0.0
0.0012551173328647401
0.0
0.1165588207108609
0.11816481796866923
0.01631652458665225
0.0
0.009762521916866187
0.0
0.0044947494801342025
0.0028065277580898063
0.10122028205677941
0.04471984355250242
0.029302397851386257
0.010392399527326141
0.0
0.0
0.0
0.0028065277580898063
0.12765770102793778
0.10949846989180319
0.023592228639002604
0.003659264369348972
0.0
0.0
0.0
0.0
0.1523086322237818
0.05865104233522171
0.06061848106303565
0.0
0.010594403309580875
0.0
0.004877754864324718
0.003045676846816424
0.10984543751613811
0.04853049883740042
0.031799305898514714
0.011277953881627115
0.003852510294393046
0.0
0.01911845378138177
0.03788902372578348
0.12127317925798678
0.01639431836312959
0.0027241361071347007
0.0
0.0
0.0
0.0
0.0
0.16528711444136243
0.06364879918508848
0.06578388677278842
0.0
0.0
0.0
0.0585924124900587
0.0970056225420903
0.10859135535724171
0.019866923723864057
0.0
0.0
0.0037612108780817246
0.0
0.018665371625169094
0.036991103801778495
0.11839916474942416
0.016005794625878547
0.0026595776718474624
0.0
0.01880605439040862
0.0021025808311461265
0.0060498875350348865
0.009823963530156863
0.03248433757795153
0.015677264024068563
0.0583309257982264
0.012797461401579786
0.0
0.0
0.057203849539714316
0.09470671714269421
0.10601788336029448
0.019396103816509056
0.0
0.0
0.0
0.0
0.04296251605086433
0.011645087138897862
0.05395299995748069
0.13688251377764873
0.1246764271876631
0.0
0.017818909568449195
0.0019922146832487978
0.0057323241041489035
0.00930829583460566
0.030779208741824614
0.014854351908503111
0.055269088893660924
0.012125712426779517
0.003563781913689839
0.0
0.007764390307521507
0.005634834034019532
0.08411381241712705
0.02833906173186338
0.01910427440510097
0.0
0.0
0.0
0.040707379254089494
0.011033827209952204
0.05112096387848438
0.1296974412532754
0.11813206190169048
0.0
0.0
0.004454727392112299
0.05885264776863517
0.04839367027692381
0.0944271085772531
0.10465948879060837
0.04211928231621996
0.0
0.003892853120536343
0.0
0.00848133577466935
0.006155141303336894
0.0918806832400125
0.030955823775909573
0.02086831799325205
0.0
0.004866066400670429
0.0
0.035437958681021425
0.020356468113979568
0.04426838864763966
0.013057026033553862
0.012386981290454192
0.0
0.0
0.004866066400670429
0.06428696229639629
0.05286222751960616
0.10314628481505218
0.11432349885586093
0.04600847739015663
0.0
0.0
0.0
0.06641174545610676
0.1755865887677073
0.07989985841040895
0.0
0.0
0.0
0.004709580332666738
0.0
0.03429832219531579
0.01970183182435551
0.04284477756099811
0.012637129859607044
0.011988632842863875
0.0
0.0009419160665333475
0.0
0.049383441586539255
0.05136309516759755
0.07036956395220417
0.006318564929803522
0.0
0.0
0.0
0.0
0.06427603417311721
0.1699399632167995
0.07733038778522924
0.0
0.0
0.0
0.0
0.007356599775392721
0.11323883225077207
0.23598455489817213
0.02731556592946708
0.0
0.0
0.0
0.0007642760009919832
0.0
0.04007000261699558
0.04167630468151943
0.05709826049244499
0.0051269191684262
0.0
0.0
0.0045856560059519
0.0
0.006207768727036184
0.013194876290601785
0.11875399011501184
0.006835892467525064
0.021339661818705564
0.0
0.0
0.005969186488058077
0.09188262621758564
0.19147919684313272
0.022164004028767514
0.0
0.0
0.0
0.0
0.0
0.014535687314551243
0.08167739114513577
0.2715104021358511
0.0051269191684262
0.0
0.0
0.0041762972687795835
0.0
0.005653604968686451
0.012016977667492037
0.10815289326767782
0.006225656482898275
0.019434683119376316
0.0
0.0027841981791863887
0.0
0.005081553786376914
0.01014197601795088
0.1349557500692492
0.018383980049707267
0.0
0.0
0.0
0.0
0.01323809530257014
0.07438609985522979
0.24727283281028015
0.004669242196222562
0.0
0.0
0.0
0.0
0.0
0.028061350616982925
0.24650345675704124
0.054923009882921474
0.003937450757953267
0.0
0.002900971483529186
0.0
0.005294681512437093
0.01056734518205529
0.14061598970070108
0.019155030800844425
0.0
0.0
0.005801942967058372
0.005229800668924157
0.017704019408500502
0.007577091255981563
0.03580034567726426
0.0342885718445319
0.02368196955559222
0.004586838713198837
0.0
0.0
0.0
0.02923828430667611
0.2568421687756854
0.05722656046937974
0.00410259314585168
0.0
0.0
0.0
0.0
0.0
0.1965941355773383
0.10041983295557563
0.04237089768799958
0.0
0.007128391833471029
0.0064254455086347655
0.02175153876687494
0.009309377175416883
0.043985074174322354
0.04212767635009514
0.029096176804747742
0.00563548863031876
0.007128391833471029
0.0
0.0032525797537460424
0.0
0.03239445912937154
0.04813354171307056
0.05409435904091597
0.0
0.0
0.0
0.0
0.0
0.24153978046914767
0.12337796514431824
0.052057795598964215
0.0
0.0
0.0
0.0
0.0
0.13138965604977507
0.0772949231098276
0.05626311278590903
0.007613125584908102
0.010103590223080333
0.0
0.004610118771169696
0.0
0.04591503219627608
0.06822318312679013
0.07667188475292687
0.0
0.016418334112505543
0.0
0.017860790489227892
0.0
0.027784873113470915
0.008472117781632637
0.02068483316235724
0.0
0.0
0.0
0.0
0.0
0.18622815289770508
0.10955573819038077
0.07974581778664326
0.010790638761689062
0.00757769266731025
0.0
0.0
0.0
0.08931553676749118
0.16568232195603397
0.05036393191419848
0.003993794754674973
0.023462380782586986
0.0
0.02552370201901819
0.0
0.03970556747822413
0.01210695628834761
0.02955935899183905
0.0
0.06858234382602349
0.00403565223954837
0.012761852730699092
0.0
0.014438388173899683
0.00403565223954837
0.031042635779856113
0.0
0.010828791130424762
0.0
0.0
0.0
0.12763506450047699
0.23676590450883533
0.07197184197750994
0.005707274115606542
0.018047985217374603
0.0
0.02231643830078788
0.035977745336271745
0.07999689033604658
0.01614260895819348
0.09223083344054868
0.017121821486224625
0.08431825558393971
0.004961614578897194
0.015690002706839193
0.0
0.017751211701882045
0.004961614578897194
0.038165229586275336
0.0
0.04251920495652353
0.014884843207664247
0.10527838626902074
0.007016782610814107
0.017751211701882045
0.014884843207664247
0.06630798131275044
0.0
0.022189014627352555
0.0
0.02743684516152467
0.0442326779366582
0.0983518186894586
0.019846458315588775
0.11339278526974286
0.021050346774387652
0.04437802925470511
0.0
0.03451800087638382
0.0
0.0491759093447293
0.016056121363546137
0.03974648805511879
0.0351314821338812
0.027009432966016985
0.00945528438827027
0.06687588631092906
0.004457263953022719
0.01127608484255065
0.00945528438827027
0.04212075409711686
0.0
0.10959577274649145
0.029818722066838565
0.021261424424890246
0.008914527906045439
0.12935661203065277
0.08826646685563402
0.04339846720198718
0.004457263953022719
0.028190212106376622
0.0
0.02192683592613987
0.0
0.03123796478197348
0.010199314265315234
0.025248122721415536
0.022316537025142687
0.023961680290420128
0.0050820627147870785
0.046025943285504335
0.004457263953022719
0.034285717457570336
0.011385585864336268
0.09159500434156549
0.03836670296111627
0.06373202060453843
0.017340152467017478
0.012363921578100479
0.0051839670632370174
0.07522332346102986
0.051328624666439664
0.02523703183625737
0.0025919835316185087
0.007444751420223609
0.006242322970801329
0.03150285150574954
0.026292226605743044
0.05552548102683572
0.040261899236812795
0.1177839797960716
0.13023168482191752
0.01393417158087703
0.0029553158624244067
0.026764959015346566
0.0025919835316185087
0.019937795014244367
0.0066209341356539735
0.053264232348380604
0.02231096549044906
0.018347534632220778
0.009596713364347323
0.020379533574980936
0.03312994649423741
0.02755819518124349
0.01507467799418721
0.034511069920675666
0.02473470010556441
0.0032581744220880086
0.002731935008955132
0.01378713394245028
0.011506718678862321
0.024300569870516285
0.01762050643111037
0.05154782593019939
0.056995528860714344
0.0
0.0
0.0
0.0
0.08807960580384666
0.16925796648441985
0.24758765201883282
0.030951710582833688
0.008029746686327928
0.004199974486036964
0.008919045281715034
0.014499227466405648
0.012060766248625083
0.006597390226952466
0.01510367223128304
0.010825071607232648
0.016456816872895172
0.005980795344085913
0.0031030346299721527
0.0018291235296421088
0.009178173676574648
0.01570110389167857
0.04809409433960991
0.10179617628371905
0.0
0.0
0.0
0.0
0.06401987422791337
0.12302364012092008
0.1799568719452401
0.022496974192466806
0.0010852426862652937
0.001166032941563385
0.005248289746574828
0.005918372195334445
0.03207897149319684
0.02433255186795468
0.061326749679322785
0.0008245097979594508
0.01196149025395093
0.004347087639833059
0.002255412986044508
0.0013294820889161007
0.006671073502812984
0.011412207028074191
0.03495676260840804
0.07398964088326539
0.01588796180885403
0.00233206588312677
0.0015347649531334208
0.0
0.0013459755745711367
0.001166032941563385
0.15107981338850365
0.15825181382613332
0.0020455889593176827
0.0021978716296823767
0.009892573980700597
0.011155621662442957
0.060466097346919934
0.0458647637833012
0.11559563924505926
0.0015541299295545815
0.004502883873787261
0.0021978716296823767
0.009843179483564793
0.008242856456584867
0.05160319812512562
0.0
0.0013900560266936045
0.0
0.02994743910608391
0.004395743259364753
0.0028928997016156605
0.0
0.002537047989080784
0.0021978716296823767
0.2847724312308801
0.2982910341176913
0.005897508357157214
0.0
0.010942114712541163
0.0
0.015584027588438607
0.006167724209272254
0.009821196898216712
0.0
0.01749197815010993
0.008537888961994353
0.03823697996220192
0.03202033831527742
0.200458648142152
0.0
0.005399834934206857
0.0
0.0019091299823062095
0.0
0.04878203477463438
0.047258067746178835
0.16602532622495142
0.06931087719721209
0.008099752173724257
0.0
0.022909559787674515
0.0
0.04250592216733881
0.0
0.06053797470872935
0.023959244814757877
0.03815158604280063
0.0
0.01749197815010993
0.0
0.009668779415204033
0.0
0.06681954938071734
0.029882610001464062
0.03666795090003391
0.007871544379842617
0.0028958633814590204
0.0
0.008190738397499397
0.0
0.0
0.0
0.0
0.0
0.11395072831798903
0.012950694939134314
0.05074113404116045
0.009157524189139442
0.026062770433131183
0.012508960720601104
0.008190738397499397
0.0
0.034750360577508244
0.0
0.004095369198749699
0.0
0.0
0.0
0.0032376737347835785
0.0
0.6332089231590075
0.0
0.009380727705515035
0.0
0.01326635154851915
0.0
0.026029729328341664
0.031379858577397765
0.02753695501453599
0.0031296219796922674
0.012261934136821096
0.002212976918735926
0.006298242648950343
0.0030228739537368253
0.001979346671294307
0.0
0.27406491767661983
0.10993500407236924
0.010596414795716162
0.0051191434481363636
0.004198828432633562
0.008258509594287184
0.009047379638395551
0.03664706491436815
0.1530191679264563
0.0
0.00226691554010541
0.0
0.0032059025088382923
0.0
0.006290258045168956
0.0075831525323554255
0.28674296285908385
0.025017167826820022
0.0
0.0
0.0
0.0
0.0015648109898461337
0.0
0.26142439657446304
0.1048645421153151
0.010107683125979056
0.004883036465419635
0.004005168551401823
0.007877607632504073
0.008630093127564914
0.03495681575256637
0.046704007932057784
0.03214421858889017
0.00733958079000755
0.0
0.0013350561838006078
0.0022389572388669915
0.014918988281184513
0.02951734184549693
0.2735177003787835
0.023863316978225642
0.0
0.0
0.0
0.0
0.0014926382122950276
0.0
0.07099270142175748
0.05216107249181753
0.004994441598242111
0.0
0.0
0.0
0.0
0.002030207495381404
0.10761302567192581
0.07406509148513292
0.01691149284500937
0.0
0.003076169299855376
0.005158892640970863
0.03437558231057648
0.06801237423579112
0.07826989986602806
0.06854864795177697
0.022433407661080384
0.0
0.001538084649927688
0.0
0.010383703237419536
0.06267659744491479
0.16357781138896668
0.12018691931756498
0.011507941089562112
0.0
0.0
0.0
0.0
0.004677901983008445
0.10121361391925923
0.012037416040029362
0.0065255402209829835
0.0
0.000769042324963844
0.0
0.010562444029710166
0.015877416011366913
0.10146713369028071
0.08886474670232518
0.02908210663577693
0.0
0.001993934335783137
0.0
0.013461172256446833
0.08125236780781132
0.06516501496688913
0.008042553546939979
0.018329017225326334
0.0
0.018637177075179538
0.04552068404565946
0.06798126162353986
0.029389882369709276
0.13121078872466294
0.015605004027216353
0.00845954655796323
0.0
0.0009969671678915686
0.0
0.013692887333357667
0.02058308360990784
0.0189423761899398
0.0
0.0
0.0
0.04221456028356689
0.08055731575371308
0.0840225661914944
0.014526575760643702
0.07014817462813609
0.008657566501803776
0.01973063463175148
0.0
0.020062359422605383
0.04900164444448629
0.07317977927622862
0.03163732260045186
0.020829289797076413
0.004799519225601397
0.025316161539171746
0.05050229914393168
0.16083520177441357
0.011998797808131456
0.0015177411944079702
0.0033937725821856584
0.02039089707136421
0.0
0.0
0.0
0.04544270185660628
0.08671752252242491
0.09044776018082522
0.015637420995364644
0.06500485601024641
0.009599038451202795
0.03432748546120665
0.0
0.026237354094392273
0.03673909783438549
0.004553223455287892
0.013291003793770325
0.022529069442924824
0.005191185248255729
0.027382093527949125
0.05462355248428568
0.17396020051298997
0.012977962843886783
0.001641596861838476
0.0036707222820571953
0.0046431371713860775
0.0025955926241278647
0.010751654697082322
0.07896375255295181
0.13739795727893597
0.06470380994313801
0.006566387447353904
0.0
0.07030959429964467
0.010382370496511459
0.03712878889730874
0.0
0.02837846024275577
0.0397372015294278
0.004924790447139157
0.014375619637211888
0.012768627221311713
0.011972044845359471
0.05020964169415489
0.015798201871456613
0.03654941962827976
0.017163229540110115
0.03536040436215503
0.0073414445641143905
0.004308790069144612
0.0024086869092106796
0.009977440096138884
0.07327766125870942
0.1275040844135786
0.0600445611292563
0.006093549248916161
0.0
0.001077197517286153
0.017402529331288163
0.16443020031372352
0.038953841277323334
0.061702735403521454
0.0
0.0
0.0
0.011849172690147684
0.01110995131803086
0.04659410168631758
0.014660591066223739
0.03391753689678711
0.015927324622804415
0.03281414128695846
0.0068127953716234325
0.030708218168256474
0.024263721626202675
0.1101074003942882
0.04331744373081808
0.05073494536062194
0.0
0.0
0.0
0.001055793157155077
0.017056733876860325
0.16116290423527835
0.038179812342231466
0.060476676534599434
0.0
0.0
0.0
0.004223172628620308
0.0
0.01131952665893344
0.015128433462452906
0.1252218998651032
0.09228310590902435
0.002986233952711619
0.0
0.03009803317422403
0.023781591443508006
0.10791952081480911
0.04245670821045784
0.049726821015455315
0.0
0.0
0.0
0.002111586314310154
0.0
0.01006870936199019
0.003338711155118191
0.09985474387005656
0.05081258303278797
0.04739663641395282
0.003338711155118191
0.003944333720372414
0.0
0.010572144362962487
0.01412956454537778
0.11695400723611551
0.08619002784562449
0.002789065073205281
0.0
0.0029582502902793105
0.0
0.0
0.0
0.07455358584113904
0.11578036994316672
0.14140064138632813
0.0
0.001972166860186207
0.0
0.009403913443647655
0.0031182696398604163
0.09326174135450561
0.04745763488738221
0.04426722932727008
0.0031182696398604163
0.0
0.0
0.0
0.0
0.12155293628769825
0.04610721322033336
0.060467372907894154
0.0
0.0023963051434811255
0.0
0.0
0.0
0.060391489456835354
0.09378689048747199
0.11454037048825774
0.0
0.0
0.005114613257382105
0.029541918876382658
0.024555215466070857
0.05027988934401065
0.03784540603485005
0.13964348535136764
0.010103709752095432
0.0
0.0
0.0
0.0
0.0984629080874503
0.03734875056195258
0.0489810741126631
0.0
0.0
0.0
0.007566042374471341
0.011439277092319651
0.03991465808757393
0.03305878321992218
0.14642519174228208
0.008602998639631394
0.0
0.0050877358377407035
0.029386675359288426
0.024426177199196222
0.050015667277274384
0.03764652748659819
0.1389096553690988
0.010050614506516495
0.0
0.0
0.0
0.0025126536266291237
0.1142905444389053
0.0980327832820869
0.02112186443878261
0.003276099394326822
0.0
0.0
0.00752628263396119
0.011379163407211443
0.03970490556841438
0.03288505849339403
0.1456557237245684
0.00855778966820466
0.0
0.0
0.0017767144227025628
0.0
0.020881706992629773
0.11383638445276631
0.07875936053493414
0.00427889483410233
0.0
0.0
0.0
0.0028811447395129986
0.13105172849788602
0.1124096989969611
0.024219473775279585
0.003756553006770503
0.0
0.0
0.0
0.0
0.15635805248997184
0.06021039400162275
0.062230140902260346
0.0
0.0
0.0
0.0020372769880955583
0.0
0.023944096240029574
0.13053096405940787
0.09030974858124641
0.00490641257177265
0.04304592706887759
0.0
0.038474338494161764
0.005762289479025997
0.013962171060513505
0.009396841105639299
0.036455071221200494
0.048056510514383734
0.0
0.0
0.0
0.0
0.16438039915433622
0.06329964105853376
0.06542301619931094
0.0
0.0
0.0
0.058270992176756964
0.09647347893740771
0.10799565591464397
0.019757939768838318
0.0
0.0
0.04525450759246546
0.0
0.040448362064850966
0.006057938363397532
0.014678535677818898
0.009878969884419159
0.03832549116026516
0.05052217173672969
0.00574706487628091
0.011190721153408965
0.07108208820630971
0.07081612188478129
0.03170370437792164
0.019457411344887342
0.006205593244429738
0.003028969181698766
0.0
0.0
0.04673561108958729
0.07737549720110341
0.08661673305444288
0.0158466392020049
0.0
0.0
0.0
0.0
0.03510042519410093
0.009514049631398343
0.044079663229285714
0.11183317172449886
0.1018607848941449
0.0
0.004609370441981722
0.008975395339953634
0.05701061035255428
0.05679729497724411
0.025427608876321936
0.015605603670971987
0.004977128097838053
0.0024293515588135893
0.025223108621892837
0.008354683936730212
0.03929566078820064
0.004858703117627179
0.0438280542420896
0.05478408313485401
0.10815900120790496
0.010700783082093095
0.0
0.0
0.030835444111188763
0.008358016863264785
0.03872363324462222
0.09824455109641554
0.08948388865252543
0.0
0.0
0.003374412699787369
0.04458030863981294
0.03665773485060376
0.07152761692027937
0.07927854547364854
0.0319049469571222
0.0
0.02215830013225975
0.007339523329791098
0.03452092518384746
0.0042683320104518465
0.03850259675233886
0.04812738091763676
0.0950168215463345
0.00940055275254302
0.0
0.008241060504819186
0.026210409270534307
0.03279808813344943
0.03578604417981136
0.041371637910240115
0.05965401036075092
0.0036343536562693547
0.0
0.0036631729220017954
0.04839520058531542
0.03979466462271044
0.07764848368849352
0.08606268613588876
0.034635164151260486
0.0
0.0
0.0
0.04999473653383935
0.1321815167487052
0.06014858279789649
0.0
0.0
0.0
0.0
0.008946276693344102
0.028453325083934212
0.0356047345220847
0.038848380351729155
0.044911952749942
0.06475881134992381
0.003945357929533345
0.04298764110644128
0.06463777505467688
0.07079722794104519
0.005180508826289035
0.0058610766752028726
0.014882559477971267
0.02626919120758456
0.01139003507191811
0.0
0.0
0.04756047690125011
0.12574555663162362
0.057219929159262606
0.0
0.0
0.0
0.0
0.0054434502406752764
0.08379006164384502
0.17461466185137528
0.020211908826452546
0.0
0.0
0.0
0.04089455918021059
0.061490541216381055
0.06735008838147462
0.004928268202847165
0.005575698986607599
0.014157922920634622
0.024990135927553052
0.010835450639403315
0.0
0.017424059333148747
0.16052492130403145
0.0772414165413855
0.0
0.0
0.0
0.0
0.0
0.005051655518566204
0.07775923515223004
0.1620466948651018
0.01875714781058414
0.0
0.0
0.0
0.0
0.0
0.012301389005957142
0.06912265926787058
0.22977620552510314
0.004338854140717052
0.0
0.0
0.0
0.01616995500912426
0.14897106958257406
0.07168193165751356
0.0
0.0
0.0
0.0
0.0
0.0
0.01534172717974494
0.05566357984595715
0.10974136122944415
0.0014462847649752534
0.0018294215428400866
0.0
0.0
0.0
0.012294875089467819
0.06908605695980823
0.22965453284136805
0.004336556600697929
0.0
0.0
0.0
0.0
0.0
0.02606196683072548
0.22893997517614534
0.05100972085591678
0.0036569056298127
0.0
0.0
0.0
0.015333603322381968
0.05563410448261096
0.10968325022570896
0.0014455189182749932
0.00182845281490635
0.0
0.0
0.0
0.0
0.0
0.09972449239985048
0.07509329807361456
0.016215862315409193
0.0
0.0
0.0
0.0
0.025572119973405364
0.22463694125382572
0.05005096929214036
0.003588172377947452
0.0
0.0
0.0
0.0
0.0
0.17194335920400436
0.08782827299695402
0.0370580458037001
0.0
0.0
0.0
0.0
0.0
0.09785012391810106
0.07368188441070572
0.015911077598064902
0.0
0.0
0.0
0.0
0.0
0.06158994666264467
0.12158289315450367
0.02870538144326218
0.0
0.0
0.0
0.0
0.0
0.17600171735498993
0.08990127302006785
0.03793272234220255
0.0
0.0
0.0
0.0
0.0
0.09573911619248004
0.056322147779252554
0.04099699210963857
0.005547422353288877
0.0
0.0
0.0
0.0
0.06304364666719411
0.12445259936321251
0.02938291106288066
0.0
0.0
0.0
0.0
0.0
0.05931175706725645
0.12542992247560905
0.09325990480513754
0.0026770363326186087
0.0
0.0
0.0
0.0
0.10789679689813739
0.06347436221979891
0.04620310179378551
0.006251876210739568
0.004390360715924571
0.0
0.0
0.0
0.05174760196297299
0.09599296112613863
0.029179835852868295
0.0023139232967354538
0.0
0.0
0.0
0.0
0.06684361481979187
0.1413579674486583
0.10510275640386496
0.00301698675480537
0.0
0.0
0.0
0.0
0.00394046928553109
0.08749929864918049
0.1715935041987492
0.013193645752031408
0.006264351964600698
0.0
0.0
0.0
0.0738356624876684
0.13696680831650743
0.04163502132948246
0.003301603418886163
0.010440586607667831
0.0
0.012909845838622916
0.020812781128075657
0.04627743495121815
0.009338344688995177
0.053354653876069164
0.009904809758812524
0.0
0.0
0.0
0.0
0.005622427884053045
0.12484769221946412
0.24483685389249016
0.018825250596653614
0.011484645268434615
0.006098993423085174
0.025107831689101332
0.02619697129767245
0.04190150831751921
0.018017758381439257
0.040105694284372925
0.011911131984021809
0.01620618185591421
0.0
0.020039037771966212
0.03230620352703313
0.07183317899914522
0.014495249927041392
0.08281864382408316
0.015374533465548785
0.03241236371182842
0.0
0.025210898676667676
0.0
0.03591658949957261
0.011726903023331967
0.029029626793843404
0.025658966740579887
0.01782680004150563
0.009467034781355237
0.038973105789134745
0.040663699931615165
0.06504073854740085
0.02796768801774754
0.06225322383254783
0.01848880511187797
0.008103090927957106
0.0
0.010871437058895558
0.0
0.029697106173768282
0.054033864875505884
0.19333326321064148
0.01024968949221317
0.033525547116656874
0.0
0.026076752036737077
0.0
0.03715012346039169
0.01212965655132727
0.030026632105846517
0.026540208732512584
0.028496715049158343
0.006043903903648162
0.05473690387230949
0.005300854498878988
0.0407746998041265
0.013540444247285593
0.10893045508547047
0.0456280606538157
0.008381386779164219
0.0
0.011244810115800481
0.0
0.03071703566912944
0.05588962591203299
0.19997317945127274
0.010601708997757977
0.0
0.0
0.0047412282606927696
0.0
0.04802385249159613
0.04123097548690686
0.12029309408246573
0.0
0.026591297670091125
0.005639781550753893
0.05107695051506418
0.004946415740985419
0.038048321640923935
0.012635069794666687
0.1016468793515128
0.042577165152599634
0.035013545806142625
0.018313902641770075
0.038891314099623396
0.06322358411543329
0.05259072396672705
0.028767784830088492
0.06585925312082704
0.04720250281618103
0.0
0.0
0.004424208607358535
0.0
0.044812763669975955
0.03847408869791653
0.11224976166147962
0.0
0.017206133786529552
0.0
0.0022121043036792674
0.0
0.014077745825342361
0.006995288243912794
0.11168216374502918
0.014839246477090446
0.019479540239949727
0.010188811080033368
0.02163690938880091
0.03517399687849862
0.029258479830346813
0.01600475499723918
0.036640332814139524
0.02626078084536153
0.03992295635463504
0.014508943821402592
0.007527720400373228
0.004437311261657802
0.02226553469818658
0.03808965550436959
0.11667252811194218
0.2469495974970212
0.009572511659469252
0.0
0.0012306886893736597
0.0
0.007832054994111206
0.0038917794727731003
0.0621335872350948
0.008255710532187911
0.0695304550303984
0.011701720982465056
0.016359455436708536
0.0027519036490483723
0.01866436178993373
0.018431731801244376
0.051384658620415975
0.03324041249055197
0.013169940407096669
0.00478626692373199
0.002483273738386141
0.001463797529538101
0.0073450413466991625
0.012565163978923346
0.038488388202773824
0.08146469549253925
0.017493097078244195
0.002567670754574928
0.0016898197918935147
0.0
0.0014819573255643844
0.001283835377287464
0.16634316433812824
0.17423974046350316
0.02293697743960657
0.003860209314925779
0.0053967209061407855
0.000907808698887381
0.006157072395300733
0.006080331508159827
0.01695097141249952
0.01096547679783879
0.005888289016404889
0.0031114242888452127
0.004940865154093088
0.0023716062284254817
0.0026474352172282524
0.024872904615378985
0.2138152053598895
0.14223048144236983
0.017455705745558468
0.0025621823821625252
0.0016862078177682354
0.0
0.001478789655532121
0.0012810911910812626
0.16598760736785917
0.1738673046350387
0.0034375283358901517
0.0
0.006377918792310424
0.0
0.009083588047406223
0.003595031232401501
0.005724560371161578
0.0
0.005875702853269951
0.0031047736482988143
0.004930304100672665
0.0023665369421184343
0.002641776349017065
0.02481973901256011
0.213358177342431
0.14192646510804807
0.003991144466026378
0.008441573576419273
0.006848777412993258
0.04335546071719344
0.1010713023613414
0.02551947092499306
0.013084726903971151
0.006126186036786424
0.00699714968894889
0.0
0.012982366436900915
0.0
0.0184898040306596
0.00731774961879574
0.011652443821985235
0.0
0.005342485434311628
0.0
0.002953085851697969
0.0
0.020408353259434263
0.009126892756325184
0.011199304727478978
0.002404165545712304
0.008124045107478344
0.01718297222681245
0.013940807482128443
0.08825080663458425
0.20573242247796228
0.0519453341462322
0.026634192896738535
0.012469959963440712
0.0017492874222372226
0.0013038418819125437
0.009446212581965315
0.2946859762935259
0.15279498199168295
0.003911525506716757
0.002953085851697969
0.0
0.01394423549991712
0.0
0.0016433438852842975
0.0
0.0
0.0
0.001299177455411476
0.0
0.2540869849532723
0.0
0.0037641933525996893
0.0
0.005323372970609496
0.0
0.010444918260457424
0.012591758205828214
0.009296156999944748
0.003897532227710894
0.015164122500072234
0.0
0.011039186437434389
0.0
0.005063370392440563
0.0
0.21934512306213663
0.41282413893040004
0.00657337554113719
0.0018373143726772838
0.003580343810166924
0.0
0.0058850426813915465
0.002395564768547572
0.13950616093641946
0.0
0.002066725943243988
0.0
0.002922791682930982
0.0
0.0057347701145695935
0.0069134900674184575
0.26142090867485934
0.022807920656705883
0.0
0.0
0.0
0.0
0.0014266237148111518
0.0
0.12043118243208183
0.2266606090613201
0.0036091041274941863
0.0010087753003667286
0.001965783567705039
0.0
0.003231175778558245
0.0013152820251540005
0.06854184740947664
0.09027131571841027
0.035011477289987734
0.0034357647833059986
0.0
0.0
0.0
0.0017178823916529993
