0.36991837065774824
0.0014593609005617398
0.0004039807582081833
0.0
0.0027099852710776506
0.0018633416156958675
0.0031823029758142594
0.001316218748834453
0.05132571068624451
0.004946029806994348
0.005428687352689102
0.0009212178544191328
0.0016661215375177204
0.0025192514565252834
0.0020273083504633153
0.05098727679567127
0.2768453291516817
0.15521954496353885
0.0032191412867450565
0.0
0.0
0.0008079615164163666
0.0020621566400139454
0.0014898073661971751
0.015577811553607481
0.009812781297312213
0.013820475533945414
0.0026868594996778783
0.0020001620466907127
0.0012119422315504942
0.003133985945888703
0.01143664494619237
0.17914711654613832
0.017263608558502824
0.018948275101534726
0.0032154162138905854
0.005815425938986799
0.00879318821418908
0.007076111377309119
0.17796584784421393
0.04275126859168831
0.03602384586219302
0.056990047091449024
0.008415435363391885
0.023264335404693397
0.004230159763982601
0.018693984223463578
0.027500241075427735
0.05437274973137047
0.03425050430295337
0.04823894901987831
0.009378206857657669
0.006981359994800728
0.004230159763982601
0.010938855750760259
0.03991843342602611
0.01289419241895005
0.03460361431310314
0.055911624377180155
0.01608695486400035
0.020689026553632184
0.0
0.00802616363688976
0.007384090656161174
0.058871517703287704
0.04960738123754589
0.07847932182549869
0.011588649139481207
0.032036633736265516
0.00582522890283201
0.02574293721357743
0.037869775158706875
0.021753147439366318
0.17786459622036505
0.07859888621203061
0.011818514272966815
0.0008683738721954559
0.0038834860732456494
0.00511155226301568
0.013730195407873251
0.017756214078975895
0.047651622039296786
0.07699425754539331
0.022152873569981375
0.028490251474145696
0.0
0.011052594465711487
0.010168414601652092
0.042546066380445766
0.03125000779809884
0.04775368273495391
0.0035803971110574496
0.012439069637600463
0.012839681056138738
0.02167355930973769
0.0
0.020997058060451716
0.17168243189393825
0.07586696968247643
0.01140772989607385
0.0008381911934118905
0.003748505028257644
0.004933886461475669
0.013252965391056087
0.0768973785187989
0.020616777855257395
0.04495059587513768
0.008757137777096328
0.006705529547295124
0.006044282598268071
0.032147870000814815
0.047043285686057486
0.04106726295696344
0.030163829393203632
0.046093874543031495
0.0034559507413763394
0.012006716183334407
0.012393403270257085
0.020920236231178817
0.0
0.05205420420885777
0.10158291236312725
0.09231276281622663
0.012003857666920107
0.012676054268587842
0.00677064632739168
0.007956027360928998
0.0026505933180196416
0.07391988744111906
0.01981848962623111
0.043210094433701746
0.008418058603013132
0.006445889299698013
0.005810246043915064
0.030903094197821262
0.04522175462618219
0.044626098652349594
0.028035240976259528
0.04490050704282317
0.044076909961018616
0.05602817637794886
0.01230154068365509
0.018124267240905108
0.01273980710300968
0.05003864878196233
0.09764958952388376
0.08873838313078528
0.011539064460838893
0.01218523339521205
0.006508484737253648
0.007647967438247088
0.0025479614974429246
0.13847457963514975
0.01346240438966916
0.006323572277552679
0.0
0.008863097787084767
0.004706803687503119
0.029102679103354522
0.027630436502120874
0.04176441709820372
0.026237460431005156
0.04202122884785421
0.04125044553754712
0.052435328163672655
0.011512695296648863
0.01696203521050158
0.011922857557989573
0.03768288280278856
0.02997942779379424
0.03928205789256928
0.0
0.003770338678082916
0.0033722934824687452
0.05446695366684979
0.04756978710297669
0.12959479488526443
0.012599117759652709
0.005918068532222973
0.0
0.008294745091782416
0.0044049764227797605
0.02723644829937831
0.0258586143429155
0.047801892249457884
0.07992485158707369
0.05913725819589991
0.018743040716656226
0.04819453710054709
0.03117029239494239
0.020928863153456587
0.01996132449831546
0.02647339537589193
0.021061479008431576
0.027596865537360297
0.0
0.002648780005719745
0.0023691408948768667
0.03826472637162987
0.033419252675406116
0.026387880716222407
0.013117248767827189
0.02476905361157622
0.0032223800535014914
0.009739651099210095
0.02167253213699412
0.019337587456384437
0.006203294260484708
0.03358231374861895
0.05614969023196677
0.04154576033525787
0.013167568151175594
0.03385815894973035
0.021898098371932496
0.014703176291713858
0.014023450340462741
0.0
0.00827505340974146
0.11879994153369586
0.3254832963847296
0.04222954619177593
0.0
0.0
0.0
0.021793076223714996
0.010833200487637074
0.020456128294323996
0.0026612813239133837
0.008043728902677148
0.017898790353863627
0.015970419222058344
0.005123142176922427
0.007982935631766977
0.007667334848271698
0.040296518080640366
0.015345042379930219
0.012758844513303329
0.003913225822264002
0.003093676603022343
0.006795258377048924
0.0
0.006834155105261708
0.09811383525108465
0.2688083353089327
0.03487630283566079
0.0
0.0
0.0
0.0
0.0
0.0060781099905571
0.0689083977547558
0.22584423009729832
0.08433485276471163
0.0055686176350938765
0.0
0.009685979295729258
0.009303049657353285
0.04889319641584898
0.018618684859819337
0.015480759145984837
0.004748055858440201
0.0037536676865229583
0.008244928305235261
0.0026542438761394467
0.007849071904634453
0.035838744065087566
0.0269239660683158
0.012209521830241455
0.00356104176726594
0.0007507335246481706
0.0
0.0
0.0
0.0073747867001991785
0.08360900610277198
0.27402482466192085
0.10232647179776441
0.006756601531987219
0.0
0.0
0.0
0.023056801672712346
0.1077569309986728
0.18464050529701379
0.0011870139646100503
0.0007507335246481706
0.0
0.0035258256335917657
0.010426494403941937
0.047607216366346364
0.03576506687083166
0.01621879791452212
0.004730391377441586
0.0009972540688503605
0.0
0.0225652840549873
0.004119306012769467
0.004150848516623297
0.0022299279539932534
0.010215609159322592
0.013934716733283958
0.039634283366893036
0.02279015658280845
0.0
0.0
0.030628030489998466
0.14314138686641886
0.24527144337709875
0.0015767971818553513
0.0009972540688503605
0.0
0.0035258256335917657
0.0
0.0015767971818553513
0.020559887336146082
0.19854510776097345
0.0747640845396325
0.027495061972215018
0.013006241963794745
0.02923236275525064
0.005336385191151539
0.00537724715914703
0.002888776525496361
0.013233885821400846
0.01805183100936804
0.05134452312242634
0.02952367552095479
0.04216976354226826
0.0020426734757307483
0.00925294734660748
0.0
0.008221602024914242
0.0020426734757307483
0.02421462093901089
0.01996584049024036
0.004567556680507913
0.0
0.0020426734757307483
0.026634456865366692
0.25720671626406305
0.09685368174409155
0.03561867972019814
0.01684903155846515
0.0
0.0
0.00462647367330374
0.003766503637917092
0.14733620887343996
0.11888496410299858
0.02271307570970891
0.0
0.05297509601379874
0.002566076126872583
0.01162386821557192
0.0
0.01032825702758605
0.002566076126872583
0.030419233152589892
0.02508177016232284
0.048198532795401566
0.005132152253745166
0.006491715961826754
0.0
0.02236277845442512
0.03393611285185894
0.03617983670338896
0.007257959302863389
0.0
0.0
0.00581193410778596
0.0047316104026759185
0.18508877346576078
0.1493473488804535
0.02853294079499572
0.0
0.0068855046850573665
0.0
0.04833043685173794
0.06507737526427375
0.12334063714649147
0.02013989895470041
0.06759260538927661
0.0
0.048992477149283085
0.0052166909952545346
0.00659864994790416
0.0
0.022731146549079817
0.034495121262048345
0.036775804576455656
0.007377515137346384
0.024496238574641543
0.004205830639877097
0.010165678873351111
0.0
0.07472239520786292
0.007825036214769498
0.024321659693968378
0.0
0.00699892530704044
0.0
0.0491265539788287
0.06614935425740667
0.125372350495159
0.02047165094247781
0.06870601619870435
0.0
0.0
0.0
0.03381249349822738
0.049165040271973305
0.2074195741329564
0.054954328347574036
0.009897974643743937
0.0
0.026739960532730506
0.004591061806284191
0.01109679965899821
0.0
0.08156655939976629
0.008541766888518522
0.026549391177977354
0.0
0.015279977447274575
0.002847255730701466
0.05263674893959298
0.0
0.04201993798000508
0.002847255730701466
0.009003813055487043
0.0
0.0
0.0
0.03690953363720812
0.053668290029785105
0.22641807676435013
0.05998784534365379
0.010804575180847051
0.0
0.0
0.0
0.03395640324301849
0.0461154474533613
0.1785201333406144
0.02452185283195208
0.04537568396291089
0.0
0.014061386222179818
0.00262018465935951
0.048438923347465246
0.0
0.0386688121109945
0.00262018465935951
0.008285751290038095
0.0
0.026950990259177986
0.016310395685664864
0.032023694003034515
0.01632598143828244
0.007030693111089909
0.0
0.008285751290038095
0.0
0.0
0.0
0.031248351142123404
0.04243770121310046
0.16428300054756695
0.022566214167746346
0.04175693449154052
0.0
0.0
0.0
0.2004039695487923
0.2071688231590082
0.06851075777224035
0.0
0.0
0.0
0.021862069050621262
0.013230645452870872
0.02597693824299798
0.013243288283306957
0.005703148447988155
0.0
0.006721224901092445
0.0
0.02376311853328398
0.008501751868473762
0.07010679090987877
0.0650447129203691
0.0
0.004250875934236881
0.015222975863075175
0.0
0.0
0.0
0.162563430069227
0.16805093517837671
0.05557446693881848
0.0
0.0
0.0
0.0
0.0
0.18698442903070386
0.10650525588928018
0.04669272581372958
0.0
0.0
0.0
0.021810629533228508
0.00780320815750646
0.06434648895754867
0.05970033497978422
0.0
0.00390160407875323
0.013972184941877987
0.0
0.015114377551694366
0.001950802039376615
0.025859254264637678
0.025455671422089952
0.054293035425747774
0.023848367204038233
0.01953702050048976
0.008045614121957529
0.0
0.0
0.17162091349074038
0.09775428575542988
0.04285623299793104
0.0
0.0
0.0
0.0
0.0
0.062357999592377485
0.11519449591143212
0.13059709486206686
0.03397926750705919
0.0
0.0
0.012800124170818524
0.0016521029894418253
0.021899788093822262
0.021558000251077545
0.045979901764615756
0.020196800062649276
0.016545589620133694
0.006813701684989504
0.014111175464563908
0.12707019096522204
0.078894445171765
0.06519497231875959
0.022904130123096587
0.0
0.0
0.0
0.0
0.0
0.052809990692392304
0.0975563728256796
0.1106005870810885
0.028776497201835404
0.0
0.0
0.045329161161633796
0.09317086847366408
0.07302202172378583
0.019417151462358766
0.023695480977685042
0.0
0.0
0.0
0.01198489211440609
0.10792315165377543
0.06700656626260376
0.05537134107673518
0.019452917242009118
0.0
0.0
0.0
0.00564762113477684
0.007331389711545654
0.024983071105054995
0.037860076065123184
0.14501467789014727
0.00791656748460616
0.0017748760593901422
0.0019843718182419113
0.03849892643762805
0.07913180653635168
0.06201900433688902
0.01649135935059709
0.02012502670877201
0.0
0.0
0.0
0.01911852857524661
0.02244830155208821
0.03572476992178665
0.012969834314161982
0.036375409630639635
0.02651339398870965
0.06886948248261258
0.06746183332887308
0.005356985112690678
0.006954104144529438
0.02369740051345717
0.03591173327780522
0.13755198021261195
0.0075091676914198725
0.0016835379711425675
0.001882252728127609
0.0005952205680767419
0.001330953671366972
0.04299160746660933
0.022882977546538077
0.07394228230140419
0.0518642820828875
0.010942997451029078
0.0
0.018134657143249452
0.021293074437876456
0.033886313557198774
0.012302384964740707
0.03450347025926367
0.025148970423992924
0.06532534381710876
0.06399013464133034
0.07031743209213258
0.09380805485483591
0.038961711913183074
0.006799546472186375
0.0589408684627676
0.029317069752127455
0.0021727225859824346
0.0
0.000570577591487798
0.0012758502997371184
0.0412116938797117
0.02193558978776701
0.07088096683380488
0.049717027169804265
0.010489941820122497
0.0
0.005798367661177309
0.0
0.00877448546009301
0.006509427761679233
0.04703578872568586
0.13172464882216126
0.021151474385884567
0.0
0.06740619056961573
0.08992426819888817
0.03734864172368325
0.006518035594511327
0.056500632826500516
0.028103301441175933
0.0020827687861773654
0.0
0.0
0.0
0.0
0.0
0.15373910919100262
0.14130048113001153
0.0
0.0
0.006154438373079514
0.0
0.0093133159494512
0.006909163810273725
0.04992419935348592
0.13981369943466618
0.02245036072467082
0.0
0.006056160680157344
0.0
0.019066141570089172
0.004412145142401794
0.014889586816786525
0.027004774032250954
0.038463941475766185
0.0
0.0
0.0
0.0
0.0
0.16318004106280742
0.14997757196799952
0.0
0.0
0.011815519955399385
0.0021835797667109614
0.008815587025784758
0.013113015371046918
0.036169330614180414
0.07621162477563162
0.15518738012707903
0.03888764678171364
0.006914815949521336
0.0
0.02176937944474404
0.005037708411905999
0.017000663925552106
0.030833568006748625
0.04391744044531743
0.0
0.0006914815949521335
0.0
0.011862594086400238
0.023355907711043126
0.11024321160263834
0.020796086602239774
0.014751704078053663
0.0
0.013490749363235289
0.0024931723240726083
0.010065479598323017
0.014972206422977185
0.04129749480291978
0.08701707011574555
0.1771901750861862
0.04440121958563346
0.0273459652160951
0.05092848044384335
0.08928535575328847
0.03352973531421485
0.058007351288065515
0.035742928008214624
0.0
0.007057169721626674
0.0007377532297864471
0.0
0.01265639919381108
0.024918806912870944
0.11762031848079371
0.022187691139896645
0.015738838759969245
0.0
0.011066298446796706
0.0
0.004342673486626092
0.0
0.02633045115820161
0.015236431804905437
0.04115986969806415
0.02099682351112133
0.02917586571656841
0.05433644396299837
0.09526003303700406
0.035773433020526074
0.06188900916023623
0.038134725164897805
0.0
0.007529411908124043
0.0029510129191457884
0.0
0.0
0.0
0.012885417503227725
0.20690168651952714
0.13983668035520438
0.0023329805855624554
0.014928349717474233
0.0
0.005858232436874418
0.0
0.035519571878371646
0.020553826875680862
0.0555243410551821
0.028324550059540127
0.05836896053861089
0.008901548066737604
0.01848083917119844
0.0072505832400644385
0.020227470438820908
0.006676160812773475
0.020116698770353294
0.0062943449849638695
0.003980893257993129
0.0
0.0
0.0
0.01738232704175151
0.27910875062228174
0.18863858386879265
0.0031471724924819347
0.015923573031972515
0.0
0.029018243989734155
0.01957583006947396
0.0633097547015942
0.044887569181050906
0.024853377317902554
0.0031471724924819347
0.08779017005495919
0.013388424452313972
0.027796212209820415
0.010905281330508386
0.030423242991128457
0.010041317982353543
0.030256636227494034
0.009467045695443327
0.06353868911543682
0.003347106113078493
0.01905205942904295
0.004733522847721663
0.027370866041604217
0.03165090543540481
0.07437790731675771
0.03649412451173877
0.023949941397957576
0.0
0.04364505639722476
0.029443139554100446
0.09522139986909864
0.06751340601913668
0.03738086477889943
0.004733522847721663
0.02419284951979832
0.003347106113078493
0.02062579599808264
0.02840113565880223
0.11024324011554441
0.010041317982353543
0.02062579599808264
0.0
0.021943633103514364
0.0011559519015333336
0.006579792686904816
0.0016347628524220077
0.009452764142665998
0.010930912581572494
0.025687050392256223
0.012603559970597615
0.0547639123026528
0.007638160730028898
0.005967344869415167
0.0016347628524220077
0.014504583915748626
0.01947599885205779
0.211369804650717
0.3293505484811641
0.008355208786673096
0.0011559519015333336
0.007123296154687258
0.009808576621523053
0.03807345173336933
0.003467855581347752
0.007123296154687258
0.0
0.043612056754560584
0.004623807606133334
0.010235234492766806
0.0
0.005894221282468837
0.030259836990646292
0.057908343384476466
0.0376646565639833
0.017008267960953043
0.0023722170123128185
0.0018533044168488866
0.0005077154548956243
0.004504752117376246
0.006048746215433675
0.0656460454557325
0.10228784150220667
0.01651492955890784
0.004988307328196802
0.005021167850860957
0.0018792330737177846
0.0175341441172162
0.008373983576068552
0.2129359810758702
0.05860283863320507
0.013544787368559257
0.0014360361679492182
0.0031788015789320154
0.0
0.0018305941043683632
0.009397930030041704
0.017984847686098353
0.011697677257920548
0.004118060207231613
0.0
0.0
0.0
0.00162143509840355
0.0
0.08288705457741392
0.3262230950645142
0.021212110475545064
0.006407083103458248
0.006449289825233833
0.0024137250738377317
0.02252121032559314
0.010755714343338258
0.2734992927876973
0.07527067450297341
0.008543216952547403
0.001031092284973705
0.002201715808674379
0.0006521200275770246
0.0006186553709842229
0.0020717362076153713
0.004267310947318004
0.0013042400551540492
0.005289320051239731
0.0
0.0
0.0
0.0020826041257748433
0.0
0.10646181398577582
0.41900755964473746
0.0039940689744848235
0.0009222369896511888
0.0032080062461439253
0.000850260459592118
0.003943537412845855
0.0017746234005526188
0.005466271966315512
0.007780244690739929
0.1276361160549484
0.015404573625983369
0.03289375138626019
0.009742707926521597
0.00924274417559002
0.030951849227191568
0.06375385271610431
0.019485415853043194
0.06778012395432682
0.0
0.021785356938873717
0.0
0.04313280615275343
0.006889134859567542
0.01742828525728005
0.0
0.059671603096396394
0.013778269719135084
0.047927784090246485
0.012702936528502164
0.058916658875546896
0.026512968073369836
0.08166639416461507
0.11623726984799031
0.04929463560314678
0.0
0.0
0.0
0.006161829450393347
0.0
0.06099898885136513
0.0
0.14750347092570884
0.0
0.04740941114248606
0.0
0.09386584513454199
0.014992172397711286
0.03792752827457853
0.0
0.07375173546285442
0.0
0.018963764137289264
0.0
0.08716114191064614
0.0
0.04740941114248606
0.0
0.1072752515823337
0.0
0.0
0.0
0.013409406447791712
0.0
0.13274632818018925
0.0
0.046932922567270996
0.0
0.009481882068644632
0.0
0.07375173546285442
0.0
0.04740941114248606
0.0
0.2605396845229086
0.14607741947646355
0.003029540205186923
0.0
0.0
0.0007603741744128764
0.0019406996754194321
0.001402060646565037
0.014660309134240487
0.009234827805576835
0.013006476744990956
0.002528608767027132
0.0018823564415420364
0.0011405612210822359
0.0029494003461900628
0.010763049083804188
0.3317708115422527
0.0
0.0
0.0
0.0013601986538872616
0.0
0.0
0.14861828616967318
0.021318274617824734
0.015535566281772589
0.007021863921252419
0.0
0.0001700248317359077
0.0008501241586795384
0.002572304008556308
0.000866959937170295
0.08207255861256406
0.051699179015259375
0.07281393695191848
0.014155867338115935
0.010537963965396288
0.006385184433107049
0.01651157765965768
0.06025459413521346
0.019463046623433726
0.05223217839726376
0.08439540195209697
0.024282339085227336
0.031228903317358
0.0
0.012115035358283725
0.011145862884852843
0.1193457332358498
0.08697249577515212
0.03931038104104036
0.0
0.0009518471159414311
0.004759235579707155
0.014400485663599782
0.004853487031318332
0.05212507090586194
0.030768502321111564
0.029269142681829615
0.017850285139358366
0.022998793888033144
0.002128394886681695
0.01594128237291623
0.009030014267541424
0.020338321718774064
0.05458111820155186
0.08819075809130328
0.02537434318248511
0.032633302220434375
0.0
0.012659862123252064
0.011647104873732628
0.048733112929652794
0.03579438215179424
0.054698020557757084
0.00410105825497321
0.014247958435650037
0.014706826743849427
0.024825327069823187
0.0
0.05446919396580563
0.032152196473606946
0.030585408945124865
0.018653032537003334
0.024033075514262408
0.002224111198387963
0.016658179769236593
0.009436104164558406
0.13098333417616584
0.15081375291050458
0.02327939300936135
0.01260279491575724
0.013436038181972452
0.008896444793551853
0.0147513177468768
0.014492851987268837
0.030050477040575486
0.022072020323979362
0.03372863977124795
0.0025288504986544285
0.00878577053888656
0.009068724176182387
0.015308131910501654
0.0
0.038090039506235726
0.0743320775694729
0.0675487568399232
0.008783678853790135
0.009275550653630744
0.004954339231819714
0.005821727583704187
0.001939539864892461
0.08076873074044649
0.0929968341193843
0.014354856956422439
0.0077713073615825485
0.00828511319370247
0.00548584717740669
0.009096158825532946
0.008936780142170654
0.00974802172324814
0.11893826831850136
0.2602899485129671
0.014251756066647223
0.016022250516145496
0.0066475805444541234
0.011588585868707256
0.0025288504986544285
0.018934278699875177
0.03694992946412488
0.033577990582756484
0.004366302203510067
0.004610808060251608
0.0024627656207508743
0.002893937995694653
0.0009641310123970874
0.052397823432137114
0.005094080733377121
0.0023927960246030327
0.0
0.0033537349175064755
0.0017810219695002982
0.01101225253817372
0.010455166117893808
0.004845669956582783
0.059123339057035165
0.12938822043263698
0.007084443198972233
0.007964542977758084
0.003304463432965372
0.005760600866261028
0.0012570729973646391
0.0022212040097617266
0.00909802525545166
0.10833906959739684
0.2865000590004807
0.10559562570857989
0.06651117564464568
0.007143684005467938
0.004615394233296492
0.04009745984810581
0.0038982477570684757
0.0018310883207866494
0.0
0.0025664472756215316
0.0013629279277816713
0.008427131607069737
0.008000820953192494
0.014790211727508664
0.024729261157562913
0.018297446576743537
0.005799216883925869
0.014911698560101388
0.009644288174277857
0.006475524350381507
0.006176161691484911
0.0016997774480312956
0.006962268248603974
0.08290652566492646
0.2192443093963678
0.08080710389562641
0.05089770948817289
0.005466707657194823
0.0035319326802280694
0.014392293599924949
0.04199295312724617
0.04183988393687388
0.0858750056303415
0.11189750849022602
0.07887380256918505
0.0066039867143000705
0.0
0.01656612268210622
0.02769858753354289
0.02049448313142415
0.006495548551247164
0.016702196851298024
0.010802310610571996
0.007253062552165104
0.006917754402079691
0.0
0.004082075791826464
0.058603895514947574
0.1605605932708408
0.02083179402882571
0.0
0.0
0.0
0.016120425173481293
0.04703518963126275
0.04686374090332861
0.09618630921644232
0.1253334223757833
0.08834444792531987
0.007396949828420261
0.0
0.0
0.03734309686142368
0.0883788046617577
0.05072992646595635
0.039258927535954904
0.0
0.0
0.0
0.0
0.004671559019733161
0.06706675001785257
0.1837467812846505
0.023840065754644188
0.0
0.0
0.0
0.0
0.0
0.004154756383485669
0.04710306425716723
0.15437821265622614
0.057647980773443366
0.0038064874940633583
0.0
0.0
0.04273572806194704
0.10114138568851466
0.05805571910912553
0.04492821946198625
0.0
0.0
0.0
0.0
0.0
0.011781830801260154
0.06555268318581403
0.12938839324571408
0.0
0.0
0.0
0.0
0.0
0.004505731248210236
0.05108211623515641
0.16741937976744484
0.06251781919141314
0.004128042191858613
0.0
0.0
0.0
0.014086882238603627
0.06583563578846846
0.11280875342192793
0.000725223132522731
0.000458671367538659
0.0
0.0
0.0
0.012777106117068397
0.07109027480127507
0.14031853442001915
0.0
0.0
0.0
0.0
0.0
0.0
0.026102104943414126
0.26324241746304866
0.002900892530090924
0.0
0.0
0.0
0.0
0.014416899904389652
0.06737798721019816
0.1154515583275098
0.000742213154964553
0.0004694168008796988
0.0
0.001659639043928164
0.0
0.000742213154964553
0.009677730922578865
0.09345703590150613
0.03519215261337758
0.012942182372707767
0.006122159522648122
0.0
0.0
0.0
0.026713606878307938
0.26940947747501887
0.002968852619858212
0.0
0.0
0.0
0.0
0.0
0.0026760875543735247
0.3251235925945124
0.014856769080680768
0.0
0.0
0.0017246131432145063
0.0
0.0007712704559473948
0.01005660960233193
0.09711583553741934
0.03656990907576452
0.013448862813579984
0.006361839230188543
0.0
0.0
0.0017468589580432474
0.0014221523961898026
0.05563104742167679
0.044888456994433334
0.008575978719422105
0.0
0.0
0.0
0.0
0.002780855141694962
0.3378520305418198
0.01543840470371218
0.0
0.0
0.0
0.0
0.0
0.03368295046302902
0.280243151631145
0.029555528794779618
0.022133202874643324
0.0
0.0
0.0
0.002048332775640088
0.0016675881883066956
0.06523188220338708
0.05263532999401548
0.010056025538467836
0.0
0.002426697319973435
0.0
0.017033368931660336
0.022935587058336725
0.04346963763698508
0.00709801838113194
0.023822043822603677
0.0
0.0
0.0
0.0
0.03949597138109403
0.32860765890209775
0.03465623715811331
0.025952962412493147
0.0
0.019972532458703025
0.0
0.0
0.05059086514985655
0.09722270880075029
0.060283231843597185
0.06689553399612826
0.02789726835122985
0.0034439322751548427
0.0
0.024173500557954607
0.03254983959874083
0.061691454807778594
0.010073400745623361
0.03380788568296435
0.0
0.0
0.0
0.01663797405365505
0.02419243834930072
0.10206409334541475
0.027041149426939207
0.004870455511214535
0.0
0.028344717153212177
0.0
0.0
0.07179779360349094
0.13797700354346212
0.08555305438713684
0.09493713397907659
0.039591382935432566
0.03056657398077594
0.005654845516044091
0.037794230547509106
0.040398475737067785
0.027141826920995666
0.013574054431903314
0.019998782803214734
0.02612326540038527
0.0
0.0
0.018385510995969943
0.026733443618556507
0.11278419502545105
0.02988136347186088
0.005382014244525506
0.0
0.0
0.0
0.01691448695463195
0.02297119423321928
0.0889250974232617
0.012214914426036467
0.02260270055562965
0.0
0.03377707407286333
0.006248791113657273
0.041763873358295255
0.044641650328882274
0.02999261542886313
0.014999778591602501
0.022099315694854387
0.028867071298498262
0.0006342764901347797
0.035768467166194015
0.18773531109910152
0.14795853125328456
0.045012309524121254
0.0022869163873022705
0.0014182853692948996
0.0
0.0
0.0
0.013971000727244798
0.0189737100627875
0.07345020893054555
0.010089255369501794
0.018669342247706944
0.0
0.0
0.0
0.08959973572924544
0.09262427210488246
0.03063085928299705
0.0
0.0
0.0
0.0005238986750656727
0.029543980975106195
0.15506531028284137
0.12221054964813093
0.037179195016864154
0.0018889435189991723
0.001171473067968727
0.0
0.0016567130964427004
0.0
0.08611826691390996
0.17938114445180056
0.037251469307655
0.0
0.0
0.0
0.0
0.0
0.09245153487795708
0.09557233683061939
0.03160578468558443
0.0
0.0
0.0
0.0
0.0
0.10634001420125923
0.060570660789701636
0.026554644960903012
0.0
0.0
0.0
0.0017094433077501497
0.0
0.08885925714423548
0.18509052507529264
0.03843711687229568
0.0
0.0
0.0
0.039948472291598563
0.01729948398537361
0.011002445031831206
0.04833509344926453
0.03752900695714771
0.018137096067603425
0.03806635522701087
0.062490036310578714
0.0
0.0
0.10336043545055815
0.05887350986151622
0.025810600901362335
0.0
0.0
0.0
0.0
0.0
0.03755573758813267
0.06937705327827409
0.07865342468445363
0.020464358418708282
0.0
0.0
0.03882914181137367
0.016814763579155134
0.010694163603914933
0.046980775242366324
0.03647746833827187
0.017628906309981453
0.03699976045548509
0.06073910571573087
0.06600653536416534
0.09054333317771025
0.05542677073076235
0.014328384118174182
0.03649381176418236
0.06902449707960444
0.008916789979668806
0.0
0.0
0.0
0.039047624920797885
0.07213303022375693
0.08177790194128039
0.021277297241287525
0.0
0.0
0.03351631120944048
0.06889039513178186
0.053992369205993845
0.014357011569057727
0.01752040175359918
0.0
0.0
0.0
0.06862861977275471
0.09414013250852132
0.05762857802983915
0.01489757370507289
0.0379435144990544
0.0717664688647409
0.009271006056173389
0.0
0.010485763633487646
0.006374115582553881
0.03874858824201813
0.060897208519051026
0.08860699324257201
0.0380983948840664
0.0
0.0
0.034280611705204043
0.07046136046933184
0.05522360238955395
0.0146844065198727
0.01791993413837072
0.0
0.0
0.0
0.017023717674950742
0.01998864851972421
0.03181041860818116
0.011548733825732398
0.03238976793770886
0.023608330112439478
0.06132347589353326
0.06007006239550544
0.010724879277612493
0.00651946987495668
0.03963220473007518
0.06228589853242631
0.09062757266851855
0.038967184468807044
0.0
0.0
0.028783719347740634
0.030716139936934343
0.05722200534789046
0.045386171695936804
0.04854537922432217
0.04139208129607112
0.048863508199619425
0.0
0.015321169579105828
0.017989576629226112
0.02862904726124679
0.010393740823624983
0.029150455657034283
0.021247252570713374
0.05519049312756827
0.054062433961955966
0.0594080876710624
0.0792542756647601
0.03291702680667186
0.005744636015914847
0.04979653233719872
0.02476869530461573
0.0018356371959632983
0.0
0.025905049276811372
0.027644207791449864
0.05149921211872231
0.04084708442522224
0.043690338478313204
0.037252444435353055
0.043976651260962805
0.0
0.0
0.03183846216110045
0.13744376340214345
0.046703981363583995
0.02455149376081396
0.0029376072381867378
0.0
0.0
0.06427247253589265
0.08574368332169989
0.03561230102388221
0.006215011710289982
0.05387391485729099
0.0267967771918577
0.001985940734478185
0.0
0.0
0.0
0.0
0.0
0.14659176834754106
0.13473141288644191
0.0
0.0
0.0
0.03444542258563818
0.14869777592246836
0.050528143173508636
0.026561791000481734
0.003178141023205572
0.0
0.0
0.0
0.0
0.0
0.0
0.07816486862238818
0.073536612973153
0.026133459270799065
0.002929806433186352
0.0
0.0
0.0
0.0
0.13756867918576524
0.12643835820083213
0.0
0.0
0.009961055675502109
0.0018408635176624844
0.007431966896721118
0.011054907162593686
0.030492497778640142
0.06425009143703672
0.1308304788461501
0.032784169985248565
0.0
0.0
0.0
0.0
0.07335362589812963
0.06901025093392402
0.024524879636593347
0.002749469535887246
0.0
0.0
0.0
0.006656935789048867
0.07926414685352588
0.14570061491790073
0.04285726593770725
0.0032290882896179943
0.009985108032018172
0.0018453085390604802
0.007449912416075574
0.01108160077590022
0.0305661261621699
0.06440523223292986
0.13114638726217415
0.032863331930554
0.020239974042260217
0.037694450133669094
0.0660840920596541
0.024816859344358934
0.04293383960130583
0.02645494241522858
0.0
0.00522332749452481
0.0
0.0
0.0
0.006673009887831041
0.07945554117769892
0.14605242934889862
0.04296075077638481
0.003236885373109331
0.0
0.0
0.03681325752833698
0.08846014843320336
0.07757738949594624
0.005979440437175283
0.0
0.0
0.02088017706582466
0.03888674914041621
0.06817437317650563
0.025601832109366392
0.044291863770141056
0.027291728771134463
0.0
0.005388544606368925
0.002111939809220766
0.0
0.0
0.0
0.009221656064919542
0.1480725162267301
0.10007636703838016
0.0016696350398271874
0.0
0.0
0.03797768386246612
0.0912581981922421
0.08003121079096581
0.006168573873765187
0.0
0.0
0.0
0.0
0.0022400503395591993
0.005388545109894613
0.04074974987746665
0.09748731851241645
0.12544999324932438
0.021580617552325484
0.0024401565071172932
0.0
0.0
0.0
0.010654794210974056
0.17108447523852552
0.11562924150166201
0.0019291131258369447
0.009760626028469173
0.0
0.01778722821931773
0.011999339351874605
0.038806795331401314
0.027514602107426834
0.015234302066339387
0.0019291131258369447
0.0
0.0
0.002588176702991586
0.006225979242588313
0.04708267105566365
0.11263782878227974
0.14494618454969432
0.024934462676446487
0.005490352141013909
0.0
0.012999523893703699
0.0
0.0048803130142345864
0.011916077519000165
0.11351640762415391
0.0880114551333656
0.01866659494451457
0.0
0.03401697630738112
0.022947996022991433
0.0742156012773249
0.05261997858546946
0.029134662582635473
0.0036893098062678576
0.018855917642378067
0.0026087359885762795
0.016075754545989484
0.022135857724991385
0.08592363022580171
0.007826207687574898
0.016075754545989484
0.0
0.010499959656289446
0.0
0.02486078723716489
0.0
0.009333297472257284
0.02278876290576393
0.2170931244057528
0.16831647669524705
0.023711889076370205
0.015652415375149796
0.036833494123754945
0.0
0.010689282354152941
0.005217471977152559
0.03545132939300687
0.01475723811245567
0.019379244098199
0.002681138752788924
0.016521920455851772
0.02275021551915893
0.08830835154937589
0.008043415972492958
0.016521920455851772
0.0
0.1011547066087944
0.010724555011155696
0.023739814611696143
0.0
0.01367117877221185
0.07018529188029371
0.13431380955555342
0.08736018357704076
0.024369987987624835
0.016086831944985915
0.03785576958660295
0.0
0.010985952309747986
0.005362277505577848
0.03643524430594043
0.015166809964940865
0.04538030457443318
0.02640524717123723
0.031951139712688606
0.011057712354688424
0.026768071355753695
0.012366622206674487
0.03048082664847566
0.05396992077680713
0.014605392004345479
0.001548482866109946
0.003427712957097007
0.0
0.001973936080916684
0.010133821106471132
0.019393124708893282
0.01261364665560045
0.004440518849614951
0.0
0.0
0.0
0.001748399186890102
0.0
0.08937740336912195
0.35176751429468156
0.006552311403061944
0.003812565908564704
0.00461331890659506
0.0015965863480392666
0.003864952887096648
0.00178557549276132
0.004401025288315973
0.007792537547829802
0.09178190977902226
0.0
0.0004896732618954138
0.0
0.00017312564498891088
0.0
0.011820145750723566
0.35028609810053696
0.004546799828740659
0.0
0.0
0.0
0.001790246003394751
0.0
0.09151659436537396
0.3601868448076231
0.003433377438544206
0.0007927724066577332
0.0027576630094727213
0.0007309000163739905
0.003389939549821211
0.0015254999310961724
0.004698911050857633
0.006688045889589411
0.09397865109860651
0.0
0.0005013932782917942
0.0
0.0001772692965945755
0.0
0.012103053380741711
0.35866997186417987
0.027662614602745286
0.005964152532372229
0.005293878701314629
0.001852049587408167
0.003396883404237415
0.001278307065303765
0.0020790086761236447
0.004984945309835173
0.03747744857113697
0.008653603523336934
0.03010160562418749
0.007978227929963347
0.037003297019263
0.0166517798396122
0.05129153447327773
0.0730041774768492
0.030960072711058755
0.0
0.0
0.0
0.0038700090888823444
0.0
0.03831112872693129
0.0
0.301954630585897
0.0651024315861912
0.05778597614787171
0.02021627228747555
0.037079093505791756
0.013953516080176821
0.022693671794910136
0.05441377617908895
0.015480036355529378
0.0
0.00547301924633782
0.0
0.021285049988852892
0.0
0.049257164451560725
0.0
0.11025389448359674
0.0
0.0
0.0
0.013781736810449592
0.0
0.1364322100799784
0.0
0.04823607883657357
0.0
0.009745159388415865
0.0
0.07579955245747276
0.0
0.048725797763534855
0.0
0.05512694724179837
0.0
0.01949031877683173
0.0
0.07579955245747276
0.0
0.17541283777617556
0.0
0.08269042086269755
0.01540845040431825
0.03898063755366346
0.0
0.05512694724179837
0.0
0.03898063755366346
0.0
0.31673932987244996
0.0
0.0
0.0
0.0012985723732685615
0.0
0.0
0.1418848636784893
0.02035241130796921
0.014831699119049836
0.006703725570474948
0.0
0.00016232154665857018
0.0008116077332928509
0.002455761084318833
0.0008276807361355499
0.056289930149698804
0.0
0.0
0.0
0.0
0.0
0.0
0.40467573982300514
0.01057423475050528
0.00036296201787054975
0.007405817777842273
0.0
0.0015135762539500266
0.0
0.006082040560836158
0.007027517872604388
0.1405237637641784
0.10240586000788213
0.046286051031036335
0.0
0.0011207534248068906
0.005603767124034452
0.01695586755064042
0.005714743598530327
0.061374721588841184
0.03622840661597004
0.0344629839734058
0.02101783770593094
0.027079954947331026
0.0025060808806787013
0.018770080316510535
0.01063240014799274
0.0730100843375319
0.0025060808806787013
0.05113366530120022
0.0
0.010450527396027084
0.0
0.041993610390550405
0.04852168357032569
0.06974155650820044
0.0831683402117427
0.054379469724873536
0.0
0.010086780823262014
0.009053095665074038
0.008182130826773246
0.007088267121606412
