0.05270674977713702
0.0711918942165797
0.047766223554017856
0.0148209392779425
0.008926910024973153
0.007329298676055146
0.008479010769168427
0.0071048628210575926
0.15027453793602255
0.03709611531695722
0.0398791945517227
0.001846821114920782
0.011775094677911636
0.002105700005191631
0.003437722752709647
0.027907450254268138
0.17076539754813946
0.009141297743631295
0.009620794520128196
0.001846821114920782
0.008985184314483505
0.009250597473117194
0.013238562487712588
0.043981431845066137
0.1200340687121056
0.02386883574848214
0.015298317374175828
0.001846821114920782
0.0011680322166436985
0.0034115998817679455
0.01815619092350367
0.05673677371394684
0.10276647292313908
0.025368482130330956
0.027271713647464224
0.0012629637376172754
0.008052494887059199
0.001440000185925756
0.0023509148458270464
0.01908473830829605
0.1124434101323597
0.21398773182466363
0.0236932331363263
0.006590732030115372
0.001198152589391144
0.001440000185925756
0.0020226793006840977
0.0
0.08208628049422775
0.01632289871819497
0.010461879569193236
0.0012629637376172754
0.0007987683929274294
0.0023330505066903127
0.012416259790610328
0.03879990715461662
0.05941499915508062
0.021655880720117364
0.03950629174739922
0.04940617316669263
0.05720403442379361
0.01986952069763943
0.019646753217023694
0.019840107431278467
0.09592943930654291
0.18256048183041762
0.020213532900252025
0.005622785964285596
0.001022186235446601
0.0012285149505388481
0.001725619055693645
0.0
0.04061506294802923
0.01705756903211159
0.00515798148036204
0.0032324365736115497
0.01555871427311614
0.014495936001571062
0.020862206114965004
0.025166771231004866
0.050689031474911855
0.018475395692151578
0.033704210962186495
0.042150148991246424
0.04880277947713591
0.016951388948188414
0.016761338152983578
0.016926295453186264
0.08685535284157342
0.003621996316396493
0.053310541333084424
0.03428841393730547
0.014373545098748747
0.008436759003798085
0.028643201620447253
0.07555992666591312
0.02441369558355867
0.010253296868661303
0.0031004602860846345
0.0019430161317808088
0.009352335965143642
0.008713500436868752
0.012540262462326819
0.015127734565892828
0.056892090653369025
0.3530834250148789
0.0023411540914108474
0.001245822137089809
0.002703115341247015
0.0004579733184351084
0.0
0.0006476720764809097
0.05220871248654909
0.002177180313284866
0.03204494177852304
0.020610749784620123
0.008639931321697754
0.005071331941406448
0.017217415267702426
0.04541903702816076
0.0512142266217245
0.17112827320328802
0.05194660351850892
0.010335428199704342
0.0076591126566404434
0.0
0.004222305303190939
0.017288933482548202
0.0437680892581266
0.27163330937814867
0.0018010911545545448
0.000958432953855033
0.0020795543312259104
0.0003523269552746039
0.0
0.0004982655572657179
0.08842092594463904
0.14069440215021345
0.012991202011182201
0.0
0.0019038253667340377
0.0
0.003921551518375068
0.014459406170433611
0.03940000826692808
0.13165200030677807
0.03996343873715553
0.007951227293118123
0.005892290519544034
0.0
0.0032482939765930137
0.013300681608844567
0.08003153479174631
0.05535230550990107
0.01161936048190564
0.004187694379378336
0.002584349024678196
0.004953705159961344
0.0048217330760803685
0.011558792433644004
0.10750341117997324
0.17105824219195415
0.015794886975110795
0.0
0.002314697782547725
0.0
0.004767877748840558
0.017579950338131603
0.09034971310821427
0.030540531081399137
0.02879766748345586
0.011101179263273305
0.004087245947515395
0.005701307671832003
0.0
0.004253701023021627
0.09730347087145695
0.06729811518504207
0.014126982659248754
0.005091457999933636
0.0031420880618971566
0.006022784730948266
0.00586233120655725
0.014053343170326008
0.0592663538777026
0.1669873394638166
0.028619169478074052
0.0
0.0
0.009840122015815746
0.010771798060855714
0.01776398621314521
0.09073242975046251
0.03066989916798013
0.028919652891319297
0.011148203275928964
0.004104559306808548
0.005725458111866874
0.0
0.004271719477277358
0.07327205635697531
0.03518581472704411
0.01657254535859741
0.0049955044886562825
0.005556148779569615
0.002085108769997553
0.009618159305606482
0.019686097781921638
0.05951740304182339
0.16769468906857976
0.02874039877775609
0.0
0.0
0.009881804256164372
0.01081742683202723
0.017839233526308187
0.022383328534198804
0.17005519309383924
0.11629149953275687
0.015239382518385011
0.009601991238595188
0.002463688194469769
0.01921955830462661
0.007710799281850773
0.09876166733637148
0.0474261253444502
0.02233774092061375
0.006733322046844059
0.00748900119256722
0.0028104686689749926
0.0129640888622079
0.026534424403449122
0.036664127043467665
0.04907729487441181
0.012160862460505698
0.015044364278495273
0.011843629503070793
0.0029565520303040126
0.006279302258969094
0.017483428958889116
0.03016995777770073
0.2292133624219942
0.15674655471585625
0.02054080234025228
0.012942296308060621
0.003320746898344771
0.025905586904588485
0.010393203513513543
0.030656696072100705
0.013702529129196473
0.01737438012977087
0.0070772395323055615
0.01635462292588815
0.00209183271075963
0.01655367200642894
0.030389784516988903
0.036295894520934194
0.0485843919322717
0.012038726044855988
0.014893267698407193
0.011724679185156578
0.002926858193305532
0.0062162367096972124
0.01730783587466175
0.09475737276483193
0.11791123112089415
0.07390546974307208
0.009136251469559415
0.00643177866843579
0.0
0.004222548748196843
0.0064578999515581765
0.030348798586534276
0.01356490913730766
0.017199882266640074
0.007006159979191837
0.016190366893065012
0.002070823596458672
0.016387416843912938
0.030084567731146095
0.043687856304233164
0.19363066460516354
0.1232930595507993
0.015763118666908955
0.010645482901949919
0.004939621790990497
0.0063659613585252605
0.006010538582208411
0.06941335695105195
0.0863744333081619
0.05413854987983564
0.0066926495105029795
0.004711520966820117
0.0
0.003093176551329905
0.004730655793973817
0.02595058730864811
0.09667518097602712
0.08186488358027592
0.014497969672700589
0.006422744075851348
0.002937344993785069
0.008912860456486309
0.01807461067635445
0.032003005946546106
0.141841780188063
0.09031682604188038
0.011547080198217888
0.007798218576862217
0.003618459657299323
0.004663307299713539
0.0044029466826854165
0.03758713600478232
0.0743444969550306
0.07083084486130613
0.02071871453367556
0.003808449302308512
0.003989780393197411
0.006148366794433975
0.0018898211655637815
0.027235386107212472
0.10146151412878775
0.08591796734356702
0.01521575589447526
0.0067407304772377314
0.003082771271583662
0.009354131101734836
0.018969474357291637
0.022435780100878166
0.06209508404886126
0.038810199951091945
0.031131909019484625
0.018172547142946287
0.0076047483641561815
0.006772382404467307
0.007986349714446901
0.03944805370217586
0.07802525065943186
0.07433763965160274
0.02174448629074841
0.003997003458320565
0.00418731214824973
0.00645276893287765
0.001983385135201135
0.01839844477110441
0.25498334243170273
0.016699086427803603
0.003744532605715512
0.005976240785490129
0.0
0.0021493224886115535
0.004886146469359469
0.021651575886825158
0.05992465688456638
0.03745365597477196
0.030043746533722028
0.01753735692511127
0.007338937427911956
0.0065356653927618035
0.007707200557483773
0.027214308019163923
0.04855590027405128
0.03281901190998375
0.006274573010871162
0.003074916268903739
0.0013733979266460107
0.004369742111916172
0.020574412154064078
0.017755358689111798
0.24607083701628216
0.016115398502149245
0.0036136488906916672
0.00576735153862176
0.0
0.0020741966073027905
0.004715359599702019
0.003295193531390726
0.22695718445764745
0.10206536604252346
0.024745737990628732
0.0030769113260058507
0.003756380114480421
0.0029071850761114653
0.004634589574881927
0.033905426014639355
0.060494225433060635
0.040888145287543025
0.007817287540206245
0.0038309387100017678
0.0017110720492236858
0.005444120341928112
0.025632994548054927
0.039335552086775485
0.032828383636046385
0.03974806374945376
0.002428199061170356
0.004076164063686181
0.003398128318484191
0.009139009911884054
0.031068414012367478
0.004105375025659714
0.28275861435465705
0.12715993787440708
0.030829914471023498
0.003833424287107862
0.004679952470762518
0.003621967842781446
0.005774085228576229
0.006838544938796357
0.031195390252878367
0.026458627953152743
0.022801203524933797
0.035792723082003645
0.03170644880218982
0.02859833329376642
0.012099028110534506
0.05322723024877439
0.04442200100906675
0.053785423844258794
0.0032857378036451816
0.005515695385969849
0.0045982056645303224
0.012366527454669315
0.04204048343982687
0.009843368866865435
0.04634430093374053
0.08889687541989126
0.007326779034936903
0.00775159246846765
0.0
0.005303700211619936
0.006650036727227448
0.009253634097238951
0.04221230239828174
0.03580271300177309
0.030853638644589964
0.04843322164421675
0.04290384553500437
0.03869807312225977
0.01637190075799964
0.017988762720684493
0.13860923948176262
0.10812223613620349
0.040998195930556106
0.014812369348411429
0.003928774665045538
0.0066944784087827405
0.01295824460941313
0.010073815787157105
0.047429285309283066
0.09097807459480238
0.007498309096148198
0.00793306800147623
0.0
0.00542786719108083
0.006805723312211038
0.031094108332290312
0.07607169110938086
0.049436565677245844
0.007687595027148565
0.0013143937431725392
0.002377760551143273
0.004949074899514127
0.005361447798238076
0.018409904610712985
0.14185427406235884
0.11065352767567938
0.04195802057164159
0.015159147463173995
0.004020752730108947
0.006851205435182832
0.013261615091919117
0.10527808325675164
0.02898650255383887
0.05429917672195296
0.030149397857413485
0.02714155340319208
0.008237673752484291
0.01411706984619715
0.025182893931101583
0.03486756998215683
0.08530345958378485
0.055435997553234743
0.00862053205511038
0.0014739035232788707
0.0026663164459263065
0.005549675635063759
0.006012092526114165
0.018828568754303342
0.011788445050839641
0.03825168832063795
0.02868171141394864
0.02434388285805779
0.006355012758171435
0.0050494783838881075
0.006653094992325764
0.11805422738976287
0.03250419325529827
0.06088871641191525
0.03380821306979162
0.030435348156534196
0.009237366223383387
0.01583026326225637
0.028238993288129472
0.035323801776487196
0.05794410294293785
0.11824649425408952
0.058713018592859455
0.03316153609975438
0.01144832341603698
0.007711637345620633
0.008571863029172566
0.019407259236346758
0.012150759416739255
0.03942734262777615
0.029563235316299133
0.025092084884975958
0.006550332192399686
0.005204672605932848
0.006857575895703493
0.019983599070957286
0.05254411505304129
0.031246657388080128
0.023570780576817656
0.009354729287825892
0.005296046762173599
0.0038469993594964
0.0
0.03640946835817941
0.059724997778927875
0.12188076522034144
0.06051754582353174
0.03418074608651882
0.01180018424426383
0.007948652234596792
0.008835316699660837
0.03633310367056748
0.08841791790005286
0.12962358935430962
0.027484709873115316
0.019113149135023717
0.021207006048274874
0.02765344007572755
0.018772731677218688
0.014924389765029852
0.03924162259889629
0.0233360012907684
0.017603411434813695
0.006986410483022453
0.003955256798930405
0.0028730619375959146
0.0
0.0029059791545552184
0.03018040195441469
0.038001020038585874
0.023032013888104826
0.014660019773650898
0.012690244335199913
0.00875531047621326
0.0008969719129188782
0.027134721759948226
0.06603332384057813
0.0968070347787066
0.02052645878595919
0.014274309963654235
0.01583806915310767
0.02065247188800232
0.014020075338296557
0.0
0.07885920268004826
0.3441052134263301
0.05477355219357906
0.0028364742076243685
0.0
0.004096613072766178
0.0
0.002191762412055729
0.02276281661577984
0.028661323055187947
0.017371322927338798
0.011056954847564866
0.009571300774850688
0.006603474900211069
0.0006765187287471182
0.0020295560842296724
0.15034615584227634
0.13796881237615372
0.006240359828368419
0.0030127818109816407
0.0
0.0
0.0
0.0
0.05947758985396738
0.2595327882507402
0.04131158776017918
0.002139340036659068
0.0
0.003089768395465074
0.0
0.0002139340036659068
0.0649315816116709
0.11441610706252767
0.05416593458860158
0.001925406032993161
0.0
0.00030254836425920605
0.0
0.0023479149055894767
0.17392965045070033
0.15961078070301357
0.007219230831371271
0.0034853707055735434
0.0
0.0
0.0
0.0
0.04449732757955774
0.17258611829093137
0.052366644018906984
0.0
0.0
0.0
0.0
0.00024749197123580166
0.0751168344122928
0.13236356723474996
0.06266247391928215
0.002227427741122215
0.0
0.0003500064963100165
0.0
0.0032575579355455966
0.005723005422915024
0.07406897388942472
0.017839559730134562
0.000742475913707405
0.0005534088796939382
0.0048906708262537206
0.003913191351964636
0.0
0.0784092397318519
0.30411593368767176
0.09227585044269836
0.0
0.0
0.0
0.0
0.0
0.0
0.14354317970038882
0.06323454345197865
0.032239189980638475
0.0
0.0
0.0
0.005740179354634626
0.010084572009178009
0.13051776918522767
0.03143528817747295
0.001308325130513115
0.0009751679904838202
0.008617905886138469
0.006895478347193238
0.001308325130513115
0.00157241110011505
0.012826453868978285
0.01750385279388229
0.04010144158059009
0.015444083171217622
0.0018502510599113274
0.0
0.0
0.0
0.1912821535220311
0.08426481616001266
0.04296116123506571
0.0
0.0
0.0
0.0
0.0
0.0
0.009606612328546099
0.03520879635708813
0.027104015081582566
0.19850097006548692
0.08340785071647422
0.0017434422798345128
0.0020953568262856177
0.01709222077447479
0.02332520893249626
0.05343820668375802
0.020580409980676107
0.002465599605881523
0.0
0.017434422798345128
0.0012994851699317024
0.0
0.001837749546724015
0.021724543976817508
0.017819820039477012
0.07722604748871749
0.06958036656158686
0.0
0.0
0.0
0.004128174415516999
0.015130000811063945
0.01164719651329054
0.08530027006967472
0.03584220364111655
0.0019978555237852432
0.0
0.006466828242231453
0.0
0.0
0.019459849696850284
0.20267818415362765
0.19023507377707496
0.007491958214194661
0.0005584176032497085
0.0
0.0007897217459655957
0.00933551844986805
0.0076575719577537575
0.03318574566677379
0.029900226972655347
0.0
0.0
0.0
0.0
0.0
0.02499300729842165
0.2636272122084006
0.049574663381600735
0.0016910628114758638
0.0
0.005473775565071827
0.0
0.0
0.01647157552058843
0.17155471746539516
0.16102238368731986
0.041119831690902074
0.006340262292509488
0.0012325631949513533
0.0014947024763767708
0.00149717457940711
0.006954242937201319
0.029898271636796397
0.04297146689759527
0.0
0.0
0.0
0.0
0.0
0.021155055851700764
0.2231443512061505
0.04196192799628634
0.014496892761414552
0.010252628715874255
0.003149497764417973
0.0026772218633882576
0.00798110248536393
0.006617558752655051
0.11285816105941876
0.06798330021768875
0.06230015301618824
0.009606053690961599
0.0018674413899554218
0.0022646054023745315
0.00226835085537686
0.010536288240577769
0.04529850491348433
0.06510554282357577
0.0035228992417077995
0.0014322622359998782
0.003022168246241598
0.01183355213939673
0.01250197576739635
0.023099613324769327
0.17059230647682505
0.02874492575355851
0.02196406454395157
0.015533632107702804
0.004771765461549681
0.004056226032274259
0.0120920705564577
0.010026182159088045
0.17099001659296822
0.10300066493328001
0.014893517910338413
0.008975236084846076
0.010107328041307612
0.021637154881984675
0.005217289890834945
0.01749025455704368
0.05347904585007143
0.0717684969405448
0.004694510407554602
0.0019085899175445519
0.0040272512246147816
0.01576903847235995
0.01665975985353077
0.030781855433097013
0.22732621720284343
0.038304630321771026
0.0
0.026258033981952235
0.043698560889533195
0.01825430028431943
0.03286301201581288
0.03634057341244583
0.04248786670211792
0.0
0.019846657550526604
0.01196013178910675
0.013468723749103077
0.028833026951434155
0.006952404826622504
0.023306991320312977
0.07126458070584626
0.09563655747889345
0.009332924393047939
0.021540309746084906
0.008761510775070458
0.02296634926908232
0.022348113201480873
0.03813001948357388
0.05827578360586256
0.008001168764151726
0.0
0.03553159096087431
0.05913159348384371
0.024701176463752413
0.044469250877302226
0.049174983575013584
0.057493318102087604
0.0
0.0036874163368372024
0.04431287909764392
0.07191123590097859
0.04405483548041004
0.017769787276452214
0.0033735203446892633
0.010349785293978833
0.0
0.0126290358307279
0.029147706777837
0.011855815910401645
0.031077381065714404
0.03024080239853877
0.05159640880013009
0.0788570578982085
0.010826943705388056
0.0018262072986584615
0.034477481440657355
0.11160188397649325
0.11136405929073077
0.018537103215917346
0.0
0.0
0.0
0.003275721978503544
0.039365414352811406
0.06388245709846692
0.039136180908260744
0.015785817878307306
0.0029968719907299563
0.009194247696304012
0.0
0.0015390622386742515
0.0011471492792688924
0.0025651037311237527
0.004136105495740849
0.06321630354221945
0.15951374039614463
0.06785389805068312
0.002762701232278793
0.0016223140646629988
0.030628123705575345
0.09914170540822806
0.09893043348257102
0.01646746417418447
0.0
0.0
0.0
0.0
0.0
0.0
0.0
0.17016956706278602
0.09362693591627112
0.013042023649648167
0.0
0.0014773380239233714
0.0011011427652464945
0.0024622300398722857
0.003970226652484116
0.06068100860901524
0.15311642902008946
0.06513261201707059
0.0026519028773658773
0.010401989227103904
0.005073714178440672
0.015970283426370975
0.028261868710368884
0.06095663440275473
0.01782660597741992
0.01587036992148001
0.008504102267285568
0.0
0.0
0.0
0.0
0.16334490290203352
0.08987202012810855
0.012518972243208377
0.0
0.0004924460079744571
0.0011011427652464945
0.00319041402301962
0.0050258393095719165
0.06479990889367147
0.13175695913068539
0.06976655329789067
0.004671752851407269
0.0114820976188495
0.00560055199203627
0.017628585196423997
0.031196488319562676
0.067286171082088
0.019677662183321634
0.01751829700139201
0.009387140311511196
0.04602713497776555
0.026002867564293944
0.040379169243207544
0.0022412376350200622
0.004892219854216042
0.0012154818128349743
0.004415183545875774
0.09643137611171819
0.0005435799838017825
0.0012154818128349743
0.0035216961349475266
0.0055477059540488104
0.07152851857133129
0.14543816895708286
0.07701088301550547
0.00515685232121044
0.04517703646519493
0.04126475522771261
0.039138915898665784
0.011884767621842039
0.03677800576394076
0.08191541171823168
0.025243598649312696
0.007252261671839717
0.04463925186281671
0.025218787893678596
0.03916159254165135
0.0021736562860672137
0.004744701888269131
0.001178830678990211
0.0042820499346770515
0.09352362444041848
0.03578689372071644
0.002357661357980422
0.0022366738188109307
0.0
0.0027214965271025
0.04481845802654676
0.05943201982194827
0.11287703743093552
0.04381478686778329
0.040020474934126984
0.03795873728143485
0.011526399274226802
0.035669017050523714
0.07944536840937189
0.024482413658266627
0.007033579984952204
0.029721357337630608
0.07963118293865033
0.03764991383945623
0.004347312572134427
0.07197644323878481
0.01355976177971718
0.00800983980028417
0.0
0.14558579534597502
0.007793400311826985
0.008202194602558239
0.0015745046990663703
0.0076603060311764715
0.007886583639812495
0.01128651750696566
0.03749630679021899
0.10233487353396033
0.02034934176548037
0.01304255858829172
0.0015745046990663703
0.000995804195061576
0.0029085545978329973
0.015479034593682845
0.04837085524999884
0.11390117511924867
0.02033864275075796
0.012156655287846749
0.0
0.0
0.003590423053117969
0.023391081337724398
0.12535325004992923
0.09029866620779099
0.08715095643700137
0.04122533792475778
0.015038815627186945
0.028769950685186833
0.006243272053791011
0.0
0.0
0.09357143360017789
0.018606727267651165
0.01192565997079939
0.001439672096267019
0.0009105285705567517
0.0026594807227010996
0.014153488519209376
0.044228620351077726
0.06772808579973598
0.02468587677082442
0.04503383918450255
0.05631886868392284
0.06520777255980907
0.022649577072227887
0.022395640940693948
0.02261604843036851
0.08256594606962576
0.07968779021093574
0.037695008915912064
0.013750967673963593
0.026306237915327893
0.005708629876161277
0.0
0.0
0.031049182642607916
0.04060431067033949
0.021361702793294385
0.026886203878844675
0.041733968522738606
0.020687628778131698
0.04875745658298671
0.009073062190319418
0.04677875375791084
0.01705015780565628
0.03110418446217792
0.03889858186571711
0.04503801192162225
0.015643716725073923
0.015468326919987936
0.015620559004567623
0.08015511531608899
0.0033425865294078646
0.049198033838061615
0.031643320569587186
0.013264734149347111
0.007785926471071798
0.026433593944367718
0.06973104635506742
0.021445195919424863
0.028044776814952106
0.014754201643494396
0.018569890111058845
0.028825014228782492
0.014288629023250277
0.033676030090406824
0.00626662538915012
0.20373688935293965
0.02419540133699198
0.013460401653861203
0.0035155917106273584
0.010138041244994995
0.012904098173827563
0.02217159457187512
0.036850566610221194
0.055008007178186887
0.002293915030604065
0.03376310779224293
0.021715844312236113
0.009103181854665307
0.005343243503806492
0.018140568068588298
0.047854287069712495
0.05396019958084439
0.18030372388866023
0.05473184461242479
0.010889586843296441
0.008069774256615989
0.0
0.004448694276578124
0.018215920903167798
0.13981840370128487
0.016604564851236847
0.00923746248604366
0.002412643201761411
0.006957428024128878
0.008855688400855632
0.015215688088677118
0.025289418206456252
0.04055352282508408
0.1151141853975054
0.09008462408105526
0.00335981544132705
0.0010789668480853964
0.0
0.0015754130593546077
0.0
0.05129056644090529
0.17138335664972082
0.052024035017161616
0.010350834167381041
0.0076705293139613055
0.0
0.004228599062652591
0.017314704330668878
0.10418431196242318
0.07205711948532599
0.015125976034331332
0.005451501820622758
0.0033642816635652594
0.006448687571695845
0.006276887533208959
0.015047129109160328
0.03854717315780905
0.1094190129073842
0.08562776699539106
0.0031935915445305317
0.0010255859177530527
0.0
0.0014974708918864402
0.0
0.015787384743102963
0.06823835808257529
0.09985154948261891
0.009794502788993457
0.006096594674324664
0.006870704220863049
0.0016537076061693867
0.010177814273817726
0.0865062845699379
0.05983044439297028
0.012559395580554099
0.00452648924723348
0.002793429274330368
0.00535447220096771
0.0052118232479868324
0.012493927426876914
0.052689919774188805
0.14845774953204857
0.025443470791459602
0.0
0.0
0.008748222316011637
0.00957651582247548
0.0157928225240891
0.013108576247972339
0.05665965164703176
0.08290870661417925
0.008132568421542339
0.005062122539091257
0.0057048809300600245
0.0013731059703725522
0.008450839490962975
0.009111289642141166
0.1767435782198962
0.16096493197312964
0.003975993278557703
0.005082328606965127
0.0
0.007848547809861797
0.004887693906677232
0.04379868127072965
0.12340602684138584
0.021149974651549285
0.0
0.0
0.007271990592253223
0.00796051248493594
0.01312783931086234
0.01647182541816373
0.1251431147880485
0.08557857134578332
0.011214616625937816
0.0070660770183141545
0.0018130208723020752
0.014143616242076492
0.005674354437995763
0.007573791585025909
0.14691872149886356
0.13380266626842335
0.0033050584075366113
0.004224703543363938
0.0
0.006524132992334062
0.004062912763672723
0.02987954365981456
0.13118263854422532
0.02947880283654254
0.003096014383452406
0.0014245454567517418
0.0
0.0022165901179018108
0.01248947482813036
0.024663720136463833
0.187380249716238
0.12813916367904907
0.01679195589305239
0.010580232707555452
0.0027146863362646555
0.021177628092600726
0.008496367965356365
0.02506162513723429
0.011201717486460502
0.014203428862003015
0.005785591628918918
0.013369784795643203
0.0017100579633097484
0.013532505965226909
0.024843426890323535
0.04473946778347244
0.1964233958095431
0.044139427456336734
0.0046357480335928215
0.0021330113436154176
0.0
0.003318961738441989
0.01870083636709384
0.05431681434332043
0.05141078424786783
0.029406895824685635
0.020483175249085134
0.003004408205990523
0.0025617792844417507
0.0051456462976007915
0.009927233423037259
0.029342224102324118
0.013115003636788063
0.01662941610562702
0.006773787621938857
0.01565338319145018
0.002002140871257798
0.015843897613319162
0.029086756955858925
0.04223886710288821
0.18720854262901745
0.11920381537626705
0.01524030544923096
0.010292405615195222
0.004775790025384276
0.006154822382045233
0.005811187864717535
0.06359428529709164
0.06019189675117955
0.034429679748088665
0.023981761565529554
0.0035175699258250125
0.0029993386882602086
0.0060245377539853715
0.011622833963072628
0.04124694275977256
0.0916259895989155
0.10795504302276136
0.011728534451153952
0.005739718092096283
0.009187524786894455
0.0
0.006781679370876569
0.029431690651206804
0.13044535262982349
0.08306022531456497
0.010619317850525308
0.007171662473458157
0.003327730696466002
0.0042886289521030406
0.004049187283688265
0.03456715788527302
0.06837120986868404
0.06513986586146198
0.019054047543668698
0.0035024554228927245
0.003669217275869974
0.005654369774082499
0.0017379814891100597
0.02874052603391561
0.06384422609908441
0.07522217446656794
0.008172345080126006
0.003999387741631963
0.006401790718475084
0.0
0.004725417678772496
0.005688616627931347
0.10599406609764661
0.17808508606998022
0.011557805537092958
0.019410571587870653
0.0
0.008176731405925728
0.005890932524496074
0.029415245907406545
0.058181119719161935
0.05543137735100626
0.01621421974837037
0.002980447159875185
0.003122354716451898
0.00481163877886832
0.0014789515833025285
0.013719175636440165
0.19013353045367812
0.012452014424118071
0.0027921871187107047
0.004456305845511671
0.0
0.0016026861556756758
0.0036434547828626436
0.004840781459063849
0.09019664067656838
0.15154316755158806
0.009835222587634763
0.01651760721421035
0.0
0.006958065971822075
0.005012944061155134
0.0011864514316172307
0.15014942966367859
0.11602051901591286
0.03732055873447046
0.007376483744396506
0.0009422913842308955
0.0016649387558899343
0.0
0.013599562075565036
0.1884758106881467
0.012343448878723268
0.0027678428393786768
0.004417452591886542
0.0
0.0015887127943655073
0.003611688544714329
0.0025239247353887337
0.17383587527409408
0.07817607661802758
0.0189537821117405
0.0023567333846477734
0.0028771665749350228
0.002226733044372641
0.0035498234489075428
0.0011761071015858999
0.14884031981470647
0.11500896935856954
0.03699517147780307
0.007312170296505281
0.0009340758156838733
0.001650422631998202
0.0
0.008309615028097054
0.12107665023149622
0.022443019814455005
0.0064662330576666805
0.007996915048820503
0.0006523868481191296
0.006571904330765503
0.003261218814824801
0.0038163625434455752
0.2628528156173206
0.11820806160157563
0.028659532946308044
0.003563556744758556
0.004350490564903646
0.003366986529210991
0.005367597954211169
0.006357121235689753
0.028999279760104493
0.02459597869628193
0.02119603167412294
0.03327296698701185
0.029474360524446217
0.026585051866184668
0.011247273977294924
0.012564758013197133
0.18307693028658203
0.033935520731168345
0.00977742691470071
0.01209193230983343
0.0009864575976014176
0.009937209765162944
0.004931206210854151
0.015646696841099685
0.012933757511658126
0.011784201471840266
0.018242617017476433
0.005532721007843935
0.03181939843549258
0.016875944043270762
0.007949470278711762
0.008764233286544779
0.03997980273405245
0.033909199968515526
0.02922186937352782
0.045871713626055244
0.04063477194012409
0.03665143196924647
0.015506033205925123
0.01703738351480959
0.13127855475193115
0.10240393028327234
0.038829907222080004
0.014028981385235206
0.0037209919187316644
0.006340424733653045
0.012272916515565934
0.021571289298270246
0.01783110057228186
0.016246267290771044
0.02515014978802867
0.007627675456286964
0.043867754064614274
0.02326598865152096
0.0109595223127005
0.007123394502389048
0.017077153529353864
0.13478096094718342
0.07583304101058101
0.014089403780520128
0.0
0.00590987949569219
0.0022138836221473786
0.01572610394153748
0.12117472119642904
0.09452242771062001
0.03584136944994465
0.012949243014124225
0.00343460635424037
0.005852434929826562
0.011328333404118884
0.08993061697332684
0.02476084269323423
0.04638342865570524
0.025754210817830497
0.023184850708298076
0.007036783536219851
0.012059079742436698
0.021511725122071633
0.006575143552046688
0.01576281306309573
0.12440756524341225
0.0699965627996019
0.01300501500915042
0.0
0.005455026539164877
0.0020434924133798994
0.059149880953112466
0.022849400671785265
0.04235363807087855
0.017465277678307273
0.02168294298385174
0.007689774487738532
0.02223505425404712
0.017877274740516674
0.08126972937578303
0.022376216827160483
0.041916410909180656
0.0232739173141972
0.020952002845039664
0.0063590967449291495
0.010897714039696783
0.019440009842204477
0.024317263975824868
0.03988930908460991
0.08140208783830694
0.040418638428959604
0.022828738318827865
0.007881142136113337
0.005308769486531044
0.005900957585594626
0.05345337304974793
0.02064885877015159
0.03827471466276128
0.01578326089778663
0.019594738340234202
0.006949200534948716
0.020093677800723023
0.016155580035320253
0.010366809367991631
0.24407473335719804
0.0686687671417239
0.014453284004420915
0.005383615921185403
0.0014790940134259696
0.009142085243119677
0.0010458774182506901
0.017817253181402253
0.029226886704781734
0.059643289226606416
0.02961472618187094
0.016726610807980012
0.005774510855224018
0.0038897340637195567
0.004323630134532402
0.017779883534586333
0.04326798769759496
0.06343229972730467
0.013449854021740195
0.00935316643139376
0.010377811405113744
0.013532423443235637
0.009186580531994904
0.007595758609046972
0.1788334955664324
0.05031358836401941
0.010589917544403494
0.003944574027511855
0.0010837318105567403
0.006698403551672566
0.0007663141205445491
0.0
0.21157206274518942
0.16517684506019878
0.010740446151530077
0.005287976600959371
0.0
0.0
0.0
0.01710067308548728
0.041615104578392945
0.061009118456102344
0.012936055302381183
0.008995865532318275
0.009981367978956253
0.013015470484213205
0.008835643391339104
0.0
0.04969814898946879
0.21685981576937047
0.03451904235759731
0.001787584872589217
0.0
0.00258174163475342
0.0
0.0
0.20348978507028584
0.15886691401392028
0.01033014969261828
0.0050859702742600855
0.0
0.0
0.0
0.0030198451411684764
0.044499292686862486
0.08309181971267016
0.009103320833306514
0.0016088263853302953
0.0
0.001402930968064536
0.0005652839776794958
0.0
0.07451927716499177
0.32516777879778136
0.05175915274955152
0.0026803721121414384
0.0
0.0038711606842612395
0.0
0.0002680372112141438
0.0813525655421061
0.14335156510655317
0.06786432171208046
0.0024123349009272945
0.0
0.00037906185283233663
0.0
0.004528069589025809
0.06672391613782397
0.1245910052831965
0.013649862260318012
0.0024123349009272945
0.0
0.0021036075543719927
0.0008476080953951364
0.010080863317667813
0.00419544584330331
0.002115596780998362
0.0
0.006968967491567739
0.0005993494335740662
0.004757040364435722
0.0028003620253231223
0.0005322784331501815
0.16155300200054723
0.2846729605897197
0.13476753717918066
0.004790505898351633
0.0
0.0007527553662368279
0.0
0.007005996296243987
0.012308408811035156
0.15929937916790696
0.03836735734832389
0.0015968352994505442
0.0011902107769558028
0.010518315367779738
0.008416060331331136
0.020018959707957962
0.008331475057975416
0.004201232114998047
0.0
0.013839239261904718
0.0011902107769558028
0.009446710701638585
0.005561064839991163
0.026343749905502173
0.027448950911650737
0.0034484769391188203
0.0
0.015943081626940338
0.02435287132506539
0.010735268210588388
0.003366424437104617
0.012050354728574542
0.021170535359375346
0.2739958666612639
0.06599207971222466
0.0027465660825148805
0.002047169518456487
0.018091564135812487
0.014475673140734543
0.0027465660825148805
0.0033009615841072576
0.026926566137012973
0.03674582661127636
0.08418492982856955
0.032421753602614886
0.003884230828231973
0.0
0.045311404376896895
0.04721235659087504
0.005931400564965921
0.0
0.02742219392468827
0.04188708153952315
0.018464724298146357
0.005790269780159724
0.021318281260912605
0.004094339036912974
0.012615226238626981
0.07295351022414655
0.06102484605315251
0.013536809394667155
0.015865471054686244
0.005790269780159724
0.0028450251135574657
0.003419294611355014
0.02789183095551931
0.03806309274444448
0.08720279518126457
0.03358401016171867
0.004023472918975072
0.0
0.028450251135574655
0.002120556548337298
0.0
0.0029989198227743765
0.035451057892490756
0.029079159154152736
0.12602083078255824
0.11354427534993525
0.022082500017492034
0.004241113096674596
0.013067457466466545
0.0755687511147818
0.06321246762547408
0.014022077579143786
0.01643421721266991
0.005997839645548753
0.020214953052881963
0.008482226193349192
0.03431466420705915
0.055471000440638844
0.025232803005338263
0.014022076674734658
0.05058870332810386
0.04235136308960291
0.012245035800186767
0.0009126910946048565
0.0
0.001290740120949033
0.015258194768806028
0.012515718866069572
0.05423957690735988
0.04886964652581573
0.0
0.0
0.0
0.0
0.0
0.04084916925239414
0.43087862466706267
0.08102601623428334
0.008700549694695503
0.003650764378419426
0.014769089020849502
0.023874811615228957
0.010860240729231311
0.006035125316007921
0.021773462750319127
0.018228097697543265
0.00782142568641904
0.018637212235935736
0.00932728737675489
0.0
0.013889233983786293
0.021142848825097642
0.10194168560223449
0.021262228395084126
0.0
0.0
0.0
0.0
0.0
0.019450652948431856
0.20516624314961973
0.03858117436438886
0.013328919191212582
0.009426603472926509
0.002895751654214186
0.0024615256842506783
0.007338087674025232
0.00608440079601127
0.10376549882700972
0.06250607836220899
0.0037242333044403544
0.008874255064714872
0.004441261181949636
0.0
0.0066134679084657085
0.010067333616926173
0.048540334697528845
0.010124177137307044
0.02071382746232267
0.009407064740731578
0.009827787307081504
0.0019820126934163716
0.0027485570667334265
0.03570540868909483
0.06138254417356106
0.2948425500604386
0.013813559038624213
0.009769355019634133
0.003001041259448312
0.002551026821957443
0.00760490073212955
0.006305629766722874
0.10753841505500125
0.06477880099224277
0.00936677674278284
0.005644672610368608
0.0063566637378049675
0.013607960211192252
0.003281238851964316
0.010999906845148169
0.033633845671004685
0.045136380273228666
0.02146698276596268
0.009749105858629955
0.010185125908401708
0.0020540787263426197
0.0028484946729499935
0.03700365827487228
0.06361441507136233
0.30556303282590935
0.04020543219346957
0.0036468682110441346
0.003658161071477424
0.002297886377509346
0.0016113519199451093
0.02376742084202613
0.06362842982042191
0.06530912401411314
0.016991371484414035
0.01023945930008099
0.011531014129675847
0.02468489571630365
0.00595218075479121
0.019953876198007134
0.061011934194526864
0.0818775792083578
0.007990221275018637
0.018441362423536226
0.007501015421106433
0.019662241416637142
0.01913294933493844
0.03264435455209224
0.04989180093784925
0.0068500618018465615
0.07293281913834752
0.006615433913944407
0.006635919209154577
0.0041683753271176864
0.0029229990012313344
0.04311419902950422
0.11542223304102739
0.11847101921164993
0.033525480795016174
0.004166414955101146
0.002883875362797073
0.008918155319884614
0.036397492004488476
0.023694891819313536
0.06833063223050596
0.05744327381189332
0.010557067738879326
0.02436562212753509
0.009910705246496987
0.025978706645161432
0.025279380285124848
0.04313130393220901
0.06591946630593519
0.009050633764511765
0.0015265927197913411
0.02882097350213913
0.09329205053482559
0.09309324427984109
0.015495834912185674
0.0
0.0
0.0
0.0442954906440508
0.005504869439198362
0.003810315948410687
0.011783099188032097
0.048090131097878415
0.031306839872382274
0.09028174418063532
0.07589683838558478
0.022701836085100187
0.08632822593546184
0.06662928765325508
0.027850668743475287
0.018052774021367568
0.011551257387008775
0.007967828782451322
0.0015265927197913411
0.001497499454569428
0.02827171356189385
0.0915141235644436
0.09131910608889521
0.015200520759897028
0.0
0.0
0.0
0.0
0.0
0.0
0.0
0.15707737448098438
0.08642363924567693
0.012038620466430302
0.0
0.022269192505915233
0.08468301307631698
0.06535949020688167
0.02731990052883823
0.017708730626042914
0.011331117600902128
0.007815980713869982
0.001497499454569428
0.004261958112485185
0.018149875561167397
0.01101503252649385
0.0072831849175028
0.025917744100308615
0.11983818453089526
0.08503720799337326
0.007168683776492593
0.0
0.0
0.0
0.0
0.14748386676724237
0.08114531159032495
0.011303361179794512
0.0
0.0004446287587787415
0.000994220143977967
0.0028806200153400044
0.004537822741680703
0.05850774012541722
0.11896315992021744
0.06299211587622625
0.004218118612000207
0.004001658829008673
0.017041371094659422
0.010342288919343539
0.006838364070977058
0.024334816713276166
0.11251906201884207
0.07984355668913486
0.006730856092305751
0.0
0.008661728443848438
0.0038350633987367755
0.009744300858818899
0.005407698224998401
0.00777933090025519
0.1449721512017133
0.06447621768826987
0.0004962349183285684
0.0011096150264833311
0.0032149612678545247
0.0050645084312416445
0.06529848344149362
0.13277070540660676
0.07030334151808218
0.004707697609744032
0.04124217901446438
0.037670652066797435
0.03572997040583714
0.01084962078428808
0.03357469228155364
0.07478069254785252
0.023044916088427476
0.006620599701358958
0.0
0.00966705824140423
0.004280182815174248
0.010875280209329064
0.006035346643789627
0.008682244586567696
0.16179844913562674
0.07195969668393691
0.0
0.018238876436968362
0.05041274583793893
0.005661290246712551
0.0035541722887700335
0.029117206246720963
0.04298215494326713
0.030255789992683777
0.0487386083167258
0.044517898908187505
0.04222446714485067
0.012821713847975055
0.03967743255979104
0.08837328605903716
0.027233700201237207
0.007824000171116001
0.033061386291607216
0.08857998206761042
0.04188093871863604
0.004835855194800297
0.08006501744792491
0.015083581719661125
0.0089099701861798
0.0
0.0
0.021554085551270072
0.059576073143570406
0.006690320795248274
0.004200200261285182
0.034409726751793095
0.05079485285328888
0.035755266404555126
0.07126337273928897
0.06533370549234477
0.03335860072732992
0.001854465880081307
0.00972650062556293
0.007359638268548738
0.012440135155408826
0.001854465880081307
0.08850213537202814
0.015803290107642688
0.009445819596063809
0.0
0.0
0.002789787785395705
0.01817505960655853
0.09740049032529868
0.07016279482866337
0.0677169988484672
0.032032421385948785
0.01168528151776149
0.022354484644440554
0.004851072940121366
0.0
0.0
0.10661289111410607
0.25862873797264
0.011294312929622272
0.008208688184938848
0.011517070506799553
0.0008650764893358938
0.006936467985557882
0.0038880350541668322
0.01928656810846691
0.06530713581815567
0.021760639075801235
0.007238008570115303
0.013514221883806335
0.00312504687136964
0.0069722083426234
0.013924758935433124
0.09503598843132353
0.09172314094503237
0.04338813520322681
0.015827794229842478
0.030279303286666472
0.006570811680787539
0.0
0.0
0.03573858113291176
0.04673683259045034
0.02458798858581405
0.03094686226495109
0.04803710413946673
0.023812108294285195
0.05612135874824218
0.010443378588900888
0.026123789226357885
0.08845896488663797
0.029474935377306295
0.009803932417673373
0.018305106541780348
0.004232897492753521
0.00944390418039107
0.01886118180338173
0.10748154520687472
0.027832580531381733
0.04771778934772302
0.016324207612151625
0.016273750085978776
0.00351525604894412
0.002223243080526837
0.014676857288228295
