0.012616218222953694
0.01111800156016264
0.006755772947051892
0.0016119120554863764
0.0036094782879872345
0.0
0.0020116348430165064
0.0012995650336604405
0.044362878652822436
0.22952758375029345
0.015222722938679597
0.004401302752974014
0.001529194026421892
0.006409514719810971
0.008025732076612339
0.05913337797200167
0.011770716642718074
0.005532676048854455
0.0009303314260717023
0.0
0.005648403656549757
0.0022795878960466852
0.003640034916758012
0.011484572215049576
0.27859297437094876
0.008902874085006956
0.0010813034169448042
0.0
0.0
0.0
0.006079112679358554
0.25642219657769855
0.030623185059820025
0.1584402520072125
0.010508070617186928
0.0030381686852064445
0.0010555850541161757
0.004424414315952516
0.0055400705744553125
0.0408190909120295
0.11566192247428272
0.08235116668953481
0.021112651392354534
0.019330820084194105
0.015379639023317545
0.005533662692974967
0.00850927467012256
0.006211404881431772
0.19230952701002146
0.006145551617672098
0.0007464113161378397
0.0
0.0
0.0
0.004196341586315239
0.17700529401386864
0.053805474790661445
0.009149082307595388
0.0016260655279013196
0.0
0.0
0.0
0.004254067551716411
0.022222579952439443
0.2456534764168392
0.17490501585571444
0.04484099952654601
0.04105658157918482
0.032664698210892046
0.01175290405664597
0.01807278367663431
0.013192355529932604
0.11621028137974819
0.02122928615183373
0.009411156832264114
0.004636095504843529
0.001928927270997456
0.005704809431607033
0.01511466309848193
0.0050053841395612
0.11427703819745418
0.019431666245944806
0.0034535881927724218
0.0
0.0
0.0
0.009035181679809694
0.04719836834358101
0.014380919336112314
0.0016710501901787101
0.005591416581682936
0.0
0.002615607234934599
0.0
0.011611290566898585
0.009353976486438364
0.2356247454376008
0.04304391217332965
0.01908180073697
0.009400018743466612
0.003911039469143109
0.011566913479022714
0.030646071953970348
0.010148778143368677
0.03748775752352459
0.09800346222350288
0.029292048862858903
0.006986856806174147
0.021691095537139753
0.03231204814372189
0.021867558468024486
0.040067743951620216
0.029158353439118725
0.003388175047848475
0.011337001279511719
0.0
0.005303332730795831
0.0
0.02354273091454951
0.01896586345268446
0.07197380134651485
0.0
0.0
0.0
0.0
0.0
0.009507983722815116
0.17568993666045177
0.03038577247995038
0.07943689092371158
0.02374272538601121
0.00566320994605174
0.01758175834921019
0.02619059149217484
0.017724790710258835
0.032476985339409334
0.1791295891956613
0.05105360429435843
0.0026053608806392474
0.0
0.0
0.0
0.005492583335322918
0.06048692325811869
0.05833850026531882
0.0
0.0
0.0
0.0
0.0
0.007706714117621852
0.14240580912398781
0.0634603743756151
0.0
0.0
0.0
0.0
0.0
0.016263195022340814
0.17985383546970707
0.21800271050109815
0.06213280657314329
0.0031707532874007223
0.0
0.0
0.0
0.006684535258134564
0.07361326109969762
0.11107123183672277
0.006684535258134564
0.004227671168656309
0.0
0.0007473537507863478
0.0
0.03021289807110642
0.011618869234180635
0.07723198431604292
0.0
0.0
0.0
0.0
0.0
0.019792489963261405
0.21888412630471415
0.04084221650362079
0.003342267629067282
0.0
0.0
0.0
0.0
0.08099989090897187
0.030739441722459238
0.17384550168228055
0.010462442580735708
0.006617029478372759
0.0
0.001169736623886355
0.0
0.04728836023146133
0.018185520387189267
0.09648786798694486
0.006833155704332291
0.014143088718933614
0.0
0.0
0.0
0.05220661403573411
0.09314014481121799
0.06392506412754818
0.005231221290367854
0.0
0.0
0.0
0.0
0.12677870262553934
0.048112491230220863
0.022604639072683255
0.0
0.0
0.0
0.00467894649554542
0.01628192289050934
0.13492731505520994
0.05707873770840847
0.09892684257823167
0.0070058809752795975
0.0145005910116826
0.0
0.0
0.0
0.05352626807915748
0.09549449724290475
0.07853866315755538
0.0026817268112615737
0.007769945663998635
0.0
0.0011993046718044875
0.0
0.034311979292764805
0.06384576725781649
0.023176028424461065
0.0
0.0
0.0
0.00479721868721795
0.016693489619630315
0.13833794376901604
0.058521546984620976
0.016790265405262822
0.0
0.0
0.0
0.0
0.008648308899909078
0.13602400823394648
0.13920818812349794
0.09006822159803313
0.003075407130594358
0.008910581868013155
0.0
0.001375363860305936
0.0
0.03934901397809911
0.07321839311088746
0.04605657806824318
0.034521150731437016
0.08628453341468036
0.0043492824627915
0.009627547022141553
0.0
0.020835050256783234
0.01569082378391103
0.019255094044283105
0.0
0.0
0.0
0.0
0.009917889751734582
0.15599247585473056
0.1596440967045124
0.00687681930152968
0.0
0.0
0.0
0.0043492824627915
0.02410305700312184
0.14735403823963367
0.03914353888600053
0.051599094263768956
0.03867547667231937
0.09666814079353599
0.004872681497196958
0.010786140159789325
0.0
0.023342370781371646
0.017579080545292808
0.0843972581762087
0.04854190694943693
0.1087984573992812
0.00635319915667418
0.0015408771656841894
0.0
0.018630486567861558
0.009745362994393917
0.007704385828420947
0.0
0.0
0.0
0.004872681497196958
0.027003654255560734
0.1650868394522889
0.04385412980103518
0.012327017325473515
0.0034455061380346836
0.0
0.0
0.08829812664205884
0.05245750269395308
0.06854496942319244
0.004872681497196958
0.0908938430001966
0.05227848113241249
0.11717335514462898
0.006842244631810921
0.0016594881185342583
0.0
0.020064591643260785
0.01049552453638913
0.06306054850430182
0.0037107282953775067
0.0
0.0
0.02211194136612894
0.022264368980959442
0.07412791952712408
0.020991047490167062
0.013275904948274067
0.0037107282953775067
0.0
0.0
0.09509498570982258
0.056495484771455086
0.07382130443381198
0.005247762268194565
0.004978464355602776
0.0
0.0
0.0
0.023771427902052
0.029685826363020053
0.18299414216811116
0.005247762268194565
0.07497295321933951
0.0044117005877302015
0.0
0.0
0.02628898074869223
0.026470202585594634
0.08813099750591154
0.024956345271844114
0.04372556245723749
0.013235101292797317
0.009992109295065233
0.0
0.03354053170338873
0.03529360470184161
0.09038016984569966
0.012478173576708636
0.00591891735942154
0.0
0.0
0.0
0.028261951320259587
0.03529360470184161
0.21756251072327806
0.006239086788354318
0.013810807171983594
0.0
0.0
0.0
0.04799167585166472
0.04852871069857182
0.11251377718803379
0.0
0.03775120632801031
0.011426749288019884
0.008626857116336543
0.0
0.02895778719654222
0.030471332517711766
0.07803125330045635
0.0107732429000026
0.07163637137295924
0.019901220484736967
0.10740593613023737
0.09405616573726212
0.049817975503739065
0.0076178331294279415
0.008626857116336543
0.0107732429000026
0.011923794727987972
0.0
0.0
0.0
0.041434427718912134
0.04189808586695193
0.09714067878539522
0.0
0.003406798493710849
0.0038089165647139708
0.008626857116336543
0.0
0.06385504082522363
0.09141401379801642
0.06061517472993393
0.0
0.05443996685880839
0.01512390651388969
0.08162300087657094
0.07147786030290132
0.03785910541555183
0.005789162336864722
0.006555968797804228
0.008187111870652625
0.01444952358042289
0.008683743196665178
0.0349076190051459
0.06970641193160704
0.18977111155965634
0.02315664934745889
0.015709438025549846
0.0
0.0025889920655900963
0.002894581168432361
0.006555968797804228
0.0
0.048526554872448856
0.06946996038765285
0.046064422865004305
0.0
0.05048534527900688
0.005789162336864722
0.013878743439284151
0.0
0.0038834880983851447
0.0
0.08252186537419649
0.029898678740858164
0.011798131461214823
0.0070903336874368564
0.02850230152769224
0.05691574584320132
0.15494936627219674
0.01890755717183159
0.012826859929026104
0.0
0.21664736630997777
0.0589058683817162
0.025526550583514725
0.010049904720309377
0.012813693433591665
0.0023634446464789486
0.011506484817742418
0.011863935714388221
0.04122161794133784
0.004726889292957897
0.01133208570523368
0.0
0.0031708936877952185
0.0
0.06737964824172754
0.024412468711369775
0.12012506440806411
0.061212309370643724
0.01432163314481857
0.0
0.004227858250393625
0.0
0.0038582183662713944
0.0033424154644275525
0.18386381617027128
0.04999210440430475
0.02166381749239998
0.008529131304462126
0.010874697505277751
0.0020058030679545066
0.009765298537109304
0.010068659187507186
0.060215673305741305
0.06579260094437896
0.07235259044218185
0.02529013958795745
0.013800836796045626
0.006017408989996717
0.03310513712831453
0.0076672472315363095
0.10194747868831623
0.05194952973200982
0.012154452503379968
0.0
0.003588089554858056
0.0
0.003274384381049441
0.0028366338949022164
0.0535251326674422
0.0020058030679545066
0.0
0.0
0.0
0.0
0.038573461493281905
0.1491389237327085
0.059929108960858624
0.06547949619020599
0.07200826692070672
0.025169784672282636
0.013735159082284771
0.005988772344910077
0.03294759090467175
0.007630759062271759
0.05067451537121949
0.015907908240627072
0.07855648353753611
0.032140232441265945
0.05025106842547199
0.024453408096129562
0.03236366942132488
0.011914001595238165
0.053270408378306974
0.0019962575192530316
0.0
0.0
0.0
0.0
0.038389891699641056
0.1484291766580728
0.008179654962533062
0.003992515038506063
0.013768918639408401
0.012150320197895722
0.06573696517413222
0.02839657068411593
0.025296766991125593
0.02124118606553698
0.04842497131868963
0.01520172407470572
0.07506920262256381
0.030713462629941016
0.04802032203783128
0.02336787193769249
0.030926980791321078
0.011385115009267558
0.06411100759113007
0.024236911585059855
0.012529672459717365
0.025783373226988142
0.08232278644533624
0.021206310128855405
0.06420009363343551
0.04447104350978805
0.007816543563481318
0.003815279234794593
0.01315768854064676
0.01161094295201024
0.06281876856276769
0.027135989576891825
0.024173792428542205
0.02029824692872686
0.009522788282858699
0.003815279234794593
0.0508470188406914
0.02408561761922593
0.0725674124507991
0.010706534447048974
0.013429096032067345
0.022227060305708878
0.07471059232358136
0.028244042460886472
0.014601225066621176
0.030046183304015966
0.095933356347837
0.02471238637877136
0.07481440711667976
0.05182351871699009
0.03716722808296589
0.007193885605184406
0.03451188429707598
0.0031438434149637837
0.02225391486700755
0.018833838639321625
0.0497163522326862
0.0031438434149637837
0.01109720748302301
0.004446066006780411
0.05925364517281321
0.02806773479973532
0.0845651093516571
0.012476664465690344
0.015649351907312967
0.025901898963154365
0.01888924078752715
0.009392098618735455
0.04160261973773254
0.01353059945848377
0.031303281313539856
0.010253631699328873
0.031784191756603686
0.030934883670002838
0.044091344395072674
0.008534079728757386
0.04094131994101213
0.003729529746580127
0.026399736411593034
0.02234251270699796
0.05897832368518089
0.003729529746580127
0.03941112206260147
0.007911527062361725
0.013613832934190825
0.0
0.08615960506061322
0.024357133853480838
0.045739681012606136
0.044553596685331674
0.022408236069291855
0.011141811648336027
0.049353033013357764
0.01605129979733978
0.03713496615917101
0.012163845136531553
0.03770546842856226
0.036697937405257335
0.10523887421002824
0.0702894274853297
0.042315245718298214
0.0
0.003729529746580127
0.004252318074169828
0.020773990259897793
0.06024963220740578
0.04545920139739151
0.00912563975005676
0.01570302850456248
0.0
0.09938176417684036
0.028095009615555205
0.05275894879881164
0.051390846509762014
0.023126291410935744
0.0
0.014585002105890154
0.0
0.05532699605814942
0.052687355835917146
0.08343780480211375
0.0
0.12138896147004641
0.08107612960340141
0.0488089954463289
0.0
0.004301867975188458
0.004904884043453553
0.023961992392708017
0.06949561497601357
0.03128851190891306
0.015209399799652934
0.03189968571403451
0.0
0.025847031576928182
0.0
0.010737294853638632
0.0
0.034629180261141465
0.0
0.02183950111409419
0.0
0.08284633648173842
0.07889375387971272
0.12493930530167185
0.0
0.008148042414386228
0.0
0.011990555739321396
0.0
0.14466528475086096
0.05847279329092413
0.06412963088675744
0.021281995111618497
0.04685124388272081
0.022774470751367192
0.047766412142618724
0.0
0.03870320146833458
0.0
0.016077965653751743
0.0
0.09232659800441248
0.022774470751367192
0.02592690908587984
0.0
0.028518148450351798
0.0
0.0
0.006441593203395731
0.007519096585372011
0.0
0.011065007044767042
0.0
0.1334985992060531
0.0539592896073639
0.0591794769956543
0.019639241996475112
0.045419624038085915
0.008406605670566697
0.05969495491726995
0.02377746965222375
0.060152772682976086
0.02101651372824366
0.02058511486931649
0.013694875031592255
0.08519992563714282
0.02101651372824366
0.023925615953187762
0.0
0.026316838048802037
0.0
0.0
0.0059443678612290185
0.059493176640048474
0.03362642268226679
0.04176825038561543
0.0
0.0037595482926860053
0.012609908057676965
0.08928471134202035
0.059443673234213214
0.04662730487328225
0.008630132323911143
0.06128220832454264
0.024409698452364726
0.06175219919280885
0.02157533034968812
0.021132460851245854
0.014059013627327753
0.009648781123876383
0.0043150661619555716
0.036277556790950065
0.028232729466479298
0.13633555764897182
0.025890396051553955
0.04675103588610736
0.0
0.061075064882736035
0.03452052929564457
0.042878843363401684
0.0
0.0038595124495505533
0.012945198025776978
0.09165873880366067
0.06102424521073234
0.030876099596404426
0.017260264647822286
0.03820721731706002
0.0
0.009648781123876383
0.0
0.04912356407030063
0.0
0.010296228883821524
0.004604613606830227
0.03871183554378253
0.030127188177432578
0.14548387910713712
0.027627680659056457
0.04988810087607519
0.0
0.10182488987234437
0.016633943383362063
0.029975197985355993
0.0
0.051734649935483545
0.004604613606830227
0.09378128312822738
0.043028601301673707
0.03294793242822888
0.01841845442732091
0.0407709792003568
0.0
0.010296228883821524
0.0
0.05241982927825885
0.0
0.07068269377680425
0.013813840329528228
0.03203434556962988
0.0
0.026770195097935965
0.004604613606830227
0.03589173150802379
0.01302381399125352
0.07991925018148631
0.013055474790360162
0.02352661859035208
0.0
0.040604948715672315
0.0036140207693294937
0.07360606859542726
0.03377183669630337
0.08612192200421644
0.007228041538658987
0.002285707355769597
0.0
0.0016162391987334102
0.026110949580720324
0.11673590707025525
0.09124782649730027
0.05547669037041647
0.010842061922647028
0.02514278072079484
0.0
0.021011109583534332
0.0036140207693294937
0.02817032528522829
0.010221994347246799
0.11405372092988281
0.0383536236437397
0.015042557355506752
0.0
0.0016162391987334102
0.0
0.035398369135936
0.04160962636624454
0.021753806122896836
0.00182575365970739
0.0005773539827485111
0.0
0.00040825092333345015
0.006595446567436281
0.029486688532827984
0.023048574399684392
0.03634707755920179
0.0035119073034715655
0.0023094159309940444
0.0
0.0
0.0
0.14253648417628997
0.3701734015758062
0.02880918673159872
0.009687861968705452
0.003799646694928948
0.0
0.00040825092333345015
0.0
0.008941384972947842
0.010510305898341937
0.032574129746440264
0.00182575365970739
0.0
0.0
0.0
0.0
0.1202016153788554
0.14466718072956034
0.025924725881219607
0.0025048845815584435
0.0016472018928956498
0.0
0.0
0.0
0.10166482502821236
0.26402793866275703
0.0
0.0
0.002604454956657981
0.008994486394831878
0.04768353192690056
0.06090448231711165
0.019699732554294497
0.0046103116138937325
0.02323365291529344
0.0013022274783289906
0.0
0.0
0.0
0.0
0.08573437366734614
0.1031845544752256
0.0
0.0
0.0
0.0009208138782208798
0.005742257913715266
0.056301386672218554
0.10232649147986486
0.08098729299020542
0.0
0.0
0.004814801613926618
0.01662791959583296
0.08815155197537622
0.11259284750007033
0.03641848512444659
0.008522987023651259
0.030514880341553294
0.01841655717381475
0.00703986522902931
0.006809157211777524
0.026958103164460973
0.020261389646687496
0.012711826114699815
0.01611996214256284
0.0
0.0
0.0
0.0017022894312877668
0.010615592563757244
0.10408320048796409
0.18916885280170387
0.14971952116121615
0.013457779436054631
0.0038952561623491946
0.013483752030400826
0.0056240923962923
0.014883825386783846
0.019775863537055946
0.06762895170893707
0.0
0.050469446106133686
0.030459678338593164
0.011643437391662192
0.011261862707029191
0.04458678911906553
0.03351090030054554
0.02102445809472009
0.026661273171670507
0.05898026755182138
0.01238325734536825
0.042213421004123744
0.022952692537870807
0.04853916367381676
0.019838641800486286
0.011536356936555511
0.005415656870419198
0.022258211939677554
0.006442477203083168
0.022301168767163676
0.009301849619382843
0.024616790719919127
0.03270787457837675
0.11185348575136425
0.0
0.2327461775496301
0.027536148331336843
0.015198857814115653
0.008446397242542744
0.016300552019355943
0.005191462341641568
0.004509064200262191
0.009111039351814482
0.042869979992595716
0.009000806823615485
0.03068294853487689
0.01668323170982862
0.03528083309770598
0.014419774822483935
0.008385234784210552
0.003936386037544601
0.0071185164404701734
0.013004108916282325
0.03470661624928555
0.014021486482956723
0.027466319574730006
0.11922547332860386
0.16582684452398733
0.01970871426051228
0.16917223995532124
0.02001472996032728
0.01104733426020757
0.006139288542209082
0.011848103915840496
0.0037734295885135456
0.003277426503376387
0.006622385603470821
0.09660419558609529
0.005788177052198168
0.007321528961307381
0.0
0.006681410666757218
0.0261337553291478
0.03473794322766716
0.028499946931412046
0.010024626004392757
0.004711948293100693
0.0007923242814847499
0.0
0.0048105086459443065
0.0019414294639524704
0.0031000651694393167
0.009780928788863209
0.23726595926917426
0.007582204701326165
0.0009209007982406542
0.0
0.0
0.0
0.005177325467845018
0.21838403709315055
0.00705577363880245
0.005578864564051659
0.02880776716234248
0.01685068258432381
0.006728810696330203
0.0
0.0
0.0013727979356481684
0.24236966700731544
0.030475963183378994
0.012121289317842858
0.0
0.0
0.0
0.0
0.14414584809828548
0.21321215934328397
0.006813527915812504
0.0008275407409416498
0.0
0.0
0.0
0.00465245307848773
0.1962444686888712
0.05965373449236209
0.01014352031925176
0.0018028069010821836
0.0
0.0
0.0
0.004716453432108891
0.024638011082994744
0.21779845798830616
0.02738633868258767
0.010892444400547117
0.0
0.0
0.0
0.0
0.12953247751202962
0.051872427238997654
0.0036947529000279505
0.004361362484610855
0.0006168124856661138
0.003737664105107193
0.0
0.005447926490388764
0.021954410048397106
0.23465680252279628
0.03990103997169519
0.007091608037182338
0.0
0.0
0.0
0.018552868333298497
0.09691726679738732
0.029529821580776213
0.0034313393194957895
0.011481431067224589
0.0
0.005370895501725725
0.0
0.02384265781270684
0.019207482516202856
0.20404787761540882
0.014533857922061794
0.017156065483422463
0.0024263232951673864
0.01470265550467725
0.0
0.021430225978183292
0.0863609245434723
0.029483778426120946
0.025475152676553363
0.002170169465896036
0.004852646590334773
0.014672600572786234
0.009629112409035284
0.054309439004866046
0.008764974944916393
0.043132548047598585
0.005011964182069942
0.016770280030565576
0.0
0.007844964713150378
0.0
0.03482562808163088
0.028055288456021635
0.106467378249898
0.0
0.0
0.0
0.0
0.0
0.014064702439950366
0.25988966250473994
0.04306529540352152
0.037210121430488664
0.003169844372514887
0.007087987702299157
0.021431441685408566
0.014064702439950366
0.07932674028889053
0.012802505491388299
0.07657195980712518
0.014064703508741989
0.017898409895538887
0.0035439938511495784
0.0011207092447357684
0.0
0.04729928776649652
0.1052784458982916
0.06477598289505594
0.0
0.0
0.0
0.0
0.0
0.008557127447393955
0.15811987305158443
0.07046304081135989
0.0
0.0
0.0
0.0
0.0
0.01805779095785863
0.1997001794185955
0.04658726494668805
0.008557128097659126
0.010889599352402928
0.002156206801142569
0.0006818524515269046
0.0
0.028777433103682557
0.06405262271715931
0.0
0.0
0.0
0.0
0.0
0.0
0.19683139676227812
0.1217916284144742
0.07450854442404665
0.0
0.0
0.0
0.0
0.0
0.01909454522954459
0.21116559146992836
0.03940199296555479
0.003224408880890087
0.0
0.0
0.0
0.0
0.07814358291556175
0.02965547343411306
0.0
0.0
0.0
0.0
0.0
0.0
0.2081321030264847
0.12878406682008905
0.018745993081570538
0.0
0.0
0.0
0.004560002758338583
0.024275748925728282
0.10402296931478687
0.05628405387370332
0.055984865954291634
0.004581445896309556
0.0
0.0
0.0
0.0
0.11103138916197203
0.04213638905197696
0.019796893529965918
0.0
0.0
0.0
0.0040977697235899495
0.014259528448567545
0.11816785403400314
0.04998892880372278
0.02663550320333467
0.0
0.0
0.0
0.006479142905283018
0.03449253317554367
0.1478024727923489
0.0799719753830234
0.02096821384684999
0.025366142498399986
0.03204220345544501
0.00422388424787204
0.030064968678142876
0.052775585415564576
0.09118994514177085
0.02794105336571002
0.018276522232258955
0.0
0.0
0.0
0.003783067244489963
0.013164418362774438
0.10909274266297009
0.04614985514091525
0.01324073535571487
0.0
0.0
0.0
0.0
0.00682002140253704
0.10726798246350135
0.10977901383941546
0.019357886931231763
0.02341806135477328
0.029581410989434852
0.003899496365218601
0.027756024834225262
0.04872250076548793
0.08418669612074833
0.025795222985775804
0.06913645440344553
0.0192120771256611
0.010097592406195288
0.0
0.002837300433367472
0.004229597823166013
0.1074399525288813
0.09675415564629186
0.015160044929109249
0.0
0.0
0.0
0.0
0.007808616976497681
0.12281700297708165
0.12569202067470753
0.005414301760396161
0.0
0.0
0.0
0.0034243051419882552
0.018976974418086406
0.11601573251530177
0.030818743696154033
0.07915812278078413
0.02199696199507715
0.011561287982973067
0.0
0.0032485810562376963
0.004842698785878537
0.12301390094744225
0.11077914536240055
0.04673871870880949
0.004842698785878537
0.007015536315251725
0.007889052643500453
0.014343797796116664
0.007808616976497681
0.06295331159355498
0.04767843911902375
0.007981497561804737
0.0
0.0
0.0
0.00504794234809234
0.027974923037408426
0.17102469111993465
0.045431477326956446
0.01277039609888758
0.0035694342744960125
0.0
0.0
0.09147403806098857
0.054344296764790204
0.0710103982989803
0.00504794234809234
0.06889992208135531
0.007138868548992025
0.010341958847679219
0.011629653688611711
0.021144921765193326
0.011511079381438668
0.09280267802338528
0.07028521172622995
0.08098513287205211
0.0285554741959681
0.050977102480903834
0.0
0.019673681770350365
0.005755539690719334
0.024619694423313424
0.0
0.01488287632482313
0.004159890456454712
0.0
0.0
0.10660568277223968
0.06333393588162174
0.08275694563242364
0.005882973486471567
0.005581078621808674
0.0
0.0
0.0
0.02664882152358915
0.033279123651637696
0.20514452285297247
0.005882973486471567
0.09438170181652485
0.033279123651637696
0.05940973997566251
0.0
0.022928104216560483
0.006707621653728368
0.028692286787332245
0.0
0.11192346641374781
0.020799451838729284
0.028940400134075537
0.0
0.0037207190812057825
0.0
0.03505617848006954
0.0
0.006851813399111443
0.0
0.0
0.0
0.032716391357103705
0.04085632201201315
0.25185310684313567
0.0072224455688030065
0.0159875645979267
0.0
0.0
0.0
0.055555769354141846
0.05617744766731692
0.13024736777148588
0.0
0.137406899062854
0.02553520071297501
0.03552973087306978
0.0
0.0045678755994076285
0.0
0.043037987763293865
0.0
0.038826942594964844
0.0051070402515016435
0.02313398135158654
0.0
0.061666320592002985
0.0051070402515016435
0.022609828935420115
0.0
0.01677857013886439
0.0
0.0
0.0
0.05830446326064725
0.05895689991649485
0.13669152560232617
0.0
0.004793877182532683
0.005359717706656601
0.01213928371851791
0.0
0.08985363348223721
0.12863324781874616
0.08529465525756598
0.0
0.040747956051527805
0.005359717706656601
0.02427856515113705
0.0
0.06471734196419122
0.005359717706656601
0.02372847961282785
0.0
0.004793877182532683
0.0
0.018918849158904526
0.015159570903751873
0.10067142083318634
0.028004006389709863
0.06387176972105563
0.007579785451875936
0.003223779693333825
0.0036042953223079347
0.008163408208697712
0.0
0.06042464334458818
0.08650310310756991
0.057358828167554075
0.0
0.0628637040200096
0.007208590644615869
0.017281633212868294
0.0
0.004835669540000738
0.0
0.10275516769060739
0.03722945105292214
0.003223779693333825
0.0
0.012722520710783005
0.010194486629161031
0.06769937356001034
0.018832094293129476
0.042952396643430195
0.005097243314580516
0.02417834770000369
0.0
0.0
0.0
0.0
0.0036042953223079347
0.21093648107926385
0.1491046438299168
0.05063315786560687
0.005806112028988845
0.013919378062166908
0.0
0.0038948582973543744
0.0
0.0827634754950069
0.029986217035707582
0.1475514949084578
0.07518803672609024
0.017591485927283615
0.0
0.005193144396472499
0.0
0.004739109947052776
0.004105541177535677
0.019474291486771874
0.0
0.0
0.0
0.0
0.0029030560144944224
0.1698974044339224
0.12009535688721434
0.07787022892738418
0.0029030560144944224
0.005508161178604007
0.0
0.02466743588324437
0.01161222405797769
0.050818131343985024
0.07287698009797637
0.1259001106253753
0.06415510833958302
0.015010149681531873
0.0
0.0044311137234839225
0.0
0.004043703298092171
0.003503103026841287
0.06610090029466485
0.002477067911804385
0.0
0.0
0.0
0.0
0.047636323445087975
0.18417921892804315
0.06644372151202786
0.002477067911804385
0.004699905630633439
0.0
0.02104779018654863
0.00990827164721754
0.04336118967789479
0.06218317111643554
0.11791665492316025
0.008948287721814094
0.016174812135908843
0.007006206053682574
0.003323335292612942
0.002477067911804385
0.05137624198093845
0.06521805906661687
0.060525616367834455
0.002268139487943492
0.0
0.0
0.0
0.0
0.04361843522794172
0.16864461297913483
0.009293689936965785
0.004536278975886984
0.015644188072493317
0.013805143257427367
0.07469006633212659
0.032264065467326145
0.0287420814080875
0.024134147233683022
0.10797096843525981
0.008193543921265426
0.014810546751945345
0.006415267234014015
0.003043028401817558
0.002268139487943492
0.047042910137341847
0.05971723842979822
0.08940873199210803
0.0331322586907901
0.0338230220209497
0.006170006571000551
0.053610379674197545
0.009072557951773969
0.030409364049183443
0.01674427314497503
0.009035759065902869
0.0044103821151598955
0.01521000971233945
0.013422004520317839
0.07261716805389093
0.03136863011640939
0.02794439285337662
0.02346434421028058
0.011008141880193304
0.0044103821151598955
0.05877807853722063
0.027842464638406252
0.08388639423758108
0.012376527413766183
0.015523751033070382
0.025694011686187006
0.0869273416853765
0.0322127280842862
0.03288432042976104
0.005998768324392803
0.05212251295805294
0.008820764230319791
0.029565402844228934
0.016279563757542113
0.048461001226636165
0.024132246012502825
0.058726587746702454
0.02971896480654072
0.0762952815869119
0.033573819998357575
0.009762797027170398
0.017524194766954233
0.011884143388238375
0.004761349737669066
0.06345549694252307
0.030058101144220178
0.09056187213897
0.013361421758044924
0.016759093878710295
0.027738679462982793
0.020228732891347342
0.010058120195759548
0.04455278492773445
0.014490094407934593
0.03352308986036277
0.010980747143047535
0.034038103089683316
0.03312856804698037
0.05231741138358464
0.026052632225684144
0.06339990863848852
0.03208392869158204
0.08236667696446535
0.036245544006776556
0.010539696981006114
0.018918728123282838
0.02376828677647675
0.013361421758044924
0.02773984102175783
0.05702750378658532
0.04446519689786601
0.028716315965614983
0.017681720825998278
0.005733424160782343
0.018582368427714706
0.009239515701341247
0.04092674852422523
0.013310782948534697
0.03079473192743103
0.010087052417947778
0.03126782955661941
0.030432319228206658
0.08727092696816938
0.05828857006265954
0.03509055704407991
0.0
0.0030927689086624084
0.00352629903048639
0.01722714539107303
0.04996291809182557
0.02183384713953049
0.012273970058316246
0.025482166814957866
0.05238618214828985
0.04084628905849324
0.02637916897839773
0.01624265111361662
0.005266795536837123
0.024144782827532435
0.010087052417947778
0.012672605559765966
0.0
0.0
0.0196531087159903
0.18096695602606996
0.11266263751045708
0.10845201130857932
0.07243549345937551
0.04360720828320004
0.0
0.0038433991743827335
0.0043821491946708525
0.021408258530915235
0.062089164698349374
0.027953958962004793
0.013588467840015977
0.028499997313613017
0.0
0.023092400881656133
0.0
0.009592974590014196
0.0
0.030004840686633383
0.012535229782771861
0.015748309422428643
0.0
0.0
0.0244230151181128
0.2248885286686236
0.14000641521540105
0.01701545328122031
0.002717693625957484
0.04796487932504272
0.0
0.01944623232139464
0.005435387251914968
0.029336778421530388
0.011530196943605317
0.057374572778926665
0.02788987914380152
0.05849529836870854
0.0
0.04739638620867855
0.0
0.019689261886992868
0.0
0.11306421511230202
0.02788987914380152
0.031750391430462085
0.0
0.03492365299586841
0.0
0.0
0.007888449215683978
0.03492365299586841
0.005577975947709557
0.09844632251938219
0.0
0.039912746280992464
0.011155951895419115
0.06021276381399633
0.0236653464575594
0.08674091666508352
0.05020178531362481
0.08991299825389805
0.0
0.03741819963843043
0.005577975947709557
0.014111286534029576
0.015776898431367956
0.07781647625863418
0.019195216772116146
0.021852215384831064
0.0
0.024036213505028596
0.0
0.0
0.00542922728026724
0.05433748131750499
0.030712347490320677
0.03814860212835661
0.0
0.0034337447864326567
0.011517129899535978
0.08154727329217805
0.054292267890661085
0.059699459069487794
0.03455139215461359
0.061882645070480774
0.0
0.025753085898244925
0.0038390434362900847
0.009712096727186481
0.01085845456053448
0.15146227504618642
0.04544411781811286
0.0869495033395737
0.021716907483731854
0.012296716853132553
0.013868358263719018
0.02005863047352642
0.019586920202648534
0.05842359437428712
0.0330218789783803
0.04101733099607553
0.0
0.0036919582528153914
0.012383204176776892
0.08767952988679506
0.058374980952278006
0.02953566602252313
0.01651093948919015
0.03654851568292194
0.0
0.009229895632038479
0.0
0.04699094772920656
0.0
0.16285205544583056
0.04886146066633052
0.09348800111794049
0.02334999273300378
0.013221415128997448
0.014911242078049568
0.021567015291735502
0.021059832977433485
0.02983522638643527
0.004127734872297537
0.05524642011449596
0.0
0.05353339466582317
0.004127734872297537
0.014570169999392202
0.005837498623366666
0.04170960988185048
0.023316381095039567
0.051613000016078256
0.0
0.013034253088078276
0.0
0.06635957002862262
0.0
0.08947898595005357
0.017487285199758056
0.040553077478842944
0.0
0.03388905802900352
0.005829095273759892
0.045436238599942606
0.016487171142901706
0.04213264235741113
0.005829095273759892
0.07801776430527213
0.0
0.07559866791085401
0.005829095273759892
0.020575669636955604
0.008243585571450853
0.03910275926423483
0.07351918584622218
0.10013763424060758
0.0
0.052137012352313106
0.017487285199758056
0.02794895464322779
0.008243585571450853
0.06624585077437635
0.012946727921556631
0.03002350876668091
0.0
0.025089795746307333
0.004315576127233581
0.033638761660988115
0.012206292545983153
0.13619388118748477
0.0457988465352768
0.017962625441140148
0.0
0.0019299842881774871
0.0
0.04226991667631994
0.049686905989361346
0.028949764322662306
0.05442999786945574
0.07413699098585277
0.0
0.03859968576354974
0.012946727921556631
0.020692034659719704
0.006103146272991577
0.12735200225592286
0.05111259809921261
0.04569964314595243
0.0
0.0077199371527099485
0.0
0.031928122549117054
0.02201820496052132
0.046240492860306244
0.01554960632415941
0.0060986635098532055
0.0
0.0006552675048236686
0.0
0.014351465449365022
0.016869678737541544
0.05228345485778223
0.002930445411490191
0.0
0.0
0.0
0.0
0.1929308865781647
0.23219960354898384
0.043238501610466225
0.01735372916074536
0.01551592482851676
0.0
0.0026210700192946744
0.0
0.010840223583488696
0.007475612269777247
0.1736243118239965
0.06381770672476414
0.010774336633850731
0.0
0.0
0.0
0.002930445411490191
0.07169773440873325
0.02943032511445207
0.001649545949572486
0.0
0.0
0.0
0.0
0.10860067935563576
0.13070501638581553
0.0
0.0
0.0
0.0011664051238409274
0.007273781609280838
0.07131758919696951
0.1296180984993249
0.10258749975868903
0.09773302010459321
0.03592294851358703
0.006064867574059712
0.0
0.0
0.0
0.001649545949572486
0.04035861133045566
0.10370478740965512
0.000824772974786243
0.0015648965979977833
0.0015208061625594663
0.004426196185317899
0.000824772974786243
0.005874255231184892
0.11718110587027011
0.0
0.0
0.0
0.0014496002137984842
0.009039805433309268
0.0886330061780649
0.16108847557017344
0.12749503456701938
0.011460095791700771
0.0033170411928538377
0.011482212993173768
0.004789247580489478
0.012674458330214399
0.0168403183879721
0.05759005551839675
0.0
0.1288835919255309
0.0010250221438056737
0.0019448426594356066
0.0018900473714764901
0.00550084598001637
0.0010250221438056737
0.007300483738438884
0.1456318672223635
0.057895359632847525
0.02733162025110984
0.008955666338901084
0.0
0.0
0.0
0.04243373609419121
0.06432195598400617
0.01724566116712522
0.004991630919069702
0.01727894411427515
0.0072070724817508884
0.019073087853071623
0.025342059101791686
0.08666407350499157
0.0
0.18033172326881142
0.02133500594103944
0.011776074048531553
0.006544268035662486
0.01262966664729241
0.004022344685569471
0.0034936226498911973
0.007059232698815471
0.08712350869702201
0.041129836134574375
0.0134768844880306
0.0
0.0
0.0
0.06385617084157272
0.09679453633452459
0.016793177027031564
0.012089110850281654
0.0200177519948779
0.014952524527329977
0.024510743289012624
0.03754377488826613
0.06889543218949683
0.07782119864243801
0.20230563338692237
0.0239347343438947
0.013211020645813946
0.007341704864844858
0.0141686258204137
0.004512478307001188
0.003919330055686187
0.00791941937043826
0.11552470417747401
0.006921826092802567
0.008755494129942183
0.0
0.00799000484484595
0.03125220737183839
0.041541576851427765
0.03408183172945941
0.018839471244713107
0.01356220183181675
0.02245696942777734
0.01677453024017187
0.027497443910500033
0.04211858579749029
0.07729052766708905
0.0873039229976172
0.04106356174531979
0.06223413525710541
0.02309154051824548
0.002447235077953783
0.014055489792456232
0.006251190282631313
0.016737141489298873
0.004894470155907566
0.00699856912271441
0.005533634052977405
0.028574208878806278
0.01671406607813541
0.006674257024481269
0.0
0.0
0.0013616680092055817
0.24040466072659725
0.030228880040485257
0.012023016254492714
0.0
0.0
0.0
0.0
0.1429771890810495
0.0027233360184111635
0.04421423264479128
0.0707529537115177
0.006081858138511526
0.0032507978697171344
0.0
0.0
0.0
0.2642419387325842
0.08372619980634594
0.033518258226950336
0.0
0.0
0.0
0.0
0.0
0.23868971151413004
0.030013239487334118
0.011937248939521347
0.0
0.0
0.0
0.0
0.1419572478824295
0.05684803651768197
0.0040491540296902235
0.004779704883476297
0.0006759772113256326
0.004096181282572051
0.0
0.005970492235582765
0.02406027962418439
0.26235694406001586
0.08312893110121022
0.03327915258575417
0.0
0.0
0.0
0.0
0.0
0.055292111344219456
0.008457279521798857
0.01056835558105657
0.0031146872634476436
0.007398316235529227
0.003751498371394677
0.005579122925535192
0.0039960537857758605
