0.03328714680614193
0.0
0.0
0.0
0.062413400261516115
0.0
0.026957216134674607
0.0
0.07141040517571967
0.018608081032094766
0.02107282393112077
0.0
0.07557129852648742
0.018608081032094766
0.026957216134674607
0.026315800498079717
0.03328714680614193
0.018608081032094766
0.01176878341507339
0.0
0.14563126727687095
0.0
0.01176878341507339
0.0
0.016643573403070964
0.009304040516047383
0.03284160833822844
0.0
0.14979216062763867
0.0522184742722579
0.0681479536232772
0.06878133179813163
0.026251737958338957
0.006840662309085774
0.007746745737133701
0.0
0.027781356529304427
0.006840662309085774
0.00990995321077385
0.009674157388402639
0.034088136041258175
0.003420331154542887
0.015142451586102076
0.0048370786942013196
0.04519515112737465
0.02945743439795069
0.05080688791132456
0.009674157388402639
0.0061184742838618885
0.003420331154542887
0.012073160684414
0.0
0.05506626855475699
0.01919644202839049
0.02505240260873901
0.025285243716892565
0.057134787320806416
0.22378189455315525
0.12153145841297819
0.03304974837324903
0.03414805306509225
0.008935449658830285
0.05073847216370275
0.03679895176553512
0.014019570066812847
0.001406693877740316
0.006227699300945522
0.001989365554924018
0.018587598545826447
0.012115082063471188
0.020895560968408732
0.003978731109848036
0.007262247370938387
0.0212407118996743
0.04588881522762823
0.04545208560915233
0.0492701976463959
0.010149805979723321
0.011669527188261558
0.010963045888368403
0.023498062584795153
0.09203571431934145
0.04998275043494612
0.013592508034129432
0.014044212391427486
0.003674919696953499
0.020867423338169978
0.015134458570505755
0.05613639857250701
0.20733973457366497
0.12028174822829965
0.018195417575447532
0.02655739692656664
0.02779761727476694
0.021962647897967248
0.0077814460438411295
0.005045609488268365
0.01475746170909119
0.03188228515107671
0.03157885743865701
0.03423157654038854
0.007051805693140092
0.008107666139316601
0.007616822386969389
0.012364475035200422
0.062058315040369696
0.11227400916144872
0.012038191789487783
0.0
0.0
0.001954664338485193
0.0
0.039002023864970196
0.14405393793749963
0.08356844639509928
0.012641675072797781
0.01845134805688659
0.019313019002090752
0.015259042960300858
0.0054063344287017725
0.03163286839178595
0.10463324498644899
0.08342517748170594
0.048213597423245824
0.010946731699373116
0.004304701642168697
0.006910781817358292
0.03127476947009608
0.00997819031980452
0.050081356194768584
0.09060566083000322
0.009714878184463913
0.0
0.0
0.0015774234429859811
0.0
0.022303703361380232
0.0670468848189458
0.26635832900231665
0.015471970212012796
0.0028217807968247675
0.00444986831945583
0.0
0.009033700963187567
0.02552787564987409
0.0844395277018404
0.06732451608386776
0.038908603052049066
0.00883406468654911
0.0034739147544275875
0.005577033884247544
0.02523888811229034
0.03829335410658812
0.017913189394853868
0.05948213252538901
0.01322983025641658
0.010106074867063572
0.014997273978160508
0.024184899529462987
0.013024623485842133
0.02506832268513277
0.0753575725269264
0.29937434304585486
0.017389773149560795
0.003171550052266157
0.00500144451937174
0.0
0.010153458693245751
0.042117457937000606
0.0401207693443729
0.01502985724124339
0.0066637195161823705
0.02063685869494359
0.005427981034424667
0.012134347396704218
0.013399612653873507
0.043039944617547135
0.02013358969110258
0.06685514364974084
0.01486971237752599
0.0113587569625918
0.016856236715058558
0.027182699468729636
0.014639069535008561
0.05323552576238713
0.019392445964389285
0.014392033220503139
0.018534674178059565
0.029730326680561227
0.026541022074684457
0.02233863568314669
0.009852607479851328
0.05810054880782798
0.055346139859321984
0.020733515197563616
0.0091925244294362
0.028468309213706713
0.0074878374067657225
0.01673919266988793
0.018484611539634856
0.06629326564822466
0.05842943694580551
0.030755632667313144
0.030686537118179532
0.014463820117646591
0.01467258067825585
0.011048581712746015
0.011289432482798909
0.07343779549787867
0.026751656164588675
0.019853644296920575
0.025568369851056313
0.04101264371084289
0.03661303468899863
0.030815890995851046
0.013591558698146813
0.0005468896024179242
0.030715343620064704
0.11306216526032295
0.05401995176666661
0.03630867630545085
0.015064243124006033
0.025389453685922023
0.005056016217059006
0.0557946052140701
0.049176146858876675
0.02588495778571815
0.02582680468602902
0.012173229444355003
0.012348929237532613
0.009298851833746812
0.009501559808670141
0.07652274382584838
0.04621666327548823
0.01729125003605361
0.05742669162214498
0.04712916828480108
0.015109769593152935
0.02645706875302516
0.006967792646152835
0.0004602803793752313
0.02585104919087526
0.09515685814636898
0.045464978275436455
0.030558582994807456
0.012678565307262026
0.021368604052844284
0.0042553104908673025
0.0974666388654588
0.06103760580685181
0.012656088045617388
0.002799776331582924
0.0013808411381256939
0.003713090778666205
0.020248117432288167
0.07177679069902072
0.07291909699424111
0.04404020535130288
0.016476961952647147
0.054722325508655904
0.04490973822421247
0.014398212863762779
0.025211139409424578
0.006639661914853529
0.03828283361313558
0.019551107835737044
0.023195978153587985
0.014332374652200355
0.03235137460084763
0.012054813405552048
0.023679088409226636
0.022407980928095424
0.09287669178862283
0.05816319273986432
0.01206008129904898
0.0026679278823234535
0.001315813885526333
0.00353823207456037
0.019294583089649636
0.06839664263514415
0.02843084713667507
0.10365064746710008
0.08864750608829745
0.019495335257739027
0.02811919731927007
0.008169846104770638
0.0
0.0
0.030349693594296234
0.015499639818721954
0.018389203805954216
0.011362355868654606
0.02564737804970451
0.009556761050973661
0.01877220179348731
0.017764498890207096
0.026790732042493194
0.059051274467740715
0.11949323921487459
0.03201537617406407
0.043019588654035754
0.013014469094903528
0.0032138048833513324
0.015489520503179848
0.022539279823014364
0.08217169667392468
0.07027757336006606
0.015455424683805114
0.022292211474768724
0.0064768540515576225
0.0
0.0
0.0036663083360914182
0.016272482812640987
0.05051249812296044
0.21462199985353747
0.03180910608344644
0.001253704306390292
0.0032206774359339174
0.0
0.020299520491008305
0.044743553635517005
0.09054084278592814
0.02425826900295002
0.03259623589277923
0.009861152045138469
0.00243512189141442
0.01173651538716712
0.013353944446768384
0.022724054503752984
0.056312034847912786
0.15480509688960287
0.013909221759862953
0.005302152045237772
0.002594839585109095
0.0016663055658835922
0.0027779868454806227
0.012329771272052394
0.03827366452968452
0.16262055388922553
0.02410197674768304
0.0009499403083450311
0.0024403292714051733
0.0
0.0
0.012045402343831656
0.07030692749371867
0.1283363761121847
0.03289258292565228
0.002356511936352078
0.0025956255288780254
0.0008331527829417961
0.013575259073844872
0.02310065975834358
0.057245292960672114
0.15737067834939045
0.01413973898561442
0.00539002449425628
0.002637843804378609
0.00169392121131173
0.01459019311945613
0.014541821766904111
0.062009973357020104
0.19139159597344466
0.009531986561031117
0.013276824666210652
0.010653842506268966
0.0033230824953711484
0.0
0.012245030531468493
0.07147212265393453
0.13046329204573792
0.03343771097772642
0.002395566356750035
0.0026386427735763038
0.000846960605655865
0.0024692932317818494
0.001339162284914291
0.03907943069240163
0.09128307680405569
0.016890945484788762
0.0009656836481443202
0.0
0.0
0.017253972290229045
0.017196769621988794
0.07333133655325798
0.22633458422869893
0.011272272453717678
0.01570081787248936
0.012598949299889821
0.003929788510943046
0.0
0.019297877852030895
0.15991017505616067
0.15002246476951583
0.0
0.0
0.0
0.0
0.0029201201552842997
0.001583657513430658
0.04621428988389968
0.10794892602509547
0.019974780523068114
0.0011419916631528787
0.0
0.0
0.0003167315026861316
0.00485034894618838
0.037517640545081034
0.05354172163757037
0.017140377679297488
0.0
0.0
0.0
0.0
0.025865744417537084
0.2143342262543638
0.20108131890828002
0.0
0.0
0.0
0.0
0.0
0.04475673743380301
0.22051889475657482
0.06888923295707501
0.0
0.0
0.0
0.0
0.0004245283424570836
0.006501123446834123
0.050286446464680376
0.07176418558409338
0.02297395763783988
0.0
0.0
0.0
0.005257853254723414
0.007082507792333895
0.022113006113923687
0.01508481457756365
0.013722689518503112
0.0028478226369249224
0.005151889996470064
0.0013424765097403578
0.0
0.06400413484279993
0.3153518751508723
0.0985146819944832
0.0
0.0
0.0
0.0
0.01593849100839818
0.06420004454281174
0.1988721388809894
0.034389822552398266
0.0
0.0
0.0
0.0
0.0075189651434424765
0.010128302681494221
0.03162258703929327
0.021571959031397598
0.019624059319498077
0.004072513648514012
0.007367432948325241
0.0019198014082192282
0.012946019784793053
0.009502531750037624
0.007727051170678871
0.0
0.01726630064675217
0.030278761920758273
0.02526194604485963
0.0019198014082192282
0.021484027645861572
0.08653739749243232
0.2680664391289946
0.046355197494085155
0.0
0.0
0.0
0.0
0.013459501753995335
0.0018298260664780248
0.03389994458375158
0.011972234576856054
0.08186158311038363
0.13049056588374303
0.030451596095245552
0.0
0.017450375121070963
0.012808781880035895
0.010415551941798017
0.0
0.023273826878662692
0.04081376071582122
0.0340514260057654
0.0025877648333843747
0.01486261067789344
0.0018298260664780248
0.006458960588005076
0.0051755296667687495
0.057189821450694456
0.017589115508918566
0.029083287379331
0.0
0.014489782993259271
0.0019698933217052713
0.03649487547756114
0.012888670333695295
0.0881278219977212
0.140479195803944
0.03278256708778333
0.0
0.0
0.006880541585286915
0.023514630272940422
0.1703488657047652
0.22567285133056625
0.016202182166362773
0.0
0.0
0.01600029535803935
0.0019698933217052713
0.006953373088600906
0.0055716996897298855
0.061567516940054925
0.018935505297731206
0.031309518774126265
0.0
0.015857335119900395
0.0019698933217052713
0.013906743656746275
0.0
0.0061667414355168195
0.009849466398488394
0.03730316204447945
0.0027858498448649427
0.0
0.005332924575299805
0.018225563802972574
0.13203286994645877
0.174913018099079
0.012557879983349774
0.0
0.0
0.0058362878217107055
0.011391499297087092
0.03611829682919405
0.1930678560131713
0.23046328220120035
0.003053623723023524
0.0
0.0
0.012290598219842767
0.001526811861511762
0.010778746714945447
0.0
0.00477967708549441
0.007634059144763979
0.0289126876333093
0.0021592380362244236
0.010924976195415792
0.001526811861511762
0.004828202968816314
0.0
0.008193732146561845
0.006107247446047048
0.059413268237228686
0.017929966157683903
0.004948276047363948
0.009658242505733192
0.030622770591717606
0.16369190084697685
0.19539748106165375
0.002589004104645169
0.0
0.0
0.0
0.0
0.0
0.05370541302308856
0.3305365847424586
0.01662350196367172
0.0
0.0
0.009262702539223218
0.0012945020523225845
0.004093574859953081
0.0
0.006947026904417414
0.005178008209290338
0.05037332994789042
0.015201858574909619
0.008906762504092103
0.00467632589541053
0.017138907277500684
0.006601537019875195
0.03212237603482553
0.010647154257218714
0.019782018019558024
0.0
0.0
0.0
0.0
0.05022462381134905
0.30911363846026274
0.015546089035637763
0.0
0.0
0.0
0.0
0.025339198132487004
0.20799809403174035
0.12024131522198248
0.012959344826657334
0.007814142321078132
0.0
0.008329491776792392
0.004373240902463446
0.016028089574136577
0.006173674025323755
0.030040440273352266
0.009957084158356977
0.018499893350312643
0.0
0.004331181200570158
0.0046590254785936905
0.01819009899947497
0.042037764615153767
0.06646115883311764
0.015375757078809442
0.004593911188505573
0.0017120497148498035
0.0
0.0
0.026615019948116134
0.21847074216320386
0.12629543312650543
0.013611844355634622
0.008207582286760419
0.0
0.0
0.0020503215068790716
0.0050862217992806835
0.008156848320477228
0.15253471011081315
0.11098169850859917
0.012867236047288599
0.0030623109577925904
0.004549255009940061
0.0048936061592483385
0.019105965595199247
0.04415435476516068
0.06980746031779535
0.016149922315230592
0.00482521338215486
0.0017982509578499358
0.015224204089171215
0.0028432843812125383
0.03242680238016733
0.00845706328902894
0.024676631125440343
0.021516056494146313
0.027383562718605186
0.014247670007496533
0.0
0.0021240050079101673
0.005269008073498791
0.008449985342947053
0.15801643160279324
0.11497010718941074
0.01332965279382164
0.003172362865192962
0.0
0.0
0.006586259951422772
0.052914490642847346
0.22972038316432497
0.09832680063755439
0.04349198689699098
0.0
0.015771324457337078
0.002945465013338702
0.033592141727483225
0.008760989297455656
0.025563448421593592
0.022289290528687927
0.02836766046378405
0.01475969614786809
0.0005890930026677404
0.0
0.0008331032996138525
0.0
0.08709071633863953
0.020565533265155936
0.002499309828616199
0.0
0.0
0.0
0.004862340636011128
0.03906439769826691
0.1695922666609375
0.07259027154639808
0.03210818534188286
0.0
0.003506283727685989
0.014070797654555775
0.013569820583428208
0.07122303702085044
0.08417889991564168
0.23129915070945625
0.01653500975562805
0.011870657693561354
0.000434900970564091
0.0
0.0006150428403349496
0.0
0.06429517392206907
0.015182611806083502
0.0018451284691606133
0.0
0.007859124929723986
0.00097246814793992
0.0028175967207890048
0.0
0.01615304133498621
0.06596780002881422
0.05167331730856495
0.007712117903422965
0.0018803933180546537
0.007546061854722592
0.00727739165852356
0.038196373513090805
0.04514450432881224
0.12404397682694578
0.008867600078380201
0.006366143513040276
0.002099106770356876
0.0
0.006299674058527911
0.0
0.028907531379849288
0.33365821425091247
0.10421037455603192
0.020680399730730194
0.004214788976408022
0.0005215272777180613
0.0015110557097559665
0.0
0.008662753317060966
0.035378029850086604
0.027712007394469843
0.004135950225344953
0.03383899308327549
0.001359976685724145
0.0
0.0
0.002445269130290835
0.0026595971653876325
0.0965731682684917
0.04580883853837733
0.0018988107641349009
0.0
0.005698561446133832
0.0
0.02614918522667298
0.30182066853795586
0.09426665843580778
0.01870708349373143
0.0133406503112293
0.0012302082039335627
0.009288022885863664
0.012764088680444194
0.03675838280996567
0.039709851040922284
0.024621255255610125
0.02261405121071957
0.030610088644078815
0.0012302082039335627
0.0
0.0
0.0022119424373128176
0.0024058193690843694
0.0873581916005383
0.04143777578993775
0.005107193122575468
0.0
0.0007606955011691641
0.0015359501120777823
0.016899732578312537
0.06438216413534395
0.10566881387325339
0.0315236762761704
0.026991028198007038
0.0024889779393918224
0.018791684195864376
0.025824519004575087
0.07437017864877213
0.08034163883915105
0.04981413794461908
0.045753128944990895
0.0116366540136362
0.004987063112908962
0.006330542572033058
0.0058094868183563905
0.036175559016319955
0.01800016084893431
0.011263583894105254
0.004459648741449465
0.010332959066326038
0.0
0.0015390519384854522
0.0031075601127875875
0.0341918233308358
0.13025907786242383
0.21379092235872615
0.06377923230314826
0.031294859865560076
0.009854557344101662
0.0072439905830807465
0.010406263100986059
0.018206707643116306
0.019597732221571098
0.016607533996497878
0.00674918916328921
0.032914846575985146
0.014106152596253101
0.017906250134878742
0.01643241838137775
0.1023243428417956
0.05091433774618109
0.03185959944635011
0.012614335180506595
0.01207383724375777
0.0026997921222700104
0.027436038483025848
0.03136693047492485
0.03501412800689753
0.0026997921222700104
0.041203047352317106
0.0038180826251457294
0.08851904592890718
0.027874098746534615
0.020489982632514333
0.029434625537282027
0.05149856548323466
0.05543314672365061
0.046975224395227486
0.019090412550003225
0.02897720938501865
0.0
0.0
0.00995634101188112
0.0555618973516688
0.02655881256319425
0.061423984282593165
0.04282117662318577
0.017029519387267777
0.003807916353316743
0.038697105139301906
0.04424142382058185
0.049385606223076556
0.003807916353316743
0.05811475503063967
0.0053852069374817155
0.04455310071616684
0.04655141098026499
0.05462147664308527
0.0
0.034059038774535554
0.007615832706633486
0.01926669986873864
0.0053852069374817155
0.040870846529442666
0.0
0.0
0.014042901098052969
0.07836716605011483
0.03745982361005904
0.08663533473788122
0.0603970421969347
0.028950182958355223
0.0
0.006216253836909073
0.0053852069374817155
0.05014214605187387
0.055066164177652775
0.10394253616487097
0.0
0.06986594634802855
0.07299959665415717
0.08565467038775876
0.0
0.05340968277037695
0.011942768308472396
0.030213076030517722
0.008444812435481123
0.037386777939263864
0.0
0.06481564626833414
0.0
0.06142113518593349
0.0
0.003776634822161232
0.0
0.04539823035482041
0.0
0.009748018658050913
0.008444812435481123
0.07863040797436632
0.08635200715966287
0.16299749149306095
0.0
0.02136387310815078
0.0
0.02265980829627436
0.0
0.026704841385188475
0.0
0.03776634376476108
0.0
0.05692180197789847
0.0
0.09868257136117019
0.0
0.09351438896369035
0.0
0.00574997021244057
0.0
0.10164607496053299
0.027274503422012295
0.06659119971071059
0.0
0.052855958979477154
0.0
0.05027438427177457
0.0
0.03252674398737056
0.0
0.03449982030527091
0.0
0.04065842998421319
0.0
0.057499695338798125
0.0
0.04472427298263451
0.01818300292758987
0.13652394278993193
0.0
0.03252674398737056
0.0
0.04934128955807514
0.0
0.09356492494015858
0.025106103373411532
0.061297011271974414
0.0
0.048653760968882465
0.0
0.04627742874112659
0.0
0.0785945369497332
0.0
0.04832698115691285
0.0
0.05613895496409515
0.008368701421905397
0.04012568768886867
0.0
0.04116856697366977
0.016737402843810794
0.12566990377773368
0.0
0.029940775980850747
0.0
0.04541851769234045
0.0
0.12350570092100932
0.0
0.015878493579633966
0.0
0.014970387990425374
0.0
0.08025136823930007
0.0
0.027301204477069577
0.01526183749366473
0.009652433244953853
0.0
0.11944276958717939
0.0
0.009652433244953853
0.0
0.013650602238534789
0.007630918746832365
0.026935786050379367
0.0
0.1228554201468131
0.04282815982667707
0.055893081717044435
0.05641256111741837
0.05801505951377285
0.01526183749366473
0.0
0.0
0.05801505951377285
0.0
0.04702383406422629
0.0
0.05801505951377285
0.01526183749366473
0.0766116774044745
0.0
0.05801505951377285
0.012304486466626206
0.06478507872461783
0.02916943421339706
0.003850055955626102
0.0021522467400891987
0.007597048224728351
0.0
0.034650503600634916
0.012079380010335974
0.015764248960059166
0.015910764456173232
0.03595212106686479
0.14081497705370039
0.07647378963297356
0.02079658664121367
0.02148769594783873
0.00562264047851203
0.03192723346872246
0.023155776560079146
0.016362737811410934
0.004304493480178397
0.021607782551084188
0.0
0.016362737811410934
0.003470393508941614
0.018272173917375338
0.00822703291423335
0.19094029872350807
0.12079413239216283
0.032221700095447905
0.0030437365216295963
0.007700111911252204
0.0
0.00566569390870849
0.10279067363719868
0.01778485408329742
0.06965858328595494
0.03783017940136858
0.010287689512303137
0.010629568595072018
0.002781416993094766
0.01579381609971074
0.011454737442069903
0.04248765845146234
0.15692812595742753
0.0910370092600073
0.013771469260337777
0.020100356251362694
0.021039035252845614
0.016622752907336828
0.005889501823708456
0.09445465943728662
0.05975463908562293
0.01593948333249995
0.0015056805634501675
0.00380910396112613
0.0
0.0028027147343992467
0.050848658646911
0.04721381264802625
0.09273161617761896
0.061299671861160615
0.0
0.004865913386965372
0.0059703681255107366
0.007282830819265884
0.007423483186162363
0.03603422681230048
0.13309238235473
0.07720943821218501
0.01167972688898688
0.017047322035811465
0.01784342549917413
0.014097930324686708
0.0049949479981206985
0.029225815519205407
0.09667134441541335
0.07707707111917875
0.04454486031291785
0.010113757539205376
0.003977142208574147
0.006384916852498855
0.028894965566134058
0.04004252753952091
0.07864665203503363
0.05198889183050825
0.0
0.004126831956042629
0.005063531553129837
0.00617664486916451
0.006295933610299177
0.019354237015470285
0.11135330864569357
0.03177506203808422
0.014096788857226537
0.010875861138806661
0.006726904200626944
0.002922051562879148
0.001664982601855153
0.03435360651160224
0.11363273421103764
0.09060056409905919
0.052360441483614496
0.011888258400430032
0.0046749483648884545
0.007505177093036244
0.03396470755702127
0.05153248304050183
0.024106301216711357
0.08004683990452884
0.01780376828365139
0.013600039585025448
0.020182268828740507
0.032546324392719435
0.017527615549811748
0.02275001846654475
0.13089071018276097
0.03735012894407586
0.016570129143532827
0.012784076249022612
0.007907167544998766
0.003434737673335311
0.0019571107302449276
0.01657390630308164
0.014321207261738137
0.04787012306762093
0.05164267976908365
0.014870895335300548
0.004895620672757037
0.004895620672757037
0.004959181884335226
0.051640386567525974
0.024156777242148465
0.08021444945569382
0.017841047476866607
0.0136285166183898
0.020224528348590523
0.03261447292712804
0.01756431650863536
0.06387329616531072
0.02326753472825435
0.017267916248583075
0.022238358993331934
0.0356711788596746
0.03184457257120086
0.02680244578192414
0.011821401339586965
0.01660861029639135
0.014351194343353647
0.047970358003205475
0.0517508140363124
0.014902033405154948
0.00490587158065813
0.00490587158065813
0.004969565882638849
0.015391491212000336
0.0455092469366495
0.230146711029103
0.032550261036079796
0.0119179196795492
0.008379170936561927
0.005069071360208131
0.0
0.056246069713088445
0.02048911609305444
0.015205922966678817
0.01958283610425212
0.031411618522028784
0.028041954249356914
0.023601916989374222
0.010409786307754593
0.0004188632092564698
0.02352490766917874
0.08659440804331534
0.04137392676844954
0.027808845905857058
0.011537716555669647
0.019445804061981292
0.0038724070989225325
0.013553565256097156
0.04007490499886108
0.20266447373059218
0.028663375171311147
0.010494779217217998
0.007378598897041186
0.004463764330698991
0.0
0.02293602987994136
0.09970699443738762
0.07023155409916822
0.03571001238406623
0.019138992321671388
0.0024423711381750778
0.003898416678849126
0.01907553105579447
0.0003217573066564417
0.018071080877245856
0.06651905177584104
0.0317821258793489
0.021361865072312688
0.00886290445634397
0.014937644086379856
0.00297465915098714
0.06813369549398106
0.04266811389142402
0.008847191809244809
0.001957173349238468
0.0009652719199693251
0.00259562245502659
0.014154372034540327
0.05017530160009862
0.017618723813585
0.07659172081962251
0.05394963126352807
0.02743128819015
0.014701961130629392
0.0018761513112350362
0.00299463887754107
0.01465321221801467
0.040234090270617376
0.147872983010606
0.21264081015836628
0.005498191099844756
0.0
0.005107095132880866
0.010935441456145917
0.013565818239241445
0.06249482985960835
0.03913682501355732
0.008114982503817345
0.001795194207207256
0.0008853843016935658
0.002380804131209874
0.01298293106890613
0.046022704535815265
0.0191305366325364
0.06974440468914461
0.05964909713919615
0.013118013104528668
0.018920833832625848
0.0054973226593689785
0.0
0.0
0.036904245510071904
0.13563475233626446
0.19504227909126592
0.005043151040453477
0.0
0.004684422870243681
0.010030404901520707
0.012443087030890025
0.0
0.05275569711022522
0.18758771866588012
0.0
0.0
0.0
0.0
0.0
0.022747562682070024
0.08293103575002168
0.07092700022826537
0.015598246462776747
0.0224982112040013
0.006536705905305283
0.0
0.0
0.0037001882643063824
0.016422854930595268
0.05097927823349225
0.21660529675107604
0.03210305032705532
0.0012652896418311667
0.0032504393409157886
0.0
0.0
0.06273025947479863
0.22305508050836462
0.0
0.0
0.0
0.0
0.0
0.0010527846284375192
0.0015693986862776684
0.08058977763297474
0.08219915530654934
0.00146066066009561
0.0007846993431388342
0.0009925748495423108
0.0
0.004087650937666113
0.01814256290788661
0.05631753834875186
0.2392869716681717
0.03546469919846878
0.0013977835778634137
0.003590806864583117
0.0
0.0
0.01772413007118126
0.10345267781295085
0.18883973803010654
0.04839958031372211
0.003467474384164844
0.0038193165472361016
0.0012259373221840983
0.0011630262479089808
0.001733737192082422
0.08902868086077903
0.09080658341236156
0.0016136127381537585
0.000866868596041211
0.0010965116433598518
0.0
0.0031014033277572822
0.000866868596041211
0.022400972026787078
0.028088608891918835
0.01630469684353505
0.0059307847168296995
0.011780280696974201
0.0
0.0
0.02423182033810235
0.14143693891837583
0.2581751875134419
0.06617023966150037
0.0047406115824365925
0.005221638072801534
0.001676059294173274
0.004886510474666338
0.0026500823994037117
0.07733469843296778
0.1806410454706972
0.03342567054252964
0.001911001577753528
0.0
0.0
0.004240131839045939
0.0011851528956091481
0.030625837622042677
0.03840177890157172
0.022291220104628477
0.008108364650057119
0.016105594138334435
0.0
0.008480263678091878
0.0035554585604616685
0.02575543979474683
0.012093374602016451
0.02128666879702919
0.0023703057912182962
0.0029982259252019183
0.0
0.007479606271824858
0.004056386052622989
0.1183734483795221
0.27650076750196345
0.05116347469754015
0.002925101554685296
0.0
0.0
0.0008112772105245978
0.01242370124147088
0.0960978194740545
0.13714195843618723
0.04390342505582225
0.0
0.0
0.0
0.012980435368393564
0.005442212860468356
0.03942292767428271
0.018510894633239496
0.03258274023271989
0.003628142035927944
0.004589276857330266
0.0
0.00730149489472138
0.011292415582991829
0.02180447387203297
0.019517381089858836
0.054419071738744634
0.004739172379225708
0.010325872638857758
0.0025654838301568915
0.001268825831875892
0.01943048918198214
0.15029560075622214
0.21448804088230747
0.06866432225137128
0.0
0.0
0.0
0.01571461634621066
0.021168124581185062
0.06609111941828077
0.04508533469000525
0.04101422968161302
0.00851154225750321
0.015397914477677162
0.004012379631443218
0.011419432486883029
0.01766117476258563
0.034101881995931595
0.03052490193994929
0.08511064168088446
0.007411997105879497
0.016149515567399225
0.004012379631443218
0.007612954991255353
0.002837180853338287
0.008220352406626377
0.008024759262886436
0.06618484478833862
0.014185903964179784
0.015397914477677162
0.0
0.023902053607823097
0.032196882021785285
0.1005251063426508
0.06857514449896235
0.06238296213765816
0.012946121931455907
0.02342034760415023
0.006102860606509117
0.04115412866010307
0.0302076175333154
0.024563538703598668
0.0
0.054887878290989234
0.09625321793646825
0.08030525173118712
0.006102860606509117
0.011579363715030051
0.0043153741305261605
0.012503219904936476
0.012205721213018234
0.1006676633590094
0.02157687019250823
0.02342034760415023
0.0
0.034738091145090154
0.0
0.03706675676804485
0.0
0.01543915162004007
0.012946121931455907
0.050012875938765314
0.0
0.04124404797276981
0.0302736193730902
0.02461720856829518
0.0
0.05500780502617598
0.0964635254677075
0.08048071390896368
0.006116194992363099
0.035127853902662536
0.004324802965210563
0.015265785319666055
0.012232389984726198
0.13516842607116528
0.04157196156617089
0.06873849367459112
0.0
0.03481399179906632
0.0
0.037147745417297894
0.0
0.015472885244029476
0.012974408434503775
0.050122151085034185
0.0
0.08541473094575834
0.012974408434503775
0.023471519664586125
0.0
0.009670553277518423
0.012974408434503775
0.05832789280800088
0.0
0.03778887724383823
0.00465241767427592
0.016422206977805824
0.013159024311944606
0.14540777453127968
0.044721142281069465
0.07394560756808977
0.0
0.037451239295981945
0.00465241767427592
0.03284440800289748
0.0
0.014564370837326313
0.023262087875320085
0.08810116186996282
0.006579512155972303
0.09188511178247882
0.013957252526768245
0.025249546351140805
0.0
0.010403122026661653
0.013957252526768245
0.06274637748496886
0.0
0.033289990485317285
0.0
0.0
0.0
0.042625401950215455
0.023262087875320085
0.11933041001528347
0.01973853547579788
0.03733896385920803
0.004638470145802808
0.032745943430738396
0.0
0.014520708167469788
0.023192350234441668
0.08783704253465684
0.0065597873720944465
0.0331901900970738
0.004638470145802808
0.014668130300321503
0.0
0.02489264257280535
0.01855388058321123
0.18049812025306725
0.05447142168212109
0.0331901900970738
0.0
0.0
0.0
0.04249761484058734
0.023192350234441668
0.11897266821136097
0.019679361127138594
0.004148773762134225
0.0
0.0
0.0
0.06430599331308048
0.06777942652201574
0.08848484529814438
0.0
0.026157060375256176
0.003655560371836625
0.01155989672657707
0.0
0.01961779528144213
0.0146222414873465
0.1422498700751937
0.04292871663277691
0.025151916903416248
0.013205534590219599
0.048398772445206704
0.01864216211922585
0.09071077536838143
0.030066630721587544
0.05586268559212288
0.0
0.003269632546907022
0.0
0.0
0.0
0.05067930447705884
0.05341670374743992
0.06973456415854702
0.0
0.009808897640721065
0.00731112074367325
0.01887101669070917
0.07266172868918551
0.09898269850396797
0.04103331222686799
0.03139930931950289
0.0
0.019237064269554162
0.010100053948228922
0.03701707109128962
0.014258176511480375
0.06937876832225177
0.02299600900325697
0.04272573248123301
0.0
0.010002916546552892
0.010760076961107376
0.042010258596738216
0.09708673726087991
0.1534928682520503
0.03551050112591783
0.010609694702878666
0.00395399998941117
0.0075021874099146695
0.005591800424937391
0.014433212478596183
0.055574227208937454
0.07570542396456892
0.0313837099387732
0.024015288127675307
0.0
0.020005833093105784
0.025791910110056097
0.08707596014605694
0.03403476767381426
0.005204364557730281
0.005591800424937391
0.023792599850303336
0.005155385061114196
0.009466076844769017
0.010182601733748506
0.03975563869743411
0.09187625541433674
0.14525516425493173
0.033604712274644934
0.010040290238310365
0.003741795462332472
0.031678480431115735
0.005916298027980636
0.06747359787264313
0.017597433162155868
0.05134706363856155
0.04477054896350248
0.05697963917421371
0.029646511100209775
0.018932153689538034
0.024407701687694464
0.08240273986477178
0.03220817895408828
0.004925055067928599
0.005291697903978859
0.022515691045870537
0.004878704218491018
0.010649336450365145
0.0
0.04254334748503241
0.02247613907331333
0.06053825596672443
0.012203849715402938
0.006693527013614292
0.0
0.03907998675915525
0.007298609196216306
0.08323844059342679
0.02170897863827711
0.06334402849530281
0.05523094658843665
0.0702926249670268
0.03657325873855185
0.0014597218392432612
0.0
0.0020643583870200294
0.0
0.21580331129235084
0.050959624213638324
0.006193074987047685
0.0
0.01313749655318935
0.0
0.052483371480538214
0.0277275679081896
0.07468269340590389
0.015055213469779106
0.008257433548080118
0.0
0.04233193333805457
0.013056149234848878
0.04162216319447966
0.0
0.0029194436784865225
0.008527138852354666
0.046950562196447575
0.0
0.001241630025979992
0.0
0.001755929992139101
0.0
0.18356091126607899
0.0433459292279356
0.005267789828403469
0.0
0.02243758039448925
0.002776369181759316
0.008044159306190452
0.0
0.0461164782097426
0.18833621170672663
0.14752586601287151
0.022017879473498828
0.03600727075341977
0.011105476727037263
0.03540354482556518
0.0
0.002483260051959984
0.0072531295690368295
0.039935846811726426
0.0
0.016141190337739898
0.028999275182455913
0.008044158714135118
0.0039263789409654205
0.07095139484980564
0.0190557875662076
0.04826496175769604
0.0
0.00951935689017587
0.001177901031901978
0.0034128110950797336
0.0
0.019565354502501454
0.07990342911575159
0.06258925180068454
0.009341294782595651
0.07642742110387167
0.0030715899434566154
0.0
0.0
0.00552278884519769
0.006006861729766003
0.21811636594585795
0.10346204405775247
0.0068480535225153944
0.012303218313415725
0.0034128108438946274
0.0016658036101923198
0.030101804096352987
0.008084599117944917
0.020476869082329464
0.0
0.05886939730664503
0.0
0.0
0.0
0.0
0.03488659703310153
0.16382644688909648
0.06140725507003305
0.04313243697569418
0.001733476777546365
0.0
0.0
0.003116830822693936
0.003390021293911177
0.12309574589388546
0.05838964641542036
0.007196505963885766
0.0
0.0010718900929488138
0.0021642953137876834
0.02381328126212905
0.09072040493628866
0.14889710081143812
0.04441976617689813
0.033223423379352225
0.0
0.0
0.0
0.0
0.019688534901388468
0.09245678832721861
0.0346556840581973
0.05829027494014824
0.004700548966974049
0.0
0.0
0.0
0.0
0.12900895199615053
0.07683401016434672
0.008790273838891347
0.0
0.0013092752913008406
0.0026436090752783264
0.029087068689599052
0.1108117197660876
0.18187246651607555
0.054257150694227686
0.02662261470332273
0.008383296310348332
0.006162480708855714
0.008852633762512555
0.015488491230860216
0.016671839280800144
0.014128070253724517
0.005741551917023549
0.07119947950289815
0.005741551917023549
0.0
0.0
0.0
0.0
0.1575798062845255
0.09384998676775776
0.010788144194322894
0.014731111410358164
0.0140901539573684
0.005497079974906356
0.030828400780449426
0.023940775059448926
0.0627987176210678
0.018131785687593684
0.063285543991017
0.01992822543354706
0.014649047373450028
0.02104390382601779
0.036818231569972285
0.039631209405008555
0.03358432751681111
0.013648442892281041
0.020716880079630885
0.0
0.0
0.0071181568947661185
0.039723257996899845
0.018987878633114803
0.043914281029887925
0.030614444930983545
0.025644873037434793
0.03501783763863131
0.03349419536909528
0.013067300130015244
0.07328326445412345
0.056910449634186365
0.14928101731838983
0.04310169882091586
0.012224924952334423
0.005790543896684985
0.009964131650715125
0.04364848471133341
0.02446769884908992
0.016331209541316984
0.04864805620051876
0.005459377321555386
0.035060431559349355
0.0
0.0
0.012046488258771868
0.06722607665639865
0.032134337637456406
0.07431879890255425
0.05181068032949402
0.024834472354539127
0.0
0.0053325184260005435
0.004619617534187778
0.043013674273279026
0.047237668028130696
0.08916551734959498
0.0
0.020688981302301377
0.009799688331484965
0.016862903798517754
0.07386897568595079
0.04140816945485609
0.027638295544689905
0.08233005348091288
0.009239235068375555
0.00730425657486445
0.009799688331484965
0.01599755597458982
0.0
0.02361068393224716
0.04070454572455227
0.1200859636897571
0.013858851905975144
0.03424978021346435
0.0
0.007354196274735261
0.00637101859694952
0.05932112706087296
0.06514653199242865
0.12297017340436037
0.0
0.016117543629865574
0.0
0.017095235822209242
0.0
0.02014692953733197
0.0
0.028492057141867505
0.0
0.010073464768665986
0.01351497091310116
0.022062589784886243
0.0
0.03256202603480062
0.05613655586687004
0.16561325742620422
0.0191130548301681
0.042635490803466604
0.022524951842062088
0.017557597879385087
0.0
0.014429790411882307
0.051581266575063234
0.12557218796577596
0.029355622416602146
0.02195910747628879
0.0
0.02329114965488856
0.0
0.02744888434536099
0.0
0.03881857926784146
0.0
0.03019377277989709
0.012275514440783026
0.09216858391897005
0.0
0.02195910747628879
0.0
0.0333107636240859
0.0
0.0580880899942353
0.030688785447525162
0.023921087959362507
0.0
0.019659653219594717
0.07027612907379256
0.1710839588771884
0.03999513092584663
0.02195910747628879
0.006137757220391513
0.12474720260402426
0.017360198962900645
0.0690676437323797
0.018413271006742137
0.027173007058126787
0.0
0.04038599933063704
0.016419243848809884
0.12328106181336823
0.0
0.029371635876826934
0.0
0.04455516331900829
0.0
0.12115799799191111
0.0
0.01557666147303011
0.0
0.014685817938413467
0.0
0.0787258809875007
0.0
0.029371635876826934
0.008209621924404942
0.16685693694493445
0.023220317275561772
0.09238215554836904
0.02462886489787186
0.03634554226994631
0.0
0.05874327175365387
0.0
0.028978505347350025
0.0
0.03671454484603367
0.0
0.010384441273801061
0.0
0.05028689785374396
0.013228814544646974
0.0
0.0
0.05028689785374396
0.0
0.04075980892026448
0.0
0.05028689785374396
0.013228814544646974
0.06640626810230522
0.0
0.05028689785374396
0.010665411003208811
0.05615508565492727
0.02528378615887436
0.08282547881793123
0.006614407272323487
0.02509990931968512
0.0
0.05668302807598418
0.006614407272323487
0.03657649164065663
0.0
0.060121105483298284
0.034559635140555094
0.10405611797673793
0.030904731392176504
0.057047182134123554
0.006614407272323487
0.046695362655076296
0.018708368895351664
0.016203127865338052
0.0042625053984673275
0.021397009937877125
0.0
0.016203127865338052
0.0034365416360339174
0.01809393842113994
0.008146782512685946
0.18907777601284373
0.11961584883233042
0.0319073942699873
0.0030140464643985524
0.007625001348394378
0.0
0.005610428029021548
0.10178800439778894
0.019371844379516272
0.011135588216049666
0.03352830770455365
0.00995792812369874
0.01838138413637725
0.0021312526992336637
0.015045885988415598
0.006028092928797105
0.11616645661887497
0.040626491280381115
0.020959533106325808
0.026656630610612866
0.061816535794791246
0.02175986934056662
0.02367692370689474
0.02637452237304977
