0.04802419802310355
0.0
0.028604676446980136
0.0
0.08537635204107298
0.00596585405117915
0.034570529862055895
0.0
0.08270834103978945
0.05369268836892252
0.03895596404451499
0.0
0.016008066007701185
0.0238634162047166
0.04492182000400432
0.0
0.03735215401796943
0.017897561517434057
0.06475562554165269
0.0
0.06936828603337179
0.017897561517434057
0.022638823031904377
0.0
0.05912919944093681
0.043102716967831786
0.04869495632785053
0.016873983377513016
0.04802419802310355
0.00596585405117915
0.05185579479308384
0.03374796421061246
0.06025347164334706
0.03911541248947991
0.02837962949548489
0.0
0.011661962253551044
0.017384627155229187
0.03272578767450642
0.0
0.03724495894188491
0.004346156788807297
0.00824625221859652
0.0
0.07580275464808178
0.02173078348063174
0.05036963417599629
0.0
0.04307594006866044
0.03140056132093202
0.0354745377961656
0.012292787718449908
0.03498588676065313
0.004346156788807297
0.037777225631997216
0.024585573583280836
0.08186348072571671
0.14387830561073284
0.08358841406166638
0.020306703626852954
0.019436603755918408
0.008692313577614593
0.012592409470808563
0.01843918065086537
0.015068961233229917
0.0017584142934958412
0.0033363563427566073
0.0
0.030669083914049138
0.00879207127998999
0.020379081795052933
0.0
0.05014308776919238
0.08561213558927944
0.0946892654726963
0.0024867733357779313
0.006291094136215208
0.0017584142934958412
0.0033363563427566073
0.0024867733357779313
0.03312119686849248
0.05821181365601514
0.0338190887257473
0.008215901921256092
0.00786386767026901
0.0035168285869916823
0.0050947708237416645
0.007460319632355363
0.08529666173533802
0.3294546577654629
0.0582162474009861
0.007460319632355363
0.0
0.020644211044816375
0.008096347548024591
0.0067188912793201315
0.028142914599983138
0.048049993085818185
0.053144551528206456
0.0013957068208574088
0.003530889956975039
0.0009869137600985076
0.001872537089488926
0.0013957068208574088
0.019447604431957023
0.05923982331991197
0.11691457061504111
0.03457175638568804
0.010952684263379758
0.017576599051728255
0.0
0.0046079467432422845
0.04787293271468852
0.1849071269950121
0.032673992604501115
0.004187120252114785
0.0
0.011586607332451745
0.004544092271793274
0.0037709920129141545
0.02657932524656795
0.06784511494734606
0.16882599643199336
0.03825810199466514
0.00453956954137272
0.0
0.0025782642389524817
0.0
0.015199013071803706
0.04629808530716179
0.09137300654585086
0.027019090143454175
0.008559922733562908
0.01373675403979755
0.0
0.0036012786577265346
0.13029549020739895
0.03923739872300817
0.0009756374398997305
0.0
0.0
0.0
0.033434361779019206
0.0340831794934959
0.020772713332161078
0.05302343497116111
0.13194368157826294
0.029900103858745527
0.0035478393773943464
0.0
0.0020150076585272966
0.0
0.07074857143473867
0.16686831270539815
0.05932684166503587
0.012340367344653047
0.0
0.0
0.0
0.005699466408631108
0.11500793966086403
0.034633680548743453
0.0008611660437384527
0.0
0.0
0.0
0.029511513068950296
0.030084205097190564
0.01796347742871667
0.004501833482307621
0.01548358512601337
0.02519391028060127
0.010220873590137715
0.00787059141619072
0.022915058684993793
0.005490862900677868
0.06244765203851013
0.14728967831799009
0.052366032129135244
0.010892473873866753
0.0
0.0
0.0
0.005030748859991976
0.023361925762845726
0.0769534636865824
0.2751090588169801
0.00896897723926841
0.0018268090790296582
0.006615958679855034
0.0017753392479843808
0.007622795219564071
0.012518527885455839
0.0031372727361716
0.010790321246874257
0.017557328175623256
0.007122801893987128
0.005484918970149081
0.015969224348865153
0.003826515250742379
0.021612715899073466
0.02632382046034407
0.025358256040318945
0.008035738927593527
0.010534552310759872
0.014531120714446184
0.015799643077900334
0.003367160807358497
0.016280640554183993
0.0536279283822229
0.1917201409364265
0.006250370626697841
0.001273080921441081
0.00461058074927009
0.001237212225206911
0.005312232829078108
0.0
0.031975373664946884
0.2434871124855656
0.24225513628869985
0.0
0.0
0.0
0.0
0.017205605541053135
0.020956055374493694
0.020187381941084975
0.0063971485520238
0.008386421792473312
0.011568038568114683
0.01257789292920089
0.0026805534720968564
0.031662383325497104
0.029679160582006946
0.015444879996823703
0.024728163280756162
0.04261529319092064
0.005212005043778034
0.0012864099155151026
0.0018885147463035207
0.0
0.025455184294096038
0.19383696298604805
0.19285620255879662
0.0
0.0
0.0
0.0
0.0
0.0
0.015659833083368765
0.1584018402860222
0.16131385232974
0.0
0.0
0.0
0.03403945405918296
0.03190733978426679
0.01660441280420321
0.026584643654586893
0.045814659619221224
0.005603299171134864
0.0013829878430279628
0.0020302960230767467
0.005059277658838695
0.022145313564300675
0.1788332198046285
0.012953001545770629
0.0016343567827933297
0.0004060592132744831
0.0
0.0
0.0
0.0
0.0168355036112063
0.1702939450222652
0.1734245779617665
0.0
0.0
0.0
0.0036190506898859465
0.023344664558668418
0.1806628047257961
0.038994360060801404
0.007826539399449562
0.0
0.0
0.0
0.005887500102856941
0.025770583209609205
0.2081088785776715
0.01507345575307594
0.0019019070261918304
0.0004725326066544216
0.0
0.0
0.0
0.0
0.08823918775158035
0.21101855539062986
0.020551544140192647
0.0
0.0
0.0
0.004211502658234977
0.027166272392701495
0.2102379733097508
0.045377880865606894
0.009107772813925793
0.0
0.0
0.0
0.0
0.0
0.020363447449385137
0.04555661673675119
0.050457642675735416
0.010496476046001773
0.0
0.0
0.0
0.0
0.10339431869550125
0.24726111292125202
0.024081283595878102
0.0
0.0
0.0
0.0
0.0
0.0037716027642572076
0.25044751514651153
0.07480545963190949
0.0
0.0
0.0
0.0
0.0
0.023860881190886873
0.05338099170664791
0.05912377165263827
0.012299251807885835
0.0
0.0
0.0
0.0012380892473818463
0.043723317489743924
0.09617402311227281
0.0064380640863856
0.0
0.0
0.0
0.0
0.0
0.003786729378106329
0.2514519748120403
0.07510547884718355
0.0
0.0
0.0
0.0
0.0
0.0
0.07942068623313002
0.3277608967108138
0.004897068030962332
0.0
0.0
0.0
0.0012430548015842605
0.043898676821362226
0.09655974435622845
0.006463884968238154
0.0
0.0
0.0
0.0
0.0
0.0
0.07860996170351034
0.030801525114811032
0.0
0.0
0.0
0.0
0.0
0.0
0.06798705691918965
0.2805754998786105
0.0041920721004711815
0.0
0.0
0.0
0.0
0.0
0.004049180939963855
0.4431278501834101
0.014660642160712273
0.0
0.0
0.0
0.0
0.0
0.06729304661337031
0.02636724939685751
0.0
0.0
0.0
0.0
0.0
0.002855282745144845
0.03826557213327254
0.050626274519122036
0.0
0.0
0.0
0.0
0.0
0.0
0.0034918204756411663
0.38213231849577334
0.012642638410542414
0.0
0.0
0.0
0.0
0.0
0.04869723640959213
0.33578427426302415
0.009055686772066083
0.0
0.0
0.0
0.0
0.0024622596275805557
0.032998403940990045
0.0436576840087761
0.0
0.0
0.0
0.0
0.0
0.002964931276407181
0.021011257138585593
0.10510125426774032
0.0
0.0
0.0
0.0
0.0
0.0
0.04710314751914072
0.32479248046411485
0.008759251681636293
0.0
0.0
0.0
0.0
0.005160259843864211
0.2322221733300982
0.11130012744721064
0.0
0.0
0.0
0.0
0.0
0.002867875173080923
0.020323460170040584
0.1016607973927027
0.0
0.0
0.0
0.0
0.0
0.0
0.061872420465534976
0.08393777928910813
0.0
0.0
0.0
0.0
0.0
0.005424275370023185
0.24410340821605597
0.11699460070992362
0.0
0.0
0.0
0.0
0.0
0.0
0.370394277144849
0.0
0.0
0.0
0.0
0.0
0.0
0.0
0.06503801292370565
0.08823230662574603
0.0
0.0
0.0
0.0
0.0
0.010783948318679385
0.09343090951401099
0.00559802232805343
0.0
0.0
0.0
0.0
0.0
0.0
0.407939588181712
0.0
0.0
0.0
0.0
0.0
0.0
0.014811455224772159
0.40701198293613805
0.0
0.0
0.0
0.0
0.0
0.0
0.011877071832766335
0.10290160810363505
0.006165470321899932
0.0
0.0
0.0
0.0008220627095866576
0.0004595470318480227
0.01151591885942492
0.032423240301534983
0.00332160135148618
0.0004595470318480227
0.0002906430532805125
0.0
0.0
0.0
0.017831985782589262
0.49001477457272086
0.0
0.0
0.0
0.0
0.0
0.0
0.02549246246137792
0.34640456403904657
0.02599522959848788
0.0
0.0
0.0
0.0009897076504156654
0.0005532634041683836
0.013864383901405314
0.03903537844920575
0.003998982353608808
0.0005532634041683836
0.0003499144895120295
0.0
0.0024742691260391638
0.0011065268083367671
0.005012369060840387
0.005179101712022492
0.01863732194918602
0.0
0.0025061845304201933
0.0
0.0
0.0
0.03322869201021461
0.45152839145394874
0.033884034520856525
0.0
0.0
0.0
0.0
0.0
0.04653181821048566
0.33502966590827915
0.015158151797272198
0.0
0.0
0.0
0.0032251386802706807
0.0014423258863663657
0.006533478984877605
0.0067508102027844874
0.024293213410943308
0.0
0.0032667394924388027
0.0
0.0019350832081624083
0.0
0.008933175491204946
0.0
0.02472706877469963
0.00216348875265625
0.0013683103967875733
0.0
0.0
0.0
0.06523717570399654
0.46970847092290197
0.021251587627058605
0.0
0.0
0.0
0.0
0.0
0.047147658249179075
0.2969265846685172
0.01175619741071327
0.0
0.0
0.0
0.002712968633241524
0.0
0.012524228829361495
0.0
0.034667120098401366
0.0030331910791066207
0.0019183584309783296
0.0
0.0045216143887358735
0.0
0.016093105272953104
0.0014298600342792331
0.0072345830219773975
0.0
0.0038367168619566593
0.0
0.0
0.0
0.06305865902778594
0.3971309064798155
0.015723581435742165
0.0
0.0
0.0
0.0006047531321439295
0.0
0.014166392411984155
0.07994292704938567
0.29896242753981234
0.03610453297172255
0.0
0.0
0.0060475313214392945
0.0
0.021524073003627565
0.0019123973428869592
0.009676050114302871
0.0
0.005131500256187049
0.0
0.0072570375857271534
0.002704538265868066
0.011257038788969402
0.0
0.017537840832173954
0.001352269132934033
0.009904769223482221
0.0
0.000310067189193044
0.0
0.007263349692158658
0.040988094758917584
0.15328310785753277
0.018511406490748453
0.0
0.0
0.0012784397411839676
0.0006933313228075677
0.0
0.0036307998605629504
0.06671853805586915
0.634244403694303
0.005319304565384367
0.0
0.0037208062703165284
0.0013866626456151354
0.0057716747386801414
0.0
0.008991948486598277
0.0006933313228075677
0.005078343194095237
0.0
0.010332850927363009
0.0025046257849704145
0.008007600130281355
0.0009805185574269667
0.006282363480255803
0.002773325291230271
0.00807263175067102
0.003162077305024616
0.000692111308604459
0.00037535007217501227
0.0
0.0019656128965827428
0.03611953946242286
0.3433620765022442
0.002879721839845459
0.0
0.002656839173345953
0.0029642869244325184
0.007826511145232112
0.0035963858383426368
0.02004420818435297
0.31985259301913616
0.01676781438489291
0.008245779151584934
0.005593914790484371
0.0013559339355290706
0.004335089426911635
0.0005308251613511751
0.0034010948419218572
0.001501400288700049
0.004370295716608852
0.0017118596919259263
0.002182201487491696
0.0007507001443500245
0.0004747844440961791
0.0005308251613511751
0.004111338457489649
0.13160752134583817
0.06966234517848831
0.0005308251613511751
0.0023252056299528814
0.0025942769568569235
0.006849585763546346
0.003147475648014406
0.017542238230216115
0.2799277643540982
0.014674812386425587
0.007216519651984522
0.010302725421214973
0.010700925273315781
0.004751178998899112
0.0008936109265185491
0.00892623171786539
0.005197840506244066
0.022086779757380708
0.01287660505091467
0.0019098134487444706
0.0006569958089901395
0.00041552062070666186
0.0004645661905609373
0.003598150548178452
0.11517992983824471
0.0609669109179648
0.0004645661905609373
0.0014764143791234866
0.0
0.002897493085503843
0.0
0.010349544507953532
0.15019824850365085
0.23837169351401458
0.0030361881291839305
0.0156017260393534
0.016204732015674492
0.007194852825264535
0.0013532218215392407
0.013517260349300815
0.007871245739276488
0.03344667287323992
0.019499429142083614
0.022124469083008712
0.0086848507983786
0.008892486398229104
0.0013532218215392407
0.0016195935979104023
0.005077142152302418
0.045225577218756904
0.05081645424301988
0.0022357785655642832
0.0
0.00438776066261705
0.0
0.015672625586302755
0.22744971150248677
0.36097340322050403
0.004597790726124042
0.04028394736724057
0.021704918994150866
0.015556498130046703
0.004868867095296088
0.0
0.004884179696744195
0.017787315068190233
0.021113982506443127
0.04947687454723091
0.019421902139238195
0.019886236921094366
0.003026205331647548
0.003621891624185998
0.011353995631960438
0.10113780366811156
0.11364066283732412
0.006548299736513906
0.002224910373222461
0.0014071568290810253
0.0015732492084176825
0.012017481234400012
0.05487565030121594
0.08384310277161461
0.01654670297043729
0.09008685373096281
0.04853863611833044
0.03478894356681589
0.010888230834253563
0.0
0.010922474352504655
0.03977771185645276
0.04721712687180342
0.03155574889704363
0.004449820746444922
0.014269988683589358
0.005358293589940668
0.017622044524867472
0.023376678821830633
0.08585632975833181
0.034688354714633975
0.007086876562614452
0.0024079021749701095
0.0015228910027331964
0.0017026439520043397
0.013005880843668919
0.05938899800346487
0.09073893130697691
0.017907616662056244
0.0010768465734700685
0.0
0.018734229829957226
0.017136912273591647
0.06833106303637476
0.11192960441696155
0.043601375792725515
0.002899498097682805
0.03415110887902931
0.004815804349940219
0.01544364986633017
0.00579899619536561
0.019071401639155314
0.025299336304112584
0.09291773981017237
0.03754136156169124
0.010106381975765424
0.008836912450406806
0.0608835670928407
0.05452472366551105
0.0384150424024698
0.06282115069165581
0.04412213124379582
0.027778732160698164
0.0007545315336472373
0.0
0.01312681631120996
0.012007597942299322
0.047878632907230004
0.07842752919676355
0.030550882323004527
0.002031638304240436
0.043857781499618255
0.01643136301202677
0.04300488086466056
0.00899248036058797
0.01536390743939691
0.011449791658880793
0.01888360488792718
0.03432345652026875
0.007081402383281149
0.006191902605424547
0.04266027527435174
0.03820472143627376
0.02691689008737404
0.044017913363566814
0.03091576848119237
0.019464174281063458
0.011976990719948547
0.004558519599465479
0.0059933758933137385
0.003579057182626221
0.014642207341672478
0.12961731740314278
0.20065215073990533
0.036441955545453784
0.05879367548086229
0.022027111075961617
0.05765031707479334
0.012054895482869749
0.02059613042939188
0.015349051231001746
0.025314470995284596
0.04601240863156136
0.01347764589361286
0.005654397736657746
0.01093797473189928
0.008007367850736824
0.01985619441502423
0.0011308795714473365
0.006437078501371076
0.0015993052232647024
0.016055789452826822
0.00611093659642717
0.008034437339457723
0.004797915428636237
0.019628653281910394
0.17375886867799348
0.2689848193812936
0.04885236860980004
0.009103404812381404
0.0011308795714473365
0.007684024341729748
0.003076325077857905
0.02852945268505492
0.03327251289737204
0.031189537830359874
0.014890522336479589
0.04862693318801647
0.020400893681976843
0.03946387749750421
0.02889033771648335
0.07164054070045178
0.004080178823404389
0.02322478188572445
0.005770244214220957
0.034669516887026845
0.0
0.012902658150007282
0.0
0.04379307396256023
0.0
0.02922337170344443
0.0
0.032844805471920174
0.004080178823404389
0.027723724249014432
0.011099286567286102
0.10293339063495448
0.12004620646879277
0.11253089628662616
0.05372454807807393
0.016422402735960087
0.004080178823404389
0.010322126345987784
0.0
0.06110380399495248
0.022899806674248752
0.04420617887079292
0.013293721933148669
0.06462784428591209
0.0
0.024051993124399592
0.0
0.08163517172957317
0.0
0.05447562255089446
0.0
0.023810258421125507
0.007605908167596287
0.03367278777904721
0.0
0.10204396466196647
0.0
0.024051993124399592
0.0
0.030613189398589938
0.007605908167596287
0.019241594175130647
0.0
0.11390430223561553
0.04268779241266653
0.0824052453296757
0.024780979610282194
0.03741612037605437
0.0
0.024051993124399592
0.0
0.14001206540717165
0.022817723691816293
0.038483188350261294
0.0
0.03254721030117826
0.01559523711285737
0.05642552666908007
0.0
0.06044481913075963
0.01559523711285737
0.019726587490404818
0.0
0.05152287839193011
0.03755802658741687
0.04243088587198434
0.014703331040621966
0.04184641324437205
0.005198412555711019
0.045185117239913225
0.02940665986414118
0.027897608829581366
0.020793650222844077
0.034788291019939806
0.0
0.03254721030117826
0.01559523711285737
0.06491170029611254
0.0
0.12146203211333596
0.018754212782319046
0.08096683657567648
0.007351665520310983
0.030222409565379815
0.0
0.047763629912090495
0.028756197390203676
0.02530100610227617
0.01844337679756885
0.02083626023774724
0.007220269518964411
0.02054924705099663
0.0025527507759503204
0.022188762792378653
0.014440537949190537
0.048083185697015876
0.08450810086651492
0.049096339415525984
0.0119273086451784
0.011416248361664794
0.005105501551900641
0.00739625480849536
0.010830403734077475
0.05964557322122964
0.009209509772325914
0.03975985989563902
0.0036101347594822055
0.014841122870164232
0.0
0.023454976305476393
0.014121119556118536
0.03418287859621493
0.1442390877836969
0.0978329771214267
0.036596774685298136
0.024574983154251474
0.08254142144789982
0.04967139791292159
0.005821167332618006
0.01961567199651344
0.034475319461803225
0.020028990929863058
0.00486577939446967
0.00465729090215103
0.0020828038402203593
0.003017323129134607
0.004418293924536344
0.05051602892374896
0.19511597150640803
0.03447794529949296
0.004418293924536344
0.0
0.01222631156989193
0.004794974605006015
0.003979190970624395
0.013945002285520479
0.05884274500590966
0.03991124052696471
0.014929758042251908
0.010025434086484776
0.03367300701435152
0.020263587675070402
0.002374761725501488
0.009614056105554667
0.08458340549066612
0.18286060783176547
0.0935501828343159
0.028793683591716968
0.003546887124181062
0.004394854148109064
0.0
0.0343264648094614
0.1325844820420919
0.023428325647133003
0.0030023027175667878
0.0
0.008307977938782523
0.003258263377935864
0.002703925105226342
0.019058249014596226
0.048647175317491756
0.12105378335568266
0.027432315451059005
0.0032550204317067484
0.0
0.0018487001244596925
0.0
0.00653290778421342
0.057475802312615364
0.12425676272472898
0.06356887363074437
0.019565777191982957
0.0024101675972018856
0.0029863750075346477
0.0
0.0
0.002122948647444593
0.17079923243863765
0.10024204237949982
0.018835462683088194
0.0
0.0022962571868667685
0.0
0.014954682886848434
0.03817260859887146
0.09498883874121944
0.021525669966238056
0.0025541590053265563
0.0
0.0014506434506652744
0.0
0.050933281251515236
0.12013176422692569
0.04271055444669624
0.008884071974400418
0.0
0.0
0.0
0.0041031574162900125
0.0
0.0016658415882425863
0.13402324402838417
0.07865822062495502
0.014779866253028861
0.0
0.0018018338426546538
0.0
0.01993341783796254
0.18403086162662194
0.11021887615658842
0.031121957119410817
0.007958913232014904
0.0021362069364240094
0.0021362069364240094
0.011124803991161974
0.02965194228252217
0.06993737791139051
0.0248648990245505
0.005172060054757557
0.0
0.0
0.0
0.0023887443316900916
0.011092914652760355
0.03653971909572449
0.1306296981095386
0.004258728499000055
0.0008674215219360112
0.003141447572722758
0.0008429821649766083
0.0036195225361333274
0.011604682453225596
0.1071376583850678
0.06416636968862852
0.018118339395156204
0.004633458320148716
0.001243640370813216
0.001243640370813216
0.006476552025410569
0.010010659519100653
0.3263778656791052
0.11801842298496634
0.0041631547027517635
0.0030657379578649837
0.0
0.0007321753393194458
0.0
0.010318532066714872
0.0339889267158623
0.12151060122626514
0.003961431955074999
0.0008068679034890173
0.0029221470217457423
0.000784134627666622
0.0033668481660944875
0.0
0.020265720959127313
0.15432006926585243
0.153539253188593
0.0
0.0
0.0
0.0
0.009311827818949332
0.30359383248637717
0.10977970354531337
0.0038725300467672245
0.0028517226010120822
0.0
0.0006810630888019648
0.0
0.004115653492788245
0.004184920088777887
0.036385922497787174
0.015579425051219129
0.003304227135300405
0.0
0.0
0.0005544669186006277
0.0
0.028676422703087012
0.21836615370173418
0.21726128247953505
0.0
0.0
0.0
0.0
0.0
0.0
0.017641514112416934
0.17844687653832442
0.1817273905317548
0.0
0.0
0.0
0.005823736520238482
0.005921750214881225
0.051486847968187976
0.022045215126610593
0.004675551105731053
0.0
0.0
0.0007845823874086556
0.0005708675529646948
0.0
0.0009637186390429928
0.005687371944665147
0.05080916342131426
0.006151106739121286
0.0029602047428252828
0.0
0.0
0.0
0.02261856348393794
0.22879056637500567
0.23299658370138276
0.0
0.0
0.0
0.004862208441824533
0.03136364610916702
0.24272116903926158
0.05238907186380115
0.01051498561338892
0.0
0.0
0.0
0.0007319215292617107
0.0
0.0012356043295912898
0.007291901509555414
0.06514351778920673
0.007886465832168428
0.0037953419686307605
0.0
0.0
0.0
0.0
0.018173940513352565
0.06271555812480664
0.004152912828468942
0.0026157286606686946
0.0
0.007578923075065034
0.04888779739885897
0.3783394091077114
0.08166098808400934
0.01639013794920437
0.0
0.0
0.0
0.0
0.0
0.03664559049018849
0.08198263703643457
0.09080241030853005
0.018889216264973255
0.0
0.0
0.0
0.0
0.0
0.02832846406515242
0.09775730438642362
0.006473315005106215
0.004077243199596737
0.0
0.0015211680134324312
0.0017007175665868998
0.034149416473548036
0.04272188911006742
0.01726359213044022
0.0008503587832934499
0.0027763458564691273
0.0012025889211436376
0.0
0.0
0.06042254516287389
0.13517587034739542
0.14971822433135368
0.031145207584176327
0.0
0.0
0.0
0.0031351944996134327
0.11071988936870153
0.24354001046767676
0.01630301139798985
0.0
0.0
0.0
0.002508155599690746
0.0028042032506995183
0.056306765194879316
0.07044136114787057
0.028464821039089032
0.0014021016253497592
0.004577737202656842
0.001982871129328048
0.001254077799845373
0.0
0.02059981756145351
0.03917235988073144
0.019438205897603283
0.0
0.0008867669012297999
0.0
0.0
0.004021446305457281
0.1420180119916972
0.31238351414785376
0.02091152078837786
0.0
0.0
0.0
0.0
0.0
0.0
0.2543135987744233
0.09964699803865418
0.0
0.0
0.0
0.0016085785221829122
0.0
0.026422941299436276
0.050245540408365014
0.024932967093835138
0.0
0.001137436761640171
0.0
0.014477206699646208
0.0
0.019193180271583028
0.00331616949688488
0.016085785221829123
0.001798445487778719
0.007485629200100823
0.0
0.0
0.0
0.0
0.30456003131878784
0.11933491952349308
0.0
0.0
0.0
0.0
0.0
0.01292265763031345
0.17318526109093238
0.2291282759374108
0.0
0.0
0.0
0.017337564908448982
0.0
0.022985304807885708
0.003971367204494306
0.019263961009387758
0.002153776348267012
0.008964614848007983
0.0
0.004815990252346939
0.0
0.033576224838953464
0.006091799428508497
0.034675129816897965
0.004307552696534024
0.0027243354458252505
0.0
0.0
0.0
0.010414161682139938
0.1395672129960191
0.18465078777331123
0.0
0.0
0.0
0.0
0.0
0.012540218481865895
0.08886740721215375
0.4445272312796099
0.0
0.0
0.0
0.0038811289892800795
0.0
0.02705853889748705
0.004909283059147048
0.02794412872281657
0.003471387350757747
0.0021954980640093587
0.0
0.007762257978560159
0.0
0.0043909961280187175
0.0
0.0294965803185286
0.0
0.008322187497273646
0.0
0.0
0.0
0.009821751646409919
0.0696027429155509
0.34816267930324896
0.0
0.0
0.0
0.0
0.0
0.0
0.21189748887218654
0.28746579686141993
0.0
0.0
0.0
0.006079556762988546
0.0
0.0034391165921162153
0.0
0.023102315699356477
0.0
0.006518104837748997
0.0
0.004863645410390837
0.0
0.008597790465655038
0.0
0.01772937197072096
0.002718860478941062
0.0
0.0
0.0
0.0
0.0
0.22765533643218663
0.30884331402675336
0.0
0.0
0.0
0.0
0.0
0.037747515217541945
0.32704020591048316
0.019594996820442283
0.0
0.0
0.0
0.005225332485451276
0.0
0.009237168837865649
0.0
0.01904782431452233
0.0029210497035141985
0.0
0.0
0.002612666242725638
0.0
0.007539634433901109
0.004130988096519542
0.02286082962384933
0.0
0.005542301801045928
0.0
0.0
0.0
0.06150600449883693
0.5328810720416098
0.031928193303508774
0.0
0.0
0.0
0.004257092440467837
0.002379787055787163
0.05963575594634235
0.16790535511888027
0.017201077045289528
0.002379787055787163
0.0015051094406375468
0.0
0.004257092440467837
0.0
0.012285120934148337
0.006731054242508047
0.037249558854093576
0.0
0.0090306563900828
0.0
0.010642731101169593
0.0
0.02457023983835681
0.0
0.010642731101169593
0.0
0.0030102188812750935
0.0
0.008658929685395937
0.0048404889183031
0.12129917888700177
0.3415196367255872
0.034987005504600203
0.0048404889183031
0.003061393896786957
0.0
0.021647324213489843
0.0096809778366062
0.043853102718608636
0.04531184288520142
0.16305750512720674
0.0
0.021926551359304318
0.0
0.021647324213489843
0.0
0.049975888963845264
0.0
0.021647324213489843
0.0
0.006122787793573914
0.0
0.010823662106744921
0.0
0.012245575587147828
0.0
0.049788845691026644
0.0
0.003061393896786957
0.0
0.03171225725416462
0.014182152796279868
0.06424262237173867
0.06637960442890885
0.23887116480631412
0.0
0.03212131118586933
0.0
0.019027354352498773
0.0
0.08783844273323264
0.0
0.24313719311409063
0.02127322843834067
0.01345437068238993
0.0
0.01585612862708231
0.0
0.017939161413905995
0.0
0.07293819168457863
0.0
0.004484790353476499
0.0
0.044397160155830465
0.0
0.008969580706952997
0.0
0.003171225725416462
0.0
0.0
0.0
0.02554569251692248
0.0
0.11792989228341064
0.0
0.3264304568913694
0.028560951904316345
0.018063531592130828
0.0
0.0425761541948708
0.0
0.15153493258568185
0.013463762289905437
0.06812184671179328
0.0
0.036127063184261655
0.0
0.05960661587281912
0.0
0.012042354733118758
0.0
0.00425761541948708
0.0
0.0
0.0
0.0
0.0
0.012042354733118758
0.0
0.05960661587281912
0.0
0.024084709466237517
0.0
0.04524056337672574
0.0
0.1610179653627874
0.014306322463455775
0.07238490140276117
0.0
0.03838788924245919
0.0
0.05428867605207088
0.020232195307202487
0.08421201143038054
0.0
0.13119763379250463
0.010116097653601244
0.07409591054092204
0.0
0.0
0.0
0.012795963440359426
0.0
0.06333678872741604
0.0
0.025591926880718853
0.0
0.01357216901301772
0.020232195307202487
0.025591926880718853
0.0
0.09500518309112405
0.0
0.03838788924245919
0.0
0.03807270159466248
0.014188858350445395
0.05905796595223622
0.0
0.09200902885376766
0.007094429175222698
0.05196353450770367
0.0
0.10572965142475876
0.025628281396484473
0.08193680296707496
0.010033037931257326
0.06428352693370323
0.02837771670089079
0.08260223118274565
0.03235557481556686
0.00951817539866562
0.014188858350445395
0.017947643343290978
0.0
0.06662722779065934
0.0
0.026921464258499846
0.0
0.05076360212621664
0.0
0.013460732129249923
0.0
0.04441815186043956
0.0
0.06281674186784238
0.0
0.02135121469478383
0.0051754160822527545
0.01654644887200062
0.0020260877059982583
0.012981518111559861
0.005730641439404088
0.016680826508787425
0.006533936461068637
0.008329167356279558
0.002865320719702044
0.0018121878826050798
0.0020260877059982583
0.015692421743374804
0.5023280741571724
0.2658917312394836
0.0020260877059982583
0.01025128290003638
0.0
0.00271828174752961
0.0
0.008969872537531832
0.0
0.012685313192407312
0.0
0.010891988081288653
0.003742755569645714
0.02332595163194413
0.0
0.018738199564000132
0.004636186113356372
0.013400485099819233
0.002641695073339154
0.0023365482509783973
0.00080379704593935
0.0005083658721724245
0.0005683703404290407
0.004402132771465365
0.1409161003595872
0.07458955175259437
0.0005683703404290407
0.001806309112300059
0.0
0.0035449181728229805
0.0
0.012662079709606987
0.18375902372660477
0.2916342242374954
0.0037146036789875362
0.0030554861743563658
0.0010499403609056056
0.006543536605364909
0.0
0.005256552731497207
0.001300570884340096
0.0037591848840254944
0.000741064231177357
0.0008986724042224605
0.0
0.0020747116620923518
0.0
0.002934085317894844
0.027426542185909758
0.21796970060752124
0.00517532651914382
0.0015549576048283806
0.0
0.003051635754805266
0.0
0.010900126120897203
0.15818858990069523
0.2510527415924302
0.0031977091851185034
0.02801700994722052
0.015095514990600472
0.01081936084565218
0.003386239600529725
0.0
0.003396889334111651
0.01237086769716847
0.014684525637860251
0.0007736203508466759
0.0
0.0017860114057049183
0.0
0.0025258015071774683
0.023610084262832613
0.1876387830155217
0.004455169535277116
0.012093440469972296
0.01738333758125772
0.011793106591610076
0.0034410066235056945
0.003156353265667267
0.034902991280183704
0.15832459674020807
0.02239933111150676
0.05021078251909943
0.027053480069240587
0.019389955439216858
0.00606866116191774
0.0
0.006087747119262073
0.022170493878012877
0.026316924061052
0.017587903001125664
0.002480150793321914
0.007953516730437796
0.002986496952390791
0.009821817596410258
0.01302921888966308
0.04785285891166631
0.019333891265904343
0.02167330170097952
0.031153609339215384
0.021135057288818076
0.006166812073990273
0.005656669561613623
0.0625515180862185
0.28374198065112805
0.04014303971522631
0.0019410249904127125
0.0
0.0024165142755563397
0.004746539075942222
0.01922351247859139
0.07411008851672196
0.1317819270153461
0.015214151911233861
0.022657899689785488
0.0031950942580837084
0.010246246198182716
0.003847402863592648
0.012653114919759931
0.016785101363098825
0.06164721723906476
0.024907197230280564
0.006705181663198097
0.0058629392263067565
0.04039382032461603
0.03617498113465465
0.025486849648635967
0.04167932982236134
0.02927327564568062
0.01843008170059768
0.002500556747744361
0.0
0.0031131134877754258
0.006114805514305073
0.02476499997739277
0.09547351674076998
0.16977019278814764
0.0195998765656049
0.020571640463852053
0.0
0.017207224843925895
0.011207297267454522
0.058016195737600654
0.05537812668335497
0.08155499071600879
0.07478127229350076
0.005605643663102617
0.004901514943508139
0.03376990726052754
0.030242887358791392
0.021307431237766367
0.0348446146334009
0.02447294650078114
0.015407855578687346
0.009480995217957078
0.003608527678952855
0.004744361042985837
0.0028331844640036513
0.011590782779476776
0.10260516979584841
0.15883639940283914
0.028847480501423984
0.01719823441007503
0.0
0.014385526858332545
0.009369487370137737
0.048502506916223716
0.04629703720346039
0.0681813319705848
0.06251839043401457
0.04069717744141345
0.02115587867573441
0.04166849003547829
0.013343733152073226
0.007180999678466866
0.009750688829284967
0.027534030280248253
0.07911640242025735
0.013314343170175543
0.005067524532198626
0.006662597079458981
0.003978695205616045
0.016277158250710296
0.14409040509888812
0.2230569978095774
0.040511069372068255
0.007549043667095032
0.0009377875029209436
0.006372015360213854
0.0025510578542374796
0.02365819037563611
0.027591396620594524
0.025864079197891486
0.012348039624806345
0.05715182573726285
0.02970960561416898
0.05851585861625837
0.018738860032484348
0.010084415383201699
0.013693079073894013
0.03866656607049979
0.11110467920265353
0.032915034884281394
0.0101736062710595
0.008055094105739123
0.0
0.005923107996122593
0.007924123111577114
0.022210208520263005
0.015302997837561663
0.02532159625035576
0.003145600630328759
0.021373515291174598
0.008556958979833013
0.07935616365780504
0.09254923352151934
0.08675532951159295
0.041418766091607585
0.01266079812517788
0.003145600630328759
0.007957809827849844
0.0
0.047107779506985976
0.017654531682712055
0.03408061022295302
0.010248751807754582
0.11040619986595934
0.03412511064530488
0.0270190304492749
0.0
0.019867754889115016
0.02657971723545238
0.07449922898680611
0.051330519434114916
0.05509174289177095
0.003145600630328759
0.017071766655177848
0.0
0.030948617639323706
0.006291201260657518
0.043391560908184794
0.00889710212370531
0.024619683321065313
0.006116809588743792
0.015474439759157904
0.0
0.09160391011323156
0.03433029852562936
0.06627179604176622
0.019929314206608793
0.030090724059079827
0.0
0.019343050025046823
0.0
0.11260024777462822
0.018350428114032497
0.03094887951831581
0.0
0.10712920703661372
0.006116809588743792
0.033197076884574045
0.0
0.060181448118159654
0.012233619177487585
0.08437749957025065
0.017300950113500444
0.010942081476029028
0.0
0.027080267948029136
0.0
0.09574321291525399
0.04893447670995034
0.027080267948029136
0.0
0.02513807884208824
0.018736817979983986
0.031347159815126
0.0
0.029327758649102947
0.014052612985539236
0.05849087102000798
0.0
0.10944744971646775
0.016899114272594443
0.07295789161957261
0.006624465508824485
0.027232918745595594
0.0
0.043039025382035676
0.025911738945421283
0.03804706306253728
0.009368408989991993
0.04491901841425951
0.0
0.01885355913156618
0.018736817979983986
0.05667551464763339
0.0
0.033517438456117654
0.009368408989991993
0.031253459233428246
0.015261711490999077
0.12609498765646543
0.045004344239262944
0.07369068283032557
0.0
0.046832490924394996
0.007231119755205342
0.031218633289200593
0.0028346043843387133
0.011652947814699005
0.0
0.01841637032951089
0.01108761585711162
0.026839701006631193
0.11325359795802356
0.07681646374914833
0.02873504311802504
0.01929577692664373
0.06480984525888571
0.039000971343350864
0.004570662189179597
0.014342089618091082
0.004008735974537794
0.01337333441480134
0.006530476194233394
0.05395596133424188
0.019257328961101456
0.03153219416079668
0.0
0.07592902151353946
0.12036666990974042
0.056781284983568374
0.026853775341936423
0.008963806011306927
0.005226751981650234
0.036494737768776084
0.023786840560159853
