0.040008468868608565
0.10556730448690968
0.08567828340593135
0.02313343246998529
0.011813369208016757
0.007744310550900946
0.040532461641207586
0.0190672958312978
0.010739426552742506
0.0
0.012396738460238494
0.007824083804796378
0.04527986795185974
0.0206820177583089
0.022097565158942144
0.0
0.005369713276371253
0.0024014088163878257
0.0024014088163878257
0.00442797889653665
0.14424834739392214
0.09203970085467442
0.08362482036069795
0.018358926051512098
0.013961254518565258
0.0
0.0
0.0
0.027610763571567994
0.045146903310976934
0.08437052192166569
0.023472251414389134
0.01678177325358463
0.0
0.019371542130486256
0.012226164933881518
0.07075577761890046
0.03231838597172744
0.034530365856357485
0.0
0.006712709301433852
0.008390886626792314
0.07860703610442779
0.029759191797683444
0.0513689033248162
0.06027392316947933
0.06830166478071423
0.0
0.021816305229660018
0.0
0.0
0.0
0.04314546697077246
0.07054800279562838
0.13184009045756848
0.036678494801644555
0.12325820156225431
0.019606546748273605
0.036144589814557704
0.0
0.008390886626792314
0.0
0.012251639851843014
0.006919302203743803
0.0057538801433290035
0.007192350179161254
0.06737897380281338
0.025508451964340956
0.04403147813389038
0.051664523832623856
0.058545599859973055
0.0
0.04816489827414243
0.016805987826902784
0.05914267598835633
0.061527545434741523
0.04482600203168411
0.029672055150674913
0.03714902753094923
0.009097683428594109
0.10565226149745668
0.01680598919873471
0.030981773272727907
0.0
0.007192350179161254
0.0
0.010501641602695356
0.005930963753682877
0.15961602502751415
0.05170043839250134
0.032959214123797126
0.0
0.0028769400716645017
0.0032165168309430327
0.00610291122529797
0.0
0.030360352551443714
0.010593517970201185
0.0372801055993567
0.038783388690899985
0.02825570641523156
0.018703539041501512
0.023416587872010584
0.005734650880428175
0.02856942796217431
0.013406779624039359
0.024739453402922038
0.00947318529364555
0.028514471349179824
0.03838697886059215
0.03750404467448034
0.01700415058253302
0.10061266537122517
0.032588951558176704
0.020775573010069232
0.0
0.001813455814812788
0.0020275052678250813
0.0038469205381812615
0.0
0.02538838140737903
0.2524600232489707
0.09913217638105291
0.006605860285793021
0.0
0.007324264469106453
0.02383276700222527
0.03286395426282092
0.01775550396761142
0.008332127934892197
0.015375227800630054
0.00588745351464295
0.01772134919344646
0.023856975938274513
0.0233082445648146
0.010567844184131482
0.032160028730896004
0.07900536570318203
0.10008669362652677
0.02330233086725172
0.008508581728430728
0.0
0.0007969359751549401
0.0
0.015778527571738015
0.15690040943050163
0.06160927524982836
0.004105450717080377
0.0
0.004551928971529806
0.014811734754627688
0.020424492610684665
0.01508250407057513
0.13849172886097244
0.1217567257354658
0.036994909643787
0.01713575663170612
0.00882046532267247
0.005219539961201249
0.01165116543362586
0.019325498096720798
0.04747564305067823
0.06014376490056797
0.014002759593047321
0.005112948790391214
0.0
0.00047889213035028403
0.0
0.006997837782809122
0.0065213051783937
0.035560122901120275
0.03809762824338267
0.008914228026848537
0.0027353301022146398
0.009696283211755523
0.0032125060045257005
0.009063328461198256
0.08322199165024591
0.0731656489225451
0.02223085874368386
0.010297162199167013
0.005300364848298115
0.0031365086900263656
0.007001379796523661
0.016757779713331724
0.026295855562696865
0.3805890481029607
0.05544981392052138
0.0
0.006430742914902806
0.02621682809550939
0.016567506921898307
0.004610760690618369
0.004296781163165731
0.023429982505285468
0.025101903211003935
0.005873438831973406
0.0018022641996844927
0.0063887221832567955
0.002116667585583357
0.015583949020642685
0.0048528970625569875
0.015026542821242434
0.08292786755488021
0.024175239704016357
0.0023011675072686024
0.004953196184661197
0.000919932307179769
0.011041426560941965
0.017325908504553886
0.25076388975232405
0.036534974125137835
0.0
0.004237111171160055
0.017273838600892745
0.010916058935331865
0.0
0.02194428205033746
0.09846356310012055
0.29187498605580053
0.015262363021435174
0.0
0.0
0.0
0.01307764585236871
0.004072425356246667
0.012609885026020043
0.06959091573890017
0.02028723418091691
0.0019310800919057297
0.004156593778284295
0.0007719833339748272
0.008062398249621424
0.03175453395806262
0.0801636011870769
0.016080707955067407
0.0035623597975920213
0.0
0.0
0.0
0.0
0.018415072377268964
0.08262806852615284
0.24493391859449237
0.012807779222084871
0.0
0.0
0.0
0.0
0.001872334649482746
0.17108413291135816
0.19689121025439682
0.005245879299890286
0.0
0.0
0.0
0.007609246591442193
0.02996975239899234
0.07565796059741138
0.01517688266029523
0.0033621353483240064
0.0
0.0
0.0
0.0
0.0
0.12846635153513578
0.12415492760542252
0.030438170076202715
0.010861072395847526
0.0
0.0
0.0
0.001767099020478761
0.161468252361104
0.18582482831129632
0.004951031683864247
0.0
0.0
0.0
0.0
0.004032330153124338
0.11593039965520804
0.10032933341717594
0.0
0.0
0.0
0.0
0.0
0.0
0.12125501290019364
0.11718560672520312
0.028729551833180326
0.010251396242916093
0.0
0.0
0.0
0.0
0.04590111240275286
0.37776706904238117
0.0
0.0
0.0
0.0
0.0
0.0038059790668314056
0.10942275496842611
0.09469744000973071
0.0
0.0
0.0
0.0
0.0
0.0059419392902452664
0.059356482543246235
0.019680985039308027
0.006004456443800281
0.0
0.0
0.0
0.0
0.0
0.05170579802420153
0.4255397472878784
0.0
0.0
0.0
0.0
0.0
0.0
0.07169220171420788
0.25881455284906113
0.03646354052363286
0.0
0.0
0.0
0.0
0.006693360939005548
0.066862743344409
0.022169855676499078
0.006763784053948831
0.0
0.0
0.0
0.0
0.0008402378417675832
0.016231351862899132
0.023270602978420464
0.01100580020325714
0.0016804756835351665
0.00026570652717644057
0.0
0.0
0.0
0.09569254222570675
0.34545769184025454
0.04867041055826583
0.0
0.0
0.0
0.0
0.0
0.059260237565161925
0.30066414350061843
0.026353738681750113
0.0
0.0
0.0
0.0
0.0011215235859752747
0.02166510842716892
0.031060883957883083
0.01469020305550414
0.0022430471719505495
0.0003546568868513145
0.0
0.0
0.004268771958558659
0.022501632675154967
0.005966788564740043
0.01632028835948024
0.0037080099861989775
0.0
0.0
0.0
0.0
0.07826680490004928
0.3970963132560473
0.03480618722669446
0.0
0.0
0.0
0.0
0.0
0.03193031155226818
0.2735011112949673
0.049188155728831125
0.008633719514442483
0.0
0.0
0.0
0.0056378974464274725
0.029718593223363423
0.007880519816729457
0.021554703076231165
0.0048972819901059875
0.0
0.0
0.02283201368529692
0.007006939720717056
0.0068631837149894775
0.0
0.0036970934495561872
0.006082845140472276
0.008311125139674254
0.0020947761702526436
0.0
0.0
0.038949877308229214
0.3336276475462887
0.060001689226234604
0.01053175805224209
0.0
0.0
0.0
0.0
0.019347994313934858
0.04339156829844712
0.3624495011273829
0.007623169072820759
0.0
0.0
0.027851407910204164
0.008547346679700665
0.008371987326371318
0.0
0.0045098631756708375
0.007420098971427772
0.010138244468856621
0.0025552921613678043
0.0032322172876420984
0.0
0.0005713806808112653
0.008723529055887485
0.02501878363227958
0.005633864259132357
0.011502262290301778
0.0
0.0
0.0
0.01796111454462994
0.040281225838392394
0.3364688298313308
0.007076734192101803
0.0
0.0
0.0
0.0
0.01302444973576807
0.3220291027922675
0.1739983559912676
0.0
0.0
0.0
0.003000529356919486
0.0
0.0005304236547789555
0.008098219487968066
0.023225417130862156
0.005230024344915861
0.010677770892753185
0.0
0.0011251985088448072
0.0008386734636330388
0.0015912709196254948
0.001186063383641448
0.022036818612450174
0.004193367228742451
0.007425930004409715
0.0
0.0
0.0
0.014109185661852567
0.3488491638413135
0.18848973732809587
0.0
0.0
0.0
0.0004063034009063989
0.0
0.08136578985930357
0.28301390238207963
0.01521511257022792
0.0
0.0
0.0
0.0012189102027191966
0.000908522037255165
0.0017237992620637175
0.0012848441835178544
0.023872145964506066
0.004542610089405545
0.008044395523014367
0.0
0.004875640810876786
0.000908522037255165
0.009527517475741237
0.0
0.009344978220847174
0.0
0.002298399080665143
0.0
0.0006929325836022762
0.0
0.13876577665426862
0.48266776535831923
0.025948705424487278
0.0
0.0
0.0
0.004850528085215933
0.0015494443835085067
0.06301006234167378
0.13486230013633257
0.03533956176371609
0.0
0.002939863839704073
0.0
0.008315191003227314
0.0015494443835085067
0.01624876209515685
0.0
0.015937449422852353
0.0
0.003919818563077431
0.0
0.02090042468254659
0.010846110188935542
0.019188626595692933
0.002191245255701138
0.008315191003227314
0.0
0.0019599092815387156
0.0
0.009487053418536433
0.0030305280944975836
0.12324015382217055
0.26377454641273823
0.06911996062076543
0.0
0.005750022430651393
0.0
0.010842346764041638
0.0
0.023933190351382666
0.10417728784448933
0.09755640811471887
0.02424422475598067
0.01836392005810188
0.0
0.04087873360382569
0.021213695692101745
0.03753066106277037
0.004285813921439395
0.016263520146062457
0.0
0.0038333483948099663
0.0
0.014908226800557253
0.009091583960365638
0.05076663525446759
0.0
0.024395280219093686
0.006061056188995167
0.017250067291954177
0.0
0.012940316229237006
0.0
0.028564208308531305
0.12433535635318695
0.11643335143824379
0.02893542716375359
0.021917296866797956
0.0
0.025880632458474013
0.0036169283954691988
0.019629751145326904
0.0
0.12577949463735666
0.13102603306702978
0.06457801224283101
0.010230218355867947
0.017792934815200882
0.01085078480075612
0.06058986383518509
0.0
0.029115711515783262
0.0072338567909383976
0.02058791612105719
0.0
0.025880632458474013
0.0072338567909383976
0.020959133433673574
0.0
0.029115711515783262
0.0036169283954691988
0.048038463236103925
0.005115109177933974
0.01988440118825195
0.002778929587601376
0.015081773895035755
0.0
0.09663789849949646
0.10066887707595094
0.04961606349600049
0.007859999803246377
0.04934930281998327
0.014519637009751382
0.003515098669853347
0.016347252711636475
0.17345490371057795
0.11239381211727728
0.03453325965984503
0.003929999901623188
0.01988440118825195
0.005557859175202752
0.016103154295860792
0.0
0.022369951336783447
0.002778929587601376
0.036908529070394464
0.003929999901623188
0.03728325222797241
0.0
0.0
0.0
0.0
0.026260348283810065
0.08273258877457634
0.04561818525969693
0.03638022518024735
0.010703852613218896
0.0025913249799401333
0.012051167914107232
0.12787067081024034
0.08285653413602463
0.025457862438623607
0.0028971894881867754
0.004580858742332464
0.0
0.0012956624899700666
0.0
0.1694829662732846
0.17677427361564493
0.053448715527826936
0.019816283892440206
0.027485152453994785
0.0
0.0
0.0
0.0
0.019359085727344346
0.060990328887586744
0.03362965142822614
0.02290429371166232
0.0
0.002048622338714211
0.0
0.011699815083973003
0.016562265474691487
0.06462607796154113
0.014485946130339678
0.0036456490285161946
0.0
0.0010311452423086807
0.0
0.13488200490321944
0.14068474823683164
0.04253684053576493
0.015770670999667464
0.012603288111976455
0.0042592988848859
0.0
0.0
0.33028654545283076
0.045403778353256895
0.026720586406898374
0.0023057109238992734
0.018228245142580975
0.0
0.001630383833911287
0.0
0.009311227849166812
0.013180979906639115
0.05143227756840638
0.011528553576467813
0.007291298057032389
0.0
0.0
0.0023057109238992734
0.006680489410442522
0.010148981429844994
0.08898439842311856
0.019146253512282597
0.007995212166704072
0.0027019931595238657
0.0
0.0
0.20952556057127322
0.028803026470476098
0.01695087469585734
0.0014626855998113835
0.0013876253820125325
0.0
0.0
0.0
0.10047323730645398
0.3318279742434026
0.09822394997585145
0.0
0.004625417940041775
0.0
0.0
0.0014626855998113835
0.004237936143279334
0.006438261117782657
0.05644948672111173
0.01214590650218791
0.027112694388726898
0.007239924032258706
0.007301612533870513
0.0
0.00441609115260001
0.028498772342023374
0.017193919813865404
0.023524560087577463
0.0006533496694491902
0.0
0.0
0.0
0.047306828798025606
0.15623791557595149
0.0462477741331318
0.0
0.0
0.0
0.0
0.0
0.0031709715901268335
0.255639514204116
0.21112662523272904
0.0
0.01276574365558243
0.0034088465335313047
0.0034378919536132255
0.0
0.0020792727865961242
0.013418364733544871
0.008095586872756832
0.011076306153224816
0.016780171423442247
0.0009739561969434299
0.0
0.0
0.0006533496694491902
0.0013944930553446287
0.18491126217960746
0.020621496820307787
0.0
0.0
0.0
0.0
0.002413170930801133
0.19454663244612072
0.16067145991345452
0.0
0.001988847121648607
0.0
0.0
0.004429980809467529
0.04415775634699109
0.06144258260722713
0.04365528435080309
0.008106687971797054
0.012770036167776272
0.0007411995710259577
0.0
0.0
0.0004972117804121518
0.0010612362831756287
0.14072105977200744
0.015693359357528743
0.03840844924883819
0.0
0.0
0.0
0.0
0.008000390517689242
0.08481425237878253
0.17588019028075993
0.0033867661513862757
0.0
0.0
0.00754372163324387
0.07519531938341463
0.1046292883765844
0.07433967033418133
0.013804709333301586
0.029794476527766442
0.004084478233174564
0.016494044940066354
0.0
0.0031045356387707527
0.00126217324159733
0.0053396053746565895
0.016534533537508722
0.06540494461704817
0.0
0.0
0.0
0.0
0.01362369762273207
0.1444284158319257
0.2995026961391044
0.014518051303498139
0.00847090211700716
0.013121082184532144
0.005219752365028683
0.005453978906615899
0.0
0.025979093456525465
0.04876370149527321
0.10252935462133413
0.01405558902241499
0.05675964070804439
0.0
0.010683390766924762
0.004343416061050452
0.018374757901383012
0.05689897088763053
0.03220777875275383
0.021852286467869443
0.03535880373210281
0.003071258942435178
0.017481912164058703
0.006515123860019419
0.018833259670728436
0.003071258942435178
0.049959811481160826
0.029150239518651675
0.045152533123374076
0.017962317303035134
0.018768342410465495
0.0
0.0893997813072019
0.1678066348505353
0.05610606297914784
0.04875442963022899
0.03726418571069245
0.003071258942435178
0.009712173424477057
0.0
0.007888632689992448
0.016965550969218108
0.03565958591230504
0.024194263524449484
0.03914831597424098
0.003400415252397316
0.019355502703592063
0.007213369813520794
0.02085167829773633
0.003400415252397316
0.16457414687904282
0.04435028945311
0.00304142377350036
0.0
0.0
0.008685983203734891
0.05112879193291512
0.045054227792971434
0.06211912309646792
0.053979592487604575
0.041257903626430927
0.003400415252397316
0.010753057057551146
0.0
0.008734081828457403
0.018783801484127362
0.0689438301183172
0.029307917579068424
0.02626438001135001
0.0044335988975064775
0.012109337161270588
0.054047299534034
0.04990178733033141
0.08590408837786798
0.1231934541715365
0.03319880707175544
0.00227668505267914
0.0
0.0
0.006501970656001699
0.038272915918336724
0.033725746431648
0.056240141772702985
0.0489384836023519
0.030868062258169952
0.0025454113450048034
0.004960200545395369
0.02392677306763001
0.04061177008947408
0.029151147603417877
0.051608522584859755
0.021938704648390362
0.019660437296084774
0.003318810232061375
0.00906455297453916
0.04045759096740121
0.037354430614641006
0.06430427606897797
0.023667697363699152
0.004702092836530101
0.00925546294188838
0.05920219132059621
0.07268235703451964
0.03676058982258634
0.042510907320491086
0.029098776076570212
0.01567127549347938
0.013636673639002457
0.008601363587466028
0.0007092770603782388
0.0013821563530895336
0.006667178292832588
0.011316440842595796
0.008122946540401056
0.13987390682744802
0.002557334807464254
0.003932843389640814
0.0
0.0004485861951408632
0.0
0.013422969574084048
0.2427856691999031
0.006594987032249063
0.0013102348236423652
0.0025790281640509964
0.01649664849267941
0.020252887078535592
0.01024331220111107
0.011845634080896564
0.008108353251704153
0.05067206688886769
0.0
0.001121465487852158
0.0011436748843805823
0.0
0.0
0.00282963084949581
0.39767316786644336
0.14601986503198697
0.0026697022475263748
0.004105649681006849
0.0
0.0004682967478021969
0.0
0.014012765139635019
0.2534534957403055
0.010407346970575592
0.002094286754204324
0.004081101723548643
0.0
0.0007024451217032953
0.0
0.018867672824868342
0.01906553205946107
0.052898560824014354
0.0
0.0011707418695054922
0.0011939271308389235
0.0
0.0
0.002953962780516576
0.4151466389677321
0.01986103844054855
0.0026178583869300824
0.004070627999822889
0.0007404421809314274
0.0032780772346153782
0.0031414300196558405
0.01042641779398243
0.0065518166183631005
0.004596087623965239
0.0020554329017246423
0.0020554329017246423
0.003790030856043103
0.12346619085827086
0.07877935156670084
0.07157682023868775
0.01571391775906322
0.011949827822309623
0.0
0.0
0.0
0.023632823990421974
0.03864249595616402
0.07221508703975082
0.020090555804346044
0.025122898657096045
0.005369719009830369
0.04516807637158175
0.046243110355770035
0.06402297602396366
0.0020554329017246423
0.010066208419009149
0.010760619253862217
0.053456021032055025
0.0020554329017246423
0.005955342177242792
0.0
0.0
0.012021239316361714
0.06060238465715622
0.18853530700501725
0.01629372694753618
0.0
0.0
0.0
0.032223625881891045
0.05268948532509606
0.09846609735426626
0.02739370268491311
0.0920566273325397
0.01464334660417895
0.02699495037630982
0.0
0.006266818056744684
0.0
0.009150260426962023
0.005167750432003093
0.07288789623997378
0.0028026062766492916
0.008120177190668938
0.0
0.0
0.01639109733665828
0.08263204480065978
0.25707004803655165
0.13476064723220366
0.0286430070551349
0.0
0.0
0.010026908890791495
0.0
0.005317571212844817
0.0
0.1056068001535935
0.016798757712696497
0.030968442057396788
0.0
0.00718925536699117
0.0
0.01049712282824357
0.0059284117062508145
0.15954734349720895
0.051678192097208406
0.032945032031095035
0.0
0.002875702146796468
0.0032151327888447316
0.006100285190210342
0.0
0.15459659074203036
0.03285908260513011
0.0
0.0
0.011502808587185873
0.0
0.006100285190210342
0.0
0.18743793770779496
0.10463544548595897
0.06164741500469152
0.0
0.001437851073398234
0.006430265577689463
0.0
0.0
0.06574174768763695
0.021294084823589316
0.013575055127052342
0.0
0.0011849378423702589
0.0013248008017769126
0.0025136326372269075
0.0
0.016589129793183624
0.1649609727404709
0.06477437510798095
0.004316363139432232
0.0
0.004785778658670051
0.015572669198033537
0.02147377550522897
0.07723411332193338
0.043115208975207674
0.025401919668467388
0.0
0.0005924689211851294
0.002649601603553825
0.0
0.0
0.05329137528487757
0.2207364034353479
0.11369361615306303
0.029415350571855653
0.0077020959754066825
0.02257207733397393
0.0054876873322558355
0.0
0.0069638276061208685
0.06924774175765759
0.027191153916435767
0.00181193402928052
0.0
0.002008986484253358
0.00653713516105068
0.009014316756530567
0.006656638760401907
0.061123100382884016
0.053737133839170254
0.016327643494745518
0.007562838455052336
0.003892898094171941
0.002303635514011435
0.005142223006631773
0.022370790692677896
0.0926612956244711
0.04772659884376408
0.012348051580148624
0.0032332056742704032
0.009475364725304063
0.002303635514011435
0.0
0.0050814985048953
0.048027366575073976
0.44770004304078104
0.017587432366439427
0.0032332056742704032
0.002346307747069043
0.0033568780645071863
0.0030267997675126348
0.004431872913721574
0.04069468432041413
0.03577723780649779
0.010870657632756376
0.005035204719111824
0.0025918230266707898
0.0015337199756680115
0.0034236015622442005
0.00819437917577234
0.01285839860161521
0.18610406770181073
0.027114379605389496
0.0
0.003144566089784709
0.012819754995928004
0.00810133776894458
0.003383172257886266
0.03197577526778634
0.29807080805217434
0.011709402888196824
0.0021526114256836654
0.0015621303973031805
0.002234950326169909
0.0020151900062078906
0.0008279274714167944
0.05198898396091034
0.2274867772352804
0.002775718564743689
0.0
0.0005970269847077144
0.0
0.0005236273157701544
0.008654969969819156
0.013581145242336804
0.19656463078773123
0.028638428391105603
0.0
0.0033213162939379265
0.013540329551535335
0.008556698878773618
0.0
0.017201319150802665
0.07718198160802096
0.2287901137875092
0.011963607500345544
0.0
0.0
0.0
0.0008744637328337056
0.05491118793641603
0.24027338536195078
0.00293173653637548
0.0
0.0006305847597453804
0.0
0.0005530594321003641
0.004189718851987701
0.0077275962174571675
0.02224514125878797
0.04411862742516703
0.008253733542380556
0.00229307618691901
0.0021111422032945243
0.0008917815299506065
0.0
0.02029836854224559
0.09107838147560474
0.2699831337217215
0.01411762156191699
0.0
0.0
0.0
0.0
0.0020638169631377445
0.1885807837416872
0.2170271322639906
0.005782371590825222
0.0
0.0
0.0
0.004944066010313635
0.009118928298024697
0.026250316710397233
0.052062062868723384
0.009739795176401745
0.0027059381393639997
0.0024912474509584913
0.0010523442996091584
0.006717535896754088
0.013788357477726937
0.04389777981795917
0.016219903631707944
0.00041276339262754893
0.0
0.001667086799730983
0.0
0.0
0.002592255947255937
0.2368667701273988
0.27259678759103295
0.007262944056226376
0.0
0.0
0.0
0.0
0.0059152496264210565
0.17006475839285465
0.14717868564288755
0.0
0.0
0.0
0.0
0.008437556571291636
0.01731885739527326
0.055137777640623734
0.020372999352271926
0.0005184511894511873
0.0
0.0020939432848852296
0.0
0.01019393101289882
0.004637168478597769
0.02764881895345117
0.0052567323247807015
0.0
0.0
0.005086237286550508
0.0008197433170855109
0.0
0.010639421891260699
0.3058857745064678
0.26472190166948867
0.0
0.0
0.0
0.0
0.0
0.016610390612003322
0.16592804339426023
0.0550171977806266
0.01678515415127478
0.0
0.0
0.0
0.01833524189616624
0.008340610276917043
0.049730352600323685
0.009454984405553885
0.0
0.0
0.009148324711262139
0.0014744255177428802
0.01565251360618006
0.006893984795448617
0.02016469020263244
0.0014744255177428802
0.00186501712791942
0.0010425762846146304
0.014488680531520595
0.006345691715112436
0.0
0.033016831177667814
0.3298187456488897
0.10935886900086739
0.03336421242877263
0.0
0.0
0.0
0.0
0.004144702672324431
0.0800655767896309
0.11478860574567999
0.05428911582647611
0.008289405344648861
0.0013106700251984832
0.0
0.03111283842223061
0.013703322062050147
0.04008178902723533
0.002930747358113507
0.00370713471430807
0.0020723513361622153
0.02879946235284128
0.012613468097010862
0.005560702071462105
0.0020723513361622153
0.03940919701318624
0.002930747358113507
0.04448561657169684
0.0
0.0020723513361622153
0.0
0.0
0.006130946314548406
0.11843497392909152
0.16979813390424522
0.08030579776420005
0.012261892629096813
0.00193877539497258
0.0
0.0
0.023335765769218315
0.12300793638779946
0.032618181925145026
0.08921685912018665
0.020270291631384822
0.0
0.0
0.008225527514670337
0.003065473157274203
0.058295055228124094
0.0043352337030297845
0.0658042201173627
0.0
0.003065473157274203
0.0
0.010967370019560451
0.003065473157274203
0.01970237260851753
0.0043352337030297845
0.06202738812871978
0.035903079084102264
0.036504154085136145
0.007382636786832578
0.0
0.028965685884770498
0.15268447935155036
0.040487551217296004
0.1107410634156238
0.02516064422286377
0.0
0.0
0.11730347045318494
0.035999380423711064
0.03526080875838344
0.0
0.018994465324009283
0.03125168261729736
0.042699861505528125
0.010762279577272044
0.013613326346790744
0.003805040444780509
0.024455710680633118
0.005381139788636022
0.07699193840723158
0.04456495327091276
0.045311041907785406
0.009163750625694893
0.025524986900232645
0.003805040444780509
0.01102459624340087
0.0
0.0357349816603257
0.007610080889561018
0.042699861505528125
0.0
0.15029544170472245
0.046124319774812676
0.04517802249782539
0.0
0.02433671863916707
0.04004131697754876
0.0547093323062854
0.013789204672008046
0.017442117342794255
0.0
0.0030833598100658693
0.04707505835632203
0.13500966087788613
0.030402201571307907
0.062070025224509585
0.0
0.03270397001773923
0.004875220077830979
0.014125298728305181
0.0
0.04578555802483492
0.009750440155661958
0.0547093323062854
0.0
0.015261852674944974
0.0
0.006166719620131739
0.0
0.06976846937117702
0.014625659713677332
0.06266790881538081
0.0
0.021678635014797363
0.0
0.0038322773908712015
0.058509124113225494
0.167802171268639
0.03778659543205995
0.0771462200234139
0.0
0.008129488130549012
0.0060593627830265685
0.011496831849576769
0.008569233005197513
0.1592146220749073
0.030296813269059173
0.05365187507323912
0.0
0.018968805637947693
0.0
0.007664554781742403
0.0
0.08671454005918945
0.018178087703006038
0.07788932362105071
0.0
0.010839317507398681
0.0
0.0
0.0
0.08129488130549012
0.012118725566053137
0.04215504580795702
0.0
0.009985035073321314
0.007442405836492951
0.014120971383022245
0.010525151243757502
0.19555518872455568
0.03721202838892547
0.0658978579896847
0.0
0.039940140293285256
0.007442405836492951
0.07804725560975055
0.0
0.07655193556213007
0.0
0.018827962373055854
0.0
0.013313380097761751
0.0
0.0
0.0
0.09985035073321313
0.014884811672985903
0.051776889780819624
0.0
0.07322359053768963
0.06698165490905444
0.06666170621504128
0.0
0.006656690048880876
0.007442405836492951
0.03765592157195454
0.0
0.03801740209960926
0.00708412472256637
0.0742900219553237
0.0
0.0728666873575844
0.0
0.017921574911771567
0.0
0.09555761844804014
0.049588870791950845
0.0877312057828351
0.010018465234595155
0.03801740209960926
0.0
0.008960787455885784
0.0
0.0696985705159503
0.06375712476911108
0.06345257856415976
0.0
0.006336233683268209
0.00708412472256637
0.03584314680219147
0.0
0.03536339845699216
0.049588870791950845
0.10262651782423753
0.0
0.04118551894124336
0.0
0.025005698879000022
0.0
0.08616522344937799
0.04471476164628518
0.07910807188933651
0.009033746440929864
0.03428065705361736
0.0
0.0080800282170973
0.0
0.03142393563248258
0.019163469471578064
0.10700719138874923
0.0
0.051420985580426036
0.012775646768449018
0.036360125955294656
0.0
0.03188751644781718
0.04471476164628518
0.09253931799237264
0.0
0.03713737847475214
0.0
0.02254787913732365
0.0
0.00857016426340434
0.006387823384224509
0.1490995665942134
0.0
0.07141803552836949
0.0
0.0161600564341946
0.0
0.02988076478465942
0.01822238724121862
0.10175226787471754
0.0
0.04889579692035178
0.012148258592577838
0.03457454801071064
0.0
0.04346293059586825
0.012148258592577838
0.03519795597108866
0.0
0.04889579692035178
0.006074129296288919
0.08067393240536212
0.008590116008468728
0.008149299486725296
0.006074129296288919
0.14177756507020886
0.0
0.06791082905604413
0.0
0.015366466214303483
0.0
0.005432866324483531
0.006074129296288919
0.031356340388984986
0.0
0.15256107231198604
0.03644477448243724
0.048331907823558756
0.0
0.029038251984143396
0.008116438292206315
0.023516295399381576
0.0
0.032668033482161324
0.004058219146103157
0.05389949424996565
0.005739188540835576
0.05444672247026887
0.0
0.0
0.0
0.0
0.03834938771539043
0.12081881357111456
0.06661866988547056
0.0036297814980179245
0.004058219146103157
0.020949652980889372
0.0
0.10192839737290324
0.024349314011211595
0.0322912905092578
0.0
0.08845528577977073
0.03246575316882526
0.014324790983590338
0.0
0.045324474008252534
0.03246575316882526
0.11131317234613877
0.05117227722901396
0.04638226856110195
0.0
0.0
0.0
0.0
0.0326692134892115
0.10292356277917698
0.05675135063453217
0.03865189046758495
0.0
0.003457130232534141
0.0
0.019743895044729676
0.02794947004617233
0.1090590313835878
0.02444560003455304
0.07535360503888358
0.027657041860273127
0.012203054147939747
0.0
0.038611174933246124
0.027657041860273127
0.09482586315395045
0.04359282244427755
0.13131515038899702
0.031114173198646723
0.006559443028707492
0.0
0.0
0.0
0.021658611830227475
0.02741662646460122
0.039485703030315254
0.0
0.0035317086964594476
0.0
0.02016981749060151
0.028552406124181164
0.11141169225856092
0.02497294936121494
0.0157942812121261
0.0
0.0
0.004994590324120998
0.014471158298266642
0.021984544516735757
0.19275643392894445
0.04147427656451174
0.1341479283138695
0.03178537939783005
0.00670094570647268
0.0
0.0
0.0
0.022125839239207325
0.028008067848122684
0.13865017570516913
0.051032511698300524
0.020102837119418036
0.0
0.009989180648241997
0.0
0.03286096052521307
0.004994590324120998
0.012412607994446797
0.0
0.0
0.0039252113441271014
0.011372775548915907
0.01727748983050885
0.15148584608779406
0.03259432511897495
0.07275866775348408
0.01942880407498706
0.019594349156144688
0.0
0.01185086603103234
0.07647829752684439
0.04614099510660335
0.06312967744624409
0.10896414064529414
0.040106070936402886
0.015798669998858438
0.0
0.007850422688254203
0.0
0.025825184181683527
0.0039252113441271014
0.04939429977401994
0.0
0.02678980060930373
0.0
0.007447564796668078
0.008326630402405779
0.06924371930251755
0.09787678348653375
0.031223162552922172
0.008337545567732705
0.00840858646414293
0.0
0.005085600491387608
0.03281937931494166
0.019800634550487296
0.02709104278126693
0.041041872228957325
0.0023821559853500875
0.0
0.0
0.0015979987914130894
0.003410728314829218
0.45226620184991334
0.050437198542951756
0.02119673571068294
0.0
0.011496393831985873
0.0
0.0031959975828261787
0.0035732338510275977
0.029714781349166355
0.042002180844094315
0.0456863447548983
0.008605422989645306
0.003766519271491211
0.0
0.0026633313190218156
0.005032188884622641
0.042336544014876534
0.09682753634654719
0.014740156565100025
0.0008555494737341924
0.0
0.0
0.0005739200259887356
0.0012249604277587234
0.1624310554640654
0.018114480720584594
0.04433398213696368
0.0
0.0
0.0
0.0
0.009234665216552512
0.09789912437130259
0.2030144243428117
0.016408215268971068
0.003090630989460235
0.0013527424737723131
0.0
0.0009565333766478926
0.0018073067332478809
0.015205136932428448
0.03477553454674059
0.012052320545763447
0.0
0.0
0.0
0.0
0.010029388776506332
0.09897531783149403
0.2529243089075611
0.045078465177212784
0.0
0.0
0.0
0.0
0.009389739299788756
0.099543105674956
0.20642356533497952
0.010006146690553776
0.005838324125750465
0.009043326155322624
0.0035975632514989963
0.00375899711648183
0.0
0.01790533829777583
0.033608969973712065
0.012254710401343004
0.0
0.0
0.0
0.0
0.010197808338392435
0.10063737122658882
0.25717156686572706
0.00896714470736622
0.0008699163779144082
0.0
0.0
0.0
0.009681164911679727
0.086204049204538
0.06982247788382533
0.02774550698227933
0.01618877554021292
0.025075753608769732
0.009975490006346564
0.010423121304045406
0.0
0.04964875132502365
0.09319250855608202
0.03115886781764894
0.027076090313764612
0.02069490845086247
0.001705643674493367
0.005393718822649063
0.0
0.004381003588521484
0.009421929325176862
0.024864514161501785
0.002412144423208288
0.0
0.0
0.0
0.026844382454155463
0.23903058020958226
0.1936070005324402
0.010941365332256672
0.04898895983070798
0.05743404405309525
0.010417608124424552
0.010973645055519126
0.02488125636809812
0.012393246113924481
0.005128493629200136
0.046026175086318
0.03999531949387499
0.03056938670971866
0.0025194835337578048
0.007967306397346063
0.0
0.006471378851091126
0.013917558600311979
0.05108283307894055
0.021715234837020425
0.01946017414087935
0.003285004503399734
0.008972220543074401
0.04004548595177393
0.03697393469671553
0.06364926636472594
0.01616198635370742
0.07236381166544248
0.08483842811534231
0.01538832085689024
0.016209668195143714
0.03675323085125041
0.018306625223533497
0.007575530249944826
0.02131105384302313
0.06452941933188149
0.08904357233460442
0.027119599327248105
0.049142577087724064
0.03325325573587757
0.03516805162665668
0.020183086597562374
0.04828901423366642
0.020527586684783695
0.018395859615428355
0.00310534125969855
0.008481512465108948
0.03785532094766514
0.03495175876571367
0.060168165001713354
0.02214536897456281
0.004399649835700484
0.00866014292513649
0.055394251107339296
0.06800735997829148
0.03439611436777712
0.0397765660760747
0.027227115634501732
0.020145511130321953
0.06100018070243023
0.08417360731025836
0.025636376038522847
0.046454874591645746
0.0314345709264809
0.03324464293015208
0.019079234593016525
0.04122557466245365
0.03304872884885189
0.019210927124832872
0.025987840556480513
0.03814468136265484
0.005449887146607344
0.02159958205151907
0.0023816881110549806
0.00712637043616227
0.0014158054695144718
0.00278683035651931
0.017825846743765313
0.021884739881617137
0.011068655159051024
0.012800082259283732
0.008761674377273055
0.05475490969887723
0.0
0.0012118262642103245
0.0012358251570134835
0.0
0.0
0.0030576250616557894
0.4297152204970995
0.01326637261387558
0.010635067064889614
0.006182068281225354
0.008362876177594044
0.012274942443808159
0.0017537713951216772
0.006950736433527655
0.0007664262339578584
0.04274193851663828
0.0
0.0
0.0
0.004979985850174296
0.005459243019460015
0.01817062070936183
0.2948102296707993
0.054065591084881855
0.0
0.001196570382948853
0.001220267149721388
0.0
0.0
0.003019132114060602
0.4243054645165896
0.02029920599201529
0.0026756126983635657
0.004160432825937766
0.000756777567340984
0.003350397072256789
0.003210735192390741
0.010656441917294705
0.006696360593438755
0.04220385318365546
0.0
0.0
0.0
0.004917291984677352
0.005390515706195625
0.017941867760051976
0.2910988149314467
0.01672975233279095
0.007328822424795427
0.002736311906142247
0.0
0.008179472208537606
0.011001966769689696
0.03196513183988211
0.02489290352287583
0.019515794458595054
0.004171267572528322
0.03508714924139271
0.035922249623628943
0.049733880543211935
0.0015966870137479761
0.007819561634352797
0.008358989003295595
0.04152533245765629
0.0015966870137479761
0.004626187266366441
0.0
0.0
0.009338255065142824
0.04707672067672481
0.1464566788219229
0.06322510182171695
0.057263283746839755
0.0668111140599889
0.007460258455510591
0.013011693662254735
0.00836036117962005
0.051245924877410406
0.07343803791649368
0.06115124287457248
0.07453068523962768
0.07548744692877303
0.0029441452671456953
0.00951453375663091
0.004790060870998727
0.013423642105261204
0.004516112847874493
0.04960763509227828
0.0019074589424505628
0.005526607403142836
0.0
0.0
0.011155810736557085
0.05623952037117261
0.17496234346187364
0.09171834224278338
0.019494482832355588
0.0
0.0
0.006824332475178654
0.0
0.00361914866407323
0.0
0.07305344382382555
0.0890370002531601
0.0901799817041525
0.003517180367433596
0.011366399514161752
0.005722376623970732
0.01603635900678649
0.005395108598380431
0.17903142042669176
0.06448105040042937
0.012922517650867084
0.0
0.002559124678191995
0.0019074589424505628
0.019384128325355382
0.004349675569080856
