0.010931894097998662
0.02865828460755786
0.012011061346037489
0.004855055644517782
0.013506264557381213
0.0018121798327185264
0.007556913090625262
0.0011461231741415568
0.007228924883040067
0.015790093391728054
0.06145698646389718
0.0067726661095366784
0.02027929912541812
0.02891193337473204
0.00883315586328067
0.009341954883299754
0.028549060511805325
0.0744363926957059
0.11617841328526851
0.021587878452041985
0.003986795631980758
0.00243129432533299
0.0
0.0
0.0
0.08806147094793003
0.4206272908029507
0.005048148983035741
0.0
0.0
0.0
0.0
0.0054904346471524685
0.011992720527932542
0.04667714400831618
0.0051439019305119255
0.015402313392325685
0.021958878157554755
0.006708862767302512
0.007095300282306155
0.01304894939622254
0.04219843143435821
0.20223387010951852
0.005573862311132857
0.0
0.0
0.0013763671778872482
0.0
0.0
0.0668834936030481
0.3194702792362101
0.0038341153807633656
0.0
0.0
0.0
0.0
0.0
0.006909991288726021
0.16765335042210178
0.03510014576090312
0.01524723581572842
0.0
0.0
0.0
0.014559064212736738
0.047081926235949666
0.22563777446842415
0.0062189082689084645
0.0
0.0
0.0015356499220515445
0.0
0.00877169955818824
0.024896471293951734
0.2133518065172217
0.013926035085170343
0.0021499098908721623
0.0
0.0
0.0
0.0
0.0077096633473907545
0.18705535749739577
0.03916217777328045
0.017011751564627163
0.0
0.0
0.0
0.011891427815322335
0.05337415900020927
0.09387430597902814
0.02478432732785758
0.0
0.001107372897000447
0.0015554582970150191
0.004344359921018306
0.011268290872182098
0.031982477098101224
0.27407575897847214
0.017889647609901083
0.0027618148385753134
0.0
0.0
0.0
0.050051837548927294
0.05606722766150749
0.037947074120312195
0.013653054158298388
0.010494654973415181
0.0
0.009726581059520241
0.01012068354598403
0.015275952695338935
0.06856545241691774
0.12059270591506639
0.031838414841850154
0.0
0.0014225521319552932
0.001998171097179537
0.005580846781030821
0.101045800533206
0.07749807085958461
0.016160489650875316
0.005754774886776421
0.005523629677150627
0.0025263205420774626
0.005527088327194139
0.014650122161029441
0.07420240623838997
0.08312028903099958
0.05625695973062327
0.020240804746848078
0.015558442802581634
0.0
0.014419764676644097
0.015004025999149177
0.10637066323220744
0.042296771194768594
0.027591017461951948
0.005549012706451691
0.008283761231369759
0.0034168641359921268
0.010783636593076662
0.030244007891342423
0.14980152392045326
0.1148917525953585
0.023958105772107604
0.008531517819733284
0.008188842473839242
0.0037452983213328407
0.008193969961023189
0.021718969158167185
0.03184599732497362
0.0186372980411172
0.020247315629181743
0.00869888855130643
0.016377684947678484
0.01321687581857599
0.02022929579171544
0.018377487506870526
0.1198708658335621
0.04766493346020442
0.031092775506843813
0.006253274516035922
0.009335108017471942
0.003850520904649271
0.012152259053088144
0.034082474453488144
0.03235305265537359
0.0
0.0681998648274178
0.01717811990548485
0.012092314105419602
0.00951586504208652
0.06222631558967766
0.07236651643954492
0.03588778293451531
0.02100268048634698
0.022817036027848618
0.009802921884189544
0.018456284988482494
0.01489431672085002
0.022796729173932044
0.02070989568322093
0.016272193083201526
0.02019264295010979
0.15761928563117247
0.03465800126943034
0.01866955724399216
0.010665320100125258
0.03331077628761908
0.004009471508729581
0.02903211309822907
0.0
0.0611993622377599
0.01541483968215726
0.010851075923728741
0.008539091289843237
0.055838979125994795
0.06493832010775556
0.10495251379091172
0.07980705582607345
0.09325345006539924
0.008047065106985184
0.008388425211722443
0.004777895796037026
0.0033459898598758473
0.01708775634436895
0.014601903411709832
0.018119931374771716
0.14144015946965766
0.031100465953884174
0.016753185647581152
0.009570558385136619
0.0298915293982727
0.003597911812078438
0.031003699403760982
0.02098402472886267
0.016129357741923506
0.0071985216748566335
0.03214123548574241
0.02770523850203584
0.0230521158459594
0.011235470585832612
0.1145094996078305
0.08707429386612005
0.10174511803467984
0.008779831615546307
0.009152276003657046
0.0052129714384214565
0.0036506760124923898
0.018643769050757687
0.06390814583594596
0.05743868803345888
0.08773707808784839
0.009426879808000553
0.0073474670594594746
0.005575341395087125
0.005476013864874093
0.028426408181411355
0.03382689919928046
0.022894832002284825
0.01759809858106785
0.007854019738356515
0.03506801942430955
0.03022808013635634
0.025151243691803146
0.012258573598392455
0.01793441804840763
0.0267300657027636
0.07223721726812694
0.029665598330259144
0.02351115653307752
0.010246466102094646
0.009245929011423773
0.011444098682705798
0.055718281245350186
0.050077888074357084
0.07649352251734948
0.00821881989436242
0.006405885051192385
0.004860858280691649
0.004774259628963862
0.024783548092802477
0.10999038840202574
0.027945451663940354
0.018163948614246212
0.04563455540455667
0.013686257225907661
0.00610005800733782
0.010526978636827016
0.003422478113599455
0.015636112356600486
0.023304592850440127
0.06297997752053522
0.02586393533181283
0.020498188689064396
0.008933375747013736
0.008061058043453513
0.00997753104337274
0.15063516413606362
0.09208564979030416
0.02967810294406444
0.04315300940695043
0.013587739910758942
0.012542664368237191
0.010199052270399467
0.006059946542962481
0.09920056290121256
0.02520406169908982
0.016382103502134177
0.041157901609839384
0.01234366421053408
0.0055016551614142295
0.009494304198702569
0.003086740217201498
0.07897352988287074
0.10093219315211642
0.016510934507015112
0.024658459915601918
0.010692659806386009
0.0
0.0
0.0
0.13585817171947404
0.08305224144616127
0.02676674353699349
0.03891979004932728
0.012254811236558317
0.011312255404193075
0.009198546718322919
0.0054654785472333465
0.052752614617338024
0.0018296620371394845
0.004099078542646595
0.0
0.01918288087588574
0.009538218668008172
0.06590179007869891
0.07972829621300472
0.10002414128565507
0.12783594658984662
0.02091196947049576
0.031231240165444308
0.013542817660292755
0.0
0.0
0.0
0.09473299091013833
0.014730433387279617
0.013204869604666786
0.0020324622676113338
0.017783951443875443
0.015027314027059136
0.030092807266032355
0.026463342607103778
0.06681396900326227
0.002317363480893793
0.005191699192106267
0.0
0.02429613048626893
0.012080657064174802
0.08346809331665836
0.10098009265511959
0.0064272099460606765
0.0041154224395244235
0.06279202488992869
0.03669510170361607
0.027548814476682944
0.011256738049603128
0.04025794643279063
0.00814362749493507
0.0754111864312049
0.011726004295951204
0.010511595527495459
0.0016179198978592023
0.014156724758006783
0.011962332960961533
0.023955058076121815
0.02106586146773477
0.18178043162667473
0.012253423908182598
0.013836633231589778
0.006471679591436809
0.027617675676636855
0.020637186105018808
0.03827595550525215
0.0391888833552001
0.005116311886897316
0.0032760381135282708
0.04998492130222089
0.02921074410400852
0.021929939765445335
0.008960806193389294
0.03204690862827738
0.006482647759209634
0.09488500802700486
0.012449343225863878
0.010899083783220912
0.0
0.0005116311886897316
0.0018447124682500176
0.08038038561486019
0.13155231063588477
0.1747083590549924
0.011776710862918057
0.013298326256048439
0.00621990228338579
0.026543224456015476
0.019834307178480982
0.03678684948508631
0.03766426035474233
0.007976847414176407
0.016172175304567583
0.022673487921958644
0.015692838436155352
0.03740821160597206
0.042778002293450405
0.07433136706736744
0.00824734254057231
0.09119355644045703
0.011965008042064195
0.010475060631828672
0.0
0.0004917264450164366
0.001772944894960589
0.07725322877338262
0.12643433682834015
0.00295035867009862
0.001099533773534646
0.0006954061956183824
0.0015549755708464475
0.0019669057800657465
0.009043558071410806
0.0588706348280102
0.052119923128625845
0.009227280350406944
0.018707289692663637
0.026227733679055107
0.018152813038231803
0.04327224001830675
0.049483787202763314
0.08598338756495078
0.00954017769381582
0.021964836511473945
0.0028440419681414284
0.0016088330617875456
0.0
0.0035974601957998384
0.02410570108046407
0.22643757360666555
0.061513530118987386
0.003412850361769714
0.001271894252999518
0.0008044165308937728
0.0017987300978999192
0.0022752335745131426
0.010461206208080493
0.06809906517693709
0.06029012686074354
0.006326916057614142
0.0
0.003322761927962703
0.0
0.004699095204379654
0.07075197967870753
0.10697358552728847
0.0568447246819526
0.02016007259574286
0.0026103582657271084
0.0014766415995459503
0.0
0.003301871091539178
0.022125030773599036
0.20783209198618852
0.05645920615759606
0.09594250401078029
0.01030856413038632
0.003764712195687873
0.0028114418570722092
0.010832920085999691
0.003764712195687873
0.06907842986230547
0.10989311160151215
0.005807058338997536
0.0
0.003049743696071036
0.0
0.004312989099878524
0.0649385687833445
0.09818398825461258
0.05217401803444057
0.01913753954758602
0.0026103582657271084
0.004240483905633229
0.004952806388365603
0.016501270281632896
0.02678653532346427
0.04620694600037678
0.03073535741878276
0.08518487445014236
0.009152708179364706
0.0033425908468529978
0.0024962067030443714
0.009618270306460017
0.0033425908468529978
0.061332955979263054
0.0975712590705205
0.04783698554224354
0.004374139736390776
0.0
0.002931646169582101
0.007206414258561828
0.019388623545596097
0.08842859361992676
0.174061554664381
0.01699172770665412
0.0023176697692908863
0.0037650162754625204
0.004397469033342938
0.014651052228643324
0.023783073748285942
0.041025955433937104
0.027289131025859784
0.0695352846363763
0.0
0.00232683147163169
0.0
0.004350342297446868
0.005025458749156637
0.06739690043017131
0.10087407995109653
0.03810525515108804
0.0034842854087136187
0.0
0.0023352459198330306
0.0057403753797246205
0.015444293549410865
0.07043909820704712
0.13865129412521565
0.0030137967622852076
0.0
0.0
0.0
0.0018827354334151319
0.0
0.22076837800244814
0.108832834944493
0.05538935476468954
0.0
0.0018534718673234548
0.0
0.0034653292083464513
0.004003103157885569
0.05368599334120389
0.08035273358254158
0.02942627115997449
0.009319567852721486
0.007597416786236343
0.0
0.0025846435698069882
0.012216635718521012
0.03628684871553995
0.09512056477099633
0.0026760060362920235
0.0
0.0
0.0
0.0016717157067816192
0.0
0.19602433699245003
0.09663469245929059
0.0
0.0
0.0
0.0
0.0
0.13564598123211308
0.10041797908003852
0.002386787101313551
0.026128131875073554
0.008275017128429608
0.006745887259092761
0.0
0.002294952958016459
0.010847377412786938
0.03221976591652169
0.0844593134772915
0.008629000510387888
0.008278431403231343
0.007488839083876125
0.023579432014832216
0.11146449125667399
0.08088451022996829
0.03211853329397526
0.021128397923022086
0.0
0.0
0.0
0.0
0.0
0.12131813973039517
0.089811156267355
0.002134678583425007
0.000586441308694794
0.0
0.0
0.00092724513598729
0.0026389858891265727
0.08665601862763601
0.08422144962778899
0.006987276473605156
0.007717547399075136
0.007404007760518496
0.006697817496277146
0.021088813704283494
0.09969086147944946
0.07234094386705486
0.028725957633983785
0.018896674329911916
0.0
0.0
0.0
0.0
0.0
0.10230182997756157
0.23985377938543256
0.0
0.0006373189986062558
0.0
0.0
0.0010076898280668258
0.002867935493728151
0.09417400547360233
0.0915282213959533
0.007593469251090327
0.005482813207814475
0.0014250886251591262
0.0
0.0
0.006508166007462519
0.06752127166044412
0.12652546185846555
0.007369566778306699
0.0
0.0
0.0
0.0
0.0
0.11117719517746139
0.26066269245266543
0.0
0.002894308620070947
0.0
0.0
0.0
0.003946650546051379
0.039670902583848956
0.16900683415704312
0.0
0.004856647959487735
0.0012623362316271794
0.0
0.0
0.005764900236816496
0.05980999786101217
0.11207560842713882
0.0065279246437138375
0.012895329767337264
0.0024281522360463277
0.0
0.0008926065072401235
0.004935207510765448
0.12354959489097891
0.2082465487946049
0.037414068399189086
0.002563763805369269
0.0
0.0
0.0
0.0034959229130718484
0.03514028305948557
0.1497053912174897
0.0
0.004838228851712731
0.0
0.006804265636870102
0.005500206588966102
0.020328925687483294
0.13548390184179698
0.049852976638349554
0.0056268489917399465
0.009834944235397915
0.0018518907439699765
0.0
0.0006807685713548546
0.0037639588544246716
0.09422817391894317
0.158824414075602
0.028534770569218916
0.009638075604495295
0.0007761955788001184
0.001989736438543393
0.0006807685713548546
0.0032624087383215775
0.03431321682008464
0.19323308952010576
0.017727100158841907
0.0036899956661219585
0.0
0.005189442558572881
0.004194869465274607
0.01550436119969272
0.10333017018170751
0.03802161356498635
0.004291456446111062
0.002450974707684776
0.0
0.0010763896094168849
0.003082310858995274
0.008688340307434626
0.10327530610926952
0.13848764068311373
0.009377340686418946
0.009731840200836938
0.0007837468440230656
0.002009093708774731
0.0006873914692148168
0.0032941472773207426
0.034647035007069796
0.1951129692162404
0.017899559315514887
0.009176352001980463
0.0
0.005450100602550849
0.0
0.010673862697926358
0.04634193224791957
0.09617563206426591
0.023623240142547443
0.00247481916206968
0.0
0.0010868613302639635
0.003112297304978159
0.008772865347000145
0.10428002611632974
0.13983492599813058
0.009468568707478465
0.023364700947171618
0.009553250057904602
0.002173722660527927
0.0052970783019169135
0.009409607773878292
0.08371928179207044
0.10741828513806603
0.034426528329526834
0.010508805791480716
0.0
0.006241483409079978
0.0
0.01222376278865826
0.053071020585330524
0.11014083145656861
0.02705345683883573
0.005515296764925589
0.009058444737108104
0.0060715013954850405
0.0021269087171741333
0.029655904912965672
0.06366852895337724
0.06672601158770737
0.013080634483337067
0.026757376414599184
0.010940431395210674
0.0024893584377646658
0.006066241478650485
0.010775931508332814
0.09587575467519528
0.12301597592662167
0.039425438367210186
0.0013405605278549763
0.0
0.0010561452915377847
0.0015744085342715877
0.007698546370486329
0.07884747331468124
0.15152349826748693
0.027469948430182165
0.006081209474677955
0.009987912221055556
0.006694485063169978
0.0023451462349059976
0.03269883337625052
0.07020141943627745
0.073572623771608
0.014422810185072929
0.02198177241951888
0.006610479492035658
0.00469026576996513
0.012135874066307726
0.03162462210200442
0.03649590131613517
0.07186383357222983
0.025846211925940783
0.0014781125532926697
0.0
0.0011645140827925584
0.0017359551994579542
0.008488477615053718
0.08693784255181886
0.1670709977313473
0.030288580611816347
0.010754220861251202
0.003358538922677845
0.003479643669268272
0.0038232589190802693
0.015013623349455111
0.1352211336270817
0.06952947957248472
0.0344018689733396
0.021600328952241565
0.006495769714785454
0.004608876917255555
0.011925283682877917
0.031075848996919772
0.0358625982833426
0.07061680083408309
0.02539770993507034
0.016302041371648552
0.0023210518422367987
0.003895401695224134
0.008072836334938183
0.011907266902028374
0.003833569648731681
0.1048856460629278
0.17559600945673529
0.010567605914335493
0.003300259148544868
0.003419262398788159
0.003756914990548922
0.014753096198253842
0.13287467961620844
0.06832295421775189
0.03380490309035382
0.009225320244560081
0.0036783342622530714
0.0030809320299510076
0.004934610664087055
0.023801773589557516
0.03734249507784331
0.07951837256273218
0.033221100127132835
0.013458299962943125
0.001916165663564727
0.0032158846426226435
0.006664604172597406
0.009830153540465273
0.0031648386288108204
0.08658930831674243
0.14496489817983815
0.1026560286883879
0.011581953948765695
0.01043228776233541
0.006643838360709567
0.007760523027156504
0.029967439365093804
0.05330058597512261
0.11520643266090012
0.007616047847935621
0.0030366826299108337
0.002543491730835109
0.004073813150365332
0.01964977276866823
0.030828439743526437
0.06564712272019547
0.027425984293444873
0.010905518934214228
0.010102658582045992
0.01885516522878355
0.05016958655229795
0.037884730150656826
0.015387467033590833
0.04968170910188832
0.03883828162279225
0.09540379878093228
0.010763736120868037
0.009695289163423602
0.0061744782668557785
0.007212273714241004
0.027850361948499956
0.049535116877666485
0.10706756787965263
0.004172296590103978
0.0018508899232294262
0.004873291312513873
0.0
0.0016554862505779556
0.07577979091859437
0.12964865193426225
0.005039364334237365
0.010135088482330027
0.009388946940853165
0.017523124676179655
0.04662530979926186
0.03520832841814408
0.014300405220984224
0.04617189890169127
0.03609451536631657
0.00856602308644192
0.003277530274082696
0.009420764390811869
0.13638253979728326
0.08005161157015304
0.002817270565023945
0.0028380780926649655
0.004475905524318289
0.0037916966408531446
0.0016820503895009662
0.004428746111526356
0.0
0.0015044715829127021
0.06886710291691589
0.11782200699639857
0.0045796698306355965
0.008887928841785277
0.0038733845311152214
0.002102562942039461
0.004492739986592228
0.01815486521797822
0.1202614359522525
0.041807992585522216
0.011686842336261464
0.007784624189797323
0.0029785515631869644
0.008561395366675044
0.12394162467905763
0.07274924496148193
0.0025602770817185648
0.0025791865314561614
0.004067610145833556
0.003765877489687745
0.0
0.004826892121775995
0.18280231919480525
0.026029957050515015
0.07192219421505865
0.0697522046965925
0.0017343031346145317
0.0073340887881455635
0.0031962166402901213
0.001734980508291799
0.0037072927281785895
0.014980924781877847
0.09923662360088563
0.034498873149704616
0.009643679745075847
0.025583317649145454
0.042567120724220135
0.03180853539696936
0.0038073504520110975
0.005034131550473674
0.007433999703426021
0.0038044270083243837
0.00750620168844674
0.0031075046128633153
0.0
0.003983026419549357
0.1508437413844472
0.02147924669047489
0.05934833273322383
0.05755771355961452
0.001431102048772392
0.0
0.015117594072318071
0.019574560823741562
0.17605719146185864
0.14024517737893227
0.044454870330170454
0.004921975736406201
0.0
0.025067274014220566
0.04170849511482631
0.03116692227810018
0.003730552008836768
0.0049325875842209915
0.007284047758897252
0.003727687534222294
0.00735479335052483
0.013378170083796997
0.005545604872714072
0.0033176077011310185
0.0056493657311343735
0.013007317921134838
0.030547657494199083
0.016603326627483785
0.006560640457307587
0.0
0.014812655584535251
0.019179720418049325
0.17250592441031268
0.13741627801146783
0.04355816673644941
0.004822694076190721
0.0
0.002736921534891272
0.0030791333016283134
0.0055533250624718224
0.19873260271765525
0.16973811747615614
0.002383863365568018
0.0015052300773145846
0.004393122069027013
0.017771828649772205
0.04633675478561615
0.0723212188665345
0.013438483434617897
0.002481785654695153
0.001513483994652442
0.0
0.0
0.0
0.054818384362818405
0.261841055486811
0.003142479546321148
0.0
0.0
0.0
0.0
0.010929667028587943
0.09909839219874765
0.25254606425887977
0.0
0.0
0.0
0.0
0.0
0.0006768506330986781
0.017314721749943224
0.12394348003083412
0.009559614942068412
0.011256456220768622
0.0010089893656291316
0.0
0.0
0.0
0.06922407236527937
0.3306500982089183
0.0039682897270590265
0.0
0.0
0.0
0.0
0.0
0.007151805494090111
0.17352035661863524
0.03632847058805371
0.015780810759418257
0.0
0.0
0.0
0.0008547197760517709
0.021864846352818018
0.1565145075066911
0.012071780010043451
0.01421453311804653
0.0012741410326839718
0.0
0.0
0.007171318482955306
0.04583449579998228
0.07205973546832564
0.009709057458942941
0.014106174841180713
0.0019112114810989327
0.000805837519089284
0.004983372710198269
0.0
0.010394391285540996
0.2521934474016587
0.052799581645437306
0.022935735874251108
0.0
0.0
0.0
0.016032367184756344
0.07196058610945931
0.12656405656608286
0.033414947499862784
0.0
0.0014929921932740834
0.0020971138996603842
0.005857191795484702
0.010422751346728742
0.06661558177360835
0.10473118809079794
0.01411108598037912
0.02050183005713033
0.0027777433237490593
0.0011711994255024537
0.007242804060358168
0.04330431913615518
0.07454886739388206
0.05173352514465087
0.00130944080360561
0.001656326140135962
0.0
0.0015115142362715228
0.00261888160721122
0.01961355201521445
0.08803457920082866
0.15483494596329236
0.040878917213009125
0.0
0.0018264851162423882
0.0025655508059924262
0.007165525503498655
0.12973770632857065
0.0995036102950902
0.02074925280800925
0.007388840410070074
0.007092061630868534
0.0032436680282637975
0.007096502362905598
0.018810017205818635
0.05297729936400121
0.09120101052173175
0.06328935550576559
0.0016019334522716126
0.0020263033231052957
0.0
0.0018491444683874493
0.003203866904543225
0.11908222971107314
0.018881397432095857
0.011162427340360506
0.002583040053255237
0.0020886656071969372
0.005070153144506186
0.008080311955158518
0.008360997911809295
0.1841270781330233
0.1412180741111752
0.029447871409923537
0.01048643169358859
0.01006523564339889
0.004603496804276344
0.010071538044126443
0.026695658538681655
0.0391431961719774
0.022907852622563927
0.024886789995661147
0.010692153791488707
0.02013047128679778
0.01624539365710108
0.02486464108866562
0.02258850904522874
0.16900455260659114
0.026796963185363266
0.015842002985990342
0.0036659166495663412
0.0029642877643923423
0.007195691295949006
0.011467785833508546
0.011866142537458527
0.020038443346147912
0.029731709817624737
0.04440614781661137
0.007511298136560392
0.02248640905641876
0.013892884086309275
0.0081339378925114
0.006820514701202367
0.03444127544225522
0.020156137953015196
0.021897363346321426
0.009407801350346733
0.01771237850186999
0.014293980367720678
0.021877874988671064
0.01987515425256842
0.015616319488187213
0.01937875011729913
0.15126621896204434
0.03326106185429653
0.017917054519600108
0.010235439395030323
0.031968138667430535
0.003847864128636931
0.017631405051506358
0.026160306447614443
0.03907203595643813
0.006609033327620219
0.019785318618763606
0.012224056650909152
0.007156880959729509
0.006001227504519209
0.24045884314167923
0.13745978416583188
0.0008946101953761907
0.009078339274340654
0.0038581479414367976
0.0
0.011695262411558386
0.018761125308650903
0.015312545494082189
0.019001788034245685
0.1483237366734344
0.03261405628968211
0.017568525839834464
0.010036336123046151
0.03134628348737646
0.0037730141580011693
0.03251258032731692
0.022005270426044405
0.016914337620906765
0.007548857674814029
0.033705477754136765
0.029053590687814622
0.0241740109267558
0.011782275888430796
0.2357813553857278
0.1347858693745486
0.0008772079315186877
0.008901744310124339
0.0037830979265530166
0.0
0.01146776216237657
0.018396177474865563
0.046842289504799677
0.011241951763215645
0.028911993790462165
0.005897786907845631
0.015088027028779665
0.0013869875666833475
0.011320977417067075
0.009643290091509502
0.039485606961182175
0.026724777005388178
0.020541983459452403
0.009167873609317076
0.04093434706320474
0.035284762118564905
0.029358650852058483
0.014309239997414404
0.020934563879624498
0.031201584932985825
0.08432136662054604
0.03462818596041553
0.027444202928528453
0.011960538589862582
0.01079262739352227
0.013358516249101421
0.05688863245943007
0.01365303166743561
0.035112796701501886
0.007162694976514546
0.01832398102766185
0.0016844570737466486
0.013749006083382111
0.011711502394846357
0.12858367066733967
0.18410075808839083
0.01220373551267079
0.0
0.005563333908331549
0.007769476396071165
0.018432434301661162
0.03461069688036731
0.011848670750828781
0.0176596612616704
0.047724715742427724
0.019599069581897343
0.015533035528653073
0.006769497782172363
0.006108476357928051
0.007560733610947241
0.11414771284831804
0.0697802957895001
0.02248935427641521
0.03270031505974277
0.010296463262654714
0.009504530093419278
0.0077285970813226815
0.004592082080100656
0.07277656159597226
0.10419845763734384
0.0069071438436111585
0.0
0.0031487692858459663
0.004397415119451452
0.01043250035837781
0.01958917100687004
0.07593044993005624
0.013552743133424291
0.00764120548025806
0.004861921935785467
0.0
0.0
0.005542733597671648
0.26697717022125605
0.10905094520563918
0.06666456140637597
0.0214851903705375
0.031240225290591016
0.009836719659549282
0.00908014680767287
0.007383510328864215
0.004387042708094287
0.0423435882676826
0.0014686372709985158
0.0032902576553935073
0.0
0.015397758300486999
0.007656158979322313
0.05289819823032102
0.06399648951272525
0.07254010727105079
0.01294760457262138
0.007300020818112519
0.004644834043394051
0.0
0.0
0.00529524703357254
0.25505647055444963
0.13594769596070405
0.022352001105774507
0.009016405674258465
0.0038642401755570174
0.006176000267715681
0.0047588947321635195
0.002612680449379801
0.011307845968822094
0.06865751909304524
0.0023813048350296764
0.005334950037019647
0.0
0.024966516248521024
0.012413989999600465
0.0857711687546768
0.1037663641737529
0.006604551356096288
0.004228976349299035
0.06452460035057571
0.037707603416199456
0.028308949223346827
0.011567337176576051
0.04136875517335543
0.008368328787545207
0.22043081167500622
0.03624239242517718
0.0146195461947543
0.006265627323698195
0.010014003858595244
0.007716254557119773
0.00423630035091348
0.018334975429991043
0.03040132099795434
0.0073841128475101514
0.0009340245941329484
0.0048116687654968775
0.010821163256333371
0.030117121013738896
0.05874919047480648
0.03294972587755818
0.006420905984114051
0.004111385934311309
0.06273043696316424
0.036659110266163655
0.027521793937507602
0.01124569717044975
0.04021846047162063
0.00813564002941482
0.11907947156301514
0.015623766530330641
0.013678210756514833
0.0
0.0006420905984114051
0.002315090555110653
0.1008763559394418
0.1650964673887825
0.029555985470618735
0.007178791081121263
0.0009080532170049964
0.0046778760742674655
0.010520271273768115
0.029279687917470078
0.05711561744967701
0.032033529706275245
0.004494634188879835
0.004307274587438226
0.006995863941224263
0.006091406033178511
0.027682439056172955
0.0028715164936830365
0.10521808015564392
0.05671326738925737
0.12669758410775184
0.01662329743383959
0.014553274674636234
0.0
0.0006831683625164204
0.0024631985385321015
0.10732992364983354
0.17565851853662143
0.004099010175098523
0.0015276109210926331
0.000966145947120057
0.002160368077117948
0.0027326734500656815
0.012564450868127217
0.08179050690350712
0.07241156724258509
0.004782178537614943
0.004582832600397869
0.0074434245337627394
0.006481103905593783
0.029453423873914118
0.0030552218421852663
0.11194940979496507
0.060341500266680524
0.03409206992276733
0.008258076823441141
0.028961549637197995
0.024249068116059258
0.027746443762677955
0.012739634204372624
0.011441520757302034
0.002160368077117948
0.005121062723443641
0.0019085074224644632
0.0012070460388851692
0.0026990370738419612
0.0034140418156290942
0.01569728745056332
0.10218425867289843
0.09046676195265169
0.009493687253315048
0.0
0.0049858828968240895
0.0
0.0070511035451853174
0.10616501965664543
0.1605163963159636
0.08529685445751953
0.04259263114474255
0.0103171564795742
0.03618286023323973
0.03029536241744314
0.034664778273637765
0.01591615122857121
0.01429436447991198
0.0026990370738419612
0.06752363490723791
0.013359551346772993
0.012929620004982524
0.003519113668978634
0.009717356716099121
0.0030773756778523756
0.07094576433870985
0.035757202239192314
0.008542490535120281
0.0
0.004486334584116983
0.0
0.006344635513021125
0.09552807580227293
0.14443384953321797
0.07675074525174191
0.028152334780739495
0.0038399753328629813
0.006237976530205668
0.0072858406485718594
0.024274242993509283
0.039404412890547975
0.06797286609198641
0.045213339442499105
0.060758269858803345
0.012021023853867887
0.011634168428783792
0.0031665247029035223
0.008743749984462389
0.0027690455667668803
0.06383752742209602
0.032174597028569875
0.060861622710512896
0.0
0.001717289200454395
0.02465709356150718
0.023774002066319376
0.030541330176558423
0.05298286472813038
0.051892787746164494
0.02373851762417191
0.0032379311636318514
0.005259965717044811
0.0061435421960582435
0.02046844603130694
0.03322645731367113
0.05731585292151431
0.03812464094231118
0.09714518784314166
0.0
0.0032507306408974517
0.0
0.006077703167211255
0.007020883523203232
0.09415772994347386
0.14092746576932744
0.051319534049362465
0.0
0.001448046858929685
0.020791272007433796
0.020046634548923106
0.025752958335729246
0.04467603408113498
0.0437568630123892
0.052934255577727525
0.002334905346245106
0.001448046858929685
0.0
0.0025903449309054812
0.011151291202850907
0.10111767128006117
0.08453625820203452
0.08053387582991066
0.0
0.0026948729381555633
0.0
0.005038448152363126
0.0058203496686514734
0.07805725739022623
0.11682961638425879
0.04278460505276387
0.013550273756176082
0.011046335937476703
0.0
0.0037579669450872274
0.017762492959059063
0.05275960662713864
0.13830144410748543
0.04388277855542206
0.0019356489127667403
0.0012004385242554083
0.0
0.002147409682906987
0.009244479536378516
0.08382708566302993
0.07008100629915612
0.007603052809462006
0.008207824298793402
0.01964421041743363
0.0
0.010737048414534935
0.0012004385242554083
0.03666491260663514
0.13468583283511837
0.031533902476331206
0.009987073869862537
0.008141575217151168
0.0
0.0027697664384073043
0.013091641725258946
0.03888586298782048
0.10193349326101787
0.010414294518406622
0.009991194539841552
0.009038239796897935
0.0284578902601282
0.134525897743768
0.09761908236045495
0.03876368587764415
0.025499750336965936
0.005603742877146949
0.0060494827675005676
0.014478539997364424
0.0
0.007913618395449441
0.0008847694470012551
0.027023453342971782
0.0992686484385744
0.018069530302739688
0.005726347903051866
0.0023071963281146714
0.0
0.005143851957042137
0.0014266478320491087
0.1514286988317242
0.0940216136977354
0.007132304308591269
0.006842541253134083
0.006189903361342529
0.019489590289288664
0.09213102610063158
0.0668551288317823
0.0265475883472806
0.017463686942490085
0.0
0.0
0.0
0.0
0.0
0.09454399759348082
0.22166499999049316
0.0
0.01237504745085401
0.0039217304397569696
0.0015800999561414288
0.0
0.003522803912557336
0.0009770500019355187
0.10370703067912856
0.06439137661142906
0.0016259094981033856
0.0
0.0
0.0008569295576098424
0.009297320219983966
0.040275079438880805
0.19568991152245108
0.0029185968319600532
0.0
0.0
0.0
0.0
0.0
0.08761735416483656
0.20542500110503822
0.0
0.0022809683498698787
0.0
0.0
0.0
0.0031103058330107184
0.031264141141352286
0.13319216788100272
0.0
0.0015067893463510476
0.0
0.0
0.0007941477243881155
0.008616164105952735
0.037324377951379016
0.1813529438227435
0.0027047696183712757
0.0005022631154503492
0.00112309448522731
0.001255657788625873
0.0
0.005323123191628499
0.023023758532718874
0.2522492188454533
0.021333431548205842
0.0026906644689128805
0.0
0.0
0.0
0.003668963400045349
0.03687964970005516
0.15711547846568652
0.0
0.0050777105271979485
0.0
0.007141061804456781
0.005772454704921624
0.02133516274936382
0.14219005667836754
0.052320589217083
0.005905365627795137
0.0005924771024836169
0.0013248190957167434
0.0014811927562090423
0.0
0.006279235937744597
0.027159170809340875
0.29755696105875784
0.025165235751744255
0.012549293524990283
0.004814463524052717
0.004651884843208818
0.0034678519199756687
0.004853917322497485
0.061491689248520685
0.09160490120434958
0.016909369371176465
0.004552268213698129
0.0
0.006402103564265495
0.00517512015060218
0.01912739662841734
0.1274762064229098
0.04690644611171214
0.005294277429499734
0.0030237147313773296
0.0
0.001327918688222513
0.003802580549610056
0.0107186183914666
0.12740852179787718
0.17084922089741822
0.01156862332596362
0.011250690584306708
0.004316262053372437
0.004170507040937912
0.003108998037709888
0.004351633166319454
0.05512851921614299
0.08212561108749108
0.015159585070826254
0.0032133027012898963
0.0034665906891483177
0.0
0.0060913898202685935
0.026310448735557983
0.1369794325244557
0.09178192390890484
0.00891174851304342
0.0024288138339512494
0.0
0.0010666572632822729
0.0030544416600437286
0.008609783310537317
0.10234152616804737
0.13723548287454476
0.009292553984109686
0.022930365885467673
0.009375661161613787
0.0021333145265645457
0.005198608955516304
0.00923468909709668
0.08216299311946193
0.10542144693290076
0.03378656087006454
0.00258110130978222
0.002784556140524135
0.0
0.004892939042804141
0.02113399825825497
0.11002940761235203
0.07372428496092498
0.007158406131558201
0.00352478907607822
0.0068328751471915
0.00730866440978328
0.004316071976627609
0.021652331904900655
0.07952666219403116
0.10933622361912256
0.010924515508602253
0.02328367387674264
0.009520120086884744
0.002166184349658642
0.005278708422601631
0.009376975943771544
0.08342894945880552
0.10704576639815486
0.03430713965248411
0.0011665259575142394
0.0
0.0009190341442147484
0.001370015291960348
0.0066991038373098106
0.06861131772480267
0.13185237833700342
0.023903738197229418
0.00357909855174718
0.006938155167795831
0.007421275327307272
0.004382573432726349
0.021985948120618673
0.08075199830130989
0.11102086143665274
0.011092838973185198
0.005077602337986706
0.007433309225731069
0.009167831697588434
0.0011665259575142394
0.018814464308168966
0.06206883677359444
0.11848159750593144
0.02168717393140638
0.001303752885383474
0.0
0.0010271468110655258
0.001531180149406134
0.0074871681175337716
0.0766825657650073
0.14736313203681395
0.0267157086778402
0.009485641974066398
0.002962362237814613
0.0030691813446878913
0.003372263388342961
0.013242600990235342
0.11927031046344498
0.061327711079854075
0.03034378933908899
0.005674917610137479
0.008307743422740065
0.010246310381220208
0.001303752885383474
0.021027746507235573
0.06937044522216029
0.1324194490642665
0.024238393845204417
0.0061937151430271386
0.009790325669389857
0.005878733499352309
0.0017119114287376595
0.004693563906604484
0.07660059223057676
0.10600795307563711
0.011349620958670769
0.009805285603169131
0.0030621868167941663
0.0031726054741324354
0.0034859006635729606
0.013688845224505515
0.12328943694797558
0.06339430943848103
0.031366303046816174
0.008559829020109497
0.00341298854988403
0.00285868140073625
0.00457864035563444
0.022084773959159802
0.03464870211298142
0.07378211867449505
0.030824614149940033
0.006402428648276276
0.010120236416139227
0.0060768328705280514
0.0017695987822431145
0.004851725874411657
0.07918185044788471
0.10958016958217291
0.011732076257119561
0.00888234362447344
0.007374897565470201
0.002370487735918408
0.0076091660275808
0.028371160033008175
0.09101391519663846
0.1671403490558771
0.025507220112273795
0.006724277505468682
0.002681114550126118
0.002245671846144723
0.0035968064638550405
0.01734896204095431
0.027218708185017676
0.05796043819837671
0.024214649504826442
0.009628581269309721
0.00891972860531538
0.016647395859542957
0.04429518157553636
0.03344877078495034
0.013585733769800549
0.043864430163423826
0.034290670001238054
0.006977632764576634
0.005793440229719993
0.0018621653916425583
0.0059774726614788805
0.022287308866312916
0.07149708495387232
0.13129912837887986
0.020037506126005192
0.02917219646677311
0.012302250910602785
0.014785722057992322
0.0045404483303429135
0.0036736580065860106
0.08537393155159571
0.17523901218430032
0.06250966915506063
0.00909475506373734
0.008425202491557782
0.015724433699719143
0.04183937546617966
0.03159430958347465
0.01283251577169675
0.0414325057024057
0.03238953236306471
0.007686749057724878
0.002941102597055293
0.008453753985176376
0.12238332172325984
0.07183457756262307
0.0025280870297127553
0.0025467587332412404
0.004016468578747446
0.027554836389260262
0.011620191556278275
0.013965974508265118
0.004288717547168231
0.003469983668760434
0.08064064420008835
0.1655234399389093
0.05904401844668549
0.007661988043001563
0.003252288978351418
0.01971863082421374
0.023143355069909964
0.036534025411343464
0.009710865496171917
0.060069214419007734
0.058078138404240844
0.008585758777443815
0.0032850815407657187
0.009442469363252697
0.13669675838347328
0.08023604650036621
0.002823761416236808
0.0028446168833862672
0.004486217787954543
0.0041534330911234965
0.0
0.005323639316670935
0.2016149499703399
0.028708763168792537
0.07932388195235866
0.07693057354068865
0.0019127844835824651
0.00855810181896857
0.0036326629675262506
0.02202483864203009
0.025850104177823966
0.04080689079287286
0.010846607329602572
0.0670946561516604
0.06487071229165328
0.003204038858954753
0.0031710870823957915
0.00756056030740131
0.04694260384394773
0.03738078269817017
0.005031419477630399
0.004533407498078431
0.0021225243967819885
0.0037894291752087013
0.0
0.004857079361166269
0.18394555944783175
0.026192747625688125
0.07237199347293909
0.07018843290473416
0.0017451494147009922
0.0
0.01843506580793739
0.0238700890644973
0.21469196057480366
0.17102119966037888
0.054210243779508525
0.006002075870780817
0.0
0.0029232391769049276
0.002893175270558549
0.0068979581905439
0.04282858749950439
0.0341047575441419
0.004590469460551388
0.0041361028959494795
0.0019365078713913405
0.010154387375301104
0.0024241483376705214
0.00847543078218056
0.0071130305847431135
0.008900533999231157
0.004188571981377802
0.004714769387694665
0.0023970612611989447
0.0
0.017466659209568997
0.02261617698224438
0.20341404524738618
0.16203733923170163
0.05136254264721141
0.005686782725764256
0.0
0.0032272994845830164
0.003630825798483196
0.006548321858466887
0.23433979313769748
0.20015032658459173
0.0028109834034097114
0.001774924195219647
0.005180243718475616
0.009620970470849569
0.00229680616975631
0.008030210614322828
0.006739378229800307
0.008432982869028707
0.0039685434343269535
0.004467099331487816
0.0022711419959127394
0.0038093271697257525
0.004594869788790371
0.004398348283677307
0.0007392497966025473
0.015444349737247764
0.003385737409625838
0.0015544909771887236
0.0
0.014259721470850032
0.12929172199546562
0.32949187980489475
0.0
0.0
0.0
0.0
0.0
0.0008830737002426877
0.02259017670471138
0.16170661912615433
0.012472241476882688
0.01468607689851237
0.0013164085679177296
0.0
0.0
0.016192655661537037
0.09479670947827691
0.059309541596395975
0.010196174574920124
0.011776078934690026
0.004662156166352844
0.00803135426214829
0.00833503267976772
0.022320746879969978
0.03926550503222503
0.022680542100703315
0.0036454466474512225
0.0047822008502419406
0.003035935274169225
0.0042716233374066916
0.0
0.0014241160231323294
0.03643074479709776
0.260781163883405
0.020113744670148037
0.02368395460353672
0.0021229468548832433
0.0
0.0
0.01194869926344501
0.0763684680170458
0.12006440798311858
0.016177026300553975
0.023503410333183636
0.0031844201691462923
0.0013426694398922419
0.00830319026736065
0.03599624048514903
0.06332272703558846
0.03657647533842568
0.005878941905621888
0.007712163610800491
0.004895994601525147
0.006888765046354622
0.0
0.03963751207546388
0.12758311591196914
0.055399520698037386
0.004841063607523502
0.002373526705220549
0.0
0.003444382749534457
0.0
