0.02315335516113797
0.06609582048844331
0.012634353831319636
0.006556778286915625
0.014685049015478915
0.01093087229790677
0.020905591285174444
0.006331956810055687
0.05600412003891933
0.025890694599032715
0.081023227728883
0.030276005422638735
0.04360562082126727
0.03192848802350359
0.02317164263403352
0.012688851187186899
0.07251733727879119
0.03142735862387817
0.004242597582372472
0.0034270375165001542
0.015492406611890731
0.005923588842876719
0.03383120917087858
0.07794202429187923
0.08551793609216217
0.06515244780967515
0.03511408111648898
0.020098276031472087
0.022652781938723263
0.008116445668649042
0.020037121715039533
0.03262453808072645
0.04795511494202457
0.02216964099360263
0.06937843494393367
0.025924687666175776
0.03733854861301312
0.027339672724580405
0.01984137569054529
0.010865188431510516
0.04888325081688542
0.04727855269724768
0.04031689472610167
0.0389683641148075
0.018233682926717842
0.010395632926193187
0.0057948471905039595
0.002681915290239767
0.07322715636018201
0.055788629859659836
0.030067427090267627
0.017209718437786195
0.019397086515655824
0.006949936624131857
0.017157353321225376
0.02793568531216018
0.05383780731524672
0.04651385227282435
0.07461214794039334
0.043354910300577656
0.02002199114816017
0.013629934884292523
0.01951201186597307
0.007418217249838316
0.05101739182788546
0.049342635927511695
0.042077046455647124
0.040669641803980056
0.01902972758138386
0.010849484627795402
0.006047838160520648
0.0027990021310959345
0.042914727126285766
0.03761442337214582
0.050072650387746824
0.054313878459772064
0.04182375125386267
0.013571141939142823
0.022098024354897487
0.019966459202001616
0.05618825395317977
0.04854455027379983
0.07786955906132871
0.04524769546839081
0.020896109618538345
0.014224989479225089
0.020363865702091283
0.0077420811786243155
0.03937971723249719
0.040033139327620225
0.0324281163675864
0.029799559913014254
0.0356527171192224
0.009424382079446915
0.008481434973877914
0.009515660477286258
0.048745732095291865
0.04272525371586108
0.05687623257907852
0.061693734196777074
0.04750652072985388
0.015415110231178374
0.025100576123185458
0.022679386223015286
0.08446045427163255
0.011490588536070462
0.034439924415355046
0.01618936118780496
0.03428939839974255
0.004246352689372654
0.0160382566638363
0.015276438990213779
0.04473040549820678
0.04547261080922465
0.036834261305161584
0.033848551799078246
0.04049700216078845
0.01070491262024132
0.00963384331452637
0.010808593398964918
0.05335131843514933
0.09545403675328289
0.005189407563424935
0.0028954877591158023
0.02193770598383876
0.014933294086929342
0.013672516441105441
0.02286234123314721
0.12567211215449345
0.017097309547755898
0.051244550849786914
0.02408880265266068
0.05102057712765438
0.006318319218484356
0.02386396814464148
0.022730428940449434
0.037071897902339765
0.018769187356741202
0.03201946501448616
0.015512421239409317
0.011818416511067013
0.009996988389431189
0.02200081092084538
0.00475051137386374
0.0793835758023396
0.14202990637343438
0.007721528553809295
0.004308312873090713
0.032641996430029345
0.022219849816258193
0.02034388797027656
0.034017798463716935
0.03285843049746786
0.0056864773146309095
0.0035561113233617703
0.01445439871191478
0.015214330049766528
0.01246611208590936
0.030828832198602624
0.06829210420771654
0.0390233315655817
0.019757181662728114
0.033704942841191174
0.01632898210404911
0.012440528060000011
0.01052322148722313
0.023158915185230746
0.005000574314719712
0.09111185314449013
0.11163129522189903
0.11807297486381188
0.0015082913687236774
0.0009539272084998025
0.0
0.00280757455831299
0.007251693912326139
0.03458807076468513
0.0059858087188731516
0.0037433020456961136
0.01521526615664766
0.016015199643791656
0.013122317787550962
0.03245163611086181
0.07188694338847923
0.188980205490052
0.11518416316589145
0.0
0.0
0.0
0.0
0.0
0.00955118871527007
0.10490305812726168
0.1285284389168695
0.1359451675925681
0.001736594873941881
0.0010983190216067168
0.0
0.0032325449096097057
0.008349351283630022
0.02999370927450619
0.05859064655047263
0.07079523820810554
0.008682974107849744
0.017389666416311806
0.00320798090229387
0.005688460677101988
0.003473189747883762
0.21758531735696182
0.1326190890308131
0.0
0.0
0.0
0.0
0.0
0.010996910614840386
0.015925625813297394
0.00736774782619617
0.019968516914914584
0.0
0.004942435597230226
0.0
0.007241718437617514
0.001736594873941881
0.06721626583274488
0.13130234869604349
0.15865298644916817
0.019458650162624082
0.038970453100146435
0.007189124064032711
0.0127479092883052
0.007783460299781901
0.027474228987179775
0.04550048416383421
0.10105277681519122
0.0038917301498909507
0.02461346232632402
0.002751868786568035
0.008702173057487985
0.0
0.03568952037316983
0.016511212132577537
0.04474968830812138
0.0
0.01107605804684581
0.0
0.016228778746032662
0.0038917301498909507
0.06213278645814508
0.03426023793708161
0.02537751820788919
0.0
0.015319001072130245
0.02476681995935832
0.04879542101795456
0.0038917301498909507
0.031146050914433752
0.05158144372529808
0.11455808034502139
0.004411844476156229
0.027902954115797286
0.0031196451546022853
0.009865184032687806
0.0
0.12828264579104237
0.12121398398731625
0.07406829079400991
0.0
0.0
0.0031196451546022853
0.014451616892740089
0.004411844476156229
0.07043658737007832
0.03883898309309729
0.02876912304085814
0.0
0.01736632491392112
0.028076807389307967
0.05531673584454787
0.004411844476156229
0.005580590823159457
0.006239290309204571
0.02399662143499097
0.0
0.05716431239276479
0.017508856497690666
0.04933521781298285
0.008823688952312458
0.15148920240349179
0.14314180722697858
0.08746737508089308
0.0
0.0
0.0036839944587860837
0.0170659398472969
0.00520995491400932
0.016475323835262363
0.007367988917572167
0.04442766241515342
0.026049772213232618
0.08620639789901618
0.0036839944587860837
0.024958062982567333
0.0
0.006590129534104945
0.007367988917572167
0.028337652526177898
0.0
0.06750543720800516
0.02067623948256268
0.058260045626632874
0.01041990982801864
0.016475323835262363
0.0
0.0170659398472969
0.0
0.07329349580863224
0.024360235119755755
0.0472080618574723
0.00520995491400932
0.020713143535941732
0.009263199530819414
0.05585544525697524
0.0327503529719045
0.10838060066395004
0.004631599765409707
0.031377831847561904
0.0
0.0849238884973611
0.0
0.011717123202633734
0.0
0.006213943060782519
0.01852639906163883
0.09980848947343167
0.0327503529719045
0.020713143535941732
0.0
0.021455679121537525
0.0
0.09214621297372318
0.030626229362778073
0.05935102527178144
0.0065500711869886895
0.06628205931501353
0.012099830301139243
0.06652920046778346
0.01965021257328642
0.006213943060782519
0.004631599765409707
0.07683577194114699
0.0
0.07494136225381128
0.0
0.010339813567632361
0.0
0.005483514311254484
0.01634868124744532
0.08807632690849498
0.02890065574521998
0.04752379069753886
0.0
0.03035618402525478
0.0
0.05754799166535014
0.01885187444646368
0.039193779583457496
0.05728989557568411
0.05849081932004783
0.010677534694322146
0.05870890983598235
0.01734039414439689
0.005483514311254484
0.00408717031186133
0.06780397743176414
0.0
0.09026668697990642
0.01885187444646368
0.061795799172622665
0.024943524030142557
0.02376189534876943
0.00817434062372266
0.06722098030220607
0.0075363693861571525
0.041271019314446794
0.0
0.026362178581096903
0.0
0.04997632218869459
0.016371507048864708
0.03403699937342781
0.049752184161293046
0.023810203450642383
0.0
0.031216162154829953
0.031642954190202785
0.06877109704698794
0.023470339039828716
0.05994309668522174
0.00501963169127435
0.07839017315577416
0.016371507048864708
0.053665239741430455
0.02166166980597559
0.020635509657223397
0.007098831234058024
0.058376622227907994
0.006544798761454966
0.030831950622454182
0.05266393789898211
0.04541382613675797
0.0250981561856538
0.08017293501163057
0.02347033752601675
0.01795877825497587
0.0
0.024371469442748303
0.0
0.03195200509955277
0.03238885768966437
0.07039220364913455
0.024023593578520883
0.06135610525949432
0.0051379569532591825
0.025996234072264857
0.01089925224975982
0.0068932922125185085
0.0
0.031134190250775892
0.06202918785711856
0.10901960924237263
0.0
0.03155873674129374
0.0539053585115506
0.046484343498560926
0.025689782442051466
0.08206281142543889
0.024023592029024588
0.01838211153371849
0.0
0.014886543955610355
0.01453233684951186
0.03187932752522068
0.011837032975620231
0.07546651891571979
0.033514851857026205
0.040180614483741835
0.0
0.030786042213776458
0.012907440321046099
0.008163381836637017
0.0
0.03687066721616987
0.07345807052464157
0.12910648069005826
0.0
0.01955351847092061
0.024147460920082634
0.05030503349196769
0.05052576090263051
0.03463429749049851
0.03543552066888845
0.029148136488783227
0.0
0.017629390832559582
0.017209921039725167
0.037753096091150254
0.014018007218287812
0.08937123087166048
0.03968996590778046
0.047583895814805724
0.0
0.047115789582595664
0.025814880642092197
0.03783916451418272
0.0
0.051951446235747774
0.008604960519862584
0.030373976610071667
0.0
0.019737781660298798
0.024375015268991076
0.05077908453944498
0.05100189198172627
0.034960674869943704
0.03576944839987131
0.02942281485942232
0.0
0.00776903885998749
0.0
0.01143281984804103
0.0
0.18175324466642642
0.11269348075523561
0.06513082672991759
0.01045938852865916
0.04755978669091516
0.026058147972603744
0.03819574305768926
0.0
0.05244101230491555
0.008686049632915116
0.030660206723214407
0.0
0.017480337434971852
0.004343024816457558
0.025612407132783163
0.006141964581462294
0.0835171677448655
0.008686049632915116
0.015330105213890409
0.0
0.005126728335431948
0.0
0.007544428921666522
0.0
0.11993755293039741
0.07436555170059371
0.04297932613338926
0.006902069162935701
0.006408410419289935
0.0
0.0
0.01433148935867933
0.23520051387937765
0.10922285616085876
0.04455509046083083
0.00810606934074542
0.011535138754721883
0.0028659283071281938
0.016901428317282252
0.00405303467037271
0.05511232960589344
0.0057318566142563875
0.010116217231191911
0.0
0.04692230364465132
0.026723448408005775
0.07077034994733834
0.00810606934074542
0.025841629484804847
0.0028659283071281938
0.012222928619474388
0.025549681389741178
0.005428964546429343
0.0
0.0
0.012141099357743766
0.19925303899224772
0.09252950029108091
0.037745398725820764
0.006867157404484854
0.010857929092858687
0.002427906790297492
0.03662872742092513
0.05833746141610611
0.05898521601471374
0.03044786462196272
0.0713730650252624
0.003433578702242427
0.03975081280013118
0.022639101504593126
0.05995398166852566
0.006867157404484854
0.02189205764235579
0.002427906790297492
0.0103548059170679
0.02164473018456262
0.020806264733069922
0.002427906790297492
0.02442387898379439
0.003433578702242427
0.06205288417574124
0.020910230282231945
0.04708924679901921
0.006867157404484854
0.011360947079830899
0.0025403850332264177
0.038325635604341594
0.06104007552931661
0.061717838816639836
0.031858430434168604
0.07467958279545646
0.0035926469584579334
0.005820333076493963
0.01643945433100127
0.016949692361453897
0.021011665195002523
0.17108380449749025
0.1079038868887568
0.040167009260128346
0.0
0.0217701617444552
0.0025403850332264177
0.02555537011211291
0.0035926469584579334
0.06492762360505198
0.021878943731522344
0.049270762070514146
0.007185293916915867
0.00681656824789854
0.0
0.01632753246426519
0.014095887367516154
0.058309554692690564
0.02851557672195401
0.014720851270427155
0.0
0.005116932755523839
0.014452709362796535
0.014901283981606792
0.018472358277676678
0.150407942581214
0.0948634598764258
0.03531273600211002
0.0
0.0
0.0
0.0
0.07907212297027584
0.21585575405916
0.09058081493122284
0.024858417095769463
0.0
0.005992770669569079
0.0
0.014354313504959098
0.012392367728973033
0.051262714082810905
0.025069405247699992
0.012941803340955512
0.0
0.03037185039120672
0.010301328111544644
0.01494595932066092
0.024028611392990253
0.02829042651612943
0.00722734911775434
0.01576682271643744
0.0031584675067840274
0.0
0.0
0.0
0.06433776232477556
0.17563302564057867
0.07370191571080272
0.02022628039820004
0.0
0.0
0.0
0.09096494896268975
0.15519475257580487
0.10811360624662364
0.04635506323083807
0.0
0.0
0.024712336262523938
0.008381770651576278
0.012160917683339796
0.0195511013328647
0.023018766524650888
0.005880599284668896
0.012828820758086263
0.002569916224942965
0.00839054787712155
0.021510903503541994
0.032077474011764424
0.0221506993057388
0.029051750070250033
0.014946337077559135
0.023099831662234414
0.00513983244988593
0.0
0.0
0.08536623576152201
0.1456428216407971
0.10145942701142073
0.04350200051370395
0.0
0.0
0.0
0.0
0.005116079214231959
0.029152002370244037
0.23845928370987848
0.0684624214305135
0.01631937612389248
0.0
0.007874126203714816
0.0201869498182195
0.030103168751796184
0.02078736745064148
0.02726367215133592
0.014026419508655144
0.02167808258254054
0.004823485899735392
0.014490541443902265
0.009571248815946556
0.029050583568939484
0.02451273807900279
0.02009245519210441
0.009312921077021271
0.010333872525475081
0.002411742949867696
0.0
0.0
0.004310861930388468
0.024563782527621668
0.2009282900141606
0.05768715335486029
0.013750877246872307
0.0
0.0
0.0
0.0
0.019877912901841353
0.2680427122143715
0.111957133372219
0.061439656602945016
0.0
0.012209881990776075
0.008064834499075252
0.024478325983408433
0.020654689845380065
0.01693011318799176
0.007847164840599581
0.008707429224245411
0.0020321598695238765
0.027027281913926147
0.0028739080557348634
0.0175623396270532
0.010622869880987968
0.04563718737685548
0.01793702833125699
0.010791262908386006
0.004064319739047753
0.0
0.0
0.0
0.009914872291669125
0.13369659447858487
0.055842918972851145
0.030645387766327147
0.0
0.0
0.0
0.005017152038984595
0.031985413496852896
0.15927219703692155
0.35270193264253985
0.014295244634177248
0.0
0.013480894593450672
0.0014334719893038046
0.008759891212171597
0.005298564228604583
0.022763299488578657
0.008946781589931901
0.005382556716634069
0.002027235523375072
0.0006410681529727371
0.0021502079075344277
0.006946675926311622
0.001013617761687536
0.015818778030966565
0.07918873201900925
0.03176248345525364
0.001013617761687536
0.0
0.0
0.0037513508458331406
0.02391566112475753
0.11908865556186762
0.26371708153643175
0.010688629252835194
0.0
0.0
0.0
0.014162686641403719
0.033907423849971655
0.07666700580324978
0.0800171449074988
0.01681183321027658
0.003562876493799185
0.00047933001416032036
0.0016077217094419309
0.005194065958019462
0.0007578873070044725
0.011827783149765401
0.05920982950719711
0.02374897516554864
0.0007578873070044725
0.0
0.0
0.0
0.0
0.0
0.06121817223879911
0.18890769164392496
0.0
0.0
0.0
0.016775024525542206
0.0401617208007967
0.09080839922628778
0.09477647866352266
0.019912811852890264
0.004220056693920849
0.018897691896823828
0.005013768145943997
0.004675262173877499
0.009015367196672149
0.021580270224839906
0.027930245556820638
0.0574895568908765
0.020245571497212303
0.0
0.0
0.0
0.0
0.0
0.0725099952231195
0.22375211996332925
0.0
0.008284004185767803
0.02480489732620312
0.02083331367402786
0.01919615008488779
0.07310532192448461
0.08485893530375861
0.03962397757707964
0.0015286960354989397
0.020362151725962202
0.005402305650017849
0.005037567458655927
0.009714005060837836
0.023252614076077142
0.030094675099817315
0.06194465898066156
0.02181448405740699
0.02909478187464051
0.013985734505636789
0.03747794318507267
0.03213217025410215
0.020058440191180592
0.010306033346080604
0.029704221177893723
0.03636126942453911
0.00892596572375383
0.02672713078722339
0.02244777279157654
0.020683738665912027
0.07877055383953295
0.09143500303596107
0.042694602484561896
0.0016471609754066304
0.037921435254341315
0.03185566853972019
0.005199792011166009
0.009198021922881815
0.011427177124708128
0.04465565111170503
0.10540614901739301
0.0742607291318218
0.02112727746661446
0.010155789953955219
0.02721473932888271
0.023332887645898522
0.01456550639535598
0.0074837621062425076
0.021569823945030014
0.02640386277788702
0.04090443214814952
0.010202631678235548
0.013770044359867785
0.004095481210234022
0.005710717479046385
0.03196119341502169
0.08566396913019068
0.15012388222144468
0.027536782643799208
0.023132104960367068
0.0037758471282557738
0.006679175741754135
0.008297884576487868
0.032426857006673464
0.07654104322118377
0.053924687801443924
0.029428674854694373
0.05623890706580709
0.03123337884463733
0.0009157774211606512
0.013995568389176212
0.031236778121074206
0.056544428473814544
0.053805818188535665
0.03615974298006405
0.00901918251472284
0.012172794944897562
0.0036204279136642023
0.00504830565856953
0.02825387075506885
0.07572741983511361
0.13271033751638145
0.02836996241388655
0.01195929987069529
0.021551275436298145
0.004729082807734008
0.026300724242476706
0.05031381754290391
0.060572378656507914
0.05212484023008136
0.026015110419709442
0.04971550314190806
0.02761047867210518
0.000809552276784585
0.01237215942711517
0.027613483651170296
0.04998558574685523
0.047564639193201044
0.015030404953194064
0.03145636053291362
0.049572189908029904
0.015078950494850689
0.015588453233915589
0.020434683038329394
0.04554671336122114
0.006972017307682125
0.03169186846820194
0.013359642601723726
0.024074765291717017
0.005282822308026081
0.029380338301154406
0.05620518153814423
0.06766494185584605
0.05822826115868204
0.013153086547977639
0.01900499099037183
0.045377142877489264
0.007636195826828961
0.02511312802081361
0.09182340723826887
0.0725749901853837
0.022756675447132512
0.01679035064802473
0.03513966024887888
0.05537671496797683
0.016844580502067337
0.017413742122906486
0.022827428446755296
0.050879885843492345
0.007788387317881517
0.03601151806523768
0.021870254035879617
0.007125613225047903
0.02510444140457838
0.016155334067578308
0.018500300427844143
0.04377887242618207
0.025065196842076226
0.015188896541090997
0.021946547744833934
0.052400531691358894
0.008818111852160611
0.02900009073459339
0.10603566147802583
0.08380801064264096
0.026278910864372507
0.05236935426908768
0.0036638524407750597
0.034277838555103746
0.006282967026803219
0.010229098909673013
0.006805754078308561
0.031942930985157894
0.05424781038637077
0.041585313088708074
0.025255290814567677
0.00822850223575267
0.028990059620238
0.018655826284130893
0.02136374212643126
0.05055488394616708
0.028944740858176235
0.0780036843920151
0.03839859946232408
0.01310417358169488
0.001601909879272955
0.0041501030278427295
0.01326275349941855
0.042170174786030835
0.04243354999311108
0.05689722969377918
0.02465796055662036
0.0033287494853057385
0.0026888596308476892
0.012155369330748596
0.0046476581690932505
0.026544025901192803
0.061153448614420666
0.0670975222665372
0.05111872453186743
0.02755056947402814
0.015769142535051253
0.017773412338839185
0.0063681774708689584
0.015721160751392373
0.02559726965285895
0.008493093562920252
0.08043960794400443
0.05187835918668148
0.03862629300287991
0.045719066969334865
0.015302004790322728
0.03338975446938552
0.007272175896345745
0.13299624519554964
0.05167787689588925
0.030181017806487923
0.015508080975201469
0.001267550024298357
0.006736792194813654
0.0
0.06144249939842208
0.060147889430497474
0.04582409733040505
0.024697016379955285
0.014135851959544603
0.015932529310285513
0.005708592828063886
0.014092839894110528
0.022946029790590745
0.044221715583901984
0.03820590860761071
0.06128550455266571
0.03561119235877152
0.016445818322296298
0.011195461589862963
0.016026927585559816
0.006093232799045361
0.11922114528933545
0.04632533543026196
0.027055015753239632
0.01390182987786441
0.0011362633989115945
0.006039028243699735
0.0
0.055078586143154536
0.1671206460102852
0.06307829264295194
0.010851577559097334
0.0013344737184596458
0.013548050448085972
0.010031771841778024
0.007978607744768707
0.02472849749645024
0.05331223013209025
0.04605977324036747
0.07388376681754882
0.04293166959357126
0.01982653181885993
0.01349687629330745
0.01932153107290909
0.007345798889569981
0.03736404675227893
0.037984023111352475
0.03076826704705126
0.028274254566469252
0.033827814999877456
0.008941990379179377
0.008047308491816013
0.00902859664666999
0.20147509480991876
0.07604509253694726
0.013082301138434853
0.0016087971496439475
0.016333079207638383
0.012093970620537882
0.009618744243781206
0.0298118544688819
0.03215701618734625
0.031598100487844644
0.035005866729634794
0.011887820301039772
0.00833086173160787
0.00801957133351048
0.027975357562899605
0.014541666039767068
0.05430288063458924
0.05520392067573479
0.04471693186411301
0.04109226928588305
0.04916351304895187
0.012995804212952565
0.011695522044440972
0.013121673068564764
0.0647687013880976
0.11588155989578533
0.0062999603142921655
0.0035151330378277723
0.026632457635217904
0.01812907522862163
0.01659848642117882
0.027754968308092164
0.04673526460244864
0.04592296681479044
0.05087562958939278
0.017277113774445112
0.01210762295620929
0.011655210361753224
0.04065786857938331
0.021134069348025534
0.007843421303642389
0.025344266362524792
0.07128545096377154
0.003875920799796899
0.01202416778132735
0.015316098383604742
0.041674516397471294
0.014397081711095314
0.07406695409343506
0.1325176202877221
0.007204388252176537
0.004019768680941184
0.0304558370754294
0.020731701484468946
0.01898137997875438
0.03173949638456058
0.030657775725524215
0.005305632178435006
0.0033179449461234545
0.013486332342968687
0.014195368172432658
0.01163120887738408
0.028764107387825893
0.06371832077571832
0.008969429881747006
0.028982711911372024
0.08151925406727017
0.004432351456734666
0.013750368063346658
0.017514891167440583
0.047657347248355506
0.016463939639387158
0.10507871593847444
0.09250205499535208
0.009566091213234628
0.0
0.0031221929008083396
0.010923580954589646
0.011004067092226065
0.05771862568591401
0.032153617593468416
0.005564502450677476
0.003479832782031043
0.014144352048776211
0.014887982869379797
0.012198714144868644
0.030167554151543038
0.06682723946651771
0.17567898774702095
0.10707701971747885
0.0
0.0
0.0
0.0
0.0
0.008878936081841348
0.11020567440205678
0.09701537807435566
0.010032836089883203
0.0
0.0032745296816185333
0.011456559924950798
0.011540973109857168
0.06053480966593147
0.11753982315240184
0.029591693415381922
0.004126717926605799
0.0
0.0
0.0009914567013738524
0.015087596278919747
0.05754264498013537
0.2876978052241115
0.1753529204472546
0.0
0.0
0.0
0.0
0.0
0.014540443659371237
0.02105733810057344
0.009741856228119867
0.026402969464049908
0.0
0.0065350359622469295
0.0
0.009575216406424858
0.0022961776091576713
0.19248715843053146
0.0484603500831279
0.00675805174818704
0.0
0.0
0.0016236427623930886
0.024707953929033775
0.0942337662567498
0.007261151069163255
0.003247285524786177
0.01573650573517521
0.009184709744153356
0.017544594508161843
0.0048709281140599334
0.018387031956672677
0.0022961776091576713
0.0629543085023791
0.02912485041754542
0.07893593563820053
0.0
0.019537544017979722
0.0
0.028626653793942584
0.00686479330353872
0.1095987439982259
0.060433134598171276
0.044764516126286714
0.0
0.027021857098650303
0.04368727873172712
0.08607238080389339
0.00686479330353872
0.021708382242199693
0.009708283817560583
0.0470468219710401
0.02745917114388222
0.05245239497702174
0.01456242520877271
0.05497099760258646
0.00686479330353872
0.039075088035959445
0.0
0.018420172317642838
0.0
0.043416764484399385
0.01456242520877271
0.04526271067961689
0.0
0.0942058473358403
0.05194543700312631
0.038477440693334856
0.0
0.0232266981509163
0.03755149886376442
0.0739837088459257
0.0059006485508240475
0.007463795546597995
0.008344777228696393
0.032094429044429135
0.0
0.07645476147271067
0.023417327894952336
0.06598369073662183
0.011801297101648095
0.03358707995969098
0.0
0.01583310061731932
0.0
0.03731897773298997
0.012517165398167707
0.038905664944110296
0.0
0.0
0.0
0.004172388614348196
0.011801297101648095
0.2203373409860063
0.04939004639651549
0.025283191365240446
0.0
0.007080776543251863
0.007916548958330973
0.030447441777854897
0.0
0.07253133854967905
0.022215622738995532
0.06259761091902022
0.011195690875453284
0.017701941358129657
0.0
0.018336529795646782
0.0
0.0787503285343507
0.026173898484302533
0.05072278705947659
0.005597845437726642
0.0
0.0
0.003958274479165486
0.011195690875453284
0.20903030715616572
0.046855501307772385
0.023985735841751746
0.0
0.0
0.0
0.019385119496498144
0.022391380062717885
0.10963607136343398
0.08554802959934146
0.056743262936987435
0.0
0.016923330091178
0.0
0.017530006465417323
0.0
0.07528653369781259
0.02502265231035859
0.04849176998080116
0.0053516269331971246
0.054154656291769604
0.00988596549230195
0.05435657886813674
0.016054879992624112
0.0050769990273534
0.00378417170451416
0.0627773920030137
0.0
0.0
0.0
0.018532474459108165
0.021406506118853974
0.10481378217487095
0.08178524119303082
0.05424743815977742
0.0
0.0
0.00378417170451416
0.04579705128865333
0.03373580224766144
0.15802411246423453
0.06981723883319013
0.013357452311375055
0.0
0.048906320245727136
0.008927878550273554
0.04908867372852736
0.014498939817762709
0.004584967523036919
0.0034174330688885833
0.05669339347201335
0.0
0.07547528915272
0.015762743959289758
0.05166973517057673
0.0208561956979977
0.019868192599826646
0.006834866137777167
0.056205928179990435
0.006301434976876202
0.0
0.0034174330688885833
0.04135868289082408
0.030466335887748986
0.1427093878887236
0.06305098166724672
0.012062930228705361
0.0
0.004584967523036919
0.01025229884228527
0.10337928984008322
0.1114908074463756
0.02139651510750562
0.0
0.016736421074482012
0.0
0.07519525436488057
0.015704259696295082
0.051478025758282406
0.020778813280480774
0.01979447595479085
0.006809506840578179
0.05599738820154328
0.0062780548609913485
0.029575344412287565
0.05051753359825992
0.043562911913078706
0.024075240077853097
0.07690535686659006
0.02251376581081621
0.01722683908711236
0.0
0.0045679559895671195
0.010214259897838744
0.10299572327382894
0.11107714484289598
0.021317127951313224
0.0
0.016674324192477354
0.0
0.015473611700804411
0.02251376581081621
0.08490311923801797
0.0221862066243924
0.038313391648640005
0.010214259897838744
0.023134389213173016
0.0
0.035764554949272456
0.061089300638069506
0.05267929039630452
0.02911344783270115
0.09299928424183737
0.027225204996140517
0.020831887011849348
0.0
0.016870466763916493
0.016469054641076144
0.036127870718277326
0.013414548870043423
0.08552390688883207
0.03798136061919574
0.04553546633946814
0.0
0.018711763022012436
0.027225204996140517
0.10267073245277751
0.026829097740086846
0.04633120689345156
0.01235179054180787
0.027975705800694882
0.0
0.01841296258095942
0.0
0.0026039860959807875
0.0
0.07477492978130944
0.02882084430488554
0.041663774023698696
0.0
0.020958297573232643
0.020459620515998807
0.04488190373134374
0.016664986865115843
0.10624694119521019
0.0471845070579758
0.05656902485470648
0.0
0.05601252748030919
0.030689429683254634
0.04498422420507456
0.0
0.061761287154498655
0.010229810257999404
0.036109406520194835
0.0
0.022874550797962464
0.0
0.003234949941803271
0.0
0.09289341257149915
0.035804334266882544
0.05175919470587802
0.0
0.011437275398981232
0.0
0.018054704350840996
0.0
0.11119305320986911
0.06764413411843609
0.032349495600430184
0.0
0.056630331996712885
0.031027926607372792
0.045480389226204544
0.0
0.06244249908796066
0.010342642570049002
0.03650768446686803
0.0
0.020814166362653555
0.005171321285024501
0.030497174610784147
0.007313352677982092
0.09944546151045587
0.010342642570049002
0.018253844438982446
0.0
0.011563425757029752
0.0
0.01825384333620823
0.0
0.11241948546629467
0.06839023241905783
0.03270630264671734
0.0
0.0
0.0
0.07045019700906556
0.045455131285574685
0.2064889844319586
0.0
0.0
0.0
0.017477118160690048
0.0043422249813200005
0.025607690212192565
0.006140833443765988
0.08350178676774135
0.008684449962640001
0.015327281938102056
0.0
0.07109291553460126
0.04048922821120257
0.10722556482441188
0.012281666887531977
0.0391531668213206
0.0043422249813200005
0.01851920226488723
0.03871083045565465
0.0
0.0
0.059155211701419304
0.038167500280630415
0.1733834695524239
0.0
0.0
0.0
0.0779912071784096
0.0043422249813200005
0.043235580533393235
0.03684499881065385
0.038838040357088995
0.008684449962640001
0.014176978672523788
0.012281666887531977
0.05949552695622249
0.033884219691395406
0.0897338565233279
0.010278158349250237
0.03276611001985995
0.003633877742717839
0.01549816446931451
0.03239593199340966
0.031140990512792174
0.003633877742717839
0.036555517940278684
0.005139079174625119
0.09287530953774564
0.03129659701985377
0.07047905073956164
0.010278158349250237
0.06526850016121548
0.003633877742717839
0.03618255951031384
0.030834473497915977
0.03250239014135553
0.007267755485435678
0.011864287888972721
0.010278158349250237
0.01976515396331774
0.026254414287777052
0.05583160605462572
0.01697869834412114
0.07093501831793207
0.02402883920966599
0.029287760130090906
0.0
0.03393699756947659
0.0039601469989123
0.039837670641227195
0.00560049358054163
0.10121415864251686
0.03410657527285037
0.0768070422379465
0.01120098716108326
0.010626189312535728
0.0
0.02545260968014845
0.02197375016990177
0.09089740531611391
0.044452267707733285
0.02294799182704073
0.0
0.02153977670485157
0.028611678023096776
0.06084447051218471
0.018503137984664294
0.07730394905895983
0.026186278741544812
0.03191737410992164
0.0
0.035995427201345985
0.011880440574490074
0.06383474821984328
0.01680147989713124
0.05164731309036946
0.0039601469989123
0.02795722584426886
0.0
0.011838731979146724
0.0
0.028356978716503528
0.024481150409329504
0.10126960733400928
0.04952466663061475
0.025566561700485543
0.0
0.0599996589754525
0.02035029692711336
0.02952577636034548
0.04746857602230559
0.05588780141394684
0.014277644489100514
0.03114739385080574
0.006239559686062313
0.040102825441751214
0.01323610446029262
0.07111886047799952
0.018718678117329055
0.05754073065484023
0.0044120349769071875
0.03114739385080574
0.0
0.047995313427849025
0.022060174414106997
0.08777311386786867
0.00813539020728384
0.07300551387140479
0.0044120349769071875
0.014404901163276689
0.0
0.05419664241007862
0.018382067237230768
0.02667011730743805
0.04287753437813813
0.05048247340133019
0.012896746515685915
0.028134896020469743
0.005636085119087317
0.01840131657687945
0.047175577926524395
0.07034913129887257
0.04857871455993586
0.06371341394913135
0.03277882258187758
0.050660257412799836
0.011272170238174634
0.043353327062625374
0.019926569661245407
0.07928391838797305
0.007348555666141475
0.06594460363301956
0.0039853140172351285
0.013011695243435246
0.0
0.023169725600790655
0.0
0.019108516069060333
0.0
0.01604057926208584
0.04074945316592925
0.08586949396997597
0.0
0.017712146726921237
0.04540874858985808
0.0677144013294501
0.04675933466477667
0.06132720621512504
0.03155118345365655
0.0487629191514772
0.010850002626455644
0.03259518447721157
0.02152967313477117
0.06534670455662653
0.05513922463283034
0.045196191330886745
0.020948587856595178
0.023245127356755265
0.005425001313227822
0.02230196832651318
0.0
0.01839286003992681
0.0
0.015439824226047585
0.03922329636041413
0.08265349222205583
0.0
0.02258036074636048
0.010021508682822738
0.0572224428327634
0.028773338863976136
0.06630393863381236
0.02301633053995951
0.014556805222610663
0.0
0.031210331683170382
0.020614954335853912
0.0625703568280258
0.052796556213591125
0.04327596682998363
0.020058557292580256
0.022257525044200425
0.005194512412894917
0.06908587926283236
0.007346149923003411
0.04489203460827042
0.027153685241451044
0.11665565287155756
0.045849796423247165
0.02758412365536825
0.010389024825789834
0.021621001989182178
0.009595730626262945
0.05479126592397133
0.02755086261913299
0.06348692145334
0.022038448985734135
0.013938338639028675
0.0
0.013141192287650687
0.011019224492867068
0.033653730140556566
0.0
0.046527302050277025
0.022864535822389544
0.052834234927020406
0.0
0.05047774553599725
0.005367480162941902
0.03280046116122274
0.019839898234022074
0.08523470242860588
0.03350025188106816
0.020154398982343884
0.007590763222803885
0.002400410067200633
0.008051219958261675
0.02601107347132223
0.0037953816114019425
0.05923169613131474
0.29651360571543905
0.11893116931754183
0.0037953816114019425
0.009601640268802532
0.008051219958261675
0.024589169950480126
0.0
0.033995272817406136
0.016706022031657004
0.03860344682144089
0.0
0.018003075504004748
0.010734960325883804
0.03224957206874726
0.0
0.019203280537605064
0.002683740081470951
0.01188142387890703
0.0
0.001007336283437061
0.003378708538473949
0.010915592480149366
0.0015927385320099311
0.02485668488808452
0.12443245329255119
0.04990967323548675
0.0015927385320099311
0.0
0.0
0.0
0.0
0.0
0.12865308718434654
0.3969990745240891
0.0
0.007555022125777957
0.004504944878077055
0.013533589328782061
0.0
0.008058690267496489
0.0011262362195192637
0.004986060313468177
0.0
0.018243930895080477
0.0
0.005515591152553948
0.0025682136899698384
0.017343334737731267
0.06431893123721763
0.06310979261513852
0.04579693035332758
0.0
0.0
0.0
0.0
0.0
0.07527565637279128
0.2322864267638622
0.0
0.008599970949657362
0.025751000558531068
0.021627933589115286
0.019928325647024847
0.07589368990132224
0.08809560715637633
0.04113530708473149
0.0015870032415886274
0.01067462820366835
0.0
0.0032272038967672417
0.0015026765035265318
0.010147684246434465
0.0376333741540178
0.03692590023780873
0.026796045611140164
0.08453839790763686
0.031024532174750617
0.008762034436433022
0.0
0.007864675631811055
0.029756144716158464
0.02715361604991316
0.09381178775007527
0.007304044568931754
0.021870591990963775
0.018368828429017894
0.016925333767069815
0.06445729837750545
0.07482051332079352
0.03493664316570087
0.0013478583213196004
0.031030799555780114
0.026067232385627113
0.004254947170328082
0.007526665926125281
0.009350765351230186
0.03654135317891299
0.0862529875298156
0.060766945794643534
0.07179933859288998
0.026349457115743404
0.007441686769973499
0.0
0.006679550625369045
0.025272202485179765
0.023061847882652232
0.07967532481548854
0.11354335414973113
0.027080659676942894
0.05557629460486403
0.00932816273938255
0.017680150056829935
0.0107787543140102
0.010990810981468833
0.012919275983215545
0.02681480856188953
0.02252561507164508
0.003676849950585578
0.006504057543072627
0.008080326204604095
0.031576672342057924
0.07453424924954065
0.05251086152147071
0.02865709813184797
0.05476440534853465
0.03041448542822102
0.0008917670793778591
0.013628625098477183
0.030417795580611834
0.055061916433008555
0.052395108495592854
0.09811681776123424
0.023401353344491647
0.048025436719080945
0.008060794490359877
0.015278041362329842
0.009314301842151105
0.00949754748917203
0.011164002127157976
0.025820409741473864
0.01039805745079773
0.009739931995382622
0.012510803467381799
0.032202340647696774
0.08045065656075719
0.10040280966238242
0.013161776452438984
0.025164264108139482
0.04808951532968298
0.026707454485014142
0.0007830751810654994
0.01196751743079517
0.02671036118368326
0.04835076465333589
0.04600899721568208
0.014538822776162856
0.030427553508724815
0.047950889277003646
0.01458578059459266
0.015078619613255292
0.019766349350301252
0.044057069364239705
0.006743991552083217
0.02267332188086157
0.009130703419432663
0.008552792749616794
0.010985940070056951
0.028277399240865194
0.07064503042330784
0.08816534067472669
0.011557570039283935
0.007192152757478489
0.0023960334804480426
0.002987583609173398
0.0012011825386218416
0.01925744379383044
0.1614487203320969
0.08818203318154039
0.04041548308264649
0.014860834008042558
0.031101474233894828
0.04901292333323624
0.014908831865627645
0.015412586465418217
0.02020414177696806
0.0450328616548128
0.006893359974885173
0.03187313973148507
0.019356964113144658
0.006306750678575448
0.0222194845360159
0.01429879238114662
0.016374279460891077
0.038747883818692055
0.02218474988744968
0.007351447220651928
0.0024491017174396285
0.003053753717520192
0.0012277867743931293
0.01968396479173905
0.16502454638898903
0.09013512151418039
0.04131062017144805
0.011605027223937617
0.0036638193063070748
0.001839668556374807
0.0
0.008433192622806854
0.11409516266674702
0.12149732185224557
0.03984015906836453
0.03591601841489597
0.021812255880691404
0.007106716671722115
0.025037866444538703
0.016112491420628178
0.018451239118657592
0.043662774376622464
0.024998725955460783
0.0673695003588678
0.03316374707707873
0.011317691384652462
0.0013835227018789446
0.0035843225817190957
0.011454652220634303
0.0364211463538489
0.03664861581565969
0.013077041514946236
0.0041285484512273716
0.0020730172899406443
0.0
0.009502882492555226
0.12856731398009988
0.136908383854485
0.04489359689087321
0.07086211641751952
0.1148542703934283
0.024974814741618917
0.0031851084106671083
0.030596593629741833
0.0
0.006885607622834581
0.01504913752720065
0.008625970628287167
0.08169811039233836
0.05269001209898105
0.039230613257001834
0.046434355857322786
0.015541409369549973
0.033912147464864095
0.007385951328675513
0.13507701242547368
0.05248639320098425
0.030653209128319276
0.015750709679829646
0.0012873812349387132
0.006842191384190508
0.0
0.062403786230880276
0.024278520459753414
0.023705589700597714
0.011422998290959923
0.024503885578825237
0.07153097597526117
0.006702880510376302
0.007501198731236398
0.02852876948552011
0.039438609487094586
0.040694703170912346
0.05041519285980212
0.013432297684640137
0.016251120813373997
0.001195303484335202
0.018217868891304792
0.032160525196677336
0.11328321505771437
0.044018055047459384
0.025707513214421825
0.013209435120992298
0.0010796706462492427
0.00573824830830445
0.0
0.052335341218098116
0.15879703249471125
0.059936614210534374
0.010311103717040485
0.0012680088995140242
0.012873276035040526
0.00953212925613221
0.007581225082331341
0.023496869562408974
0.03307544636855765
0.03412887750655437
0.04228102940953154
0.011265083821482006
0.013629108172984444
0.0010024490418004235
0.015278534240943316
0.02697163363924959
0.08220448026874189
0.06919767947752783
0.03859839053901923
0.002346672962934639
0.015596056487409467
0.005845637283300119
0.0324610792226515
0.03694984705940435
