0.05858408627046935
0.0
0.01997627536750605
0.0
0.06525119339128796
0.01378926328671802
0.05303418784295854
0.0
0.0678342051552803
0.00689463164335901
0.01744219114210712
0.0
0.0185002377696219
0.00689463164335901
0.05739473452578522
0.00975048155268906
0.061667459232072994
0.0
0.05120772832606439
0.0
0.09966865716653941
0.00689463164335901
0.04796601939216068
0.0
0.14183515623376788
0.02757852657343604
0.01561572721441257
0.0
0.025167344890440507
0.04826241929811287
0.07878626372110123
0.0
0.060889115322408205
0.00618873649771561
0.01565640203929738
0.0
0.016606122360656783
0.00618873649771561
0.05151847215486253
0.00875219506665781
0.09133367298361231
0.01237747299543122
0.05707203751655396
0.0
0.016606122360656783
0.01237747299543122
0.03522690095914502
0.0
0.12731360476503534
0.02475494599086244
0.0140169375173643
0.0
0.022590629047469096
0.04332115350440522
0.07071986598139386
0.0
0.09455049261031516
0.030943681828710035
0.039776173594795565
0.0
0.033212244721313566
0.01237747299543122
0.06061701742616362
0.03500877762715918
0.08949413744450613
0.012128180475863897
0.05592255958720649
0.0
0.01627166135354657
0.012128180475863897
0.034517402105873805
0.0
0.03525526626601757
0.0
0.02140515877448814
0.025727754614913913
0.11434171614092037
0.018192270067218116
0.04664558128858225
0.0
0.09264616766952494
0.030320450543082012
0.03897504863674847
0.0
0.03254332270709314
0.012128180475863897
0.05939614067624846
0.03430367195778158
0.04881498406063971
0.03638454013443623
0.0488744071403305
0.008575918636023125
0.05966275829633742
0.0
0.01534106918313392
0.0
0.04002375077762183
0.0
0.024300333847466153
0.029207586492338285
0.12980711351826996
0.020652882827646164
0.05295467367299519
0.0
0.061575001196341274
0.013768589041118252
0.09594646498651263
0.009735862653466905
0.05233875101689008
0.0
0.02177005044318841
0.0
0.05541750107670715
0.04130576565529233
0.05548496148146022
0.009735862653466905
0.0677325013159754
0.0
0.01741604006093824
0.0
0.04002375077762183
0.020652882827646164
0.08961047196446952
0.0
0.04618125089725596
0.0
0.00435401001523456
0.0
0.029393393690450898
0.00657256273462588
0.045800928359920216
0.004647503667551932
0.024984384636883263
0.0
0.010392133997646337
0.0
0.05029522113251616
0.045510130051733336
0.06429451670055739
0.02866303551461377
0.06049495097861552
0.01314512546925176
0.018172549407914476
0.008939651965083497
0.019105705898793086
0.009858843751542262
0.042776383760675794
0.0
0.022045045267838174
0.0
0.0020784267644896113
0.0
0.05041615559893475
0.06377834612948077
0.20023058663957197
0.07869703180843256
0.0474940052834356
0.00328628136731294
0.021364045352737653
0.027561172892194286
0.023473819329134695
0.02124051841158228
0.03000757994296174
0.013377631153501893
0.028234244081667068
0.0061351017726122056
0.00848150444407475
0.0041723203590419465
0.03570752527022223
0.052773512952393374
0.05452216907018738
0.02679889406303364
0.025173723010446045
0.01189281175079048
0.011556004685106237
0.021828513562145317
0.023530261944386267
0.02976667246794449
0.09345175364792802
0.03672953145077254
0.022166433989879976
0.0015337754431530514
0.00997104157129122
0.012863369091584448
0.021076983711725616
0.14142785624829984
0.18915907676271532
0.027577198242903143
0.007000462099224151
0.0
0.005540689417751524
0.0028281420672568373
0.019059289435317255
0.02816845049513759
0.02910181518002287
0.014304208276223243
0.013436755120655584
0.0063479207713978665
0.006168146247676135
0.011651212308197196
0.019231112201528976
0.04728120183011685
0.1054103243549744
0.0867211313760258
0.03597616436546115
0.021795474739309966
0.044904263899795384
0.020012188893591926
0.011250074877640655
0.07548869393927654
0.10096576466878598
0.014719636803420017
0.003736574638549611
0.0
0.0029574047062900398
0.0015095523371090533
0.07580482011981148
0.12509064975291367
0.03288209480632355
0.005914853406671862
0.021504034132497598
0.005906998715491342
0.009313922831036854
0.0033847961348571474
0.01763778416100863
0.04336387953091891
0.09667691238196473
0.07953614857944656
0.03299548228773396
0.019989685209579364
0.04118387466485653
0.01835414741464851
0.026009675331883926
0.033971103314971676
0.02878856861389217
0.08858972070079851
0.03815383826394609
0.016460741648857746
0.013393626335638764
0.013486618869434168
0.06952427096395486
0.11472669171608307
0.030157761281723847
0.005424798453549167
0.019722390917661016
0.005417594535947231
0.008542249603902659
0.003104360425440195
0.020504390007332333
0.0
0.013081881412742042
0.015700192915545252
0.04043362968566743
0.016102544010485526
0.01991645989776708
0.00904854705578431
0.030673782900165186
0.04006287024602578
0.03395099294401983
0.10447580853235273
0.04499566168292994
0.019412515122548355
0.015795398490103377
0.015905066633076306
0.019996378116015824
0.0055120526978097014
0.0321770180547671
0.06282224717606132
0.03784690243751289
0.05158231844618184
0.04029058142087548
0.029431093802305863
0.024181278680331483
0.0
0.015427750837330074
0.018515583252659715
0.04768426991179991
0.018990084759439876
0.023487919754810106
0.010671150808669212
0.015593556718658879
0.029533825168610955
0.13917934204377458
0.042441861369965424
0.014145210017938909
0.0028556003262001704
0.00859609080808807
0.0037652799583069553
0.014739916151097094
0.0040630955323389135
0.023718622710966395
0.04630811892164498
0.027898060602328866
0.03802283815422264
0.029699367974393077
0.021694521496050632
0.006421878853910838
0.04989623113174053
0.05652227680229729
0.027100058221760138
0.028612631098303955
0.08789618859882345
0.09481820889667901
0.015968299936291445
0.011494467507909105
0.0217702477959155
0.10259317061258134
0.03128513945176501
0.010426848722023492
0.0021049466620919493
0.006336430377706823
0.0027754981701610744
0.020193809875074863
0.059825224474190426
0.12019176404852948
0.0
0.0
0.0
0.011891393089821442
0.025730370492792417
0.005861497253821637
0.04554222033893375
0.05159006854429394
0.02473527147721229
0.026115855253978405
0.08022625150887741
0.08654424720605088
0.014574885069308416
0.0
0.006084772936177807
0.01056990479985775
0.0717768429191098
0.09640989538262146
0.06219370925722828
0.028448039160616174
0.0037679131409313654
0.018431671449993837
0.054604796655604866
0.10970367254333992
0.0
0.0
0.0
0.010853734479537054
0.023485104502005603
0.012312340876709602
0.029028748534251993
0.05209590092012364
0.007342124533730724
0.0
0.025202709979261932
0.0312739018550208
0.011223578388833205
0.0
0.008881856716154457
0.015428740056601258
0.10477163914450294
0.14072815629925134
0.09078327491639512
0.0415251991044486
0.00549996934769596
0.005308228757465035
0.012119370623598531
0.04206362485840396
0.039292134487201855
0.05376683071534031
0.07946453680785251
0.005294661964840924
0.0012298305487895651
0.01797214927400056
0.04237285233727425
0.07604364736774727
0.010717195002139525
0.0
0.03678803814743686
0.04565007078240379
0.016382898119245648
0.0245974410280588
0.006924966584938523
0.013821779636578952
0.0
0.001555626249227098
0.018467618524997266
0.03317814009431355
0.009369024702695796
0.007004097806748406
0.0159912583052383
0.05550208102849937
0.05184515693624696
0.07094421855115547
0.10485180903091927
0.006986196705118316
0.0016227359149387451
0.0
0.0
0.0
0.009294316173251625
0.09655770926465622
0.22333034437568688
0.05807040437961518
0.0
0.03245581353553501
0.009137349855385052
0.018237551707201476
0.0
0.0020526165879737024
0.024367639812977973
0.04377786807694932
0.012362233876834858
0.01282885367483564
0.0011474475724602804
0.0007257095418461093
0.0
0.0030789248819605534
0.022996896686303434
0.09630290962633052
0.018527199254023182
0.0
0.0
0.0
0.008442665676043602
0.08770999851632015
0.2028662892172694
0.05274933633748206
0.0
0.008428974757266297
0.0
0.008760100461316103
0.022399943460848122
0.11237970586984518
0.11163811488061375
0.06262012692099671
0.004297535305905649
0.011653328826409876
0.0010423054321037559
0.0006592118156421577
0.0
0.0027967989183383703
0.020889660593615196
0.08747854650622482
0.016829527455212323
0.0014740424744495773
0.004011332956877575
0.044904734163047626
0.044434425897673664
0.034015916767851075
0.02868603381941701
0.0163205424998812
0.0025102038189128754
0.007225563385307286
0.0
0.00750941401151231
0.019201885871603895
0.09633516665650894
0.0956994531975209
0.05367980202735754
0.003683972801869927
0.007353611199323365
0.004888528442841136
0.025561526390967457
0.04245280809307211
0.15709204888799375
0.07773442644047356
0.0061970100401199
0.0029090078214794157
0.0012635922681568101
0.0034386317878701556
0.03849364986124414
0.03809048787773434
0.0291594375108982
0.024590506153382905
0.013990445779166001
0.0021518200405048825
0.0
0.0
0.0008934946637517677
0.00973082141971426
0.10739527239407555
0.11762614716445552
0.005650956344911243
0.0
0.006040535969840312
0.004015623222136961
0.020997210135731515
0.03487235146869416
0.12904138472416832
0.06385401488887422
0.005090459780665341
0.0023895696829620366
0.009180131426839688
0.0
0.007758500351444282
0.03775204495829341
0.0897345945685589
0.02797749772394739
0.043612544679248015
0.008431480937094475
0.0
0.0
0.0007339505052632569
0.007993266873734785
0.08821856205110538
0.09662259176906196
0.004641910503586943
0.0
0.0
0.0
0.01146788953518293
0.0242823913379056
0.23812368468615297
0.03716738808172854
0.0
0.0
0.007870366751990023
0.0
0.006651565252408483
0.032365815438186056
0.07693181467215866
0.023985840469196287
0.037390175113364094
0.007228529108345286
0.016815056267065597
0.0
0.0006292349625128181
0.0017797452312620242
0.11711417117707063
0.052023449061182565
0.012919776807913206
0.015942394650996828
0.0
0.0
0.009831721607962788
0.02081792912963272
0.20414966231702744
0.03186457380789901
0.0
0.0
0.0
0.0
0.0
0.11202516528877833
0.18097672903108458
0.023887614121934367
0.006798309536923096
0.0
0.014785792746776303
0.0
0.0005532980441440822
0.0015649631921270987
0.10298067608172423
0.045745189523850135
0.011360600831920283
0.014018445103787336
0.005193774000486493
0.0005532980441440822
0.004850126543980189
0.014710135842284266
0.07010033188553735
0.04371205085938812
0.006545408216061639
0.0047054985052141654
0.0
0.0
0.0
0.09850581824263446
0.15913621488642696
0.021004824843415468
0.005977880433160108
0.0
0.0
0.0
0.0
0.03417268101969892
0.31313941954082947
0.019997628615556227
0.006685626270575408
0.0
0.005091618464307071
0.000542415310632522
0.004754730156383822
0.01442080445934386
0.06872153931784925
0.042852285303046106
0.006416667595895583
0.004612946784106047
0.0023012731446564
0.006847385680191484
0.0026564063883610226
0.00620093193544781
0.055848618489084886
0.03417003608654293
0.006942173195975232
0.0025343464331632477
0.0
0.0
0.0
0.03350054385086395
0.30698032881044535
0.019604298356413696
0.006554127723218151
0.0
0.0
0.0
0.0
0.0
0.3684462120174343
0.0
0.0
0.0
0.0023893336413055655
0.007109407676644268
0.002758056410395245
0.0064382167389450224
0.05798572120231056
0.03547758636812855
0.007207822330621254
0.0026313257100924617
0.006800163016262798
0.0
0.004160248577825966
0.0
0.03300759895201777
0.04299656815700479
0.015827109138897684
0.010217785148968634
0.0
0.0
0.0
0.0
0.3825451713235464
0.0
0.0
0.0
0.0
0.0
0.0
0.005043450297939006
0.3383884143568466
0.03901569857414898
0.0
0.0
0.006954779848941073
0.0
0.004254841083434936
0.0
0.03375810013736737
0.04397419077701739
0.01618697367150629
0.01045010922310368
0.006265626706560956
0.0011519526473412027
0.005201950089980141
0.005464934443699875
0.040367517329794746
0.07181711676680806
0.035301338914306694
0.004813356179789651
0.0
0.0
0.0
0.005158124359277346
0.3460824276794321
0.03990280726901973
0.0
0.0
0.0
0.0
0.0011519526473412027
0.015470698620247357
0.19037434806081246
0.10613065300257812
0.008199045812134534
0.0015668250214234125
0.0061799828233172266
0.0011362067846124372
0.005130845438041739
0.005390235099268652
0.03981573997328355
0.07083545969540334
0.03481881036769564
0.004747563157961407
0.002540635569587737
0.0011362067846124372
0.0022724135692248743
0.0012954750381424585
0.10682224290917655
0.07612701091661858
0.0676103070607014
0.033340581165920945
0.0
0.0
0.0011362067846124372
0.015259232031447233
0.18777215051513862
0.10467996950673313
0.008086974321902097
0.0015454083323222846
0.0020737371838235184
0.0
0.0027517501117812365
0.0015454083323222846
0.033577075508400084
0.1556774135128708
0.026694632303724392
0.0
0.002263617089602058
0.0010123203523391825
0.002024640704678365
0.0011542227742517162
0.0951748678532716
0.06782649387182381
0.06023840976164891
0.029705287215470083
0.0018108936716816463
0.004348266607656896
0.01543661060225786
0.007158185624554849
0.03984315968463747
0.09625869335271016
0.07555465172383789
0.014113628893730685
0.0018476270209063746
0.0
0.002451712734366358
0.0013769045640913335
0.029915995371192255
0.13870310953332154
0.02378398012161931
0.0
0.005266359853137371
0.0
0.011159709794163166
0.007723910288665783
0.06726791209122926
0.16226687434889042
0.029900818470722724
0.004410846280553335
0.0016337138863022679
0.003922827523979759
0.013926276010965575
0.006457821040759813
0.03594486206940266
0.08684063921963964
0.06816230330151889
0.012732736256343961
0.0035388231354560127
0.003932763477006932
0.004938240323929859
0.013333345511481763
0.0436859545426537
0.14911319904880518
0.03313538634090444
0.011099912005727689
0.004751093538443721
0.0
0.010067831779928446
0.006968194595008004
0.060686347191190135
0.14639050876160525
0.026975290217928785
0.003979284334343575
0.01577447155717246
0.0026160352768937276
0.016071028730741815
0.012134587132113666
0.03536184376297367
0.09081603626670377
0.07087330835641588
0.004135073409437083
0.0046026155843763
0.005114976865495578
0.006422706364325325
0.017341432870199614
0.056818226709841685
0.19393756271738571
0.04309609147712436
0.014436615232590475
0.006486957962423328
0.0
0.006305508369289574
0.008671273690937604
0.01599791741465897
0.032047286767417964
0.02183404767198342
0.003950036829456197
0.02051637672900737
0.0034024319028754424
0.0209020808505424
0.015782320196977444
0.04599183597650173
0.11811590685177084
0.09217826974433192
0.005378102433582818
0.0013280115849406962
0.008617258375983717
0.008501008729064653
0.011103734937426701
0.037087617187055756
0.06865394353321809
0.08749013109333648
0.01788737337491211
0.014247773855384178
0.0
0.013849243021039842
0.01904534410462995
0.03513738038715822
0.07038776837860751
0.04795569439174919
0.00867575091322257
0.012977584361148719
0.0021033399039098893
0.005882769375137904
0.0018447511691214158
0.02708172649057566
0.009131052035093358
0.020840514249972162
0.005534253229195791
0.0029168076699693877
0.018926706370787933
0.01867137888297848
0.024387934260558092
0.08145820977677955
0.15078961007729325
0.19216088798733402
0.0392873288510354
0.027679141094970428
0.009929956291635069
0.01461218565958022
0.0
0.016226672040616053
0.0
0.0760232165104387
0.0322342719573136
0.03221691954902846
0.005221552068764825
0.01460400506057896
0.004579604212127823
0.06723052451946765
0.022667883376915013
0.05173668321215239
0.013738811945828855
0.020274771883525645
0.0
0.026099296215909687
0.0
0.05984613675196053
0.01619134566382765
0.0061441834447158354
0.0
0.06871360933029119
0.024651167279690772
0.036274825632379375
0.0
0.04028279633041994
0.0
0.1887280237998299
0.08002174499279108
0.06253420621910785
0.031127704992778137
0.05153388665729477
0.013738811945828855
0.026067563850247256
0.01619134566382765
0.015001137495152831
0.004579604212127823
0.031228218025509617
0.0
0.04019944180999865
0.0
0.09217801399744777
0.02493872066335054
0.009463578742220976
0.0
0.033458805027331735
0.01496323218528497
0.09169569754914347
0.007053735530463631
0.05685059542966444
0.01496323218528497
0.028902644898880753
0.0
0.09631831307800122
0.047944448585292045
0.07937507053006872
0.021161205527764126
0.04015056603279808
0.02493872066335054
0.023105502494453617
0.007053735530463631
0.08253171906741827
0.02493872066335054
0.03154525963773187
0.0
0.008922348007288462
0.004987744239032785
0.04702040368611497
0.014107471060927261
0.03897180223881534
0.01742871943878586
0.1068043699742503
0.00821597740605431
0.06621785088959195
0.01742871943878586
0.0336649249803681
0.0
0.023383081343289206
0.0
0.024181056487358986
0.01643195481210862
0.04676616268657841
0.023238293410967965
0.08570133371479331
0.0
0.09613044552241118
0.02904786614426984
0.0367429625525933
0.0
0.010392480597017426
0.005809573352741991
0.054767941417741425
0.01643195481210862
0.06755112388061327
0.005809573352741991
0.040417263267821454
0.0
0.031177441791052276
0.0
0.08085184608123931
0.01643195481210862
0.028720827619716772
0.0
0.029700959631455432
0.02018294059217267
0.057441655239433544
0.028542988386958554
0.10526470811379227
0.0
0.057441655239433544
0.0
0.06580529420893758
0.0
0.057441655239433544
0.0
0.018052170332109475
0.0
0.0829712797902929
0.0071357470967396384
0.04964346803288001
0.0
0.03829443682628903
0.0
0.09930820921091241
0.02018294059217267
0.10530970127229483
0.0
0.027078254737322113
0.0
0.03829443682628903
0.0
0.06318258627143584
0.0
0.06125408658380745
0.0
0.07017282444848529
0.0
0.06125408658380745
0.0
0.019250301892233188
0.0
0.0754183359906173
0.038046750164229357
0.031672227154735486
0.0
0.09868713949613424
0.007609350195113786
0.019250301892233188
0.0
0.11229915873698033
0.0
0.02887545202701021
0.0
0.0408360577225383
0.0
0.06737604607540172
0.0
0.07146310101444203
0.038046750164229357
0.05573510168033847
0.0
0.05104507215317288
0.0
0.051703500178332855
0.0
0.04796163147123412
0.0
0.03982661560955665
0.0
0.07751691838421229
0.00536227349280364
0.037305388836781916
0.0
0.11031175238383847
0.02144909397121456
0.012145072346736936
0.0
0.019573806603612496
0.03753591273438388
0.06127571644173763
0.0
0.028776978882740473
0.00536227349280364
0.024290142406485065
0.0
0.15542299078354344
0.04082004695478106
0.04124714211418071
0.0
0.05035971304479583
0.00536227349280364
0.05197168795629359
0.007583399879298368
0.0767386103539746
0.01072454698560728
0.031072941832165562
0.0
0.11514788088467769
0.02238943416552523
0.01267751906480225
0.0
0.02043193315803675
0.0391815079992304
0.06396207788817808
0.0
0.08551551800589804
0.027986792110093618
0.03597527622907779
0.0
0.03003857762208983
0.011194717082762614
0.05482462864086026
0.03166343898258229
0.052567510838657204
0.005597358541381307
0.054250155625700104
0.007915860342458487
0.08010287365890621
0.011194717082762614
0.032435196862586696
0.0
0.07759965885706539
0.005597358541381307
0.026837838918018306
0.0
0.03003857762208983
0.005597358541381307
0.05927302861885001
0.0
0.08787421504742149
0.028758726436063045
0.036967549673573116
0.0
0.0308671044885693
0.011503490819734924
0.0563368066922041
0.03253678292756691
0.04630065673285395
0.03451047123265624
0.046357019091005175
0.008134196345165993
0.05658969156237705
0.0
0.014550892350612793
0.0
0.07974001992880403
0.005751745409867462
0.02757808270923812
0.0
0.0308671044885693
0.005751745409867462
0.06090790285577825
0.0
0.02572258707380775
0.005751745409867462
0.0036377230876531983
0.008134196345165993
0.1306912580763122
0.0473075500477058
0.07686744326641343
0.0
0.03389600044922535
0.025264586529612935
0.03393726246691629
0.005954920349416794
0.04142844499349765
0.0
0.010652485050023593
0.0
0.024480444768884974
0.012632293264806468
0.054810060701918524
0.0
0.02824666704102112
0.0
0.002663121262505898
0.0
0.018831111360680747
0.004210764571258383
0.002663121262505898
0.005954920349416794
0.09567706497176172
0.03463313159726634
0.05627347591465905
0.0
0.12836326363696848
0.05144713442511751
0.00953700709627018
0.037643154123527124
0.030263606761626503
0.06543831311633484
0.1282282282246157
0.05686700532790707
0.0109520395404298
0.005651424090885379
0.02452087605792755
0.0
0.012636968700495922
0.0
0.0011914248145113418
0.0
0.028900252758045166
0.03655991421271779
0.11477897303017605
0.04511181155232067
0.027225176947292328
0.0018838080972481957
0.012246596419214162
0.0157990004083022
0.05742704236638452
0.02301637310045319
0.0042666577262708795
0.016840760708374175
0.013539305393283867
0.029275734141074122
0.05736663034407822
0.02544111010959536
0.0689166968426336
0.08346670648866755
0.14342243452157785
0.0785573025101764
0.03226929800010296
0.0018838080972481957
0.020713117347252567
0.006137677318597609
0.01723279916421096
0.021800143561483618
0.06844102738695913
0.026899515202283585
0.016233975891861006
0.0011232872901001019
0.007302466809004402
0.0094207134903264
0.01543609791297574
0.1035771658093804
0.13853396055019823
0.020196643792355227
0.005126910941226542
0.0
0.004057820868847596
0.002071239341409919
0.041094021069393874
0.04976997958666448
0.08552070566457312
0.04684257360562977
0.01924171169925308
0.0011232872901001019
0.012350929740937034
0.003659807457451447
0.05354268552821457
0.08793839217441828
0.04902385253517953
0.0058823704256025545
0.0030956161372699513
0.0376142500398477
0.023074593627999285
0.022770812397686663
0.012658874150063141
0.08494182365214115
0.11360928014330664
0.01656291463441436
0.0042044900692818354
0.0
0.003327747983449988
0.00169858718863965
0.08529753697658181
0.14075522250247025
0.03699978039888299
0.006655545470185713
0.02419689333294803
0.00664670716926565
0.010480265975458283
0.0038086598321168436
0.04390942073438898
0.0721167386842688
0.04020360476415611
0.00482402919063896
0.0025386606977702507
0.030846789142428263
0.018923071001975895
0.01867394532362384
0.07064641252125133
0.021271013415990005
0.015532183934868347
0.0
0.004235075635085798
0.027531539952860295
0.0574151051621583
0.01948755304039677
0.08849428625876801
0.14603039424186368
0.038386444370946446
0.006904979521373088
0.025103735477926662
0.006895809981907068
0.010873041475451498
0.003951399365003399
0.026099106595609406
0.0
0.016651332584884642
0.01998406235581343
0.051466130464562186
0.02049619678712064
0.025350757066809733
0.011517484502579804
0.07329407242470602
0.02206820052454166
0.016114293332214796
0.0
0.004393796220419718
0.02856335674032451
0.05956688706254501
0.02021790028606879
0.01382562421614403
0.12119946397606256
0.10015552090112388
0.026395106307813825
0.0060530634355995365
0.0024921924575473705
0.0030927496024882634
0.004362064380186333
0.0239932380873573
0.0
0.01530778019995972
0.01837160074039807
0.04731346328456191
0.018842412386692292
0.02330527092069295
0.010588168864153133
0.015472296726963807
0.02930416163133827
0.13809704336331002
0.04211182122260846
0.014035212787656744
0.002833394354971994
0.008529245128247013
0.00373600005605556
0.012710070833615472
0.11142019687857643
0.09207423441644612
0.02426535435856731
0.005564657611408383
0.002291103979915905
0.0028432037428271165
0.00401010083785006
0.019274855829103037
0.06585996475840616
0.20799884464129234
0.030729870607786057
0.0
0.0
0.0
0.009115928810224341
0.012459880521131962
0.023598717058088928
0.11120990574268007
0.033912758410750594
0.011302593112637606
0.002281739793076513
0.0068686231339010195
0.0030086104957042993
0.0218898751192048
0.06484990701704169
0.13028659384510946
0.0
0.0
0.0
0.012890143630145536
0.027891447940851233
0.01552209118857791
0.05303719974460014
0.1675020068770721
0.024746844179609737
0.0
0.0
0.0
0.007341081018475844
0.0010006091129361005
0.08690407343417371
0.18078735611526142
0.0
0.0
0.0
0.0007075374908821829
0.0
0.025637430644592486
0.07595223747983058
0.15259171171304176
0.0
0.0
0.0
0.015096941463442067
0.03266647517479359
0.017125781899683817
0.0403773759349671
0.07246250294395727
0.010212487186968891
0.0
0.035055568937526975
0.04350025942949173
0.015611373787153446
0.0011719138001267135
0.10178208615939048
0.2117382250279659
0.0
0.0
0.0
0.0008286681971532376
0.0
0.0022235500709055843
0.0008286681971532376
0.026741857293110002
0.09070817166136295
0.025200234136929955
0.0024860045031037713
0.0
0.0
0.030480429974255017
0.07186356727762931
0.12896860766300633
0.018176162839673257
0.0
0.06239182657275855
0.07742166863791654
0.02778508965655087
0.041716801222334995
0.011744614172086137
0.023441480476783825
0.0
0.0026383131050594045
0.03132073658306163
0.05626950680204525
0.015889691156232923
0.003957469657589107
0.0014748618838645688
0.04759510038015893
0.1614422097987784
0.04485132278600988
0.004424585494337991
0.0
0.0
0.0019787348287945536
0.0
0.019182091167974247
0.027090542741356544
0.07279095329532283
0.014170003038448823
0.0009327845277764931
0.0
0.06812084054897305
0.019178195975810917
0.03827842276976662
0.0
0.0043081948059764995
0.05114473881350258
0.09188446832733761
0.025946838825375896
0.02692621753735312
0.0024083541469786932
0.0015231768549212605
0.0
0.006462292208964749
0.04826771421316212
0.20212819943258534
0.038886358057872696
0.0032311461044823744
0.0
0.03132311528118403
0.04423710563601538
0.11886292279245103
0.023138699259708177
0.0015231768549212605
0.0
0.009693438313447123
0.008700062578216209
0.013955768653119687
0.006811854177902796
0.05618131294858667
0.0216751880931735
0.03179489107692136
0.003405927088951398
0.024328621570208233
0.0021760180971428767
0.0013762346395839913
0.0
0.005838869176849976
0.04361128522867963
0.18262871366322414
0.035134956780364796
0.003077354297085015
0.008374448447623892
0.09374748627085229
0.09276562503788911
0.07101493304928065
0.059887751520506606
0.0340723503313717
0.005240545399870697
0.008758303765274963
0.007860759863836367
0.012609443335742255
0.00615470859417003
0.05076145211066152
0.019584163570333334
0.028727609877003492
0.003077354297085015
0.014059666542786503
0.011369483997418613
0.028727611733130015
0.023153929208834148
0.07965342755970989
0.022273870947311182
0.016874421163659687
0.003077354297085015
0.0023200496471836854
0.0063135844269448516
0.0706772121276615
0.06993697665679702
0.05353890207631331
0.045150003338058
0.02568750190379331
0.0039509020841496595
0.0
0.0
0.001640522842405161
0.017866513883111123
0.19718573000650086
0.21597037913705006
0.010375577316079892
0.0
0.010599729915080024
0.008571573108061564
0.021658047475719994
0.017455989823061856
0.060051553596518134
0.0167925046789946
0.012721802915010932
0.0023200496471836854
0.005254706079503747
0.010212095075870953
0.032505928897754506
0.013010097668174547
0.05504191379992734
0.005926309221516789
0.007262903561514631
0.0
0.0
0.0
0.0011970609221736953
0.013036883749567501
0.14388299004420654
0.15758982107982772
0.007570877911009084
0.0
0.0
0.0
0.01870393483474503
0.039604171615236855
0.3883757222560422
0.06061938445827912
0.0
0.0
0.003834267431510096
0.007451587769985128
0.02371900970632664
0.009493241489647345
0.04016312506502335
0.004324324537532598
0.005299614129272894
0.0
0.005888761022955728
0.0011970609221736953
0.024411915037445085
0.009371875485537785
0.020429866422750777
0.005521385332070835
0.006619533752235078
0.0016928997867989223
0.0
0.0
0.014754348941253341
0.03124122131002127
0.3063649963018625
0.04781879100861571
0.0
0.0
0.0
0.0
0.0
0.16811484750885888
0.2715896479624347
0.03584786146137232
0.010202143136068485
0.0
0.004645270406039949
0.0009442855049345008
0.019257012814095618
0.007392878684047636
0.016115827000451007
0.00435547100373554
0.005221730703822342
0.0013354213644182203
0.007738410041782286
0.007554284039476006
0.016299844264550802
0.008418282387602028
0.008023648883159911
0.0018885710098690016
0.00487466372097167
0.0
0.0
0.0
0.0
0.133189356481749
0.2151674939794671
0.028400546828771158
0.00808267026477867
0.0
0.0
0.0
0.0
0.046204756992718046
0.42339466360232003
0.027038720493711525
0.009039610822399272
0.0
0.00613077231981295
0.005984898090843149
0.01291358735125313
0.006669402676210809
0.006356753417197484
0.0014962245227107872
0.0038619630192207274
0.0
0.003680225662588017
0.0014962245227107872
0.0063044832276957655
0.008390200413291783
0.015120433207731541
0.023840770940776898
0.007235812917600651
0.0
0.0
0.0
0.0
0.03850948306738326
0.35287945852379715
0.02253549670611611
0.007534088750986875
0.0
0.0
0.0
0.0
0.0
0.42353560664839707
0.0
0.0
0.0
0.003067294301751624
0.0012470324848027118
0.0052544890592935
0.006992835841524574
0.012602167059906962
0.019870156767665813
0.0060307083764775705
0.0
0.0
0.0
0.0
0.007895951389587218
0.07796370993520504
0.011880262852543186
0.002200901313042603
0.0
0.0
0.0
0.0
0.0
0.38086754758687
0.0
0.0
0.0
0.0
0.0
0.0
0.0050213326172862975
0.33690443683289245
0.038844598095205435
0.0
0.0
0.0
0.0
0.0
0.007100493074042241
0.07010944661483048
0.01068341482111051
0.001979176891909215
0.0
0.0
0.0
0.0
0.0
0.060863259892023215
0.06839569476481895
0.01843732600675293
0.0007929518379251753
0.0
0.0
0.0
0.004626315902111986
0.3104009378399691
0.03578878269492491
0.0
0.0
0.0
0.0
0.0010331850261208594
0.013875652089485411
0.17074653739277615
0.09518846260545465
0.007353714912786025
0.001405283589062909
0.0
0.0
0.0
0.0
0.05607528689167244
0.06301516239676705
0.016986903875641154
0.000730572136323588
0.0
0.0
0.0
0.0
0.021576166891790875
0.13202369244128134
0.06698133130021759
0.0021917162988084144
0.0
0.0
0.0010241293624685462
0.013754034726571562
0.1692499775575727
0.09435415444269295
0.0072892610471553786
0.0013929665546528686
0.0018691801252717596
0.0
0.0024803126735531205
0.0013929665546528686
0.03026497412238706
0.14032112148148443
0.024061427138785164
0.0
0.0
0.0
0.0
0.0
0.021387056030388034
0.13086653073001123
0.06639425309843966
0.0021725063362929686
0.0
0.0
0.0
0.0
0.012944191959840388
0.23003217914206742
0.04874848379278846
0.0
0.0020150674962570174
0.0
0.0026738982409758817
0.001501686001099558
0.03262712073841208
0.15127302452702987
0.025939394007772894
0.0
0.005743621652839935
0.0
0.012171054124791785
0.00842388663435999
0.07336404028645088
0.17697224630286448
0.03261056843727985
0.0048105774977078445
0.0
0.0
0.0
0.0
0.013954471337958147
0.24798592763496188
0.05255324719889058
0.0
0.005654413828263806
0.006474751466406745
0.01904348460851244
0.014088925823202104
0.04076370308491867
0.054463199672208674
0.011355831633644732
0.0035355417623578944
0.006018549365343549
0.0
0.01275364125736034
0.00882710955236491
0.07687572838066997
0.18544330825532013
0.03417152588291363
0.005040843547111053
0.019982649259763625
0.0033139186437955216
0.020358319402717404
0.015371747807476641
0.044795371973825
0.11504315648877457
0.08978027933502392
0.005238192690301911
0.005925071464388693
0.006784675886447271
0.019955031708577323
0.014763314977350311
0.04271492346810179
0.05707016855117449
0.011899396827057226
0.003704776170182344
0.0018108492591751755
0.004698847652277973
0.001888602815357772
0.013068480946150388
0.04075207011243806
0.07030187094192802
0.05346460675107607
0.008182639498833256
0.021909796379735343
0.003633516345140886
0.022321696535268606
0.016854214878334918
0.049115483434783495
0.1261380360924623
0.09843878124343373
0.005743369347598233
0.0014182067233558743
0.00920252044808824
0.00907837542351323
0.011857872115869594
0.03960651295845448
0.07331674317287858
0.09343223624769621
0.019102237865349682
0.001985489412698224
0.005152009322813168
0.002070741601315238
0.01432881860660717
0.04468224140900414
0.07708185523495976
0.05862078807525227
0.00897178161602467
0.021336108215690333
0.0006342413372262566
0.0006342413372262566
0.0008969526986309863
0.0
0.013769885756501376
0.09117548363738737
0.05748939946577821
0.002008070638479294
0.013030054651048392
0.012854274932438346
0.01678982650313173
0.05607974807524923
0.10381081745685751
0.13229279427790439
0.027047286093728837
0.019055651527314813
0.006836259337875502
0.010059731153723682
0.0
0.011171221202025967
0.0
0.05233803739928057
0.02219162262108192
0.030210273115870382
0.0008980365034373779
0.0008980365034373779
0.001270015399421911
0.0
0.019497089406976486
0.12909740775177836
0.0814005272925702
0.04342108660355178
0.0025715851932961906
0.0020339727764529035
0.0
0.002876471910205346
0.0
0.09259875063464379
0.10766083697213429
0.036788814793151756
0.013198072933825076
0.019421303215623468
0.0
0.021567144383678558
0.0
0.10104374346682357
0.04284311630049741
0.033480402983537584
0.016665568656285972
0.02759090419327937
0.007355669613038747
0.01395640234797924
0.008668740045589042
0.008031510415106342
0.0024518899942523827
0.0838286904483798
0.004964698859305602
0.003926785062162746
0.0
0.00555331273824777
0.0
0.17877102141021295
0.20784986470634043
0.019051083475562156
0.009730576471927377
0.04107549557872093
0.03824916402997584
0.04219762937922649
0.006254809409378988
0.005482592632612343
0.0
0.07668700895484054
0.038172557642466985
0.06319708630695214
0.01684819330762873
0.03196720040565518
0.01985578685627368
0.018396209610350305
0.00561606471815678
0.06571035638940231
0.01985578685627368
0.025115801253313596
0.0
0.0071038223123678175
0.003971157455938897
0.03743684874980313
0.01123212943631356
0.0436365897330511
0.0222879278187114
0.09408360164657302
0.08760987691588397
0.09665385400734096
0.01432666821315499
0.012557902320340021
0.0
0.01598360020282759
0.01588462982375559
0.021552218926047542
0.01293851697606578
0.05150271176466668
0.007942314911877794
0.05063917382451279
0.01123212943631356
0.08490884110569498
0.025657018829984515
0.032453842819269114
0.0
0.009179334173588646
0.005131403875423094
0.048374710116587186
0.014513801872186467
0.0596656721283262
0.005131403875423094
0.03569923104053889
0.0
0.027538002520765936
0.0
0.07141375986251502
0.014513801872186467
0.020653501890574452
0.020525615501692376
0.02784909461489481
0.01671874180005644
0.06655017275851768
0.010262807750846188
0.06543433638540845
0.014513801872186467
0.04167940299278875
0.013405544357033913
0.05486548218207911
0.0072569009360932335
0.051975934801296926
0.03078842215827666
0.062086310774461397
0.061250167744367985
0.07090685209495311
0.006098174757028446
0.042425066290224675
0.0
0.0327262394284399
0.0
0.08486831250681336
0.01724824285014636
0.08999715842820971
0.0
0.023140944776332037
0.0
0.0327262394284399
0.0
0.05399553087584719
0.0
0.04953191941019913
0.015931186510932924
0.06520229290027615
0.00862412142507318
0.06176834668896363
0.036589047241746754
0.07378354585091518
0.07278987112891515
0.03818061266651321
0.0
0.02699776803877143
0.0
0.05727091899976982
0.006098174757028446
0.03309594214558792
0.0
0.11581187213128524
0.0
0.029778675063074557
0.0
0.04211340804774009
0.0
0.06948356622217938
0.0
0.07369846408354515
0.0392368510555876
0.05747849353124287
0.0
0.05264176005967511
0.0
0.053320783688303335
0.0
0.0491323093890301
0.0
0.03474178645796266
0.0
0.07369846408354515
0.007847370378461168
0.042589155999705586
0.0
0.08422681609548018
0.0
0.039704897852850765
0.0
0.0456228587183851
0.03138948151384467
0.05747849353124287
0.0
0.027699977055262247
0.005161586048346037
0.02338106408147781
0.0
0.14960615901019825
0.03929232351490273
0.03970343429077641
0.0
0.04847495984670893
0.005161586048346037
0.05002660528677029
0.007299584974273677
0.07386660548069932
0.010323172096692075
0.029910011724917973
0.0
0.03961622377138144
0.025807929691381088
0.06255474333792961
0.0
0.03693330274034966
0.010323172096692075
0.0546584401532354
0.0
0.03924163416162151
0.0412926883867683
0.0659378669215916
0.0
0.0346249713190778
0.03613110068737497
0.042967902609005515
0.0
0.05502413075045156
0.00585893802701481
0.05678541001385408
0.008285789597734666
0.08384629447687857
0.01171787605402962
0.03395098007515236
0.0
0.08122609777447612
0.00585893802701481
0.02809204267284113
0.0
0.03144236042882946
0.00585893802701481
0.0620430152515506
0.0
0.04454334394084174
0.04687150421611848
0.07484634999952157
0.0
0.03930295053603683
0.04101256431499294
0.04877304692375323
0.0
0.12421955714398328
0.01171787605402962
0.02593862198268011
0.0
0.01572118021441473
0.00585893802701481
0.042914112020256294
0.008285789597734666
