0.04678063069010419
0.0
0.002876426141133471
0.0
0.026441226042232806
0.00454802920822666
0.047694415748542975
0.0
0.047031020970672806
0.0
0.02227336435082821
0.006431884571907357
0.08836995856122425
0.01819211683290664
0.03164068343057002
0.0
0.0366109283661685
0.022740145556204107
0.032107464635945916
0.0
0.03457698790138136
0.00909605841645332
0.03618871409358426
0.0
0.1273147308833352
0.12011523152069949
0.04095967252696237
0.006431884571907357
0.016271523718297112
0.019265759770530622
0.12043169243430908
0.03560684561207698
0.011282080716084353
0.0
0.005343066963855554
0.0015429186821618423
0.021198710654962396
0.004364033063055859
0.0075901551148201025
0.0
0.037514446205678724
0.17652807209246732
0.07176938663729623
0.014085085899177625
0.0020308324042506687
0.0010910082657639647
0.005899283190819274
0.0035520655099153487
0.03054101400579901
0.028813955327330096
0.009825649582256166
0.0015429186821618423
0.0039033097767106127
0.0046215849093166695
0.028889869851342995
0.008541581661412518
0.11724607093545811
0.25079953532987226
0.05178679736105341
0.02061195375460037
0.026052810433111025
0.02612142888400919
0.0056939769048515235
0.021215772670840648
0.016489195544171668
0.07759159988153326
0.03154569959154827
0.006190994647092456
0.0008926372642563634
0.00047954456093680584
0.0025929860078579316
0.0015612839506567455
0.030668305186146442
0.022109819689060534
0.02437972073703738
0.035481910778634815
0.04624037142325773
0.11397321289547366
0.05404355673345788
0.04577399804754655
0.05153463761242836
0.11023706861533382
0.02276250124048322
0.009059830822068236
0.011451318869309994
0.011481479598555324
0.0025027451583140184
0.00932523493142301
0.08181609485667923
0.04396594139822547
0.031772370966313294
0.010855667577914464
0.01345841489754642
0.018934173951924906
0.025063718986740677
0.03576368907075047
0.026357223786530035
0.01900181512761387
0.02095263339199682
0.03049417491738744
0.0397403055101205
0.09795185810635573
0.04644658745887372
0.03933949081373969
0.07482689922486058
0.16058601240317782
0.05368773898351552
0.011370148543281522
0.003882028970693722
0.008294015696542985
0.010223341053970908
0.0023347015575248247
0.07031510572196789
0.03778559491256005
0.027306089681344882
0.009329673027791544
0.011566548953831284
0.016272573819612488
0.02154048116602929
0.03073634328823153
0.052904603798105965
0.036872125625672963
0.00884118662020495
0.0
0.0005529363015621657
0.0004121343918911505
0.0048243775276493135
0.02525101369787008
0.0961537653301551
0.206355600885175
0.06898960546012375
0.014610823194935531
0.004988469474476519
0.010657943162036767
0.013137157182467638
0.0030001289376375053
0.017589364411954304
0.01019980147397745
0.01931177969268147
0.016555604082189996
0.011828565687763064
0.022030966497224483
0.03669801647185201
0.05806801270281985
0.06798326418954176
0.04738127266213152
0.011361066572659092
0.0
0.0007105320136701338
0.0005295993020277622
0.006199402480432401
0.032447957493965715
0.017867313514591886
0.1255851601141678
0.0559079893098221
0.007811706946617405
0.012605421864986449
0.0017079063899717965
0.0
0.001725499337617859
0.01962693985418211
0.01138136008588788
0.021548882019174764
0.018473427348515103
0.013198802519389808
0.024583063051252303
0.04094916366456681
0.06479468877201455
0.028480621258084527
0.014045356704231939
0.04828783839734861
0.019617606406551594
0.04605694076746583
0.022457408159006688
0.011669252284268565
0.01585485693634769
0.019937086951724994
0.14013311262477496
0.062384445387143835
0.008716625502144647
0.01406565075270918
0.0019057525449735864
0.0
0.0019253834831484968
0.010970026035954922
0.03063432690069431
0.025699241766397245
0.029653911639709134
0.02934542193986603
0.009825509247851869
0.010378975232035537
0.18339798348376002
0.0261847272735283
0.01291312543455628
0.04439523518834291
0.01803618217664971
0.04234417578608147
0.020647060419968107
0.010728564724087054
0.014576757335348736
0.031184006605578997
0.03770335061332631
0.024052832811999762
0.02142220831698864
0.014400577837167623
0.004674413913928971
0.02831238033213973
0.0349021968806635
0.0100857048493437
0.02816481732732894
0.023627561726679746
0.027263435788244195
0.026979814213283243
0.009033450416939209
0.009542300126350321
0.16861381416229257
0.05884950996502024
0.05321331576659819
0.037283399819252834
0.007401030273539776
0.01801789112656971
0.006757576268711226
0.01544185708339611
0.11324641442677175
0.030071438235784148
0.036358188144044144
0.02319468711798856
0.020657916810573496
0.013886800771537606
0.004507642365495682
0.02730226449841922
0.033656972661180694
0.038700452617138316
0.041179216364149375
0.04361702925641191
0.017780366675444286
0.005220787968639423
0.00850353758737353
0.010700096531008878
0.008050670257719357
0.05674990473490543
0.05131479603106071
0.035953220157544624
0.0071369797847625795
0.017375057253059618
0.006516482630291481
0.014890929744931352
0.10920606193847526
0.18387748937918588
0.10154190246561065
0.0162483492216529
0.008304617219448598
0.00779777084273722
0.0
0.0055942464282826105
0.01410382439186512
0.040092818214717205
0.042660762969506334
0.04518628353894
0.0184200690354178
0.005408621574403717
0.008809478019427663
0.011085064801223687
0.008340317420640028
0.008653805075089971
0.14888887485666663
0.058521456165170786
0.006791036470082194
0.0023175190462402335
0.0
0.0008752012628797449
0.0007676023023728638
0.1904930370812656
0.10519517890411968
0.01683293262943605
0.008603400890839066
0.00807831918584427
0.0
0.0057955163293914634
0.014611252045794687
0.01429604116345609
0.16199798517025682
0.040554672919876966
0.0010008309188486479
0.009164815758593115
0.0060148172180433885
0.00316838064116153
0.007373597686731012
0.010157580470397918
0.17476135808245866
0.068690754539142
0.007971117771167237
0.0027202353184064827
0.0
0.0010272853592559646
0.0009009888815335969
0.0
0.02957373403821166
0.0476864345701466
0.03421563485541392
0.023738605589176277
0.03752939862400473
0.0298433615818101
0.001452800904581097
0.016780270328011354
0.19014844408106846
0.04760187571361893
0.0011747457340737172
0.010757389698116425
0.007060014568952543
0.003718951495231661
0.00865491089866402
0.0030686574782293223
0.01572213688166619
0.18088519307467457
0.03771437601359544
0.0017330867496792993
0.0012741906990681895
0.0034361013049905285
0.0
0.0
0.028076996502347556
0.04527300661138951
0.03248396901520083
0.02253718604612888
0.03563002198301728
0.028332978096987194
0.0013792741174931266
0.0
0.005167855194699784
0.2063215862815417
0.10736284706061439
0.020629376300271642
0.0
0.0
0.0
0.002913351596785964
0.01492643376266275
0.17173052705221434
0.035805637599017656
0.0016453745930810795
0.0012097034400470556
0.0032621989565902263
0.0
0.0019706809247322407
0.004601518772427631
0.22114065834458066
0.006516479876907426
0.001081991633938199
0.0
0.0
0.0
0.0
0.00537253475381357
0.21449321836579097
0.1116150908587969
0.021446429311018256
0.0
0.0
0.0
0.0
0.012387037967181744
0.1730792036643372
0.09919424025043516
0.023137915267935422
0.01774114847885489
0.0
0.0
0.0020487322802040103
0.004783767848322842
0.22989921885891615
0.006774573453048496
0.0011248453057721949
0.0
0.0
0.0
0.005412252807103189
0.0018864228865594682
0.03430221647127905
0.015745987029284335
0.01045045327115284
0.0010139218475541485
0.0028232294920392293
0.00526719958010209
0.0
0.01153321237486814
0.16114903488812152
0.09235688485035357
0.021543042929537178
0.01651826963982859
0.0
0.0
0.023161038460437947
0.0031960146016481897
0.004323752592597875
0.0021590866660524447
0.021480880019662058
0.10270018259098627
0.23814266988436003
0.006341138676866269
0.005039191872679717
0.0017563937268250823
0.03193780050889519
0.014660632585594045
0.0097301144397205
0.0009440332733573755
0.0026286272312191577
0.004904137013148657
0.010996764381001242
0.0
0.0
0.0
0.0
0.00791568918748533
0.11486232324750621
0.09001874921776153
0.019174623508550082
0.0026459252601782487
0.003579560055081136
0.001787470540865524
0.017783649369302396
0.08502370646312873
0.19715420118805796
0.005249719132935503
0.031261476236235965
0.004468676455524295
0.0032514397150521734
0.02532648907809965
0.08565555820316503
0.08893980205547905
0.020172325059704576
0.0
0.009104031202146085
0.0
0.0
0.0
0.0
0.006553262291757444
0.09509253254556643
0.07452496691413579
0.02900444045942741
0.004608620763918301
0.004698652294144625
0.003156803888664621
0.017292139668806078
0.07819355962371699
0.018027869523070467
0.06826822104709634
0.036335846061569296
0.005194033018782367
0.00377921413793201
0.02943749045846879
0.09955918759781314
0.10337653064791556
0.02344670138205912
0.0
0.0023901847971224102
0.007057726325034242
0.008300058299629688
0.03299150066309901
0.1012794943003584
0.06868314187656535
0.0054024368566833935
0.0
0.03371244773188617
0.005356693118662847
0.005461338587042848
0.003669217003006512
0.020099003653339532
0.0908859557374383
0.02095415734235388
0.079349533979754
0.0
0.0
0.0
0.045524441031543426
0.09959043500637546
0.06816290789262448
0.0
0.0
0.0025552365422989412
0.007545090334849584
0.008873210262218574
0.03526969470357357
0.108273245287728
0.07342598537744544
0.005775496560048221
0.0
0.01065980921055295
0.0021036563529121025
0.01259290921100243
0.03858861796653
0.17400818435204696
0.016293431424411513
0.002652746450308373
0.007463626712230831
0.0
0.0
0.0
0.04866808433874228
0.10646754974682636
0.07286982717247656
0.0
0.0
0.006559591698009888
0.009818623110700399
0.012592729403421495
0.05480613154785477
0.18213617747145378
0.0
0.0
0.0
0.010169733286168811
0.0020069424895233145
0.012013960610669328
0.03681453812634564
0.16600830179201834
0.015544354371624955
0.0025307886231922365
0.007120492638439567
0.0
0.0
0.03701967772749784
0.11434151774101695
0.09333703248841745
0.018166756711933754
0.0
0.0
0.006258019887343498
0.00936722002251076
0.01201378906959342
0.05228646491501825
0.1737626171407726
0.0
0.0
0.0
0.0
0.0
0.037449040139320926
0.12074794761547529
0.0693613303310545
0.003679145359870208
0.0
0.0
0.0
0.0
0.03581063186540424
0.1106071756997951
0.0902886873963586
0.017573438688154475
0.0
0.0
0.001739992567893938
0.0022917055362851116
0.015660539972292616
0.03456869411594783
0.17786452295948052
0.014013834304958223
0.0
0.0
0.0
0.0
0.03622597149585211
0.11680437448403373
0.0670960207828901
0.003558986143300695
0.0
0.0
0.001338592374354996
0.006858780899713176
0.014102190457884491
0.14367528021697587
0.10992026186835459
0.0
0.0
0.0
0.0016912106243572947
0.0022274559227313095
0.015221485466671132
0.03359953590480629
0.17287796308774303
0.013620946377497825
0.0
0.0
0.01231467481077117
0.004438245889935312
0.03030765071068826
0.11121859111815123
0.07275440998029684
0.002416015177653278
0.0013667045490644509
0.0
0.0013010639740449854
0.006666490042410841
0.013706825402106021
0.1396472403641165
0.10683856824107354
0.0
0.0
0.0
0.0
0.0
0.01755364276888789
0.1783330198179022
0.061897950519147774
0.0
0.0
0.0
0.012502494284037604
0.004505936593756857
0.030769893285493857
0.11291486142347633
0.07386403692297157
0.0024528634667915056
0.0013875490888075226
0.0
0.011466733423500066
0.00512193427620744
0.022434242734721714
0.09357179331268717
0.10311208330325247
0.007699892432407167
0.0
0.0
0.0
0.0
0.017821365302322225
0.18105289787906825
0.06284199822169934
0.0
0.0
0.0
0.0
0.0
0.02319510349588674
0.20850363490317694
0.02478037168321148
0.0
0.0
0.0
0.011316794518111161
0.005054959908662227
0.02214089277404508
0.09234824936635039
0.10176379060891162
0.007599208706686173
0.0
0.0
0.024018611721433002
0.024973064707598754
0.024801589630975392
0.055206526878567384
0.04114120817966859
0.025339430062920252
0.017234927741197434
0.006637754985115431
0.0
0.0
0.02289180452658934
0.20577724320709725
0.024456343761040004
0.0
0.0
0.0
0.0013036352114310043
0.001550061836453067
0.01807917524481056
0.18863951681232619
0.07772489974890935
0.0
0.0
0.0
0.019732337438763875
0.020516462208791792
0.02037558795204819
0.04535457043997239
0.03379929747210297
0.020817447332366835
0.014159245083201254
0.005453205319325606
0.009552009446328455
0.007833834822965373
0.0028475061120681894
0.006090253019702593
0.029634903681634305
0.08992018799086815
0.08260658603004523
0.02359103633773569
0.001070993202577827
0.001273443426397048
0.014852831241149868
0.15497559322733878
0.06385439620854447
0.0
0.0
0.0
0.0
0.0004447057344038772
0.0
0.03837441519258246
0.16527631693825856
0.12321273628402363
0.004379843292389716
0.0
0.007245643978345432
0.0059423285154088
0.0021599659872760177
0.004619740523369118
0.022479454466223837
0.06820864995042002
0.06266094228689581
0.017894899638017506
0.008220784056865403
0.0018909205717394324
0.0
0.0034405453962314523
0.014758118350667926
0.05918942284405532
0.06305700126267681
0.021867486997665036
0.0
0.00033733000838453503
0.0
0.029108780924576735
0.12536978290438197
0.09346259818188847
0.0033223150956784497
0.0
0.003965866619381778
0.0
0.0
0.004516729648036671
0.014944302163374942
0.30408044319494426
0.032407826784285186
0.024847926550247486
0.009180535669242477
0.002111679815024542
0.0
0.0038422186391543107
0.016481083919977144
0.0660996084926869
0.07041871496478727
0.02442044980017493
0.02500214669809398
0.010310408044784477
0.0015571154413218677
0.0033736260081344708
0.018721736371326538
0.04125229528123823
0.0732538045102971
0.04081801808345115
0.004428869522279511
0.0
0.0
0.005044044139256557
0.01668900412828925
0.3395809129348054
0.03619134229748971
0.02774884663352241
0.017015399678464622
0.0039185319262145385
0.015287617245662499
0.01505427448474162
0.01582469903545662
0.0304823770723115
0.03813823245556166
0.027752191063568823
0.030824491956997564
0.01271143208971133
0.001919726852926659
0.004159255163541073
0.023081538524169103
0.050858874618200454
0.09031269735407409
0.050323465633046564
0.006216224820274614
0.004123293504519798
0.0052192975114266175
0.0
0.01704559264015666
0.09583844287079925
0.10489101157471444
0.03385322467492246
0.0209778406977316
0.004831055401016677
0.018847702980100703
0.018560020800483
0.01950985705469546
0.037580924479867266
0.04701962810538121
0.03421494964243415
0.005272582171979407
0.0025096884169996036
0.01404721389980499
0.02508503415463229
0.02509180536560438
0.06132032743011686
0.1103391028853838
0.02341343086407475
0.006131406187489443
0.004067032328687697
0.005148081670330527
0.0
0.016813010340681975
0.09453075437374747
0.10345980333330662
0.03339130698125557
0.024342043956002216
0.0022280063093450394
0.0027191529639807067
0.0
0.00315534569452921
0.014424953260027282
0.2191787998496805
0.011672841891621403
0.005200639276732738
0.002475444427053744
0.013855543631777318
0.02474275594528798
0.024749434764997923
0.06048362887352705
0.10883355697607947
0.0230939612097238
0.02085911215808116
0.002959120002035525
0.008433668256774225
0.005817501661122177
0.0221947870074593
0.020976826941604475
0.07574768134505085
0.03831353614938096
0.034142249563042355
0.003125010684360969
0.003813894973820544
0.0
0.004425700666509703
0.020232497937694053
0.30742107346949776
0.016372375372175875
0.0075643719070301076
0.002570140372319549
0.009138083103534523
0.0009086818406122299
0.00890786317475877
0.002570140372319549
0.005978499968281493
0.006189717504126441
0.0292570752995083
0.004150473714495748
0.011829097296642305
0.0081596514206635
0.031130498259592267
0.02942218253222783
0.10624400502188863
0.05373872116980785
0.002586153824929966
0.007866705673083799
0.005377126929667436
0.007467970017987623
0.014384004130548909
0.02878438919963192
0.16488929959080753
0.06135197719988847
0.018533597861878737
0.006297145181991939
0.0223893747624886
0.002226377024462162
0.021825308950791173
0.006297145181991939
0.01464802571729806
0.01516553343886964
0.013376802260162331
0.0031485725909959697
0.010118234150177416
0.004452754048924324
0.023937435623448383
0.0015742862954979848
0.003982664179735318
0.0
0.006336380017971631
0.01927435102803373
0.013174591280224626
0.018297401933571936
0.03524249620136176
0.07052512762229265
0.40399811218995235
0.15031953576966828
0.034941224226630326
0.005076920633073435
0.026787119469802927
0.008708521491296035
0.01771530562156821
0.004722858718637208
0.01467951832869177
0.002226377024462162
0.05402977145300145
0.012717288794895622
0.040868203626671984
0.0179849622443988
0.09668485417905523
0.006358644397447811
0.016086238790117502
0.0
0.02274937745389535
0.0
0.02412935750719197
0.0
0.028436721817369188
0.0
0.02412935750719197
0.0
0.14112986964569244
0.020506011538116015
0.10819491195948457
0.03517428281567244
0.07155326776444305
0.019075932514359153
0.0592915260997315
0.0089924811221994
0.036967738362579945
0.0
0.07070359074412216
0.0
0.02559304963563227
0.0
0.05863892012633755
0.0
0.03422806389045646
0.0
0.03630434248434407
0.0
0.04278507986307058
0.0
0.03630434248434407
0.0
0.05562060382199175
0.0
0.03025362009705445
0.0
0.13691225556182585
0.0
0.03630434248434407
0.0
0.05562060382199175
0.0
0.10637860425759113
0.0
0.03850657187676352
0.0
0.08822644525632864
0.0
0.03850657187676352
0.028701103500294686
0.1366322243546456
0.0
0.06845612778091292
0.0
0.03025362009705445
0.0
0.04364079255937697
0.0
0.0237374618055427
0.0
0.10742348937692793
0.0
0.028484952886063453
0.0
0.04028380851634797
0.015012889259612163
0.05023387636000336
0.0
0.1348241237648857
0.03753222234866305
0.0502338731585339
0.0
0.03021285638726098
0.02251933308905088
0.10720377252772188
0.0
0.053711744688463965
0.0
0.0237374618055427
0.0
0.023498888301202985
0.015012889259612163
0.037979935047104965
0.0
0.07721063298966695
0.0
0.07750069892884026
0.0
0.009884522056081833
0.00613957308213254
0.008668639570804984
0.0
0.009335381941855066
0.0024558292852230987
0.009770529145330956
0.0
0.034373486869657105
0.0324297063260181
0.011058632068909207
0.0017365335365803034
0.004393120913814149
0.00520152959450653
0.03251514706789648
0.00961343146723677
0.018670763883710133
0.003959905642674476
0.007892038907001976
0.0017365335365803034
0.025551721367799922
0.0024558292852230987
0.0075667510436806555
0.0
0.08275263163935936
0.2469236979428586
0.3165094937644628
0.007222810528144891
0.01193159106564865
0.003959905642674476
0.016235391661887286
0.0690541682629001
0.01497634867200273
0.014129453642883935
0.004818188225343324
0.0007565985907414596
0.0019140598337617607
0.0022662792730473976
0.01416667972780274
0.004188521872502628
0.05749377012886275
0.12298417096312678
0.02539460981021204
0.010107451120695526
0.012775475393769706
0.012809123714869605
0.0027921464376132253
0.010403544846419503
0.03605488932956815
0.1075833653360586
0.137901533079555
0.003146940817249395
0.0051985319001385715
0.0017253102031168945
0.007073675338116065
0.030086540393236907
0.033687322376304216
0.1432419662117712
0.02702466638695111
0.029955439079340153
0.049303264783050256
0.027501651668819998
0.02986804307111486
0.018670131522380003
0.04875518185308331
0.10429157118968951
0.021534834410927364
0.00857120025971775
0.010833706411786388
0.01086224046009457
0.002367762751010329
0.008822290132774838
0.07740344684765013
0.04159469373459866
0.03005876816319453
0.010270180822426091
0.012732552244160469
0.017912983131977683
0.023711938876978114
0.03383481955369481
0.02856712170586338
0.12147034532602607
0.02291713556549769
0.02540245450122261
0.04180956710719505
0.02332162294050612
0.02532834197973189
0.015832422461675596
0.05250947222960814
0.061532605933431024
0.018179215779199998
0.0069400754238999884
0.03748598581931877
0.003549165188983959
0.01778354550019414
0.033812491991766946
0.09022587365634575
0.048485148071751916
0.03503821507969594
0.01197150869955313
0.014841789311599895
0.020880395107664863
0.027639988765257046
0.0394397960112238
0.06788532917807505
0.04731301637086937
0.0113447001007291
0.0
0.0007095084387986443
0.0005288363743523237
0.00619047177432045
0.03240121376773946
0.061208036593965336
0.07172591602571515
0.021190731070335297
0.008089747858319316
0.04369580371626698
0.004137109430760303
0.020729515219400134
0.03941376973121171
0.03348942406794522
0.15189596693918897
0.07664319405462054
0.00626174406729794
0.002403407148730993
0.0
0.0016723274275180073
0.002547213217146695
0.07985974752699423
0.05565864654212335
0.01334581266354525
0.0
0.0008346599401779354
0.0006221187972453333
0.007282420501687452
0.03811652359042469
0.0209886824834231
0.14752453121245437
0.06567495639185754
0.009176389982870252
0.014807553294328746
0.0020062727897650714
0.0
0.0020269391754413027
0.03939668531141659
0.1786891765422866
0.09016242833276603
0.007366264645801739
0.0028273485659729212
0.0
0.0019673123451125433
0.002996520851878794
0.04884696082305769
0.05433428275764913
0.06647262703323395
0.013820626118131184
0.014774305166142261
0.008964186540285189
0.004721549416005105
0.006734114536347174
0.020869661214436053
0.14668795860121525
0.06530253107852015
0.009124353101501264
0.014723583574691685
0.0019948957472298566
0.0
0.0020154449392970793
0.011483158369037145
0.032067273694387895
0.026901345739789282
0.03104099867257719
0.030718079103662352
0.010285105831082065
0.010864460659176858
0.1919765807303986
0.04856996262329395
0.05402616740603408
0.06609567834059224
0.013742253001568259
0.01469052398784939
0.008913353008532824
0.004694774757637586
0.006695927153301421
0.017167509864818287
0.013406504071487598
0.004351706221647065
0.0022303612747008534
0.008878899361799104
0.0031042925134599744
0.08599952726404218
0.04137677399012926
0.009887076100235776
0.027610136963571855
0.023162238469619924
0.0267265073109692
0.02644847140399041
0.008855544858205567
0.009354373237152023
0.16529311903095015
0.05769052259382754
0.05216532809449293
0.03654913729826793
0.007255273739187222
0.017663045210543703
0.006624491973532506
0.015137743806020369
0.11101612968469832
0.014781340727885398
0.01154308960419162
0.003746848140256181
0.0019203559635166151
0.007644791690163151
0.002672816600764559
0.07404616772825909
0.03562567893566086
0.075244979734033
0.022363245507246093
0.027882183208271388
0.010088901005443804
0.01972039062011063
0.04921039290318825
0.0357458101901004
0.006323562781366054
0.04340794667409852
0.03925063733787144
0.027500582963990446
0.005459068862904048
0.013290164313462216
0.004984451195816677
0.011390057610055383
0.08353161005745138
0.14064771193579553
0.07766930196629317
0.012428346441290544
0.006352193595646673
0.005964507297404921
0.0
0.004279033626135696
0.010788001494676893
0.05661640631658953
0.016826725167197118
0.02097932671512294
0.00759116848234999
0.01483816796836822
0.037027262276552536
0.026896137403344324
0.0047580237387764715
0.08639233187084977
0.03718664340346866
0.008243915021168662
0.018977856256718918
0.013411650684357049
0.04371991866458366
0.07287976250413336
0.04671085875015248
0.15195064557475513
0.08391107407780873
0.013427131086518423
0.00686267771007147
0.006443835608145113
0.0
0.004622911478461988
0.011654962380944225
0.01140352800939234
0.1292209878407729
0.03234925971923825
0.0007983331388923699
0.00731050169827373
0.004797841292781458
0.0025273232619293404
0.0058817001706436035
0.09333511665285138
0.04017508990473085
0.008906424372561648
0.02050298202611165
0.01448945703888484
0.04723340162541619
0.07873663075936237
0.05046470393828324
0.009642780551269194
0.05049144781254487
0.10295626973554306
0.0037310267598834462
0.001042698383881354
0.00129887080413573
0.0014745982333805824
0.002355540513514098
0.017556656051586482
0.1989461889599533
0.04980430845141328
0.0012290986019916504
0.01125511015322792
0.0073866657141618795
0.003891019095522128
0.009055354343804504
0.0032106374231329663
0.01644956512807789
0.18925434796694568
0.039459336168475724
0.0018132728124700822
0.001333144663964534
0.0035950820571360553
0.0
0.01484584256557475
0.07773567812183729
0.15850952570226656
0.005744218235671202
0.0016053187115664831
0.0019997169248741737
0.002270263551456781
0.0036265456249401644
0.013718103053809227
0.08488757218493642
0.07826512257139215
0.0
0.0
0.0
0.000666572331982267
0.0018853512595662226
0.004391378676193835
0.02249904302978386
0.25885436394995714
0.05397086764718501
0.002480120460015385
0.001823420797201926
0.004917206337634008
0.0
0.0029704640524673676
0.00693600162700475
0.3333316763294886
0.0098224775913993
0.001630917117706685
0.0
0.0
0.0
0.01876306081598692
0.11610575260878862
0.10704783663000197
0.0
0.0
0.0
0.000911710398600963
0.0025787064147266116
0.01779701971399815
0.005470262197185307
0.020046522110979053
0.0029704640524673676
0.0020386463971333564
0.000911710398600963
0.0017298487520152042
0.0
0.005070992541998613
0.011840713067244811
0.5690432251737548
0.016768326338964017
0.002784200850247229
0.0
0.0
0.0
0.013396329957518091
0.004669246675727677
0.0849043506468091
0.03897423961317025
0.025866810959430955
0.0025096447089731745
0.006988016851599487
0.013037296305623778
0.030381971518734056
0.009338493351455354
0.03422218290551147
0.005070992541998613
0.0034802510628090364
0.0015564156138929933
0.0029530908185771
0.0
0.012171712897482981
0.01807380283931874
0.06525188758313459
0.016076512531256575
0.005568401700494458
0.0
0.0
0.0
0.012250619124877868
0.004269912939277843
0.07764297125537797
0.035640997698382595
0.023654571815123742
0.00229500927238219
0.006390372076430537
0.011922291550361626
0.02673388421029309
0.0
0.0
0.0
0.0
0.019243580279714453
0.27923814164185107
0.21884171879691897
0.011130736498524786
0.016528054730271156
0.059671270004193595
0.014701581142096508
0.005092168421008208
0.0
0.0
0.0
0.05415336694023674
0.007116521666635368
0.0069704432367770795
0.0
0.0
0.004605909475050448
0.04647544343715077
0.055429619040116056
0.015524961866973455
0.0
0.0
0.0
0.0
0.011175175581540901
0.16215980688377277
0.1270862592393882
0.04946081819220538
0.007859008831418284
0.00801253819028729
0.005383248245181634
0.029488015033747858
0.1333422529477884
0.030742643634884024
0.11641672847435376
0.03144806606111126
0.004132722601434249
0.004047891604363345
0.0
0.0
0.0026747541958515118
0.02698932491203967
0.03218921407489829
0.05502494590786428
0.015457143037668264
0.006623710909152395
0.00334725038022083
0.0018848115171996686
0.002155364348711323
0.06256699308495502
0.054805877101292956
0.04979903205860711
0.007912748859588262
0.0080673280546704
0.005420058982839228
0.029689654552494192
0.13425404940754238
0.030952862324084826
0.1172127879268712
0.0
0.0
0.0
0.06724735968179905
0.1471120490880963
0.10068823427917778
0.0
0.0
0.05540120736863764
0.015562839229146112
0.0066690039503594
0.0033701389318923744
0.0018976998885200417
0.0021701027646236783
0.0629948271850332
0.05518064056606086
0.00266558178820339
0.0038384657433831876
0.013672278196161002
0.029453138680271766
0.024130153012751076
0.020678759576405324
0.0005263272398327818
0.003432194285901968
0.0
0.0
0.0
0.07569087306535904
0.16558329556135332
0.11333055150510395
0.0
0.0
0.010201782735455012
0.015270380284046136
0.01958479968487338
0.08523705016451134
0.2832666721304894
0.0
0.0
0.0
0.003000269657142291
0.0043204197863367065
0.015388956211168422
0.033151246261171066
0.027159911666095774
0.02327516461096692
0.0005924123785607354
0.0038631372779408795
0.000837797634616592
0.0
0.009596263938941554
0.03544729577383227
0.0694478003260444
0.0033837336412617315
0.0023696495142429418
0.0
0.009986745186397377
0.01494850466342081
0.019171982882925275
0.08344038708791214
0.27729585580512717
0.0
0.0
0.0
0.0
0.0
0.05976235743560799
0.19269337687069907
0.11068899496575783
0.005871296012825097
0.0
0.0
0.000820138176987866
0.0
0.009393989774606674
0.03470012248053767
0.06798394982492995
0.0033124098532778916
0.002319701026132379
0.0
0.000410069088493933
0.0
0.014144308160020139
0.0450262066266799
0.04802907918922756
0.0
0.0
0.0
0.0
0.0
0.0588284448675706
0.18968213745245807
0.10895924654254124
0.0057795446600951905
0.0
0.0
0.002173780424464528
0.011138180629985941
0.022900971308902746
0.23331860960705778
0.17850281988688227
0.0
0.0
0.0
0.0004036608962481576
0.0
0.013923273587027106
0.04432257741819339
0.047278523779253775
0.0
0.0
0.0
0.008268356210554063
0.0265321454747132
0.021438311878117688
0.018678575534153755
0.006967709938711622
0.0
0.0009026132171217231
0.0
0.0021133596553053937
0.010828592120896804
0.022264433098602127
0.22683346065045568
0.1735412894796441
0.0
0.0
0.0
0.0
0.0
0.028512941078582394
0.2896720044597136
0.10054281263861471
0.0
0.0
0.0
0.008038535187096072
0.025794677872658076
0.02084242865156395
0.018159399867711475
0.006774040702832655
0.0
0.0008775248575901345
0.0
0.015496253322112574
0.012482707964168912
0.02193518227501492
0.0036191403556519114
0.008633702900714593
0.0
0.0005549954330330444
0.002482015103504542
0.0
0.0
0.02904138687289182
0.29504065275397534
0.10240622709103774
0.0
0.0
0.0
0.0
0.0
0.03779833715057937
0.3397738962703559
0.04038166261102469
0.0
0.0
0.0
0.015783453785686463
0.01271405675793515
0.022341718899514505
0.0036862158458543714
0.008793715997035507
0.0
0.0005652814642649313
0.002528015634956019
0.03253665831158972
0.012578663092975716
0.02106707129297316
0.006718694294131456
0.0031977149080129113
0.0017875770029909125
0.005818400374431761
0.005440087953397298
0.0
0.0
0.03656645607246443
0.3287003659193938
0.03906558868229154
0.0
0.0
0.0
0.0020823749232150184
0.00247600699134178
0.028878953891462743
0.30132524489438134
0.12415465670712
0.0
0.0
0.0
0.03147625997820631
0.012168713390942804
0.02038047689614228
0.00649972613324101
0.003093498564508319
0.0017293182950248618
0.005628773584829734
0.005262790698590192
0.019048718294240045
0.010313945820552452
0.014417374121286318
0.0
0.0038668732056353987
0.0
0.00164057528524204
0.0012228126901173166
0.0017719897286054668
0.002106949573633492
0.024574445791699966
0.2564116735030608
0.10564897511534141
0.0
0.0
0.0
0.0
0.0007357787068292412
0.0
0.06349159770466081
0.27345452360614186
0.2038590932259425
0.007246579444515333
0.0
0.01620944085725867
0.00877661647365367
0.012268414573941585
0.0
0.0032905023614223108
0.0
0.0013960418568451536
0.0010405482234442792
0.0016452511807111554
0.002207336042036034
0.0032574308947031054
0.0
0.007239105195129084
0.0
0.002326736532677509
0.0010405482234442792
0.0
0.0004729705284458765
0.0
0.04081343240776289
0.17578101857999062
0.1310439431810686
0.0046582192138551175
0.0
0.005560543041212739
0.0
0.0
0.006332908295676549
0.020953411542945152
0.4263513009018222
0.04543902581733226
0.03483928692717415
0.0010575942374311613
0.0014189115349076064
0.002093929597776752
0.0
0.00465341464469711
0.0
0.0014956641136805902
0.0006688813342216982
0.0033843015597797162
0.000945941056891753
0.0013609077292518635
0.004076391496638951
0.008984264337986306
0.06899864481497246
0.007742707831435573
0.000872114528917387
0.004323521715070781
0.0
0.0
0.004924063411248742
0.016292029238745023
0.331503433034425
0.03533047282915217
0.027088795545833485
0.01661066094414676
0.0038253233221164818
0.014923976604145479
0.014696184277272697
0.015448283037031494
0.029757304552806597
0.03723105306366522
0.027092060423215276
0.0026314158843133957
0.0007355031100984924
0.0010581545859853346
0.0031695406409451257
0.006985587859193715
0.05364892186913587
0.006020233130928041
0.0006781003358586877
0.0008223174638479361
0.0003677515550492462
0.0
0.0010003924023239128
0.00403925936884816
0.23119654249573302
0.10364052859708917
0.004958378188503911
0.016496746622627644
0.0037990896212243028
0.014821629402252382
0.014595399253335688
0.015342340191848155
0.02955323180881593
0.03697572606834273
0.026906265668145468
0.0041463014898160365
0.0019735917777973606
0.01104657680444652
0.019726599054290517
0.01973192386123059
0.048221641064353574
0.08676947494720215
0.018412068338988626
0.0008166780894556387
0.0003652295501138679
0.0
0.0009935318070624245
0.004011558515041726
0.22961101875501475
0.10292977178032445
0.0049243741058802365
0.007945295468884325
0.002338610221996019
0.0019668212789192272
0.002738638991441463
0.009449076776363722
0.0579598593437098
0.17301686210699227
0.03241385816449144
0.004733964200147827
0.0022533124628651494
0.012612227850501388
0.022522485145629056
0.022528564646960278
0.05505618031677588
0.09906746749472468
0.021021643645916986
0.01898733693086691
0.002693585809008117
0.007676879990910406
0.005295472947194024
0.020203156099153154
0.01909448867536891
0.06895052562787157
0.03487550257978794
0.009071396376186805
0.002670065622632789
0.002245582369097258
0.003126791183529699
0.010788311292273816
0.06617461365331141
0.19753885076812264
0.0370079321333143
0.025100876640242808
0.0022533124628651494
0.0008339883722019737
0.0063084138348930814
0.0038311760371012226
0.0401596947298418
0.1419053098989924
0.033410651500313325
0.02197205892812109
0.00311700510392612
0.008883650201107787
0.00612789692791878
0.023378999275195073
0.02209605443381107
0.07978923098782065
0.040357771109292326
0.0019422011139815444
0.00590789471776376
0.004038221474742737
0.005608444303775751
0.010802384829766948
0.02161707174178527
0.12383183794474233
0.04607532518519874
0.029046618948986663
0.0026075228136419994
0.0009650875068004023
0.007300067462220813
0.004433419281371025
0.046472613950667936
0.16421217165242502
0.03866265218048588
0.006370852350625591
0.0022257096132319337
0.00048254375340020116
0.0015721866015979667
0.0
0.04641744556575371
0.1690840728232493
0.054600710992433056
0.0031960388604858523
0.009721887690056951
0.006645198927966898
0.009229119380428976
0.01777614143732083
0.03557252688163828
0.20377465721119123
0.07582043318857708
0.01762418133769202
0.0025607737523450063
0.013511291075211302
0.004392535331627414
0.008935512868756252
0.002382186667235417
0.007404276716144912
0.0011229736013452893
0.010483719497655745
0.0036625735434079204
0.0007940622506338444
0.0025871519887770166
0.0
0.0763834181561721
0.27824063303336133
0.08984960047944412
0.038365839508182384
0.010991107274863186
0.001004418094448015
0.0018107405066732703
0.010288994881507068
0.004937480997886067
0.02075944211882091
0.03017062819239425
0.07640304911710614
0.011101277218464734
0.058573151051682995
0.019042194713079504
0.03873657536296782
0.010327079678512754
0.03209847349961208
0.00486823220760355
0.02001311229830596
0.0
0.03827658829375115
0.0
0.013855231591134895
0.0
0.03174517418484256
0.0
0.1663207535259357
0.04764783639492017
0.004354279131258158
0.007849788493370593
0.04460409060908946
0.021404602912788055
0.08999480006801282
0.13079347877268915
0.034118164832589525
0.017211799708880118
0.01088569801166454
0.0
0.030789403535855322
0.013769440060734729
0.025213754203321302
0.0
0.04361054282264258
0.0
0.08340845581676926
0.0
0.03019191426182948
0.0
0.06917586118364563
0.0
0.03019191426182948
0.022503723750690423
0.10712946393464386
0.0
0.053674514243252404
0.0
0.023721008117874597
0.0
0.07434684152487217
0.0375062067843591
0.023721008117874597
0.0
0.0670931428040655
0.03000496606733735
0.05494325375352059
0.0
0.09057574278548844
0.0
0.009488403087187321
0.0
0.05702917138345568
0.007501241516834337
0.08417832982068771
0.0
0.028948304055109675
0.02157679145011275
0.10271678265732656
0.0
0.051463651653528314
0.0
0.0227439356622083
0.0
0.022515347598418636
0.014384528144653946
0.036390293378566065
0.0
0.07397899925194695
0.0
0.07425692454625181
0.0
0.08684491216532902
0.0
0.009097574111509686
0.0
0.05468012988187383
0.007192264072326973
0.08071100975473275
0.0
0.051463651653528314
0.014384528144653946
0.050774819989483674
0.0
0.09432179092299829
0.007192264072326973
0.09435737974098123
0.0
0.007264642666637482
0.0015407671409058102
0.003070728274839968
0.0006756711027176959
0.009941967367307628
0.0009555432396087032
0.002944161407756123
0.0
0.03219837722377992
0.09607600645866782
0.12315127474796383
0.0028103369451091286
0.004642485228577457
0.0015407671409058102
0.006317059104336961
0.0268684163217077
0.03439607912567802
0.11445501537130892
0.03788002820238521
0.0
0.004101967256049488
0.005665081808668977
0.00799231437941598
0.010874184396867936
0.03785783219010168
0.15575479114131094
0.19881197726343805
0.04427905573251925
0.01142775695336841
0.005099493476129877
0.007323862462042614
0.004082082377462705
0.02375719682601551
0.07088855999893016
0.09086573069282855
0.002073574313648059
0.003425403540391112
0.0011368370516052783
0.004660968329561311
0.019824547383919446
0.022197165574960365
0.09438463543549788
0.017807025079000376
0.019738162436515373
0.032486782996599295
0.018121319019023054
0.019680575678995813
0.012302076017774066
0.027932959617675016
0.11492185472646209
0.14669109695778448
0.03267078446210207
0.00843183708713532
0.0037626017418022286
0.00540382643597673
0.0030119168375283122
0.006854485787032977
0.1011872482770251
0.07422621042832059
0.004836104997043946
0.0018460482564888554
0.009028090600615695
0.004995195360753064
0.0008489762577905776
