0.028909629717945806
0.031043870867819567
0.06833332594953456
0.02675478125800817
0.01273491569861379
0.0
0.002191222852041011
0.004417116919592654
0.027318454579449914
0.02919527723860177
0.021912088513051115
0.025076087851875446
0.06363758995259003
0.021556041302636567
0.04067797893956096
0.018348610868344186
0.0007747142821432332
0.038461388342543944
0.0633563221872065
0.035064409370099844
0.02172872985169974
0.0
0.0
0.0
0.030978679895110682
0.20218406709607198
0.10973100329799207
0.021425106716033954
0.031109756336135077
0.0
0.014381776085909133
0.00869655821224773
0.021166951328457362
0.022621155619658273
0.01697797764187955
0.019429515294325864
0.04930783201038322
0.016702104277536788
0.03151821044084252
0.014216915238214244
0.02212538386050116
0.06203854368508423
0.017533840345518123
0.014321858288060305
0.009501050960984489
0.083912645843556
0.046230534499671426
0.02209623657528426
0.02400297599751238
0.15665674993311748
0.08502204249059545
0.01660065322313073
0.02410453696390606
0.0
0.01114332267741847
0.00673828835626069
0.002149635898649928
0.08008980616148748
0.05321731439635912
0.016187368120849123
0.044119949557404115
0.003763414506553741
0.0034396836309349013
0.0030631180056214444
0.023548888073704633
0.06602998305958396
0.01866193356924928
0.015243298826335114
0.010112330121522226
0.08931142245473148
0.04920491727439994
0.02351786550878315
0.022850920576053316
0.07696498266472164
0.06379543226577224
0.021463115934790913
0.015822069874526154
0.0050116123169581615
0.003846602773100283
0.003210362051725833
0.002287939296135584
0.08524262869439085
0.056641213015981774
0.017228831937521748
0.04695854139731387
0.004005545284482263
0.0036609861932585344
0.0032601930671902423
0.041523438715925114
0.1567806682776418
0.04874717054303434
0.0109475424309974
0.006498766728474503
0.0011517680156978233
0.005151523073334103
0.00131709709565367
0.02439269771988391
0.08215789604223075
0.06809978136281628
0.02291125634880666
0.016889602607811256
0.005349751399727687
0.00410613736021781
0.0034269687664662003
0.07078365874106718
0.01649728611114369
0.011527675422223854
0.0035626123086835567
0.006909023687638442
0.0019883320744725997
0.034586622970595296
0.0957515377102025
0.044325071522463046
0.16735883514581892
0.05203619660741196
0.011686185351095571
0.006937245781066757
0.0012294790906493918
0.0054991020911661385
0.0014059631083609449
0.07605453533430538
0.021721470593227328
0.015889824281577147
0.010942638033504044
0.05147628671586927
0.023836622578130427
0.00989808236941582
0.03076118428687881
0.07086188393364458
0.01651551776808261
0.011540415009946662
0.0035665494608297156
0.006916659061651311
0.0019905294412405766
0.034624845708591555
0.09585735567172328
0.2078950703803724
0.039064145330505506
0.020604443349424472
0.0028150337626403786
0.003892251038545785
0.008155330316994896
0.016142083756684928
0.068692532935266
0.07613858553429113
0.021745475656690282
0.0159073846138142
0.010954731078462442
0.05153317473936418
0.023862965160934602
0.009909021043867884
0.030795179415239612
0.06276784980067728
0.011358182900313065
0.008565875410874377
0.007310053725455512
0.027572317996833615
0.01093392657801577
0.0068767839861676285
0.014633408475420433
0.18148769009215268
0.03410211453540526
0.017987212598547075
0.0024574607477621923
0.003397847043472506
0.007119418745532911
0.014091673693439303
0.05996702618388569
0.07958808070280811
0.15640117139142784
0.03968090389047807
0.004270190318200615
0.0
0.0
0.0024072388224953317
0.0012287303738810961
0.0547949119309738
0.009915436544264602
0.007477815318527782
0.006381511416577149
0.024070009426274786
0.009545070379257172
0.006003276742583594
0.012774634326441055
0.1427286209939511
0.027492571534344975
0.010280011741306223
0.003404349661604506
0.004488716939361783
0.006966764669188123
0.01072815808637892
0.058760999695528365
0.08290636744681322
0.16292204649222333
0.04133533023431209
0.004448228484244291
0.0
0.0
0.002507604462724408
0.0012799601519534077
0.028842486177043828
0.00375252134983056
0.0033623167014460295
0.0028628790872172157
0.008099731500369599
0.010324637096933941
0.05041065995166783
0.0914875509371251
0.14867944286139745
0.028638826537298077
0.010708618969777681
0.0035462881058326494
0.004675866193194082
0.007257231817613206
0.011175449998073007
0.061210937483100615
0.0632429485840371
0.024572722478171997
0.011929320351741659
0.008183911126028154
0.012804254612601044
0.012516296333172881
0.03661307640096461
0.059702090715083915
0.030342237242700156
0.003947644885948808
0.003537150383435665
0.003011743021329684
0.008520901189925621
0.01086149738677143
0.053031912520495494
0.09624471892777658
0.1318498319642205
0.04725672548520295
0.05150496011458716
0.03950776879754776
0.019665054150234382
0.013381502555590005
0.04224337269354145
0.014463003107622297
0.06653145426111183
0.02585045444955966
0.012549620931943374
0.008609457986210628
0.013470050008403902
0.013167118479659226
0.03851688247413896
0.06280647892982535
0.024543036240858077
0.020457602252099097
0.012372768956564448
0.0060399430097749125
0.03213418543884935
0.04230121750028702
0.02994674928913721
0.021332537344825677
0.12325024111367462
0.04417451826464624
0.04814567192164257
0.036930968797005706
0.018382447891079377
0.012508725963998782
0.03948814945283107
0.01351968822171879
0.16234394619448703
0.07395443018300504
0.019359065474209836
0.017714875316693652
0.01531569739920277
0.0
0.005140020249246315
0.0064011756356285015
0.02294227523299594
0.01912330393309177
0.011565784608312393
0.005646002131194394
0.03003830982814199
0.03954222147000664
0.027993543984633367
0.019941173470965957
0.011017675417152428
0.003245146690858462
0.01064711929651905
0.010316363730051105
0.01594474575752662
0.03665301356777803
0.08152590072172661
0.01722740732449956
0.16655594784558983
0.07587317239260992
0.019861334993046677
0.018174486443760907
0.015713062033027494
0.0
0.005273377693635346
0.006567253663040539
0.009857626087065868
0.0067447466177964375
0.015688514575781836
0.002280116749341027
0.017102167823368677
0.034896572507357636
0.035107872278536345
0.037821676951538444
0.011303528189221713
0.0033293417812229145
0.010923358017504076
0.01058402102237968
0.01635843100438307
0.037603973288077214
0.08364108417326215
0.017674371130640406
0.032460335943098134
0.05770760480255965
0.12581457630514206
0.08719794931769817
0.017423923983616706
0.009344009433509054
0.009210052193470106
0.0019051098651206764
0.0076207663347334954
0.00521425112975755
0.012128528985083535
0.0017627202339759397
0.013221400735649508
0.026977958243982695
0.027141310573287256
0.029239307708539993
0.09493943980101925
0.06523081095629177
0.016527940575554016
0.0019966406152911956
0.0034271811637943852
0.002619017506570299
0.0028396726001122764
0.006185251029107933
0.025094544384664585
0.04461278689749444
0.09726515076312597
0.0674112804390114
0.013470145057289844
0.007223697865325837
0.007120137757023283
0.0014728086656816718
0.002469233305457045
0.003441288932135849
0.07757610025082969
0.09265934217083442
0.10087866803129804
0.0
0.1070729703289579
0.035159337033964407
0.07672074324235476
0.052713143340187625
0.013356260452764576
0.0016134891075201866
0.0027695116662114615
0.002116433066067606
0.0022947448700158116
0.004998313209855339
0.05661031305632163
0.004114042600174361
0.0031867845714003717
0.000997696083052973
0.0049026486059917974
0.015104278655867937
0.04768658672497452
0.1314470111616542
0.001995392166105946
0.0027809121808439106
0.06268939527725316
0.07487819197789033
0.0815202449570054
0.0
0.08652587251432314
0.028412327635466403
0.027602328310911552
0.013970214813965279
0.0
0.015190019124432732
0.0029414794427851418
0.021880479133531625
0.0975933255230096
0.0613875660777574
0.05604481989569778
0.004072946502532237
0.003154951062942017
0.000987729872288755
0.004853674945435069
0.01495339861626186
0.047210234675487704
0.13013395737722436
0.007617550183748416
0.001834845146338973
0.004998802090613065
0.10164545104299437
0.030232036092790338
0.018591263325096433
0.015492134686475202
0.034677169161157304
0.027326602439874854
0.013830663193364212
0.0
0.015038282603985192
0.0029120963424769746
0.021661910101968863
0.09661844382520143
0.060774351861298655
0.024156288359428468
0.01602797852944475
0.020602242080911617
0.12747754197758956
0.011238394053969408
0.0
0.028571876964417462
0.057262115040485916
0.007605565984984298
0.0018319585032050667
0.0049909377987618336
0.10148553883245633
0.030184473986753554
0.018562014893567968
0.01546776191348589
0.03462261381491346
0.006085407993794338
0.0015105414694557343
0.0033921606961237424
0.1358909379467874
0.06029398346309742
0.0032886267008422998
0.005012059009729558
0.0
0.024118284834132322
0.01600276274801233
0.020569829906639255
0.12727698981000687
0.011220713415853022
0.0
0.02852692667930664
0.05717202826038658
0.0
0.0
0.01225570513576341
0.1457666814512085
0.11275131004474015
0.014113937147574635
0.0
0.0
0.005836736081586922
0.0014488152489523251
0.0032535446678015434
0.13033793978703426
0.057830151920880285
0.0031542414482727483
0.004807248042360263
0.0
0.0009989576498126093
0.05875561152030755
0.0960337647913638
0.05647098114141093
0.02864503749439407
0.0009275089049912711
0.0
0.0
0.0
0.0
0.011754892431887447
0.1398101244792576
0.10814388127393153
0.013537190322572636
0.0
0.0
0.0
0.0
0.004034572805853958
0.09408631877159249
0.1378890986502797
0.042243145123176326
0.0
0.0
0.0011233124416499653
0.06606977728224452
0.1079884846258111
0.06350074572253078
0.03221090204876917
0.0010429694321008236
0.0
0.0
0.019974702743770806
0.07389176156289055
0.07628829321006114
0.029360872218353568
0.009980586934673573
0.002711720523462141
0.0034064527333708934
0.0038430438021989717
0.0
0.0
0.004536814779293715
0.1057986116678722
0.1550541608153402
0.04750176396385814
0.0
0.0
0.00639108499734255
0.006918913213387398
0.04706008066871115
0.0618681140681674
0.06087521149753796
0.0109477351499568
0.0005899925963097264
0.0010636243001600416
0.02275571411479274
0.08417946555364578
0.08690965832445305
0.033448688720545426
0.011370150830109064
0.0030892643451409674
0.003880721808003682
0.004378097998015911
0.004828240118398841
0.005961438529400838
0.0493057276129863
0.05728787790484509
0.04152561627100229
0.040396415108467934
0.009717337766818379
0.007013553849845647
0.0072808944868139325
0.00788221046833878
0.053612099046141524
0.07048180564267215
0.06935066455231814
0.01247195187195338
0.0006721353015205855
0.001211709170867956
0.039602937491798634
0.007753347590139475
0.01673091291960971
0.2101810336177357
0.01064772986864685
0.006404072494565899
0.014476433056071651
0.005191789390613449
0.00462301734281129
0.005708049523987427
0.04721000370013824
0.054852875290465605
0.03976058345984526
0.03867937862539096
0.009304305486126934
0.00671544502499387
0.0014390582810363227
0.006072613087514652
0.05558459767020138
0.030858946616831775
0.03670053230700316
0.009398716265190586
0.011706415817401585
0.0036005411669848913
0.037919627516696884
0.007423794073014245
0.01601977090859171
0.20124735715650857
0.010195151574327299
0.00613186947645367
0.01386111697826241
0.004971114071474386
0.0
0.002097769866610801
0.17936399212062587
0.10721740495052783
0.03158707904168796
0.019748581354379197
0.0
0.0
0.0013886478704817405
0.005859888611435551
0.05363746152846828
0.029777953450164357
0.035414907585928336
0.009069477934917339
0.011296338452742735
0.0034744137120803725
0.04977511498453312
0.027929314534317174
0.009142308180524132
0.023437969759302384
0.016461742838574087
0.04833550608573597
0.038466547978924966
0.023900462004393466
0.0
0.0020242846981374804
0.1730808466770666
0.10346156443080909
0.03048057929550337
0.01905678581901846
0.0
0.0
0.0
0.0
0.0
0.0
0.16890625324900635
0.11562134927536909
0.0
0.0
0.0530426887893123
0.02976278285651254
0.00974247086694247
0.024976595959292094
0.017542402515544203
0.05150857426600181
0.040991751277305574
0.025469449310438735
0.023719841424467494
0.022156249347062576
0.00932528573487968
0.00748226784815221
0.013451283776682026
0.015768700973204496
0.05840874610616403
0.04669471277778482
0.0
0.0
0.0
0.0
0.17999439736984568
0.12321151340221875
0.0
0.0
0.006350667960390458
0.0030507023709419653
0.005851484602169461
0.007119500962185922
0.00875376874674993
0.15407175811130178
0.06012886929759293
0.0014232338547635578
0.029309260496164093
0.027377218595617196
0.011522725802155628
0.009245413303537271
0.016620987179616027
0.01948448795416609
0.07217236929391925
0.05769800379803263
0.05699416737470743
0.029476373395671954
0.008695033359099066
0.001828514762281152
0.0
0.005313401975493372
0.05349940744893371
0.06764098971379749
0.007847159609748768
0.0037695796057882285
0.007230347093187956
0.008797162871761594
0.010816534728475042
0.19037771850059929
0.07429782779934914
0.0017586092187444442
0.03356427801757251
0.009280896836656225
0.0026654953586758836
0.004493231487162702
0.013033624976353072
0.04898393582044008
0.07069795010557897
0.045506923451349664
0.06698549288211476
0.03464370989587557
0.010219310536750703
0.0021490613554954953
0.0
0.006244864459010843
0.0628780863365723
0.07949874949876902
0.02465417129690818
0.005374442335081929
0.0020001606158657798
0.0
0.01826928974559164
0.009566970061803246
0.11498196698326073
0.05873516853370309
0.03944824198339235
0.010907878430861422
0.0031327682919205005
0.005280914515729885
0.015318476140579526
0.05757103288597519
0.08309160834725984
0.05348448512101756
0.04695360247537135
0.009919584818131455
0.02575762567727974
0.006600686064901996
0.05352279621466442
0.02858313494098219
0.02940581240238522
0.034819472213311616
0.025592801917676763
0.0055790574521147026
0.002076310488351756
0.0
0.01896483592998342
0.009931202586183855
0.11935954649088042
0.060971326749601054
0.024313207840289286
0.027896517448009108
0.04727665819751257
0.039621419431772734
0.017033942880952294
0.010990915713024138
0.014993930827174705
0.025222035467440992
0.04874121433658633
0.01029724204876719
0.026738266879445062
0.006851986584557851
0.05556050962353252
0.02967134858929617
0.030525346927275807
0.036145114938220965
0.0497105468674612
0.012566670435386024
0.0071456606160447255
0.0
0.0029087117539387283
0.013018775250723454
0.08148908509623035
0.13880535913317205
0.026635865882465987
0.03056149160629237
0.05179303098924802
0.0434064818180353
0.01866120756286157
0.012040885710378384
0.016426311706256767
0.027631514459408545
0.02817680077492635
0.005370592889952527
0.008869424476353908
0.014574689739088193
0.0050235895591236165
0.012682215669067168
0.07016553640367935
0.014221083854631883
0.05445943077538311
0.013767173402409821
0.007828290658347038
0.0
0.00318658305714309
0.014262468112398265
0.0892737953694153
0.152065533841737
0.04981649265807278
0.008301840722531113
0.007397094818503768
0.0
0.010727329114556192
0.02998142800897559
0.11360233188833531
0.05908898984006511
0.036488904232839174
0.006954907734217636
0.011485888085849359
0.01887419591603096
0.006505539070676541
0.016423445539658285
0.09086423823381486
0.018416276957907922
0.01787007558780975
0.0
0.0035385467622876454
0.0
0.0030641617102366353
0.011307697770531267
0.11410720325309362
0.0583080342625963
0.06451226469379417
0.01075086818764342
0.00957922393637396
0.0
0.013891871112759836
0.03882589312115161
0.1471148070361978
0.07652013117855387
0.051425335379206225
0.020230079066762937
0.002123127961923887
0.0036457957855195082
0.019964607596336927
0.053343888618803605
0.04571957624098386
0.028142774421053004
0.01531113188099093
0.0
0.0030318369879419227
0.0
0.002625382518366061
0.009688467795463392
0.09776737815093307
0.0499584905463386
0.006716744952126337
0.004061334393613277
0.004307524618279332
0.006657166471234423
0.06569375850182421
0.14188286200129424
0.07464688923293986
0.004387715520626401
0.04406137445508816
0.01733318961254854
0.001819102110984434
0.0031237282578328394
0.01710573289730633
0.0457051963587972
0.03917266370413385
0.02411280962637124
0.031741822185040944
0.00502008575223664
0.005864077089461964
0.01306738706395429
0.032129250165765226
0.07737555855110861
0.08294894075723727
0.07268184901904193
0.006095839048399946
0.0036858985954737002
0.003909330629226686
0.006041768090986221
0.059620929656529806
0.1287669989929316
0.06774641965282432
0.003982108565167062
0.049478982570730246
0.011091441009920582
0.02301795346604908
0.02815244961261812
0.026165600679886082
0.030289951900954886
0.01817920637807955
0.009742441818739078
0.028807560882847826
0.004556021551050958
0.005321993072470825
0.011859418348137777
0.029159174444204537
0.07022284671659101
0.0752810171735504
0.06596303068198614
0.04890837612095444
0.034067228904064745
0.020081844404678407
0.022485643458496605
0.020471163610785492
0.008259943922697214
0.03182680019567752
0.04676011775601198
0.06725930288007197
0.015077161079379278
0.031289477337964354
0.03826905964778614
0.03556823462672711
0.04117467545370079
0.024711921797395654
0.013243397722282224
0.045445958655685494
0.009256235754568923
0.005328579443055209
0.002848564602281119
0.007134064762326203
0.0011828021040705527
0.0365070800110147
0.1452101900397417
0.06648364844991202
0.04630932060633549
0.027298274641640616
0.030565881213632472
0.02782749608153489
0.01122816277143393
0.04326379167163653
0.06356341136084569
0.014282059696918155
0.00999444912636848
0.0152476213093217
0.0016727347729055756
0.010352253879211048
0.017403511954811303
0.06982463788201664
0.025175361588001398
0.0664874276566067
0.013541870901372334
0.007795710569487401
0.004167449395319171
0.010437135199993635
0.0017304392217202056
0.05340985013818453
0.21244247653386436
0.048310683641369555
0.013172884668752986
0.0
0.0
0.004768838414297873
0.04234754599625529
0.023303528906170663
0.024823697806835944
0.02089465023899078
0.014621876904205822
0.022307266668518903
0.0024472106099655637
0.015145345180011113
0.02546133421528442
0.10215343007729794
0.03683154854302435
0.013625856738951872
0.03809048737727389
0.03760884596449768
0.0
0.017215808111102515
0.007330257748314791
0.09160170090388814
0.027923851107245105
0.07697154725916067
0.020987848616411123
0.0
0.0
0.007598006149163731
0.06747071025028946
0.03712861299628842
0.039550639421086636
0.0663917622671764
0.02374488915663169
0.005231119100611328
0.0
0.0172618131302155
0.013785209756309036
0.028182265809536384
0.006287023016421995
0.021709551529315817
0.060688103092245635
0.05992072242256438
0.0
0.027429282464006194
0.011679016692967783
0.1459454538562031
0.04448999399624624
0.014995925474179378
0.01547376518423459
0.03538490466963847
0.0
0.07060927047357159
0.0320160178324996
0.04126687477473222
0.007798092385377962
0.10403392055577387
0.037207536413715034
0.008197008338786714
0.0
0.02704874873799352
0.0216010144581078
0.04416077390011571
0.009851578429122855
0.03477696266313453
0.012960608490609702
0.013661681178827786
0.0
0.05023339051341654
0.0086404059674981
0.028911225696921967
0.0
0.023498170046502558
0.024246930686930006
0.055447095175161124
0.0
0.11064263071354541
0.05016814951069919
0.06466396771670067
0.01221937927242037
0.05303034791815244
0.012960608490609702
0.047336504263748067
0.048336942464138465
0.05496240139943769
0.022572642550090824
0.01251721178317321
0.006109689636210185
0.0008075679568656338
0.040092438616307007
0.06604310368681653
0.036551402351036495
0.022650190368348224
0.0
0.0
0.0
0.0322924074151297
0.21075818238932573
0.11438441781791231
0.022333691342864368
0.03242904247674035
0.0
0.014991670861760835
0.009065357266680013
0.05143492317130218
0.06557853277095668
0.025304703739960778
0.017900650207696718
0.0024227038705969014
0.0018057768745149629
0.0023544448717098382
0.008578006652421408
0.026037621936653498
0.059385196564772036
0.06015720176035358
0.010231561068922418
0.008699123824281682
0.015280368766384653
0.0314922113993376
0.01093698312685551
0.027173213435366127
0.1773474798485218
0.09625148596353865
0.018793215193206887
0.02728818825418874
0.0
0.012615097624729081
0.007628260250424378
0.0024335530347734096
0.09066781540125471
0.06024608959735319
0.01832534469685181
0.0499471734757048
0.004260474436292247
0.0038939862066777035
0.003467684980107917
0.021909975590812262
0.049971084546631676
0.050620706660061354
0.008609590146956685
0.0073200844191979916
0.012858029335574847
0.02649986948650151
0.009203184297303315
0.01674570790854344
0.03310777585278157
0.04666134542351889
0.07283437670050148
0.03666537199406462
0.0
0.003422740902705222
0.003230659425617639
0.002503469197123643
0.09327270858046803
0.061976964298280944
0.01885183323301325
0.051382159539194394
0.004382878188386585
0.004005860724276207
0.003567311831293951
0.04543505588611979
0.17154981970040725
0.05333928225610909
0.011978829729659897
0.00711096765176753
0.0012602675929391655
0.005636810099877487
0.0014411711071877036
0.017226813360560977
0.034058964751688695
0.04800192939908646
0.0749269138399456
0.03771877089860397
0.0
0.003521076507155529
0.0033234765147347562
0.13121012574090582
0.06322765611697848
0.022517660885712405
0.003992943020991379
0.0006990706874272852
0.003302119903100458
0.00300681677921586
0.015569824572547498
0.042720913929554113
0.16130199334233747
0.05015296761247218
0.011263253535777444
0.006686181651639825
0.0011849833199524742
0.005300085460831881
0.0013550802486574007
0.0733020646412833
0.020935354276108355
0.015314759619620246
0.010546615753449657
0.04961332127997209
0.022973957323802877
0.009539863342513862
0.029647913949217647
0.12337206104715367
0.05945064229063864
0.0211725293131484
0.0037544176363057714
0.0006573104860509017
0.0031048620369039403
0.002827199357887485
0.014639734066339312
0.12580295441695324
0.02994573770368535
0.022167707378672474
0.002808031542309767
0.00880280809894229
0.005596797165431713
0.023282427670692198
0.040775049822982926
0.09078651311721016
0.025928980648805885
0.018967728015542463
0.013062257852195332
0.061447388490552785
0.02845384353276439
0.011815368812869011
0.03671971235490487
0.07484344737008278
0.013543327783552378
0.010213822004868886
0.00871639896875524
0.0328768204968037
0.013037450876344066
0.00819977459764141
0.017448657880634218
0.15581023027455296
0.037088574819064864
0.027455282010963714
0.003477820081835316
0.010902506728204987
0.006931778821788658
0.02883589207847978
0.05050095947126011
0.06194745960890857
0.025403282694605744
0.037264866456289306
0.010479327763120778
0.010783689916196286
0.025122330028756933
0.033223139916684234
0.00871084550423771
0.07209644875692695
0.013046243483640712
0.009838941425896374
0.008396478698908682
0.03167013395999682
0.01255893390879561
0.00789881612713521
0.016808235229302786
0.1877952960778555
0.03617337276349602
0.013525933587799818
0.004479275762642309
0.005906032866896798
0.009166526129404516
0.014115582496148077
0.07731483187328067
0.05967378580560618
0.024470899369361136
0.03589712432158129
0.010094702256899039
0.010387893326308914
0.024200258582648956
0.032003742327680405
0.008391129064651033
0.11065224482716265
0.0368088910648668
0.056806070722599196
0.017598112878216284
0.012310655685195121
0.011182408621249489
0.015983734909017337
0.012746761190495991
0.15321206415907507
0.029511905912665816
0.011035080472975385
0.0036543997632806965
0.004818414014765621
0.007478474800944547
0.011516143248582546
0.06307700580799579
0.06517096452331639
0.025321843157554105
0.01229299599144344
0.008433404728870858
0.013194603379323728
0.012897866442906681
0.03772925767441218
0.06152216054237898
0.09027520490596583
0.03003039105471921
0.04634501254263371
0.014357352157841695
0.010043600708179867
0.009123124715656272
0.013040268151161548
0.010399395693750656
0.012635374156825972
0.14826427719413726
0.07750308522912208
0.011308511717277708
0.0
0.0
0.0015994992548231135
0.0042079084256040475
0.07816616299725045
0.03037106070351378
0.014744239791754682
0.010115039626624767
0.015825629188951064
0.015469722414992221
0.04525253426452265
0.0737897814475048
0.028835007329332914
0.024035131802389868
0.014536460772231058
0.007096179920301647
0.03775366110199609
0.049698656054212656
0.035183696375936914
0.025063071441311226
0.015154888731474083
0.177828420103866
0.09295732903633673
0.013563447719617457
0.0
0.0
0.0019184420605245602
0.005046972348484919
0.04001279524133549
0.01860061394460155
0.020361307645478624
0.004008646612714895
0.020447212492750586
0.023281705075286107
0.02920018928589181
0.03168150334764294
0.03147201393052047
0.026233182265822205
0.015865842886702817
0.007745136692856868
0.041206292565130344
0.05424367602206923
0.03840130053805352
0.027355128595378267
0.015113951458130671
0.0044516640491869385
0.014605625789809831
0.014151898176059248
0.02187286376365014
0.05028028571209976
0.11183652262711316
0.02363240776240131
0.04367202806129846
0.020301669234716175
0.022223381133329546
0.00437524362650528
0.022317142113486888
0.025410853483997527
0.03187059234920202
0.034578826469815103
0.03051933962198043
0.02059397019263769
0.04241949498121452
0.02837470976296128
0.012223951201020569
0.041310932579480965
0.05109521962618866
0.07024431669221233
0.0089368804822875
0.00263226924243412
0.008636307481477814
0.008368018313894105
0.012933425769072521
0.029730736218725417
0.06612894311867591
0.013973844250217379
0.025664034970513314
0.045625220586552565
0.09947246669768456
0.06894109859396806
0.01377583384296994
0.007387631024113634
0.007281720743365477
0.0015062322918294613
0.01804608750766191
0.012177215917177329
0.02508265014720355
0.01677796773224153
0.007228023141894298
0.024427157126804783
0.030212606695241822
0.04153546903847855
0.14036531959830337
0.019778330483399803
0.02422163520474291
0.02083915247561003
0.006053614520201067
0.003322211843743823
0.03429882352394515
0.15463875445805692
0.01648313890916
0.02930353116933001
0.06388779036883972
0.044278528531468166
0.008847750678491193
0.00474482475261564
0.004676802172710113
0.0009674018962416825
0.001621894980402402
0.002260381484734744
0.050955204321094065
0.060862504009700315
0.06626129857719466
0.0
0.07032997357095351
0.023094112704391902
0.09015188233751056
0.01270295061254867
0.015556734478638843
0.013384280585625123
0.003888031213861238
0.002133743948252994
0.02202897062817729
0.0993192252660282
0.0025603863246490247
0.007540582757170557
0.02367914292890739
0.04141864016043236
0.06653752166243888
0.056400073279722504
0.06722527404550882
0.0268972180721438
0.0013900436973322816
0.0019372580064601717
0.04367111401703833
0.052162156690043204
0.05678918892851487
0.0
0.060276243330868805
0.01979278942108612
0.01922852216822917
0.009732026306601948
0.0
0.010581774703205609
0.0020491134673818615
0.015242528576992145
0.06798612791474413
0.04276422488291204
0.0021943768963580616
0.006462649963450056
0.020294189071595473
0.03549780990924476
0.0570259256860367
0.04833763427278499
0.05761536327414394
0.023052237603990344
0.051211752950553614
0.04208491285034639
0.009512939149553916
0.01443049200643032
0.012558390606374006
0.06165326158249436
0.05872754600529679
0.09573723158953754
0.017068014426887178
0.008638540390710898
0.0
0.009392811455619845
0.0018188760382942804
0.013529885207933332
0.06034723843698876
0.03795925661214814
0.015087857304102533
0.010010968958776047
0.012868023598503087
0.07962162622905194
0.007019426299710582
0.0
0.01784580462591002
0.035765536816203
0.04545762438417953
0.03735627176127147
0.008444069763975994
0.012809088685961948
0.011147335722047118
0.05472592999858049
0.05212894645279947
0.08498024110559875
0.008241601579332116
0.019254488051365856
0.01498196812353787
0.0
0.010225156556533076
0.06958875998625966
0.10580382158786712
0.137880674972864
0.01820801146596188
0.012081227566834097
0.015529118317025938
0.09608730080731262
0.008471036806190628
0.0
0.021536299601636066
0.04316181491580207
0.0
0.0
0.009252400042959198
0.11004602630211459
0.08512119166913011
0.010655265545633464
0.0
0.0
0.009945956740561503
0.023236297384332222
0.0180802245062245
0.0
0.012339708950719296
0.08397964761950366
0.12768394860750984
0.16639426395939155
0.004482528391718985
0.002078560092413655
0.03910419768755233
0.03254005650503511
0.015481033757149865
0.004258924884063137
0.009344613451553695
0.02090015752834264
0.0
0.0
0.01446333493810839
0.17202374839234866
0.13306129217558083
0.016656291743271164
0.0
0.0
0.0
0.0
0.004964177950702006
0.11576472939860641
0.16966009937129134
0.05197638007288141
0.0
0.0
0.007007080238423918
0.0032492013602936683
0.06112761078369718
0.05086655721241073
0.024199923844430822
0.006657543641481871
0.014607482770897113
0.03267108827851405
0.0
0.0
0.0
0.003680311196481786
0.04071928045769308
0.06647470671934547
0.009227796458890613
0.000941070843339681
0.0
0.0
0.00554478381531503
0.12930446980913413
0.18950339460849575
0.058055491537328995
0.0
0.0
0.00781102742331581
0.008456126130662135
0.0575156770406906
0.0756136924819848
0.07440019129852501
0.013380053545691823
0.0007210744891117529
0.0012999355477371502
0.0
0.0
0.0
0.004110757140502815
0.04548177150280475
0.07424952965135272
0.010307071375038519
0.0010511376572382592
0.0
0.0
0.0017101783047721781
0.08458488752696995
0.15063069793230258
0.003545845255127242
0.0027218796048294166
0.0
0.0077485069073435255
0.008388442157714145
0.05705531381186035
0.0750084702989936
0.0738046821425162
0.013272957794252464
0.0007153029117416429
0.0012895306884567125
0.042146419682642176
0.008251303114752348
0.017805448844031832
0.22367982309441295
0.011331575891417879
0.006815371387284969
0.015406175948822527
0.005525229905130091
0.0
0.0
0.0016964898071873656
0.08390785869003893
0.14942502952972064
0.0035174638319297384
0.0027000933137199517
0.0
0.007422847384319446
0.011668476430309304
0.017311025514816683
0.11684134937736604
0.021088431326761782
0.00971748872632546
0.003057744679147481
0.003400823097832978
0.03910886476075086
0.007656619471943288
0.016522183760546042
0.20755888678038395
0.010514892425041797
0.006324177471933465
0.014295830018296363
0.005127018398214805
0.0
0.002163560229496861
0.1849892145619098
0.11057996253688177
0.03257771458552899
0.020367937344981064
0.0
0.0
0.0068878717736633975
0.010827512042853727
0.01606339425333675
0.10842042018446925
0.019568556830804208
0.009017134913799128
0.0028373684889522162
0.0031557207376066675
0.0019351470616378826
0.013729660491225096
0.029353837869129384
0.06118227085946973
0.04631339081429251
0.01292055095389829
0.0
0.0
0.0
0.002088384658077269
0.17856153590450213
0.106737725210676
0.03144576167008783
0.019660228214598556
0.0
0.0
0.0
0.0
0.0
0.0
0.17425475194427525
0.11928255555902796
0.0
0.0
0.0018679079877465111
0.013252606486093534
0.028333902530567983
0.05905641731959463
0.04470417486949167
0.012471610458610512
0.0
0.0
0.0
0.0
0.0
0.0
0.0976668509660194
0.11061529627871564
0.0
0.0
0.0
0.0
0.0
0.0
0.16611506151019162
0.11371069559191867
0.0
0.0
0.00586096908729559
0.002815463255542477
0.005400277668743487
0.0065705175135274095
0.008078767200872704
0.14219131233875806
0.055492342916564893
0.001313488546210955
0.0
0.0
0.0
0.0
0.09310469169251273
0.10544829647562781
0.0
0.0
0.0
0.0
0.0
0.0
0.0
0.24131192353886305
0.05258591626505983
0.0
0.0061261229122007025
0.0029428365345971455
0.00564458953220662
0.00686777174305308
0.008444255568397572
0.14862413424471632
0.05800285043812269
0.0013729115711082923
0.026202970606011202
0.0072454133195120505
0.0020808997141924766
0.0035077773018829077
0.010175094246518607
0.038240793673492514
0.055192496842978764
0.03552635861678388
0.0
0.0
0.0
0.0
0.0
0.2522290224978449
0.0549649352679146
0.0
0.010045047498804487
0.0
0.0032329971304915564
0.008266472549755407
0.005191221094488357
0.0483604216157084
0.11464259068266315
0.08686972589381503
0.03292411436163291
0.009103884453245456
0.0026146569866183455
0.00440753312969173
0.012785037683319699
0.0480496766231856
0.06934954457207314
0.0446389805010521
0.039188204590729296
0.008279039281638279
0.021497713734364054
0.005509034926260139
0.04467095553378181
0.023855927572312956
0.024542546936323507
0.02906087134745837
0.012621633538863046
0.0
0.0040622709865848535
0.010386848563384211
0.006522785510137771
0.06076502072200534
0.1440487730610195
0.10915208175807115
0.05270006843503477
0.058507238951603806
0.03681277858703639
0.005929875624238178
0.011389996518074284
0.020734281159030088
0.027186638511409567
0.01870162283262607
0.041045020514092
0.008671316808226675
0.022516318633331624
0.0057700640772578105
0.04678755522017254
0.02498626938422993
0.025705422154190027
0.030437833860242666
0.0418612963118181
0.010582404497605663
0.0060173672438058575
0.0
0.0024494287890644536
0.010963122369998012
0.06862203199026035
0.11688811800510367
0.055197103633621694
0.06127942956487382
0.03855704205043082
0.006210845053627414
0.011929677453260821
0.021716713087658792
0.0284747961041826
0.019587743322988075
0.015256958690057726
0.015283215016905076
0.04959952941460465
0.02260222164778663
0.024761733145317842
0.0300821882191705
0.0874465311316586
0.048710322397251295
0.041078130398950786
0.010384422609587572
0.005904790775187932
0.0
0.0024036034252414612
0.010758017786642059
0.06733821039223473
0.11470130589687555
0.03757601488467435
0.006261984212761978
0.005579544648220084
0.0
0.008091502572211756
0.022614650791689086
0.0856889493057889
0.044570154245711494
0.014971522474918238
0.014997287582859446
0.048671592055894344
0.022179365904912252
0.024298475982938595
0.029519392833613798
0.0858105296597818
0.04779902084982323
0.02175964993930721
0.004054086696587548
0.006275372684396714
0.001773002074808281
0.06234489422362917
0.0562662901533709
0.04532726948129307
0.05100059236202487
0.051151768648078765
0.008524362381487233
0.007595365764126937
0.0
0.011014863307335976
0.03078504702810761
0.1166473167534953
0.060672804861903275
0.040775143617304443
0.01604042780186173
0.001683427962637385
0.0028907511376976038
0.01582993549776497
0.04229636430172335
0.036251047729719106
0.02231440320896456
0.029621144843983628
0.005518778545823896
0.008542587943876252
0.002413566000053569
0.08486934060207378
0.07659461136164183
0.06170345655525781
0.06942648147824945
0.00800439273235091
0.0014306387236021616
0.010103213592870737
0.0
0.04082431827646021
0.029699099574833167
0.061097534179120165
0.04567729769921796
0.04652851001484419
0.018303729660061153
0.0019209593853055415
0.003298635671848477
0.018063536924723803
0.048264374700302586
0.041366064903938515
0.025462962017452132
0.03351914709177961
0.005301176213565573
0.006192425292201508
0.013799071349732501
0.033928268389153915
0.0817080605285947
0.08759351401254668
0.07675153537089356
0.009133811297034397
0.0016325016241143916
0.011528775453251792
0.0
0.04658462321072841
0.03388963788745648
0.06971838671167892
0.052122357272265586
0.011583572524558826
0.0036573707288068266
0.00681931080037627
0.0023087059645834507
0.012845173791263593
0.043111177005389405
0.12109247016429038
0.03196957448591001
0.029312208522917365
0.004635833428675515
0.005415223153816863
0.012067170316668669
0.029669981611443928
0.07145300271690663
0.07659978164004455
0.0671185636998932
0.04976514760151975
0.03466401482218047
0.020433635916229063
0.022879544453895756
0.020829775172787304
0.008404640699513808
0.03238433853344344
0.04757925628602877
0.010129735471803666
0.0031983395387375937
0.005963429189170312
0.002018943694082529
0.011232995029726488
0.03770035695091675
0.10589433335794281
0.027957120482631593
0.030394499680867756
0.0207756915784914
0.00757488867634395
0.0
0.0031675794661614313
0.01445484387179352
0.1065240212437636
0.07980059637888694
0.06035517944495817
0.04204052305094541
0.024781917102146504
0.027748315391143443
0.025262354859635135
0.01019314966472768
0.03927573126162219
0.05770413008708175
0.012965538082653778
0.009073159860201284
0.013842094134262227
0.0015185419232609965
0.009397982137070486
0.015799254576055098
0.06338819615507901
0.02285469437466683
0.036862454363995
0.025196762267307368
0.009186826270406942
0.0
0.003841640913378897
0.01753083709741291
0.1291923510173523
0.09678217681233833
0.02042949588095873
0.04298615035360284
0.00480999307162663
0.00866015111176923
0.03495020324142763
0.09679279414037843
0.027748322718491987
0.008828463971496652
0.01923786488323377
0.013462474317826854
0.020538471674554283
0.002253165595827057
0.013944435578025863
0.02344244587863258
0.09405344730388017
0.03391108949929912
0.0125454309052324
0.035070204148864
0.03462675320256062
0.0
0.01585072669362218
0.00674902458324991
0.08433838924831454
0.025709704085798847
0.03031265489214635
0.06378152199169825
0.007136919132191071
0.01284966469532771
0.05185803190842381
0.14361815787919316
0.041172104064766527
0.013099402117168984
0.041463400063695297
0.026035538007490908
0.03997673641970178
0.03208097914227758
0.013741096173854444
0.021446405631876747
0.020501914260438733
0.005190934003528324
0.020096160488392103
0.05617793890541457
0.055467587746258665
0.0
0.025390817573258256
0.010811065972116271
0.13509921010044532
0.04118362639913744
0.013881471692039772
0.014323799737740258
0.0327552009606124
0.0
0.06536179383940963
0.029636680043450547
0.038200040070267366
0.0072185607274404505
0.06641901329406687
0.04170557027116139
0.06403757008915544
0.05138958640305285
0.022011461868642297
0.03435437273801377
0.032841419510364685
0.00831520603856249
0.04774608910686528
0.010208586507646654
0.028639988818999415
0.0
0.01826167444010641
0.0
0.021245484995983797
0.0072185607274404505
0.02277179016965361
0.023497404979545885
0.05373310408201386
0.0
0.10722242478632213
0.04861734218437528
0.06266506291629846
0.011841651509215578
0.05139106377330995
0.01255996770961843
0.04587322929086656
0.0468427417563867
0.05326339325195907
0.021874872754262375
0.012130277365064902
0.005920825754607789
0.0783248308741359
0.016746624208022087
0.04698232509608259
0.0
0.02995727165838594
0.0
0.034852048623813955
0.011841651509215578
0.020595624265140333
0.008373312104011044
0.04895079444803553
0.01956146263627489
0.04868056644487715
0.004186656052005522
0.050739283214766305
0.0
0.06552384044905847
0.08354162995163138
0.03223610084816825
0.02280394867582788
0.003086324467592061
0.002300410470493998
0.0029993681453789884
0.010927671407076638
0.03316977804687553
0.07565183157339954
0.07663530237771392
0.013034163048948087
0.011081964672338901
0.019465926715138828
0.040118474139561454
0.013932812439738733
0.04897274891391582
0.01834697358503856
0.02620245055896421
0.02321335862388489
0.012923009459729021
0.001150205235246999
0.021682737016406446
0.05244619433342322
0.03396527092598698
0.12330045831525915
0.058645533551688514
0.0026228714547088805
0.009572717660773057
0.007424658090891641
0.02393469678399027
0.02908590964526329
0.02601614731016727
0.05933621840086205
0.06010758688225898
0.010223122550502391
0.008691949189234811
0.01526776622485347
0.03146623807970528
0.010927962808943727
0.019884038754675225
0.03931253917321374
0.05540619756499976
0.08648434434034954
0.04353686817340279
0.0
0.004064200398591715
0.0038361207285458657
0.02664007852544117
0.09670860270477705
0.04599761981548151
0.0020572043034145847
0.007508197144682759
0.005823403410999227
0.01877276949144773
0.022813035074036724
0.018309423588858263
0.15832421189008053
0.10910703670028961
0.004114408606829169
0.004034509560800436
0.00090214377662772
0.004325538408703142
0.0
