0.13528285481902047
0.08941060991180819
0.017521516791180705
0.006073384650183429
0.009077022645593184
0.0
0.002002119883007449
0.004342624346841598
0.05251711436414726
0.17133474492928588
0.005726465196159837
0.0017476059897028155
0.02038528314569179
0.00708013426200948
0.006360752183366756
0.02905522384874603
0.06691174281849137
0.08597320019116321
0.011883187104290526
0.0021676384713950458
0.015512581789699307
0.0026101823675424296
0.022572163977686337
0.030947188726846122
0.024487782796637866
0.11046979242033794
0.007414464516582571
0.01906647396404079
0.007389414245373554
0.007825160183005735
0.011570299280456657
0.015280831480529338
0.05523057189863501
0.18018727919695876
0.006022340556423532
0.0018379014047782557
0.021438551224375605
0.007445951079841917
0.006689399923173817
0.030556450963433644
0.035515555054340876
0.20801853012275065
0.07861861031661226
0.010720988834236132
0.002523094835041505
0.0055318479026907
0.0026314303487689913
0.0034271810846356054
0.025753019082693195
0.116177552532552
0.007797555530822453
0.020051601727822884
0.0077712109606410725
0.00822947104650676
0.012168114224003263
0.01607036243279329
0.017924507306930054
0.008230253408742314
0.02822044657596208
0.0071929586449802985
0.011413499035749326
0.02336400106015309
0.01767593611243473
0.015563364204603263
0.03831238375311494
0.22439986483746732
0.08480977881319925
0.0115652602867011
0.00272178704282414
0.0059674776133294884
0.002838653913401487
0.0036970695433331683
0.02900695332381236
0.05811660137576594
0.036408123044995265
0.028342985539789683
0.008708016352191
0.0036830193987217267
0.019469299849822416
0.01362219849130365
0.019336051526658644
0.008878380937554232
0.030442789849356146
0.007759399832133224
0.012312305252005046
0.025203902156538657
0.019067905499406537
0.01678896981854642
0.051907809469518985
0.1868839244150445
0.011371010826312472
0.01766955530849088
0.005545173429065772
0.003669164673118209
0.009128545449564903
0.002365140678710338
0.018589032238479967
0.03724387613221474
0.02333205302434748
0.018163530173346588
0.00558051012448812
0.002360253611384346
0.01247685127523816
0.008729751245744955
0.12223153979006897
0.14171411666981104
0.0176313222789395
0.0
0.0007475358435691291
0.0005571803287933767
0.006918330965769175
0.020200334175506256
0.03326498763541796
0.11976408749391305
0.007287083358075549
0.011323489564810751
0.003553610284064073
0.002351374845730331
0.0058500051266359345
0.0015156943865936654
0.028482013711101224
0.2981235056303449
0.029616891201641793
0.00951668891399521
0.010330947031077486
0.0
0.0
0.0025430839902696642
0.10748253866483705
0.12461426118395133
0.015503848530527036
0.0
0.0006573348445725667
0.0004899484726746968
0.006083534387291099
0.017762872027878063
0.0416019255191737
0.05154411838671168
0.04076741504889702
0.016180469650586445
0.0054959244353118865
0.0
0.0037184472407406606
0.001872090401304523
0.025045247284077667
0.26215059775769706
0.026043185410083266
0.008368362911213385
0.009084369023079153
0.0
0.0
0.0022362241675228842
0.0649377738876517
0.10211279958076724
0.023996001680630607
0.01906681281730277
0.006231774748853603
0.0033627926988300163
0.004316240285996123
0.009272808488969652
0.05300759201713066
0.06567555622073917
0.05194429049946262
0.02061653933514581
0.007002697990258265
0.0
0.00473790411897072
0.0023853464226265358
0.06811515886628972
0.05564416877566126
0.02825220644657698
0.01649951710555127
0.010744045818006889
0.005437824011832679
0.009813950397894398
0.010733556620600314
0.08274124290595317
0.13010824745142346
0.030574793143721603
0.02429420807507511
0.007940290486738262
0.004284742621723432
0.005499589292388363
0.011815060074797516
0.050234639717295713
0.0927589003547913
0.05670740213324867
0.01934079988620719
0.020197037468960975
0.00651936367607271
0.01681043357330181
0.029562537136429957
0.06222374209737702
0.0508313929637358
0.02580861642067863
0.015072440763478558
0.009814771736411841
0.004967495701616228
0.008965122135496455
0.009805189770736385
0.11813719795512846
0.1352414182170897
0.04226405131132001
0.0016129926789848243
0.004536452692851633
0.002415740605846327
0.004277651086882391
0.006285842449637164
0.04588974492828523
0.08473599693488057
0.05180266513476189
0.01766797529517218
0.018450155171283733
0.005955490830099457
0.015356465442054348
0.027005613979881875
0.05226393428837245
0.10312989198726082
0.021290843647813962
0.016249808378379464
0.004634036194034024
0.001140558064228957
0.012933632975228098
0.019232741714229718
0.1343811220749452
0.15383718122316026
0.04807537961756515
0.0018347799833798495
0.005160217219108719
0.002747906153817362
0.004865830262189747
0.007150148947069174
0.03722092546441464
0.02241433742589033
0.0031103081354173687
0.0
0.0034812502094431264
0.000648692685774257
0.011946674096104993
0.03176081289003926
0.05945025153203919
0.11731030399061865
0.024218345354713545
0.018484165201030852
0.005271218500769999
0.001297385371548514
0.014712014012528168
0.02187725337041988
0.13450997266990636
0.04383836498156203
0.013601861756800997
0.005727125751820839
0.011336992061728017
0.010480206210121409
0.009020594080594675
0.04022800743212178
0.037064715827639205
0.022320268418626988
0.003097254722638642
0.0
0.0034666400184294338
0.0006459702373783794
0.011896536019258644
0.03162751837940198
0.11338571626176006
0.08898663284978182
0.043039683461128735
0.006157844298114793
0.0
0.004401496855134317
0.0020427372202814417
0.01461992850942447
0.13394545812032782
0.04365438312229456
0.013544777150279566
0.005703090018633213
0.011289412712477777
0.010436222639455496
0.00898273624371269
0.04005917760452442
0.09402867850972449
0.1819805984475114
0.02677781404148608
0.0018270797365109042
0.030638336326718953
0.006513164298617748
0.004919680649030608
0.00294607752476006
0.11921575627618745
0.09356212654835057
0.045252687753551187
0.006474466883782848
0.0
0.00462781198224935
0.002147770200852888
0.015371652545115537
0.0009112217243049281
0.009568633965987235
0.02858945414544972
0.05331197227659675
0.02989299276890474
0.006112661461360714
0.013730538780685048
0.01095951665940942
0.09886342292276748
0.1913376339346722
0.028154669367780917
0.0019210240914490266
0.03221369107729345
0.006848056644262237
0.005172639628236049
0.003097558244036064
0.030540323183911602
0.040787238760063696
0.06274029550965912
0.02073871550211244
0.026660124937328954
0.0068492958507468974
0.004345657584955764
0.0
0.0014548529163266376
0.015277242255497618
0.045645806756222054
0.08511767912567551
0.04772703124560146
0.009759450544664747
0.021922122634919713
0.0174979199334108
0.002909705832653275
0.016254184150751298
0.0651810113768824
0.07243766451879362
0.06017928109843198
0.006210402739089933
0.035431889494643654
0.0035304963645073875
0.04876055636575599
0.06512074029430448
0.10017090183297439
0.033111349218689336
0.04256544755261579
0.010935558028803648
0.00693825930856999
0.0
0.01660149395168015
0.0
0.0
0.003999008065853731
0.019685935975398427
0.02711242481427554
0.07330459873875456
0.04515636412700761
0.003599296054441072
0.020106369594279576
0.08062868570441066
0.0896051405504703
0.07444156264386784
0.007682246715267882
0.04382912479615585
0.0043672117959094765
0.006058227142516554
0.009932294744367258
0.06067420214542811
0.06917820910901622
0.05828923921099829
0.02559560134596731
0.017571097312035888
0.01856415641726634
0.02053599061717591
0.0
0.0
0.004946759150556551
0.024351434735799413
0.033537975751784736
0.09067753518306447
0.055858266293206525
0.019054850624334322
0.009186456346265621
0.03494385008473545
0.02730716998098646
0.051493894651509727
0.02880547389903477
0.007279913942102735
0.0018969956072197793
0.006736534601013843
0.011044360939082294
0.06746756972400328
0.07692372509913453
0.06481557517973004
0.028461404639450447
0.019538439585667557
0.020642686235035988
0.038892177742649324
0.026212905335949603
0.07857120810132366
0.008250932495922611
0.015844606945189677
0.013749253640716943
0.04270510980132959
0.031369254912830234
0.021188320861580776
0.010215014984006511
0.03885632704928209
0.030364608507608325
0.05725939204662448
0.03203066954317628
0.008095007171191444
0.0021093921118148944
0.008316710719090781
0.07003615268984102
0.08955968862648793
0.022698298171845335
0.02871446386688827
0.01379642265930935
0.013423540078523779
0.0021093921118148944
0.04058479262406961
0.02735370938015809
0.08199068224246009
0.008610018871095634
0.016534175363886724
0.014347630812463208
0.04456366616298973
0.032734466910879334
0.014384659385693804
0.016486574595294522
0.13420437994098808
0.06704826553412495
0.045342793015433015
0.048791365341228084
0.005494095633865376
0.0
0.00867865980871874
0.07308417522703754
0.09345738915505274
0.023686144044678763
0.029964137494698586
0.014396852659861958
0.01400774196736106
0.0022011943375178067
0.01989800416868015
0.010284718742587538
0.02788280772891072
0.02154107043314162
0.026091944483430846
0.009681508149281598
0.017182973322009173
0.009488511481588795
0.017437849889656944
0.019985903404379515
0.16268969387435814
0.08127947686468895
0.05496694756410251
0.05914749052576951
0.006660235211272828
0.0
0.005906766101041817
0.014098779226832614
0.03125504498628202
0.014963563031730708
0.040171515792284354
0.04678021187744149
0.06023021695490695
0.030230220707230866
0.024121419944242706
0.01246768357747476
0.03380102389928507
0.02611323234036616
0.03163004413464495
0.011736439583725335
0.020830115014414285
0.011502478748769576
0.01940794576056597
0.0018868472461489214
0.023448206053129375
0.013929427991665296
0.04230803367017644
0.047431656130961224
0.021254471657682048
0.012325978140395948
0.006256442160579942
0.014933416231244768
0.03310531987181748
0.01584939457949812
0.04254963896622246
0.04954956483197564
0.06379579997777347
0.032019826775093935
0.0
0.0
0.0
0.0
0.11312877352257598
0.07770429100451186
0.08540269530215357
0.0
0.020556881384762665
0.0019985471676791386
0.02483632201296908
0.014754039531791538
0.044812637077104006
0.05023957408970967
0.02251272021022117
0.01305566666917086
0.0
0.0
0.015578142342226445
0.013895272432456193
0.044044741420664196
0.020122674258551087
0.13170295441176091
0.04759351973234791
0.0
0.0
0.0
0.0
0.11782200761201267
0.08092791321911234
0.08894569173393096
0.0
0.0
0.0
0.013753612987831648
0.055878959213026554
0.10754716912524487
0.019224492615941124
0.035703405276985754
0.012969257447411627
0.0
0.0
0.016224413546395772
0.014471728485424886
0.04587197135924948
0.020957478860954167
0.13716675266642378
0.04956797346581438
0.04167650883675554
0.011682084081330585
0.024674394203496302
0.0
0.021409699403409543
0.004162916864934752
0.028199912334765664
0.051160465163233006
0.0
0.0
0.018155047486854342
0.07376135702858937
0.14196443976379508
0.025376719314545534
0.047129217524120186
0.01711968229986664
0.00860124589063154
0.0
0.011436137382567413
0.0253498563579812
0.040268842150143855
0.0685844279728963
0.041204302075185606
0.0
0.05501383510551221
0.015420587407078058
0.032570699704155597
0.0
0.028261236497789343
0.005495134510007222
0.03722445498617421
0.06753284939090666
0.0024574988258947257
0.008891314026783736
0.09176219094247114
0.05163883342779123
0.06100631339791535
0.011608206079827663
0.012163997651267282
0.0
0.008328782354659026
0.0
0.01107387237250467
0.024546843447117453
0.038993237282981805
0.06641186413787083
0.03989906444061075
0.0
0.01328116822310545
0.02086854466799315
0.05395970343926323
0.061638766442441296
0.06532113881806399
0.0159631912511516
0.0060258681875876826
0.0
0.0023796521013311504
0.008609661939402052
0.08885542007105557
0.05000305887511203
0.05907380314574968
0.011240490412234391
0.011778676053237454
0.0
0.02751247389444204
0.01622826550842221
0.08885058168234551
0.08715101821847937
0.058213482259421905
0.019837459524218358
0.021377027095754376
0.02257536117609819
0.011228242736272643
0.017642806803495663
0.04561892734249744
0.052111005594831575
0.05522417833568318
0.01349569429454631
0.005094424644761958
0.0
0.027733700925552243
0.03746484795593066
0.03517976715358151
0.01667731669815668
0.04867033585357511
0.028889218875502626
0.07569349871606752
0.011470604791108443
0.02325975621818662
0.013719794919865821
0.0751165772189221
0.07367972235815842
0.049215181853908864
0.016771100784749002
0.018072690984625123
0.01908579357524213
0.037505729920643105
0.008656407798247905
0.002249282462366904
0.0
0.02604645650195778
0.021820105927416077
0.08532829646430169
0.04727724472545131
0.025043541144000505
0.033830770143396936
0.03176734142017625
0.015059622515688353
0.04394932943544968
0.02608697423646425
0.06835125447259217
0.01035795993487564
0.006470178717840214
0.008581212186380482
0.058122039453217304
0.033074953583710286
0.05735370027575887
0.1136282447341181
0.03937527870538639
0.0
0.033867686571106025
0.007816739115944422
0.0020311028103308453
0.0
0.023519958869290734
0.019703562897233944
0.07705148003822217
0.04269136768421558
0.0654673170829335
0.02779741690682656
0.022005726977551963
0.0028724131336039516
0.012716714882224344
0.007337260416968691
0.062362906775847174
0.021704782207569773
0.006231569104383743
0.008264751109790051
0.055978593657972975
0.03185520336754713
0.05523858957327346
0.10943782083145415
0.03792318279871114
0.0
0.0
0.0
0.010979072783534069
0.037263859953618625
0.08027240704829171
0.08864592899041593
0.052619713111837524
0.0027664832331505502
0.06305298945700272
0.02677229361541919
0.021194191742294186
0.0027664832331505502
0.012247743227064782
0.007066674247981573
0.06006306472685134
0.020904345323434693
0.015014226043059683
0.0019561990591984236
0.020514331490329503
0.0027664832331505502
0.020444386168484572
0.06042065054848809
0.08457115929329209
0.0027664832331505502
0.0
0.0
0.013064424741430406
0.044341712960440566
0.09551925206914451
0.10548323075755107
0.06261423850803338
0.0032919457508405795
0.009769999524071961
0.02066378560252339
0.011306750534308631
0.05713683239436258
0.10953622480524769
0.039390174145581006
0.019138638197756516
0.004292171975551583
0.01786601018663053
0.0023277571696658627
0.024410799086614327
0.0032919457508405795
0.02432756843396498
0.07189687667458015
0.10063450417596084
0.0032919457508405795
0.04314720477368206
0.004655514339331725
0.021705296558023352
0.0032919457508405795
0.027363205848635965
0.018269447931494563
0.0323632816477031
0.005605981468410328
0.010321446697223452
0.02183010972864482
0.01194493640159667
0.06036180130342654
0.1157187677396372
0.041613470076047175
0.020218878570964154
0.004534434638591252
0.0043990478633446845
0.0024591425507841168
0.0
0.012546622539830644
0.07728240083903352
0.06233807452933422
0.13310316573948172
0.006955505476481538
0.04558255843395724
0.0049182851015682335
0.022930406589998887
0.003477752738240769
0.028907664727719273
0.01930062867946067
0.034189959339402026
0.005922399358286138
0.029645107348396007
0.008883533224304211
0.0031105965216996264
0.0
0.012632781621987279
0.06512436416073537
0.11370378485926949
0.016040964905236838
0.0026165693335750365
0.0014627067459045374
0.0
0.0074627757636402635
0.045967847211992104
0.03707890870811161
0.07917023694552026
0.004137159425093712
0.04082616080915687
0.0014627067459045374
0.004717087406309035
0.009899348904803781
0.015764189178097666
0.09419777363044622
0.15143743369619408
0.08667983804518246
0.017633015413334487
0.005283957194963592
0.0018501938875509535
0.0
0.007514023492508714
0.03873620370249688
0.0676314161192082
0.009541223045498697
0.0032707116669687957
0.005109015032125503
0.0018501938875509535
0.00397899259796436
0.007659823340404135
0.10075594578694598
0.0930864623036122
0.053217242676747656
0.016961427326032615
0.0006076886407695955
0.001959736934527268
0.004112732710987856
0.006549309163504844
0.0391349237851562
0.06291541930885577
0.03601156083493127
0.013686001174816689
0.0
0.0
0.00112052244442091
0.012240324144793768
0.27845721222919606
0.10297101803236906
0.03634326987332043
0.0013588330899645983
0.002122565175307125
0.0007686720607764479
0.0016530918519788189
0.0031823109090721342
0.04185954834498335
0.0386732240824875
0.022109362630812063
0.015379664829075199
0.001215377281539191
0.0011530080587675662
0.0
0.0042287483006816775
0.08022109672238742
0.11961790937767187
0.05338509281954169
0.010291289124435363
0.0
0.0
0.0008425850837404371
0.00920420166137878
0.2093879463570409
0.07742981346213068
0.02732858876864239
0.011882399369359935
0.0019284146297337997
0.012662642769459675
0.0010420198484992597
0.017175818052839575
0.051951787226933624
0.02801176996679022
0.01115019321914959
0.01156485195136209
0.0009139118753405795
0.0008670128800964332
0.0
0.0031798383502157474
0.06032284300607193
0.08994756570175567
0.040143312726851385
0.0006130707146105244
0.003066467174121527
0.00853741460427335
0.0048099903104589295
0.052545225509399024
0.17319212763471578
0.06763512571096969
0.01237151073278479
0.015296519102540616
0.002482497878114226
0.016300946550504757
0.0013414190200420778
0.0221108734675676
0.06687887530334057
0.036060273777522515
0.01435393124502665
0.01651255955971064
0.013114640603154178
0.012453738447648605
0.008183649044890927
0.012528167539440811
0.011881778685522204
0.03597153610780008
0.05932350860954133
0.0007892217392919748
0.0039475422638307065
0.01099043396212756
0.006192024554964405
0.06764282370649881
0.22295469176077592
0.0870684413375607
0.015926164772689554
0.03276952765526825
0.006358747386467528
0.016923766091667763
0.009536361108559117
0.018986473344791432
0.04294257732918702
0.06355036970898624
0.048625581600356495
0.014253591483850801
0.011320518114646426
0.010750029372346445
0.007064101111113578
0.010814276339334447
0.010256315435081285
0.03105052120315596
0.05120787325862191
0.03110694931616729
0.006960705299923532
0.0
0.0022821719670861637
0.0009362937952794211
0.014408631059446689
0.12791832217781887
0.2425221183711053
0.02828655718866215
0.005488851517414321
0.01460854371889428
0.00823175807435308
0.0163890663828995
0.037067902907514515
0.054856486979142166
0.041973455011009755
0.015315357376773314
0.0024562956621738564
0.006266170430621091
0.0
0.012271339615218611
0.039338211890356994
0.10526872557682235
0.0393285686948697
0.02630316699041771
0.005885777869571324
0.0
0.0019297408351103963
0.0007917038665224198
0.012183535743345
0.10816415827792222
0.20506992548670172
0.008958466889769668
0.0044678850637093395
0.0036363141759007747
0.0
0.008626348197308212
0.0028391334317822265
0.047222447479741934
0.02441967265812062
0.012950238176837995
0.002076974965411299
0.005298498594376204
0.0
0.010376301829362184
0.03326329258262295
0.08901229238434277
0.033255138566018964
0.01184360144208328
0.002619334450205435
0.0066698676520705324
0.005976054377331995
0.0013441147772594374
0.0021895867544598903
0.22602758229994943
0.09659859840075614
0.018159205060100873
0.009056598863976577
0.007370968224322104
0.0
0.017485985912794832
0.00575504791334301
0.09572197093274354
0.049499746860230044
0.008236901166937274
0.0022737081601824053
0.0033026890329962873
0.0
0.00817373870938987
0.0008703350310887783
0.004723472019720984
0.0
0.02400749926111815
0.005309505743285727
0.013520114089610312
0.012113724169948383
0.002724579569796623
0.004438388326971893
0.4581678167400292
0.19580959314376217
0.014171117987978312
0.007491566350541494
0.005256510303323086
0.0
0.005838384792421335
0.0017406700621775567
0.009518859263497175
0.009260804098876401
0.08099752178769373
0.10407166010503421
0.014384750207418293
0.0026239541359867682
0.01877817896483361
0.0031596591910388193
0.027323893633103648
0.03746196837183362
0.029642774751562025
0.13372509878752653
0.008975304272899812
0.023080210965452607
0.008944980598719872
0.009472456637910825
0.014005995488731094
0.01849764224697798
0.18986011983328935
0.09253431872966465
0.019061127649257617
0.01027402957083224
0.008168476133291839
0.002656551096570687
0.006698173599371853
0.007103198020870939
0.0447969043105692
0.01268170951752919
0.047154661772062866
0.005646539953340507
0.006341654395318845
0.004279007532353353
0.006284969619987565
0.0013119770679933841
0.04327528127134484
0.19522434426499294
0.013102984459481997
0.0336946399148854
0.013058715137857564
0.013828773749144641
0.02044725567494608
0.02700457962534366
0.03012027804844674
0.013830088427850502
0.04742153761686275
0.012087022012260364
0.01917920300824869
0.03926078392034442
0.029702579901165503
0.026152621613797684
0.06539868991256455
0.018513939770218285
0.06884076367829303
0.008243344516114184
0.009258137268968784
0.006246893419282105
0.009175383558601815
0.001915346222302492
0.15347924272393068
0.01888795546475257
0.010031951610021024
0.002497305849206709
0.01582239043103399
0.002708708611141972
0.011220212059200721
0.020368270979761776
0.01556289296219053
0.00714588973959909
0.024502307476931977
0.006245262062517692
0.00990973200969137
0.02028571505154217
0.015347071861661931
0.013512838434012825
0.041778730345341686
0.15041615440544068
0.009152117955303731
0.014221590047814092
0.004463110806999721
0.0029531787805623998
0.0073472381647412665
0.0019036167323273738
0.07930142685232511
0.009759246866837094
0.00518342456392707
0.0012903368143728196
0.008175295337184578
0.0013995668337842642
0.005797388689757633
0.01052411337548296
0.015751472292559698
0.44397590503550677
0.05850442511686426
0.004175309247185649
0.005098190617553317
0.0
0.004037721236259804
0.0022783297043241857
0.029358333905224528
0.10569894415824714
0.006431285313144196
0.00999365432687204
0.003136272841343625
0.0020752284237675923
0.005162978135972337
0.0013376906189651796
0.02513707439149591
0.2631117594035378
0.02613867140617025
0.0083990450822156
0.00911767639356136
0.0
0.0
0.0022444231680962563
0.011068717963455816
0.31198633271439263
0.041111647800604265
0.002934031791373372
0.0035825498100447123
0.0
0.0028373473126271902
0.0016010051921838476
0.012287281189081073
0.07348488999310011
0.014975753183418422
0.004937313276991421
0.004215789407211152
0.0025664184862005694
0.004615106344077043
0.010452496475454822
0.026268993122726316
0.27495964290173075
0.027315691902403103
0.008777252836425246
0.009528244009125282
0.0
0.0
0.0023454892104370914
0.06811072441454236
0.10710217389767286
0.025168479910444144
0.019998443979766908
0.006536267985826095
0.003527103457065073
0.004527137827900347
0.009725890891081793
0.012840575638435178
0.07679390368936925
0.015650109127892595
0.005159639761495515
0.004405625778883721
0.0026819839299536095
0.004822923898185423
0.01092317084131061
0.12539276183795675
0.06896587102644666
0.01803749599160487
0.005079974518023539
0.0018385417204360185
0.0022981771505450233
0.0
0.05121741457563849
0.06256948264562613
0.09838872906729018
0.02312086357192074
0.018371443033197103
0.006004500903810501
0.003240151098716571
0.004158826296328294
0.00893462764569958
0.03798777136540293
0.07014490237442268
0.04288251770266263
0.014625642549363972
0.015273135150309557
0.004929986522612507
0.012712162578047045
0.022355388792273594
0.11519126104070644
0.06335505762743603
0.01657003066871367
0.004666686196305264
0.0016889646272139713
0.0021112057840174643
0.0
0.04705055128968832
0.16571819858918202
0.10962818741102145
0.008502579606864845
0.0006676218967778199
0.0017574849503591327
0.0035138814552008782
0.0025035551584877387
0.011374332166000492
0.04078778319713388
0.07531515978949369
0.0460433126802596
0.015703672944750197
0.016398891086796017
0.005293367160576467
0.013649153729305695
0.024003165191663
0.04645329853357814
0.09166404568371202
0.01892375553946146
0.014443175968140603
0.004118830120004201
0.001013752312640099
0.011495688602525816
0.017094470682990304
0.1779329956174027
0.11770868834089808
0.009129289799217384
0.0007168311328796002
0.0018870260757849957
0.0037728834786473807
0.002688087807105842
0.012212714189954784
0.04081209228570246
0.12426562570306895
0.02867572447557552
0.011264616499637893
0.0007168311328796002
0.0020899038903697507
0.002138512771736352
0.021586363423269
0.043885639959715374
0.08659740929308837
0.01787776430322107
0.013644844185918542
0.003891165996986792
0.000957718190209761
0.010860276170373212
0.01614959129658681
0.09929404972157879
0.032361085990807
0.010040771779057855
0.004227712621417103
0.008368865379467997
0.007736393784525764
0.006658921263442783
0.029695952581654198
0.03855624561856181
0.11739697031485644
0.027090703128636814
0.010641976341680884
0.0006772090250325197
0.001974386589939983
0.0020203086650958987
0.02039319925900174
0.11176095090418596
0.23889535442257456
0.029236954442476995
0.004538553846909334
0.00021415229451548183
0.000957718190209761
0.0016309353055012608
0.0017659450178320727
0.09530457562840451
0.031060869970317175
0.009637349831817835
0.004057849975832369
0.00803261792340926
0.007425558012749879
0.006391376592402752
0.02850281730487945
0.06690307702870127
0.12948243226032213
0.01905289092510751
0.0012999997265379668
0.021799721189166166
0.004634232232945235
0.0035004402766828824
0.002096186553883808
0.1072705769138916
0.229296926016029
0.02806226096750404
0.004356202104347802
0.00020554800218015098
0.0009192386245246356
0.0015654069665203749
0.001694992207282337
0.05387160467661538
0.07398740735481799
0.023197717962844158
0.0027425551362858
0.003582035644888414
0.0016053812440382507
0.00822223059215318
0.020237657051473817
0.10389117431979404
0.20106820999484284
0.02958648989413741
0.002018718782508325
0.03385193528864116
0.0071963181685168005
0.005435696938496238
0.0032550861985454864
0.03209346739047531
0.0428614952504238
0.06593098625324154
0.021793393792178702
0.028015939620209915
0.007197620395499337
0.004566658288227274
0.0
0.08365511006234097
0.11489215408839054
0.036022829856769654
0.00425880671562059
0.005562403197735885
0.0024929338093456505
0.01276798063234778
0.031426266921279304
0.025311576414532015
0.030915321513952407
0.030164595877343495
0.008491393556681144
0.00967680913512012
0.009936436302050905
0.0030296956078605967
0.0026320871729400056
0.05792654873525107
0.07736211432941822
0.1190009930025514
0.03933560908983668
0.05056688552934529
0.012991220410838712
0.008242510872126668
0.0
0.019722236991236312
0.0
0.0
0.004750740206525262
0.02338649135018477
0.032209008969346545
0.08708437162830668
0.05364484169723018
0.04568569194793711
0.05580007471786605
0.05444506546795451
0.015326393895265623
0.017465989235354997
0.017934598798641843
0.005468396672333315
0.004750740206525262
0.048313046444376624
0.024257867611299545
0.019348598508988905
0.0
0.011096662283416412
0.012672729723798024
0.0362090575467506
0.04500077670407856
0.026564858042444156
0.0
0.0
0.006399007335676695
0.03150042376554781
0.043383909814018795
0.11729825430296693
0.07225689484562758
0.024648891367921276
0.011883376521780674
0.04520251466131141
0.03532389099745097
0.06661124982818317
0.037262060508207434
0.009417119633441086
0.002453907383984949
0.06507523568260414
0.03267412361959356
0.026061585860667456
0.0
0.014946644157804662
0.017069527471581903
0.04877177340519443
0.06061377547966668
0.024831796500461596
0.00800340831858355
0.0315021110686147
0.05855510588830755
0.015387477245564305
0.00800340831858355
0.015863438799104086
0.04243323590324489
0.026226723312732826
0.012644058647739929
0.04809603106956861
0.0375850540980095
0.07087518836780901
0.03964729027460032
0.010019931012012569
0.0026109876113374585
0.010294353777563105
0.08669015399966583
0.1108562206946948
0.028095760381952415
0.035542519099560126
0.017077094601078688
0.0166155437147065
0.0026109876113374585
0.02642133662138072
0.008515724800649192
0.03351863328988381
0.06230335221806473
0.016372464877896904
0.008515724800649192
0.01687889381970448
0.045149484440775385
0.016850611369005664
0.03538058202954188
0.13375104957842593
0.009419609656825144
0.011693321681228485
0.0055387409540115055
0.014201514734123021
0.0
0.012859375102989205
0.1082905476249812
0.13847801962274228
0.03509631875511037
0.044398569845400866
0.021332156431531427
0.02075560193328665
0.003261561610270815
0.02948334247977358
0.01523911053718349
0.041314614400529685
0.03191791254928488
0.03866105005541656
0.014345319161973114
0.02546041718450465
0.014059351443663031
0.021049240874256515
0.04419628327438925
0.1670775022999681
0.011766672927528636
0.014606920740043673
0.006918816767416619
0.017740074699467596
0.0
0.011512731752339776
0.006918816767416619
0.035953559936345275
0.003261561610270815
0.043318645827854545
0.010637569084137165
0.005834458608089262
0.004252555904532958
0.04039590754903032
0.020879508516099755
0.056606246218269714
0.043731576410764146
0.05297052750577534
0.019654901306591928
0.034883991170626974
0.019263089370113347
0.0325022981430056
0.003159884745208239
0.039268482788423396
0.023327477680122624
0.07085285280353615
0.07943333354307892
0.03559465711686423
0.02064219579783265
0.01577389835712667
0.009479653898705075
0.0492609236637093
0.004468751850790091
0.05935202269592327
0.014574814831935163
0.007993946096603765
0.005826539351311556
0.0214264719472146
0.003159884745208239
0.03843023211256864
0.013406254878530992
0.08787024878059684
0.014574814831935163
0.043327501947035225
0.01790530052191332
0.023516561978106074
0.0022862883457474125
0.02841213581935209
0.016878254954274457
0.051264544339260795
0.057472825557579085
0.025753993040590756
0.014935358561665158
0.0
0.0
0.01782100811100031
0.015895846711589976
0.05038609077135869
0.02301983980494324
0.15066491031171617
0.054445805061247424
0.015502810087515492
0.0022862883457474125
0.0278056318150754
0.00969989944582137
0.06357723205874874
0.010545393892043342
0.031348979706323714
0.012955118053730699
0.13085227455562626
0.07455254449606503
0.04413820907229504
0.0
0.0
0.0022862883457474125
0.006624215465979468
0.035070342543052004
0.0
0.0
0.016921801704317462
0.015093779448409329
0.047843726425463896
0.021858312505001067
0.1430627111672713
0.05169859702323196
0.04346792666786283
0.012184225318970282
0.025734995270659842
0.0
0.022329971238561192
0.004341855161577402
0.029412053831310805
0.05335954018413137
0.12424977469273622
0.07079079739243237
0.04191109823041087
0.0
0.0
0.002170927580788701
0.006289973039896987
0.03330077504704663
0.05602682073724288
0.016197228115646885
0.08865387960108209
0.014438751472889587
0.004854341573600259
0.006512782510893059
0.007619561149342897
0.03967255019777903
0.05400494141111682
0.015137790663876364
0.031973388618852336
0.0
0.027742956264394387
0.005394359740417576
0.036541799108051415
0.06629437063761916
0.0024124309795125554
0.008728257031405994
0.09007937250874067
0.050691833580728894
0.05988752419175622
0.011395324249380492
0.011940923209984161
0.0
0.06960822388620984
0.020123581280786486
0.1101443740417546
0.017938834150090305
0.006031077448781389
0.008091539323042182
0.009466611016276404
0.04928953169152818
0.07665099028191251
0.0433529152938836
0.0546495348999206
0.006150516336562197
0.014474585877075332
0.013485899063459757
0.012217744842671645
0.01609722441438111
0.002357777508144946
0.008530518920012865
0.08803863001785561
0.04954341329484126
0.05853077611627241
0.011137163898731213
0.011670402349365982
0.0
0.02725956962593559
0.016079089624302056
0.08803383610530434
0.08634989562235437
0.057678363599990616
0.01965510666822847
0.02118052199696766
0.022367840571938222
0.07491446694166014
0.042370757737941654
0.05341145314078588
0.006011176777689414
0.014146665048869675
0.013180376872528434
0.011940952605460929
0.01573254281266866
0.06414938103658083
0.01442496269037523
0.011242626602031468
0.004860682736420642
0.013159083086477511
0.005272150861438966
0.042656746551061483
0.044111559600158334
0.026094871121525285
0.015392090823708883
0.08427248261893833
0.08266049055589818
0.05521398486094303
0.01881531815892162
0.020275558249153128
0.021412147183578995
0.0420772762799927
0.009711531099110386
0.0025234458788299103
0.0
0.02922124029225925
0.02447974289553167
0.09572890095530188
0.053039833974134594
0.06140852015075573
0.013808638489289173
0.010762271608584643
0.0046530041123188206
0.012596845142131928
0.005046891757659821
0.04083418480145258
0.04222683918092511
0.11418305669432038
0.02075509844379113
0.007979836410067087
0.0
0.0
0.0
0.025593476800280197
0.05923097695590703
0.0473180309061777
0.010921109190532682
0.002837742854123759
0.0
0.03286076651124454
0.02752871224834547
0.1076520035155228
0.059645982942103826
0.09146726117743263
0.03883699081564315
0.030745166696005216
0.0040131744205740665
0.017767080327698054
0.010251208462316317
0.08712995332654773
0.030324703553440923
0.12840463745018407
0.023340160686471118
0.008973730698850785
0.0
0.0
0.0
0.028781162501433904
0.06660823717659117
0.03172692915660367
0.002837742854123759
0.0071789844380519986
0.0
0.012896713979279944
0.004575722754068799
0.06688303994249777
0.0184914269953614
0.10025105473048185
0.04256658876309372
0.03369768974671644
0.004398568004561665
0.019473290436429792
0.011235653581183329
0.09549722608026648
0.03323684864384801
0.02387185777773514
0.0031102572714835487
0.03261674643354859
0.004398568004561665
0.03250553691995052
0.09606576939731563
0.1344638532121257
0.004398568004561665
0.03477373292219606
0.0031102572714835487
0.007868397419403626
0.0
0.014135212559520242
0.0050151390382162314
0.07330595900110617
0.020267197638733525
0.016917111193295926
0.0031102572714835487
0.020814150636071307
0.004398568004561665
0.0489089454817163
0.028691823695102713
0.03369768709369116
0.013195703350428675
0.02602527764096328
0.0033908257069410206
0.035559020566456184
0.004795351690145498
0.03543777912414139
0.10473161928309273
0.14659349704165828
0.004795351690145498
0.06285219654172548
0.006781651413882041
0.03161793614249238
0.004795351690145498
0.03985976846081086
0.026612962256120816
0.047143339864680375
0.008166189464878477
0.018443160971711572
0.0033908257069410206
0.02269174247803272
0.004795351690145498
0.053320897650269414
0.031280040482943174
0.03673747014736206
0.014386054347349502
0.042459853347809544
0.013563302827764082
0.012867278088423462
0.0
0.006065693335401363
0.016440484773754257
0.09308842045719064
0.041309364094754636
0.05513029222354634
0.00594847029661629
0.02773341513822579
0.004206203673675784
0.03496267122102192
0.023343343062642803
0.04135139654838289
0.007162906570062674
0.03585457875260355
0.010744280256735827
0.0037621428266100833
0.0
0.015278847136793816
0.07876532933656782
0.13752020732440862
0.019400909320494764
0.0372433145002286
0.01189694059323258
0.011286428162705317
0.0
0.005320473500032657
0.014420637300593437
0.08165174973680213
0.03623417222341319
0.019951775625122462
0.007770044791302749
0.05342306410020384
0.049143511332273286
0.09186481148125959
0.05076619141147684
0.0278601890014444
0.0
0.0238839387233417
0.0071571258178470334
0.0025060896506193106
0.0
0.010177753064578677
0.052468230414276194
0.09160682733495842
0.012923597083236087
0.004430182541355195
0.006920166466345869
0.0025060896506193106
0.005389549839475788
0.010375239118516644
0.13647403911233158
0.12608571531961815
0.07208281359270284
0.013290547624065585
0.005175887714469928
0.03558689667466173
0.0327361428901081
0.06119423528551201
0.033817064572292714
0.018558607298737213
0.0
0.012404511115794546
0.0
0.0025060896506193106
0.0
0.006311331548277008
0.02512428302815212
0.11822781964326885
0.07007809109748755
0.0021747733130061376
0.0033971045689609983
0.0012302375446815198
0.0026457260057783038
0.005093197162955964
0.06699500424848481
0.061895383828702084
0.035385399555082915
0.02461471160826915
0.0019451764139731406
0.0018453562651716436
0.0
0.00676799013776016
0.12839156006752644
0.19144502661391977
0.0854413069815069
0.0060893652764171845
0.0
0.0012302375446815198
0.0
0.0030982279607214202
0.012333491843278307
0.058037948688324514
0.034401282773916686
0.004380457901358118
0.0
0.0
0.0
0.0
0.01863082297027039
0.16635267689923447
0.07617697708404936
0.014463840370599257
0.001143004297271983
0.0010843490214754838
0.0
0.003976935847969356
0.07544411079449939
0.11249493184224935
0.05020613058170958
0.0007667505809247695
0.003835145654670706
0.01067750824075952
0.006015721803201567
0.06571685977489536
0.21660660232299328
0.08458938046445641
0.015472706190681446
0.002573999031298391
0.0
0.0
0.0
0.0
0.010947650076239653
0.09775042674414633
0.0447623215739136
0.01256706397776653
0.0018430390066617845
0.0077123117043498505
0.003114378005945796
0.0010223341078996926
0.010101237312550677
0.12988328504330426
0.015227648480651489
0.0007856021652556139
0.00392943781893995
0.010940029003119028
0.0061636263365730005
0.06733259630620719
0.2219321641574358
0.08666912305479955
0.01585312328176237
0.03261923816680177
0.006329584534257598
0.01684614934431638
0.009492624901924884
0.018899396491051296
0.04274563161644653
0.06325891135609528
0.04840257216726423
0.012876041984776647
0.0018883525755373578
0.007901929160270077
0.0031909491375208174
0.001047469553674152
0.010349589686557038
0.1330766386084334
0.015602040501518602
0.016195821288471902
0.007138923626101658
0.021647138040539825
0.04153339210993994
0.037191742212285855
0.01987141174740487
0.0077510475371388035
0.010537366337321406
0.04046023553103333
0.007851087133306827
0.020895618922078352
0.011774457679717491
0.023442424667065562
0.05302080674846688
0.07846505917202184
0.060037560049102864
0.021906623792116036
0.0035134109945781683
0.008962940587274664
0.0
0.017552552889400524
0.05626818802436304
0.15057319992965146
0.05625439468931399
0.020088965309343582
0.008854974781235115
0.026850667057712812
0.0515171696707868
0.04613187598139729
0.02464809250059116
0.0096142407545265
0.01307033357752414
0.012091203801282455
0.0011711369465647768
0.005512292240939401
0.004829530209970516
0.017498310091301112
0.03895484888552274
0.05845199066035702
0.04973539095831759
0.011677529386532439
0.0018728563801291122
0.004777778770972095
0.0
0.009356551430275908
0.029994280516101524
0.08026444347099852
0.02998692785067475
0.010679649439163797
0.002361914475838555
0.006014373978900305
0.0053887464966956644
0.0012120193926928992
0.001974401035750728
0.2038143004346659
0.08710519112615289
0.0064453285475621
0.000624285432522281
0.0029383786037303784
0.002574425958342954
0.009327636802680868
0.02076524419853025
0.03115837680488631
0.02651191233198848
0.00785824241613952
0.004104683598335062
0.0011614961552476207
0.005522138061457609
0.005362310058166495
0.01852946059639451
0.3273739750428628
0.043260919579204346
0.012844811574957347
0.002840762383740364
0.007233711269304526
0.006481245828298177
0.001457740800671215
0.0023746855570574276
0.2451350393360864
0.10476465295884144
0.007582020033918029
0.004008237473106749
0.002812408058566873
0.0
0.0031237302871526037
0.0009313164490668676
0.005092906692125994
0.004954838585596181
0.009451400415400994
0.004936855623938905
0.0013969746239499456
0.006641680824298388
0.0064494497404626655
0.022286071401695747
0.3937448553835315
0.052031516925687755
0.004639803503405923
0.002895930681449918
0.0053096277146448675
0.0006585401748829534
0.0035658643220729805
0.0004656582245334338
0.06851555896882469
0.005371837624411235
0.23990586894259303
0.11692569330169926
0.024085502504349748
0.012982189171147022
0.010321627134834508
0.003356798677746559
0.00846376352809974
0.008975549446427557
0.056605043039064544
0.01602451607084126
0.05958428824891795
0.007134926888357025
0.00801326845036482
0.005406922850162127
0.007941641979815834
0.0016578046975114205
0.1686533069183275
0.06273774279398828
0.005246986813431939
0.003706963951152971
0.012953918550942065
0.009481664842094803
0.016240723870665715
0.016805551324005453
0.021963365143938717
0.015916081198789966
0.012373823382824643
0.0
0.010182689830450169
0.007586928339286822
0.028986041981402727
0.019778135094612737
0.05789073797370339
0.01638848786621824
0.06093765207434294
0.007296985582545251
0.008195277298046913
0.0055297326378985125
0.008122023944354186
0.0016954591358401745
0.13585939774653624
0.016719565516233627
0.008880255595288655
0.0022106081750247284
0.014005935895432094
0.0023977413104816253
0.00993210043193516
0.018029936682878993
0.022462228598449256
0.016277590065808454
0.01265487540913322
0.0
0.01041397368844447
0.0077592535388022995
0.02964441454592846
0.02022736446963852
0.16900589169109762
0.2809204782040688
0.019610290673732125
0.010565561831135115
0.004376215122172093
0.0019331208000044936
0.004672438564196569
0.015383718657029812
