0.03554651115183283
0.09217110081795929
0.005537514580313662
0.0077101945871932
0.034004415328013966
0.006862832312596114
0.08497399327271321
0.04961139370332853
0.006447714243916817
0.0058666436426657
0.09632225690867437
0.01284136071860096
0.027060707757285835
0.028536329326580675
0.00835999222010289
0.0024167823844519877
0.02630764740434302
0.02446266429727986
0.033280894864624
0.006123957188577931
0.011818236548365791
0.0034240991026249414
0.0054554318783576715
0.004842407617909286
0.17763462759302553
0.049570452413667435
0.012434243083259041
0.024844934303929315
0.003707175083626828
0.01648081329675055
0.02672679811179369
0.06861512397615942
0.008035852260370418
0.007311658022248902
0.12004741473054913
0.01600431930651372
0.033726037068682185
0.03556511933481343
0.01041914387598279
0.0030120606236923157
0.033975223441410636
0.011820256387429565
0.020350365350932972
0.005322205750196458
0.030250227432334728
0.015702126000106724
0.010931673354686476
0.004620290253008284
0.22138785461998642
0.06178016224149104
0.015496924430370505
0.03096449593332205
0.004620290253008284
0.020540206307744734
0.03330988205963861
0.08551573134923357
0.06199304829782726
0.01733564302451579
0.02659624917720782
0.0
0.008108188847785766
0.003267038577300713
0.012965253251104952
0.029024123355513496
0.030978356221191976
0.0107776219228423
0.018555311877779052
0.004852747647013464
0.027581932545254532
0.014317081784617991
0.009967418517767074
0.004212746313495596
0.055330642602498745
0.05320226517360393
0.024227048249626782
0.004212746313495596
0.024753557608201065
0.0029788614933034165
0.003373428117349071
0.00614279911905775
0.056524800689520226
0.015806510466751317
0.02425026232954539
0.0
0.007392986329245309
0.0029788614933034165
0.011821621553227394
0.026463979960732933
0.33506519948313795
0.2013133548119195
0.003767994741394725
0.002106373156747798
0.0073270303664643025
0.0014894307466517083
0.003373428117349071
0.004852747647013464
0.023498078120018286
0.02259418876069255
0.010288857052989896
0.0017890889626116157
0.010512457529268125
0.001265076940841401
0.0014326433546635671
0.0026087528860306406
0.02911066913206378
0.33963984535797337
0.03160757456929541
0.0037209529424329
0.0014603040802969795
0.0014143989974779291
0.002614556290120329
0.0
0.14229706835898417
0.08549470447971654
0.001600209768485733
0.0008945444813058079
0.003111677794451444
0.0006325384704207005
0.0014326433546635671
0.0020608877457914732
0.06142570218428959
0.20839798338183968
0.006481535850241376
0.0
0.0019801585964691008
0.0
0.0006325384704207005
0.0
0.03356425003602935
0.39160064099100916
0.03644315185829132
0.004290213816987
0.001683712973321369
0.001630784967074815
0.0030145518351625275
0.0
0.003367425946642738
0.025115730824004194
0.032501002424553886
0.024571086567918225
0.03797169674061546
0.023897504393964295
0.006692021890152402
0.0023744587509593805
0.07082309298350391
0.2402803587062882
0.007473132579263618
0.0
0.0022830989539047407
0.0
0.0007293092193206765
0.0
0.000978470980244889
0.0
0.011816208615940826
0.006097137234156093
0.009824861686195955
0.007903783507960154
0.012040495049091824
0.001031398986491443
0.007590769680755718
0.056615269665824475
0.07326296931471787
0.05538754582826929
0.08559487540709809
0.05386917327173405
0.015084993009977456
0.005352447174957812
0.01249865777367247
0.0036760758157860208
0.06627319183769788
0.045996169442971725
0.10263250743881953
0.028442228703761518
0.02474536502027942
0.010544909523424201
0.0022056454894716125
0.0
0.026635810118643147
0.013744018484677033
0.022146964294655958
0.01781651658154375
0.027141391142114443
0.002324954514063451
0.0007352151631572041
0.0
0.0020795024744093625
0.01072373931483965
0.09931420058617203
0.07531143249750315
0.04922114965160212
0.003031369701990741
0.008053571591168951
0.002368697526814397
0.04270345701955694
0.029637857939338257
0.06613176080241183
0.018326889912982945
0.015944797621406624
0.006794664299728472
0.20299489137822693
0.0
0.0017292826316958145
0.02519256887489228
0.053251866798681984
0.033005538901556615
0.08954420483681143
0.08225253729632069
0.00047373950536287946
0.0
0.001339937644100155
0.006909894155115971
0.06399359346611147
0.04852729182886607
0.031715889793688036
0.0019532779724322
0.0
0.0
0.0031779411465664613
0.023887278686476686
0.06834950157125362
0.03408502827066459
0.03615533626848543
0.0014980958727154354
0.15637108052526977
0.0
0.0013321014721893666
0.019406346580585532
0.041020992670117974
0.0254248357991378
0.06897771648360874
0.06336079713950021
0.18107579874533763
0.12348818716622345
0.036644600337704385
0.01437022465502565
0.008130705858174148
0.001315777946976858
0.001315777946976858
0.0019652143390830267
0.0
0.0
0.0024480324975686236
0.018400855083849907
0.05265100683813034
0.026256388346676745
0.027851188572639855
0.0011540136244634876
0.011432490925412766
0.01635897856623984
0.03399502124919208
0.01066841773059466
0.027063943842615793
0.01067643832537322
0.014183936370364142
0.0026586632491002586
0.21604168076017388
0.14733385518259254
0.043720702062877585
0.0171451265651422
0.009700751682652806
0.0015698557241867232
0.0015698557241867232
0.002344698804651404
0.05343112194820637
0.014170216781632087
0.002538794284859453
0.0017951986743345106
0.009538630323934186
0.013315047562717466
0.027244731054977604
0.033607436523908026
0.013640114095397327
0.019517910452189095
0.04055948712661628
0.012728497753643929
0.032290013112026776
0.012738067131709151
0.016922865863253467
0.0031720532555470173
0.010296813568126504
0.03765256203163618
0.06238913609200706
0.05129883231896248
0.04306416782020929
0.022593013442747112
0.018551228040770786
0.007516976922580864
0.039059754714927904
0.010358854008052216
0.001855934863849511
0.001312344141903679
0.006973025217969424
0.00973369962774666
0.019916716577899358
0.02456804535180498
0.11872577595668116
0.016835311450281013
0.0036010426423054185
0.0
0.005181389120216024
0.01726407876246778
0.017537800041865198
0.24623194415566715
0.007527279938202083
0.027525153575662216
0.04560833206894424
0.03750098696192834
0.03148119992109452
0.016516171309301785
0.013561504803054649
0.005495135870034605
0.0025463217152945244
0.048438713813238374
0.025101801664502824
0.03007504255417826
0.02922594405807672
0.02455510218436407
0.06999724689740097
0.04568793861960989
0.09488836614837136
0.013455167458320053
0.002878035961488669
0.0
0.004141085152188291
0.013797848138933802
0.014016612470207065
0.19679422337903416
0.16910425262633236
0.05619658844254792
0.02488285631900149
0.00934800462025198
0.008522606605248118
0.0017064653985176727
0.005616752395674495
0.0033986620180547784
0.0020350787796962733
0.03871333225687868
0.020061936240317362
0.024036664547469094
0.02335804553365434
0.019625001463294236
0.0559434068925516
0.036514849562942764
0.04391613431272702
0.02637663173374496
0.017865887312545976
0.019654845181246383
0.004945848556457469
0.021273284154240502
0.025322329665516806
0.0016088710599396004
0.22999153265285877
0.0764306000885925
0.03384211912301064
0.012713825208219351
0.011591236322540405
0.002320891321943233
0.0076391070712294885
0.00462237628185915
0.05379323715991339
0.007414533598468186
0.030544367938331606
0.0
0.030891306812028892
0.01048255616552202
0.02129003823464791
0.014610740344922843
0.059728474487814834
0.03587373980516558
0.024298636736802402
0.026731722573992808
0.006726639171411673
0.028932892882385597
0.034439828210483935
0.002188157395035959
0.03666449362611355
0.022571768791522034
0.04030660215265326
0.006661262141609975
0.01126976169999621
0.04235680828026989
0.03770841706005989
0.035361883808679564
0.031172585222659283
0.004296640111050202
0.017700122968978743
0.0
0.017901170204251683
0.006074525213079291
0.012337341389036144
0.008466762229131237
0.22078717483946156
0.00818682862679666
0.007572496980248978
0.004108085670995338
0.0
0.012012195256038753
0.013774241135014405
0.05866218627084175
0.02124666803018465
0.013080090052736559
0.02335722958825237
0.003860127643601829
0.0065307021027168665
0.02454530133502528
0.021851610099647492
0.020491820066208748
0.2640017515659113
0.16818640454931147
0.004953586227386118
0.0012680129785567341
0.001022304736509172
0.0012837653000302826
0.0
0.0012680129785567341
0.17735669461204723
0.006576418515521607
0.006082930475256147
0.0032999946501449796
0.0
0.009649307063214303
0.011064745405940204
0.04712289771033008
0.0666122591159462
0.009356146118820224
0.008178881690870065
0.003993400311016008
0.002129456152939432
0.004922192813079358
0.01709210213157974
0.01397916733294727
0.21207064252516655
0.1351028872543873
0.0039791789554976375
0.0010185853900504917
0.000821209787594512
0.001031239112672951
0.0
0.0010185853900504917
0.01727665045287974
0.14485621577991337
0.019051595791657938
0.004459495285393471
0.004919187946575109
0.004831574677304067
0.02542091996441708
0.03672523143960014
0.10414555680028008
0.01462795377279212
0.012787348740366763
0.006243518902327896
0.003329318051556212
0.007695648188484426
0.026722806237245583
0.021855859339044117
0.051787910017942515
0.02857559952379373
0.027231162765613003
0.006139662759170946
0.00801328048810085
0.013393224749234656
0.0069918963398852675
0.01552194573948912
0.02701134002867414
0.2264767994450011
0.029786394846667327
0.006972239430239444
0.007690950201967398
0.007553970420281219
0.039744574034958645
0.0574184050752409
0.019640859072382878
0.003947712739278414
0.047590102017176616
0.023039586728969472
0.030156549310003052
0.04126208035164237
0.06191915492258879
0.01472626665686304
0.041494458541996695
0.022895865643968834
0.02181865138092291
0.004919333136517667
0.006420547476885841
0.010731165032692329
0.005602175347581908
0.012436777884166526
0.03271894790045428
0.13848821080599868
0.011164861540678417
0.004811017333405258
0.0010087551075248732
0.0013533869676149504
0.0057956887513703655
0.003189963683588486
0.015737009124829122
0.0031630587629226034
0.03813101386939466
0.0184601999968475
0.024162583210638605
0.03306076035728353
0.04961200029120053
0.01179924930470999
0.002028684314328123
0.34619812802158134
0.10525188494645031
0.008215401122820709
0.009277179905797269
0.0038070192413525
0.0034356961260908693
0.0028100666270767173
0.026035449262105537
0.1101992275793591
0.008884215563567386
0.003828270947588867
0.0008026967278947563
0.0010769306468697512
0.004611803560565097
0.002538349884742907
0.008359441064416941
0.07474379857498398
0.02299507862849948
0.008236787176966158
0.014153026812352464
0.006271496872979607
0.03251690443753833
0.09759618345624042
0.0016142850220983382
0.2754802453967859
0.08375208514043417
0.006537241348707112
0.00738213060724536
0.0030293595197392136
0.0027338865675937407
0.0022360543901039105
0.025437828712095198
0.01060413623934311
0.041076113931014104
0.008548280442415283
0.006133844476646019
0.002657399132804355
0.054552374903495536
0.04537486748244546
0.008143149918238154
0.07280988675732021
0.022400106802667682
0.0080236695623304
0.013786833143714365
0.0061092289370661135
0.03167556606613469
0.09507099185314635
0.11716359397860446
0.15659643890057337
0.018434982355419433
0.002580307922082716
0.00015638557036904305
0.0
0.0033892183459028453
0.007438126870748501
0.024779653472143018
0.010329766127302192
0.040013315629758406
0.008327103289481235
0.005975138141842913
0.002588641915681866
0.05314089348939995
0.04420084376245489
0.07024373737762013
0.10534711020833801
0.06761011904014701
0.0025264862516805333
0.0011385041363013524
0.0
0.0
0.0
0.16066221147168358
0.21473504975402916
0.025279226533491413
0.0035382832069441065
0.00021444589334071841
0.0
0.0046475129015979885
0.010199635156972349
0.0025100247440568535
0.09085167021909392
0.05115757698798979
0.024160379888145875
0.011166610714119805
0.0007731956572540671
0.0
0.0
0.0963227040575888
0.14445869338314707
0.09271131820040796
0.0034644794911457173
0.0015611896673401538
0.0
0.0
0.0
0.016484687099112213
0.0077779142014637375
0.0063460323753109105
0.00767266520018458
0.015978295255045093
0.0019180624081834503
0.0038455405277024704
0.0015623205139046637
0.007247826269453772
0.2623388966968626
0.14772014947385625
0.0697643465260277
0.03224416598529289
0.0022326424507736527
0.0
0.0
0.00433456525864151
0.023921586583370288
0.06695453058615265
0.06935659681277512
0.01248495805431312
0.003617268405073087
0.01112528999277573
0.005887745422098038
0.047600386603186794
0.022459129538226402
0.018324496706850286
0.022155217603449247
0.04613815396235045
0.005538504407735389
0.011104197168942242
0.004511281288678904
0.009465070155697773
0.0013846261019338473
0.004153878158167129
0.0
0.03420624859149756
0.016926918490242214
0.02954959464916813
0.007250935450188509
0.0032937468651677167
0.018177520954779206
0.050877368794311956
0.05270264944687332
0.009487062484792847
0.002748687759614853
0.008453878728606647
0.0044739764820195226
0.11021293496595448
0.015384416045609492
0.008886693129334614
0.025077709264041344
0.038991934150484346
0.013876207854035373
0.02751247761600007
0.05099197632590907
0.007192311868363181
0.0010521488570467015
0.0031564464589557547
0.0
0.025992623791458024
0.012862416733266168
0.022454128369306863
0.00550983650805085
0.1573314531461186
0.201127735021154
0.03418689716528907
0.01904859204340511
0.00047053526645253094
0.015793601729877874
0.027428283710329054
0.02524314617825032
0.0481510337486778
0.006721312125883169
0.003882515794692487
0.010956224198959905
0.0170352231141124
0.006062389617785993
0.012019952454827443
0.02227793292810042
0.11126944406810012
0.16379738369839358
0.027942289909605872
0.004202189090994146
0.0016445807927643154
0.003316716315755985
0.0017684023988540573
0.001950232838613252
0.06873668787159559
0.08787088702238374
0.01493594594569969
0.008322157454840731
0.00020557259909553943
0.0069000816477978975
0.011983168899479332
0.011028502089407284
0.0076919428390000615
0.23559611081649634
0.03493268676837649
0.010410757777944427
0.0037256140046811343
0.0009193486252759415
0.039088712520934675
0.014653736887943221
0.1294150706035814
0.19050917485519045
0.032499069729010184
0.004887474746146564
0.0019127761551376806
0.003857600617766259
0.002056790372415026
0.002268273402607164
0.03698967629442784
0.03873343986838322
0.014558657496499261
0.004087336019852554
0.004224975234776072
0.005794053072868435
0.0030766901919047278
0.0034838268282098464
0.00894633143829369
0.2740167129493834
0.0406294482943167
0.012108525967334484
0.004333180627400372
0.001069274392856441
0.045463231465448915
0.017043442697519156
0.017048223835274184
0.007652669754543021
0.011139044941945456
0.010809412765010408
0.0012191603708324565
0.007844996082798249
0.039630031801118105
0.022691121082963353
0.12759427742493662
0.133609313929927
0.05021945498405971
0.014099087591219752
0.014573868068716044
0.01998633373565771
0.010612908822768207
0.012017308918326662
0.0041237737769012
0.002973695533289832
0.016145531407478028
0.013863087181776068
0.060843986618164675
0.014038941882530617
0.02318070104884961
0.0026081035696846494
0.05880710564553043
0.026397551033710318
0.03842365040608717
0.037286598567697005
0.00420544060302897
0.02706097232694325
0.13670206875404986
0.07827203394528212
0.020061791949666192
0.0018442077248734643
0.010008863208292845
0.0
0.01402083084146408
0.0018442077248734643
0.02457324708812761
0.0
0.0078020708237892256
0.00562615323106964
0.030546918027961202
0.02622859397245079
0.11511521205543038
0.026561306411156456
0.04385727275857376
0.004934462913663525
0.0031208283295156903
0.0
0.0
0.0
0.09244731887012585
0.11223613887151204
0.1895929163114125
0.06873632610218862
0.03795637930484135
0.003489192196681136
0.01893650424136492
0.0
0.02652704080088337
0.003489192196681136
0.0464919330022301
0.0
0.0
0.0
0.0044135176739051206
0.0
0.11480087203157886
0.01046757621801168
0.006620276324841817
0.0
0.0017411970897511229
0.0
0.0
0.0
0.05157893532610215
0.06261966943830806
0.10577917118885213
0.038349911732532944
0.0
0.10443352680711211
0.1056819900417721
0.13360332054824434
0.08998006459845699
0.044650213786087786
0.05029131999852552
0.02960431256214618
0.0
0.0
0.002462424496948
0.0
0.06405060553692696
0.005840152460541924
0.003693636641638566
0.0
0.00609418981412893
0.009733587572614453
0.023792626237020602
0.013765370568704818
0.03322402301833212
0.009733587572614453
0.00929504859650035
0.0
0.0
0.09211244752345184
0.09321361692473024
0.1178407857056205
0.07936420641802676
0.03938237652241987
0.044357944387011045
0.026111592423620496
0.012410773965849112
0.0017170435989830137
0.03270291684071126
0.006563454803245044
0.04311980327031356
0.029746984617125966
0.0794439171605414
0.025081439751782238
0.005375196611799926
0.008585217811836963
0.020985569507295545
0.012141330594844381
0.029304249031506024
0.008585217811836963
0.00819841771363758
0.0
0.013946544426363377
0.0034340871979660274
0.004974904755693019
0.002428266338662603
0.0329536606140191
0.02498633580215624
0.08657596642382097
0.014354748552034259
0.004585799241777602
0.0006344501363075683
0.01208377589219829
0.0024252062073635075
0.015932830755497087
0.010991554586181134
0.029354644285774643
0.009267628893484915
0.009659850930935054
0.0022875424698237208
0.0
0.0
0.0
0.001816788705323562
0.11910722649121189
0.36046608848800127
0.005153268686692991
0.0012689002726151365
0.0018382346273770013
0.0008972479851228338
0.012176426085383635
0.00923248784416075
0.031989946982759206
0.005304100711765969
0.0
0.0
0.0
0.0
0.0
0.0
0.11850465387964478
0.23502098266015273
0.007314835711372157
0.0017322210735116693
0.0
0.0
0.0
0.0013757469961735713
0.09019288186221247
0.27295972118644646
0.040548604370162736
0.016968805991016984
0.012148887110152414
0.01685426891228094
0.005621808749847213
0.0009608633812940845
0.002324018519561945
0.021848769426918564
0.0
0.0
0.0
0.0
0.0
0.0
0.08973658914203493
0.17796753688805136
0.02181825374478455
0.0009608633812940845
0.003607954452785672
0.0026608579413439945
0.005515460384588849
0.0013757469961735713
0.04247207915383683
0.16303294960901168
0.07071934233551774
0.02959467578585118
0.02118843101713834
0.02939491584325733
0.009804791649445825
0.0016758067868151085
0.004053235957978415
0.038105642073565815
0.06905587402647295
0.0506688394157937
0.010417675554436491
0.008015161498392036
0.002997774269965325
0.004292667430968891
0.011844707803309094
0.048798363851824476
0.03805242078506629
0.0016758067868151085
0.006292501802238515
0.0046407053111439
0.00961931334343875
0.002399390171392687
0.07407400456898486
0.28433982265127805
0.06595457325784279
0.012653667243096349
0.01003971963969517
0.0066586440261009044
0.011662505797077505
0.003351613573630217
0.007772676005126548
0.050184250092456466
0.061751103567573726
0.04530906015633042
0.009315687784195954
0.007167313060266184
0.0026806679667231684
0.003838586577143197
0.010591767733030114
0.04363644458380142
0.08850942989282296
0.01075658746440829
0.0040902152443815665
0.0
0.009522885714881931
0.004356085445925149
0.04684592641833448
0.1933346895723955
0.05897786019533777
0.011315154973471369
0.008977712265614855
0.005954288793995069
0.010428839160831992
0.0029970779433532895
0.006950477823302403
0.044875730973042316
0.12540273838624366
0.005852109316498953
0.004264916426277755
0.0
0.0
0.002617085808197107
0.007989652856033872
0.1616894749887109
0.02449116948444895
0.02277357789305604
0.030982931472202786
0.005701113106609889
0.011002216574696555
0.003187673537090697
0.005078747813902444
0.004508051360891529
0.16536939635163114
0.04614773540273009
0.011575689383485535
0.023129453102183544
0.003451203822453627
0.015342853942372791
0.02488137887329785
0.0638774195452831
0.009822298154476005
0.0012201848161749532
0.0
0.0
0.036063349262804724
0.030530945955574585
0.08249152418053575
0.008636830145123817
0.19648568032906685
0.047160899702111465
0.0027284161540211123
0.0
0.020667885590154946
0.0
0.04599538606688376
0.05669528950220006
0.13857441472591778
0.03867036806956792
0.009700067949420835
0.01938176287316437
0.0028920015453127966
0.012856834772309905
0.02084982222230296
0.053527292370757915
0.03880362091088
0.010850986338628363
0.01664752418312437
0.0
0.005075199477395772
0.002044953909118238
0.008115406258979907
0.01816721569404479
0.16464889365459456
0.03951936826492107
0.002286327942252816
0.0
0.01731904579967164
0.0
0.03854270406090275
0.04750889060378644
0.07945842925461769
0.09003245178136637
0.011848465630029878
0.02202708260783307
0.006532214166386992
0.016482782700444527
0.02789175833474809
0.039743528597564984
0.028027732544673997
0.007837633081806385
0.012024454016990363
0.0
0.0036658005161429156
0.0014770637349176118
0.005861732250205715
0.013122122384494346
0.16614154639349937
0.09982090688531416
0.0018683542012228507
0.0010444417805360517
0.003633096356871192
0.0007385318674588059
0.0016727089680702314
0.0024062272046632112
0.05739257191186231
0.06503015490912258
0.008558109216300673
0.015910092037279017
0.004718197613581243
0.011905461765567015
0.020146128749232557
0.028706624891333934
0.40405307444875826
0.03194084698505329
0.0
0.0
0.0
0.0
0.0009341771006114253
0.0013617854241271595
0.14167104788823964
0.08511857982892938
0.001593169819707377
0.0008906090301841008
0.0030979883065361097
0.0006297556862384022
0.0014263405960920907
0.002051821094372364
0.0611554664904648
0.20748115912703644
0.006453021038440198
0.0
0.0019714471041593425
0.0
0.0006297556862384022
0.0
0.34454128845077503
0.02723637380919113
0.0
0.0
0.0
0.0
0.0007965849098536885
0.0011612120641882634
0.056358336695341724
0.007563872920778256
0.003417802904299856
0.0008906090301841008
0.010067188887450226
0.004705058782146923
0.011829467977299554
0.017261681378667848
0.13180759333624575
0.44718148379120415
0.013908113560994266
0.0
0.0042490346832603975
0.0
0.001357304361431727
0.0
0.001821014864254456
0.0
0.021990934798469426
0.01134727320172411
0.018284874596208433
0.014709590312267056
0.02240835027308714
0.0019195182312998491
0.1214684009548851
0.01630231838954949
0.007366346807012497
0.0019195182312998491
0.021697683217298383
0.010140752906807562
0.025495900759405537
0.03720388069992147
0.01699613873304159
0.0
0.0035730434199698177
0.005758554404457029
0.0221476876038621
0.006786521662437376
0.012157389233263385
0.0
0.004048554008854959
0.0
0.048891137016205476
0.02522771741856207
0.04065167385560989
0.03270295701387608
0.04981915200734807
0.004267550684481003
0.001349518002951653
0.0
0.003817013259556364
0.01968386941611832
0.1822953447590052
0.13823726587331986
0.09034746684979829
0.005564205135366579
0.037786504082646284
0.0
0.007943734862183041
0.01280265140994268
0.049239636202636654
0.015088069857074275
0.027028800194714365
0.0
0.028777870126236144
0.015088069857074275
0.02918664984953089
0.008535101368962007
0.03395694610591704
0.003017614035764888
0.0551479319036772
0.029495267459542746
0.0010178216410636567
0.0
0.0028788342884689764
0.014845795482369733
0.13748919729492703
0.10426009916103071
0.06814107464581963
0.004196586032721885
0.0
0.0
0.0068277549927451015
0.051321430697638615
0.14684779518619268
0.07323113022540709
0.07767915336891743
0.0032186346766034197
0.021704592998491333
0.011379591816353563
0.022012899258865327
0.0064372693532068394
0.02561071029466869
0.0022759184118042305
0.04159318988609182
0.022245662127975914
0.03165325557622009
0.0068277549927451015
0.02493726114179214
0.0032186346766034197
0.0361192652414598
0.009103673647216922
0.01025312013013421
0.03267058994076415
0.0
0.0
0.00669573286637384
0.05032907458405266
0.1440083321131895
0.07181512605724319
0.07617714179800125
0.003156398847334652
0.031269562520038034
0.044744238712136127
0.09298143766366065
0.029179708726046298
0.0740239104099633
0.02920164624530718
0.03879517491043445
0.007271839289429957
0.03104120518598407
0.00669573286637384
0.02445507186503674
0.003156398847334652
0.035420859659359684
0.008927644139132248
0.01005486481444719
0.032038868275536515
0.0009981409440464539
0.0
0.03879999153142985
0.006312797694669304
0.07536789616429623
0.007197696642649147
0.01988222900608466
0.0
0.024239093237219657
0.03468420043538753
0.07207602394232207
0.022619110196770608
0.05738079850208639
0.022636115409888538
0.03007269005460719
0.00563688060648811
0.018297898564375355
0.06691028794348519
0.11086828718199913
0.09116032100929491
0.0765269536366676
0.04014879608179349
0.03296636252455544
0.01335800442827297
0.0007737246528832799
0.0
0.030076423734134078
0.004893464429210967
0.058422610199576404
0.005579407767620516
0.015412022548553807
0.0
0.0007737246528832799
0.004519804644456066
0.017489002060043696
0.01935737366512915
0.09452655924633487
0.017473384063825086
0.01111968421257896
0.0
0.011130409605183812
0.04070078916393893
0.0674399546056794
0.05545181644787052
0.046550500693635186
0.024422069232331846
0.0200530742260025
0.008125526560957462
0.0037651852874455182
0.07162517269397506
0.037117436397713574
0.044471249278566514
0.04321570755109715
0.036309044894429224
0.10350326221417835
0.06755766691655915
0.0004706481609306898
0.0027493472461451243
0.010638366795473326
0.011774876607577301
0.057499461988972884
0.010628866540866833
0.006763981094925516
0.0
0.0004706481609306898
0.018063923968909233
0.07510632882546342
0.011372042651856701
0.02007049480059322
0.029839259296141066
0.05417735500329954
0.008934930658704269
0.003401751639774389
0.06471156930132328
0.03353468434904235
0.040178672125539654
0.03904432127580452
0.032804322650496855
0.0935126335304354
0.06103667858764375
0.0734083532300246
0.04409006233428636
0.029863861815977555
0.0328542081475565
0.008267271323774495
0.035559522303050366
0.04232773557563974
0.0026893208365879155
0.0004252189549717986
0.016320307844315096
0.0678567076343787
0.01027435883899979
0.018133194885960647
0.02695903162555047
0.04894789821781916
0.008072488522905798
0.0030117249613465106
0.02435700189288861
0.05055314583995471
0.03114548145279876
0.023130992079039885
0.03123145502095754
0.0009508185025984768
0.0013446604182939578
0.07573997650847004
0.04549046720870992
0.030812408845444648
0.03389773566371937
0.008529859454682912
0.03668897700846229
0.043672164775444736
0.002774740040123897
0.04649319959617112
0.028622616811907146
0.051111653635168765
0.00844695670613901
0.01429086367487763
0.05371146160406112
0.047816969155694486
0.04484139720513098
0.0031073844839916605
0.025130637999785644
0.05215883356420781
0.03213473575940585
0.023865687208571375
0.03222344005184912
0.0009810187517075727
0.0013873700200619486
0.08720396114185204
0.003174643230920274
0.004684099014483892
0.004583648959608255
0.02236646717936765
0.06401326971691014
0.026248254847357193
0.04379453860781809
0.016626878132857535
0.01023600796909344
0.01827852768882704
0.0030207970405646874
0.005110692548573044
0.019208269901517538
0.017100284035943505
0.01603616126901647
0.20659827432288405
0.13161663033808768
0.0038764983952467164
0.000992301345104665
0.000800018913291851
0.001004628545260388
0.0
0.000992301345104665
0.031185843245931925
0.0011353145529730219
0.0016751254839960641
0.0016392025783805598
0.00799868641616418
0.022892398107968826
0.009386889659947956
0.01566178414567284
0.18281200408905957
0.1580945145122251
0.028990236260214294
0.00114222461110208
0.011926594392998719
0.004000094641273392
0.023366796345767004
0.046593818337281524
0.1605183298421127
0.10226068804572021
0.0030118792138028472
0.0007709771784799446
0.0006215816672457345
0.000780554904078628
0.0
0.0007709771784799446
0.01307686459069004
0.10964307717170728
0.014420337963285254
0.0033754353107370233
0.0037233811524383146
0.0036570658176614795
0.01924134131509509
0.02779768450529446
0.14203737987474047
0.12283291092277582
0.022524216726733853
0.0008874613666526347
0.00926647145985578
0.0031079083943561683
0.018155036074121944
0.036201473245504254
0.0
0.0506339035879809
0.03933518699282412
0.02432385701504776
0.054674808045916096
0.012349054401852981
0.0
0.0
0.017942646674652424
0.1504402665004412
0.019786014239874538
0.004631404013835105
0.005108817330786136
0.005017826664578644
0.02640086898268674
0.03814094946024366
0.01304670535961209
0.0026223213945959006
0.03161236668741374
0.01530435601377314
0.020031894331111334
0.027408893006593178
0.04113063320774499
0.009782121108405381
0.0
0.06947431745101651
0.05397145142850978
0.03337454243400848
0.07501880561420955
0.01694402495046538
0.0
0.0
0.0
0.0
0.13488721914865034
0.08463894569469263
0.09115652083487061
0.01212587337329076
0.0
0.0
0.012382871979792402
0.0024888942628897674
0.030003888252147753
0.014525650425001502
0.019012645428688975
0.02601429279296315
0.039037852961404454
0.009284394031859265
0.0015962968536444085
0.2724105365212826
0.0828188257746775
0.006464396097097403
0.007299870654948069
0.00299560300920816
0.0027034225470282227
0.0022111377722261985
0.0
0.0
0.1280239815638483
0.08033240578011655
0.08651835819913409
0.011508893125574295
0.0
0.0
0.0036068170800823505
0.04776483701737253
0.035479794848862795
0.007432851639245863
0.006572703737573069
0.03317860630563244
0.012822676770900892
0.015507291366237885
0.0017383689348313427
0.29665535776018315
0.09018978745539731
0.007039734077019218
0.007949566739968937
0.0032622147944512394
0.0029440299670748828
0.0024079313350112287
0.02739313726964214
0.01141923561629278
0.044233477634854766
0.009205354050801456
0.00660532963096445
0.002861663235845491
0.05874560722259658
0.04886265992299281
0.003927827553703211
0.052015957219182125
0.03863753351304378
0.008094383170258084
0.0071576812102093455
0.03613153679469621
0.013963908347640603
0.01688745643575093
0.01797260989384548
0.007377342313884538
0.06399525706301701
0.05619670193231148
0.03624032503438043
0.005587736202126752
0.005084591253069771
0.009215475129332214
0.03450995011916572
0.014385984622286845
0.055725457502371435
0.011596930501073943
0.008321412543639196
0.0036051312617018986
0.07400787850680506
0.06155731415623533
0.09782654449993014
0.14671405807086887
0.09415877579762401
0.00351856875723746
0.0015855637770880266
0.0
0.0
0.0
0.02264194366795631
0.009293996257460874
0.08062140189964287
0.07079676057020788
0.04565566174214114
0.007039445526677706
0.006405582127836226
0.011609681063808342
0.03807503304889605
0.0228390302967342
0.019546671659907634
0.009175544883891521
0.007048395928211405
0.006204574869258137
0.002371925156613908
0.03316050240849123
0.16078081041276945
0.24112888047065037
0.15475272440218985
0.00578287150152885
0.00260592081979883
0.0
0.0
0.0
0.027516060487790817
0.012982809825237711
0.010592728248141144
0.012807129336547523
0.026670796727059482
0.003201608918969161
0.006418934440934025
0.002607808416589984
0.06257743950159518
0.03753661972751518
0.032125531228944786
0.015080278568071807
0.011584246538000772
0.01019740174658565
0.0038983289338109205
0.054500263483553996
0.03102066905855829
0.019458132187892763
0.010982407832955655
0.003059563462710914
0.009810889378161106
0.004991362687737793
0.006238921986735247
0.01908840149199795
0.08437365080149489
0.039809734504067835
0.03248092708039937
0.03927103805033824
0.08178178306611365
0.009817227762379572
0.019682648003967185
0.007996432367060415
0.01677722768905052
0.002454306940594893
0.007362920560096586
0.0
0.06063198809597316
0.030003661981716938
0.052377876697491284
0.012852582495988108
0.0951199791095412
0.0596652871583509
0.03367581794161839
0.009381667819865627
0.03008354174873093
0.015305224838623387
0.019130668262636593
0.05853156641224829
0.003292798245746289
0.0
0.0
0.003470914152746294
0.11091164547673031
0.04132404185161037
0.017905917743253175
0.0045255182143141195
0.007405460849853195
0.0010833299934267658
0.0032499898647712893
0.0
0.026762932614101342
0.013243603071730623
0.02311957150911512
0.005673124204880772
0.1619940761814113
0.20708829021589262
0.03520004877000995
0.019613109832286056
0.00048447989436009614
0.016261655699782898
0.028241139276644518
0.025991243729632234
0.0014534396830802885
0.0
0.0
0.0015320599653147293
0.04895635104879516
0.01824041371802557
0.007903664138437728
0.001997561729657697
0.012543207271081432
0.0
0.07650839130577451
0.09663594499317224
0.0655602590152592
0.019126737438338617
0.05787528761966329
0.016254006231236004
0.08447423100653315
0.1079892825639798
0.018355591274270684
0.010227549116509952
0.0002526392784163534
0.00847988329273115
0.01472676396185836
0.013553522318342663
0.009453044311424375
0.28953679476862915
0.04293066691347111
0.012794342944338389
0.0045786084232124005
0.001129837217239426
0.04803823159780001
0.018008769309534916
0.006540842810780169
0.0
0.0398964435826935
0.05039225713257649
0.034187376448884324
0.009973922965912286
0.030179933311129257
0.00847589436308422
0.03645719788578408
0.06050959749098669
0.010372133601011352
0.004555297422898318
0.003284310619412595
0.0020380459759982675
0.001821807728562691
0.01678485698371752
0.012180216625003964
0.3730672114727271
0.05531602366763661
0.016485468966679486
0.005899521952774146
0.0014557915528160977
0.061897104029881536
0.023204240254619816
0.023210749659505148
0.010418927133749008
0.01516554370071801
0.014716757363062908
0.0016598577327235394
0.01068077483713424
0.053955341977077374
0.030893419516257264
0.04697498003397983
0.07796641812429637
0.013364460163496758
0.00586948580524145
0.004231823472984297
0.002626015562983867
0.0023473932896075074
0.02162723323261189
0.004231823472984297
0.002355520111483137
0.02702308780927049
0.014598196041003242
0.015246439385810514
0.01986347881028151
0.02157086888928011
0.009895408680468848
0.0670765149954144
0.030109554080552912
0.043826754171132264
0.04252981098967273
0.004796806382067487
0.030866265158837346
0.15592500708937904
0.08927858633782869
0.022882865493465156
0.002103538777401739
0.01141630174973817
0.0
0.01599242914375796
0.002103538777401739
0.028028717936368817
0.0
0.012229504639344321
0.006807194183631008
0.07809375316400603
0.042187181802176635
0.04406053380831643
0.0574032702012844
0.06233743983893208
0.028596643300118792
0.011288773513240912
0.002103538777401739
0.013519839405701017
0.00685358676486683
0.016603066077724618
0.02490033764879729
0.0401277355348432
0.0059497061207549
0.06452021617616416
0.005931109313720485
0.03218924907091638
0.0
0.04509203560331729
0.005931109313720485
0.07902939170409802
0.0
0.0
0.0
0.007502325554570433
0.0
0.19514445835840993
0.017793327308762687
0.011253488015656265
0.0
0.03182967219057691
0.005931109313720485
0.038120355222643024
0.01932427998484659
0.046813779193337964
0.07020865321341345
0.11314361709233503
0.016775710419893865
0.021219781460384605
0.0
0.026866869736581835
0.0
0.055701926333509594
0.029655545936203655
0.06001859431818317
0.0
0.0
0.0
0.007673232410144751
0.0
0.19958995002871896
0.018198668505758957
0.011509848291814558
0.0
0.01899028167292295
0.030331114607468353
0.07414089284388002
0.042894670564053036
0.10353034195998125
0.030331114607468353
0.028964570581935332
0.0
0.021703179054769085
0.0
0.0274789109219989
0.0
0.056970845018768854
0.030331114607468353
0.061385848932275784
0.0
0.11122879265569156
0.04246355941556747
0.034529542288223115
0.0
0.008138692145538407
0.006066223050854698
0.03354513332604846
0.0
0.012735044230502339
0.020340303147651593
0.049719512639036
0.028765530511584134
0.0694283269078261
0.020340303147651593
0.019423887114028166
0.0
0.03304248624924799
0.008136121432561845
0.011786663201715312
0.005753106622820452
0.07807460001653178
0.05919822372638595
0.20511784802168348
0.03400961321611655
0.07459097335008512
0.028476423712707394
0.023155804420032018
0.0
0.005457876098786716
0.004068060716280923
0.022495651406500252
0.0
0.06215115877611048
0.03661254774778737
0.044492407027763595
0.0
0.010915752197573432
0.004068060716280923
0.02764138495094644
0.0
0.0081145287642189
0.001998057618778718
0.0028945526938565663
0.0014128400878295677
0.019173453922628206
0.014537819145778024
0.050372561715585545
0.008352034487369054
0.0
0.0
0.0
0.0
0.0
0.0
0.1866018407080723
0.37007279067659765
0.015262996912944535
0.008991259604065658
0.01092638471248027
0.0
0.0026806755557721136
0.000999028809389359
0.006788133664500111
0.0
0.059234915352369195
0.006012483513149382
0.0
0.0
0.0022338962964767615
0.002609914429532131
0.015356513369386551
0.2053727460817675
0.0
0.0
0.0
0.0
0.0
0.0
0.09318462277473787
0.18480575147349806
0.022656597094338315
0.000997783541585565
0.003746586290895484
0.0027630985965919562
0.00572738612288276
0.0014286086210497778
0.04410402392434128
0.16929731845638202
0.029580540155761014
0.003002494541244463
0.0
0.0
0.0011155558965290845
0.001303330613821624
0.007668685903802024
0.10255837669780098
0.017698531926002216
0.018307866205129298
0.004708607713277257
0.0025487271668989345
0.0
0.0
0.016772424438073138
0.26602279626304726
0.030339472605189953
0.0013361329726523416
0.00501705757763635
0.0037000681888671215
0.007669548681605374
0.001913051282211706
0.05905974405863325
0.22670621426741355
0.05258606225989753
0.010088861175102302
0.008004741687600061
0.005308985442967743
0.009298600925730448
0.002672265945304683
0.006197211264390872
0.04001226858843145
0.02370012240960963
0.02451608257308886
0.006305301459470278
0.0034130031856177104
0.0
0.0
0.022459970914550965
0.356231401651911
0.00609356765193591
0.005403633886035692
0.019839387730726826
0.0012318536863645505
0.006572905041920162
0.001913051282211706
0.021739924273394627
0.030669124905961333
0.06985372146444833
0.01340173551949954
0.010633254748699686
0.007052294361935786
0.012351977903665566
0.003549756589486984
0.008232186456167353
0.053151077396195824
0.1485277344599935
0.006931272393068886
0.005051391880336605
0.0
0.0
0.003099691689201244
0.009462991423468818
0.19150595684865387
0.008094509442052544
0.007178022467349647
0.026354037648189665
0.0016363568708943844
0.008731246613243822
0.0025412389837132223
0.0288786524335368
0.04073993025283374
0.016329656441896136
0.018461915543996024
0.016046292065115778
0.011500968072124822
0.0
0.01620126679939057
0.022649214351516442
0.23185114087952147
0.00985614000171427
0.0012243888535093958
0.0
0.0
0.03618760229783359
0.030636137591260933
0.08277574132767024
0.008666587568671476
0.1971626541160184
0.04732338835173678
0.002737816667142853
0.0
0.02073909493606156
0.0
0.04615385904382462
0.05689062803665377
0.08166476493480733
0.0
0.005996280541026042
0.004680266072664494
0.003921800651540995
0.0012243888535093958
0.020755057456638273
0.09099915902710874
0.021219892238645593
0.0272394544146295
0.02064488222628769
0.0
0.017540794433046077
0.004423045364389419
0.05029229185170384
0.10904318226083795
0.1328127676005835
0.031877995391221214
0.001844248903914029
0.0
0.01397027549836478
0.0
0.03109017669974424
0.03832268232520952
0.06409453270083638
0.07262398689440375
0.009557473950877938
0.017767977290209697
0.005269160470750514
0.01329571028152468
0.02249867299719426
0.032058812604771156
0.01429415032495088
0.018349049646126433
0.013906811903880729
0.0
0.01181583533154764
0.002979453176369895
0.033877909078412996
0.07345370191413003
0.24549827796166893
0.049965857113507504
0.0061677724095019195
0.0
0.007436482886133165
0.0
0.004560848912472694
0.030608903603972167
