0.1463194075456633
0.093739817644353
0.004963134495686224
0.0
0.0
0.0
0.006242899721629991
0.03962968156465029
0.022975607201677815
0.05238802154956647
0.06320690172721752
0.019178602260620615
0.011625555070262963
0.00390451420147641
0.0028425984278162984
0.004865485701769787
0.15336047945878206
0.21857403578712617
0.004360785219515016
0.003997239322041245
0.001123029138795963
0.001207582766238956
0.0
0.0019852537982744897
0.008455006099951886
0.022036077470141285
0.038861848775783574
0.056715233469741805
0.012722947585203946
0.0019099287449469832
0.0028081455664036373
0.0
0.04678214827607269
0.10667070386905535
0.12869973893259765
0.039050816233429354
0.023671558984912227
0.007950238734328725
0.0057880020306806945
0.009906936149164481
0.029754884720962237
0.0461287456546844
0.008742178984147638
0.0
0.0005716684136825157
0.006857331019013958
0.05156707116801983
0.042080425050411305
0.01721579523757541
0.04486910985995148
0.07912917189750078
0.11548162529083386
0.02590603221995571
0.0038889318118355653
0.00571785028857464
0.0
0.019967584074325462
0.026763397453737608
0.06460751540289449
0.03423772905939789
0.00211093270519291
0.0
0.0028952118722994887
0.002986298736976924
0.05724179858348432
0.08874147530519594
0.01681801335425123
0.0
0.0010997632321358333
0.013191983927739528
0.09920360737477378
0.08095340437820912
0.011660716838024155
0.04919403663235642
0.054640617563530725
0.015706164615939495
0.015662929276089702
0.011451465470483906
0.005443550377490777
0.008177838202707139
0.038413202958104575
0.05148684059183419
0.12429052971818236
0.06586579679783697
0.004060966320895047
0.0
0.005569745485652161
0.005744976410267157
0.04189396298520539
0.03688655065856311
0.042156989244063074
0.0074838545193791454
0.007787575885859072
0.003212199166482284
0.007867230835116576
0.028091509441678302
0.01472409547940177
0.06211776706814701
0.06899521540866328
0.019832319970774653
0.01977772630549013
0.014459871833664045
0.006873621632226252
0.010326232270653638
0.02102837191668887
0.007762964133718509
0.03597262860489555
0.02900527016719648
0.07076830768311042
0.08800176232292761
0.0344828597467204
0.01757187497423758
0.052899896256224474
0.046576990192525966
0.05323202195679732
0.009449932626608792
0.009833444417633688
0.004056073728838964
0.009934025462055407
0.03547140994205581
0.007637746875084934
0.026521719932600742
0.07043885716881404
0.08327584181570628
0.033296406687010054
0.021223848572519997
0.008713851811765178
0.005736154279242169
0.014001240754324394
0.005168784831940174
0.02395151824679852
0.019312468524148443
0.047119392674473494
0.05859387811712981
0.022959591124040567
0.011699814564528005
0.010441668989937094
0.032935215574521566
0.0865761155672668
0.16322799721154052
0.06328947681932348
0.017084096596900435
0.0031012708550747707
0.00556695163753042
0.005085411901707102
0.01765885573387642
0.04690003589375959
0.05544723647175874
0.022169619603728735
0.014131394231302311
0.005801910751692703
0.0038192817487633563
0.020128219959725153
0.026304484867817786
0.14954350040380768
0.032490763345405155
0.013527795379295096
0.0
0.0019614158608604205
0.0
0.008609006807957011
0.027154614398889897
0.07138076959185076
0.13457915019118089
0.052181268850285185
0.014085593409660185
0.0025569534841975686
0.0045898720399252515
0.0026681768984421943
0.0013743212188948853
0.07297913872014969
0.0665687546180088
0.06368754907825444
0.018866105130828776
0.008156223524420506
0.0015715964163191044
0.016595429603478932
0.021687671724231684
0.1232964782069632
0.026788169889878706
0.011153473896676598
0.0
0.0016171593368507987
0.0
0.018784994360779926
0.07721684820544256
0.09434555607613616
0.022935014994463224
0.02657878216727299
0.0029770183002807865
0.0
0.0050138209630750125
0.0022821402346859154
0.0011754819370686327
0.06242038481901903
0.05693746669322759
0.05447311918669144
0.016136522887975048
0.006976166340035142
0.0013442150018104313
0.0
0.0
0.11929465826752787
0.046208986915333275
0.056652209113233695
0.016385123361614438
0.0014580059353910375
0.0
0.01606714737096832
0.0660449748246305
0.08069547023320472
0.019616735506760574
0.022733315848848065
0.0025462979034237563
0.0
0.0042884122698257695
0.0
0.0
0.31901424426485303
0.027248503778228794
0.0
0.0
0.0
0.0
0.0
0.0
0.0954140884704455
0.03695880796088754
0.04531149148568054
0.0131051266898997
0.0011661402893485813
0.0
0.0
0.0
0.18690256341835998
0.12026519588824168
0.0
0.0
0.0
0.0
0.0
0.0
0.2551535313287735
0.02179386057968099
0.0
0.0
0.0
0.0
0.0
0.0031399287579287334
0.17752161778006856
0.043267313581862976
0.0
0.0
0.0
0.0
0.0
0.0
0.18931156254556264
0.12181530171145144
0.0
0.0
0.0
0.0
0.0
0.0
0.1819372689993262
0.11953539149392457
0.0
0.0
0.0
0.0
0.0
0.003180399501074174
0.1798097052972769
0.043824988761639955
0.0
0.0
0.0
0.0
0.0
0.0
0.10407708452521058
0.05650795909374407
0.0
0.0
0.0
0.0
0.0
0.0
0.23211253366869009
0.15250125900722614
0.0
0.0
0.0
0.0
0.0
0.0
0.014645197278325554
0.2272611248613283
0.012130455243897026
0.0
0.0
0.0
0.0
0.0
0.1327798087707171
0.07209191184322003
0.0
0.0
0.0
0.0
0.0
0.002157578142656267
0.01726494147848686
0.046330273368136915
0.06351473019621358
0.02435057924468321
0.0028591755913436284
0.0
0.0
0.0
0.018913401388942153
0.29349422837520445
0.015665761593936962
0.0
0.0
0.0
0.0
0.0033987086511466425
0.023478904945354748
0.16824541212204985
0.07494836288818742
0.0
0.0
0.0
0.0
0.0027863838680042634
0.022296645236898636
0.05983279296400008
0.08202549706102008
0.03144732505512512
0.0036924552515642793
0.0
0.0
0.0077540845651200615
0.03257623058044876
0.08199533147140299
0.07744791697673689
0.0
0.0
0.0
0.0
0.003761022089572555
0.02598183286721609
0.18618092234731112
0.08293810306590192
0.0
0.0
0.0
0.019103592338797826
0.019970777902283774
0.08801822424808302
0.12717664485289348
0.03661625852500598
0.0
0.0
0.0
0.0
0.008580695295547372
0.036048963116253434
0.09073630150725871
0.08570411778091563
0.0
0.0
0.0
0.0
0.005880250610491277
0.08095365110804119
0.07441815346925014
0.027929872491783567
0.0
0.0
0.0
0.021428975118976405
0.022401718754514296
0.09873223339246309
0.14265720865142015
0.04107336876576891
0.0
0.0
0.0
0.006325193498916838
0.03249671136415936
0.08727989791761909
0.1361570742954373
0.05512628384049859
0.0036235442229026605
0.0
0.0
0.0
0.006596023501278973
0.09080772582554376
0.08347669541995066
0.03132963330080552
0.0
0.0
0.0
0.007022159188111583
0.026609639888415592
0.058402408988124106
0.033898430667286476
0.009722989645077576
0.0012078481172294309
0.0036235442229026605
0.0
0.008106619284720295
0.04164907636103087
0.11186138475424563
0.17450431586377593
0.07065203550735298
0.004644078237519502
0.0
0.0
0.020053110315275922
0.07116614645088362
0.09382027172268986
0.056534044901383036
0.019609041547529776
0.0
0.002496117079749683
0.002854419042152293
0.008999878202061247
0.034103971667559636
0.07485084765522579
0.043445575509466546
0.01246136981823865
0.0015480261341920948
0.004644078237519502
0.0
0.024837182123134023
0.0030960522683841896
0.015413711437541435
0.0057192822172765995
0.04713621875798015
0.032987649072249686
0.01061537014071917
0.002189239548288167
0.02864583721405707
0.10166073064639734
0.13402211372165365
0.08075879610872866
0.02801148566296563
0.0
0.0035656994057060355
0.004077533207400311
0.06590982407714559
0.027890581614882646
0.03492691729130771
0.02233283961496279
0.0673405650492213
0.0
0.010785570264066456
0.01824813057679162
0.03547987642661088
0.00442270589908363
0.02201846305946411
0.008169985842672634
0.06733401593062067
0.04712280591596112
0.015164039903892552
0.0031273253244443523
0.016972584098375137
0.011056764511925717
0.02353598739806559
0.013220389014868631
0.04360675541231922
0.025890972732654206
0.023417046953802662
0.011282391267678254
0.08659088203521259
0.036642034724307576
0.045886218289481896
0.029340395118443698
0.0884705581604431
0.0
0.014169845777848442
0.023973993926741953
0.041018539504684426
0.019210671930187627
0.08497953848415435
0.030932681803087232
0.04054444481409087
0.0029052270290976547
0.028397806324785488
0.01643444458422729
0.022298208925196312
0.014526134835721264
0.030921064301168876
0.0173686572779529
0.05728959933843643
0.0340149924091143
0.030764802952840408
0.014822558321368683
0.025985140127009282
0.011620908116390619
0.025550695613611483
0.0041086114558238325
0.02791691658507501
0.020989983544391383
0.07232278064013699
0.0
0.041596286322778876
0.019481254567091478
0.08617647671148318
0.031368369145997645
0.04111551400050283
0.0029461472006145238
0.028797789903994436
0.016665924012318645
0.051326664169980635
0.04911209734653965
0.11239791491907154
0.005432426807708033
0.010540456504914504
0.0
0.044912655616254384
0.012499443323369067
0.02635114126228626
0.011784588802458095
0.025910577590617954
0.004166481317209744
0.028310126824220492
0.02128562781527631
0.07334144822058096
0.0
0.15258494332494382
0.011784588802458095
0.0
0.0
0.003952671189342939
0.015393332785787096
0.036494461951229476
0.034268903087928605
0.04914307657129566
0.047022723948803136
0.10761617628274538
0.005201315357160796
0.01009203441318482
0.0
0.043001938849178356
0.01196768015752246
0.0037845129049443073
0.0
0.012721337352383729
0.029995803705488842
0.06248284068123639
0.029494948808137644
0.07152159234134188
0.023989447677709615
0.14609353003365758
0.011283237655237045
0.0
0.0
0.0037845129049443073
0.014738455031367696
0.0349418799584961
0.03281100292992255
0.017661060223073434
0.00846242794066172
0.016289410576850318
0.022065288367389194
0.05027722449117222
0.0642360758409446
0.05854055311795989
0.010778297151684295
0.003072989316718314
0.0
0.010329607735561446
0.024356313916362053
0.05073548610200272
0.023949624393180487
0.05807486847051993
0.019479208627156065
0.013648738795035293
0.004580942071466854
0.011824046862395297
0.04182500027693634
0.26101745370983975
0.06022462696899795
0.007386546966728011
0.0
0.01434061681135213
0.0068714128629810325
0.013226850042683622
0.017916809144635143
0.040824639158653954
0.05215909676229126
0.047534385228610816
0.008751877145476053
0.02587589883393231
0.009161884142933709
0.07230726294082308
0.04731741694044337
0.029871788784466502
0.0
0.0028972420629029263
0.02043605378280515
0.006908156455247855
0.002318592583340474
0.005984609046025633
0.021169256001804377
0.13211106424235186
0.03048202121884782
0.003738618115305622
0.0
0.0
0.0
0.0
0.0
0.05537756757905113
0.3265136586734709
0.14383491779662352
0.0
0.013096796726008976
0.004637185166680948
0.03659751224982391
0.023949181253412128
0.015119271723206798
0.0
0.0014664066592393681
0.010343480007898611
0.0
0.001869309057652811
0.018878614096754263
0.012970879860974172
0.09425789976648186
0.037641134770266614
0.0007332033296196841
0.0
0.0
0.0
0.0
0.0
0.027633168523167464
0.16292891417378141
0.07177300659362296
0.0
0.00340274418644727
0.0025479571413143587
0.0056160394199313195
0.004285592798767774
0.028590140549619017
0.3800841786174528
0.004756249363848417
0.0
0.0
0.0009327771960779318
0.00942034740104405
0.006472413375333011
0.047034287397490084
0.018782764682201632
0.000365865314329781
0.0
0.0
0.0
0.0
0.002385817693287837
0.04578658117243014
0.1735421700513877
0.0036586532049780914
0.0
0.0024587963104367285
0.001841133883401241
0.004058106119170748
0.0030967358062394578
0.020659011740658244
0.2746458519456645
0.0034368285555893196
0.0
0.013853592604838321
0.008549151492391344
0.022353090612160672
0.010326316820001982
0.029307666309815475
0.06730432525247447
0.04255032044905271
0.03240104227468277
0.0
0.0
0.0
0.0017239731875805836
0.033085025110813626
0.12540021348858682
0.0026437141638202444
0.0
0.0
0.0029557622391505407
0.0
0.0018787118354392307
0.01200899512183088
0.18167055582231337
0.09664747331275444
0.005143366259440917
0.01405964698677304
0.008676309131357553
0.02268556410129813
0.010479907508764149
0.02974358017271548
0.06830539057444651
0.04318320176954077
0.0328829661286886
0.03547787600085281
0.011510678243111437
0.0040334876408916484
0.020895840915933817
0.015057997884758655
0.02283709694658358
0.054249933936198654
0.07943793799065191
0.0
0.0029997254029815196
0.0
0.0019066552590064627
0.01218761348733859
0.18437267181225736
0.09808498024305473
0.005219867221024185
0.0631786446219431
0.0069712440131921615
0.0055524582230989895
0.0005999450986893459
0.013432798348829536
0.027876132173843302
0.03416347295047663
0.0699361323709984
0.04308021383707623
0.013977231334567542
0.0048977991262678594
0.02537348332076917
0.018284684483875276
0.027730719275675136
0.06587482166526874
0.09646020960588012
0.04125906916202891
0.004126239016078729
0.0026915036194948548
0.004231066662650501
0.0014570073553118877
0.022366779877532234
0.08169166924749607
0.061671187735415745
0.07671681134982629
0.008465069408087922
0.0067422606575091165
0.0007285036776559439
0.016311230843807856
0.033849538652508476
0.04148415536737105
0.08492231996662533
0.017577991063512394
0.0099158704327617
0.008623776942030965
0.0030737875742161596
0.027742744823970916
0.022259732812499412
0.07436685540384186
0.05204537082083324
0.03488502699031402
0.003488783493372316
0.002275697884551807
0.0035774164982912164
0.001231916811199378
0.01891137477314224
0.06907126468101266
0.0521437127004953
0.011327931023340454
0.002005415312731791
0.002383379802201224
0.0
0.006066604831711502
0.01602498579175881
0.2926229946013589
0.04158226997966805
0.014862397653179968
0.008383984774860062
0.0072915045707832955
0.002598923452875823
0.0234568162012802
0.018820865223878325
0.06287804864815881
0.044004971577899434
0.023205541303540474
0.0018375805078970243
0.0017421934665655006
0.0017958118852867324
0.0
0.05156284662152175
0.12004361544145381
0.05991587417323936
0.010988999668127842
0.0019454133469440547
0.0023120691502664615
0.0
0.00588509219777025
0.015545518699270986
0.28386772341174277
0.040338129713631224
0.004376633703933687
0.0004225167726228172
0.0043972098618691065
0.0
0.0028649917657784193
0.0008450335452456344
0.06357523335624417
0.0031674669097240407
0.022511232206297055
0.001782600154417598
0.0016900670904912687
0.0017420812477384412
0.0
0.05002008780280687
0.11645191408112934
0.05812319302162903
0.004393580958795966
0.0008450335452456344
0.0016033383253029401
0.0013756149265682542
0.0045822183251580835
0.009024243283902332
0.26651507225064675
0.01880744881398881
0.01071725470367757
0.0010346353327911866
0.01076764044311443
0.0
0.007015630860354838
0.0020692706655823733
0.15567945933245744
0.007756314997636681
0.0032389208629073915
0.0
0.0026174432762196805
0.0
0.0037016238433227335
0.0010346353327911866
0.005615160680066173
0.0
0.010758754189166598
0.0020692706655823733
0.003926164804012534
0.003368528540316719
0.011220678772920703
0.022098059907231016
0.6526271342086454
0.04605462391900247
0.010642168549552859
0.0010346353327911866
0.006903185637902313
0.0
0.007865950667060808
0.0010346353327911866
0.00768443156628252
0.0014631953160047118
0.06130073038798407
0.0
0.049538470179650095
0.0
0.07005797758626751
0.019581800318635368
0.10627411582540651
0.0
0.0
0.0
0.0
0.0
0.0
0.0
0.0
0.0
0.2014166855605191
0.019581800318635368
0.1306516397030454
0.0
0.14887320237081847
0.019581800318635368
0.1454377206384581
0.027692847515530847
0.0
0.0
0.0
0.0
0.0
0.0
0.0
0.0
0.0
0.0
0.0
0.0
0.0
0.0
0.0
0.0
0.0
0.0
0.0
0.0
0.0
0.0
0.0
0.0
0.0
0.0
0.0
0.0
0.0
0.0
0.0
0.0
0.0
0.0
0.0
0.0
0.0
0.0
0.0
0.0
0.0
0.0
0.0
0.0
0.0
0.0
0.0
0.0
0.0
0.0
0.0
0.0
0.0
0.0
0.0
0.0
0.0
0.0
0.0
0.0
0.0
0.0
0.0
0.0
0.0
0.0
0.0
0.0
0.0
0.0
0.0
0.0
0.0
0.0
0.0
0.0
0.0
0.0
0.0
0.0
0.035767046077325844
0.0799775475575146
0.10116448156579885
0.0
0.035767046077325844
0.0
0.0
0.0
0.0
0.0
0.0
0.0
0.0
0.0
0.0
0.0
0.42920455292791015
0.0
0.050582240782899426
0.0
0.035767046077325844
0.0
0.23172425711492042
0.0
0.20029844256570933
0.28547145332334156
0.005695460074948303
0.005220646242061713
0.0014667467671630322
0.0015771791285502728
0.0
0.002592866462698506
0.011042770338750115
0.028780504684799767
0.05075602145013915
0.07407366600463086
0.01661697065081503
0.0024944872001862657
0.0036676149255233763
0.0
0.013239576735325763
0.11572257338667022
0.09074266357505673
0.016665935600026667
0.009852984319450388
0.004459639240056738
0.00890788736273296
0.010422288404706506
0.006008567879947804
0.0017301201088047722
0.01193594528576074
0.002863549926453659
0.006493128542318943
0.0046472765483244185
0.0059730160116671874
0.0005797825738964172
0.028589522240306368
0.07451217887652421
0.1314063735425347
0.1917753115111979
0.043021020759702384
0.0064581798860408775
0.009495385239896086
0.0
0.033159298254903775
0.04444480990687891
0.107290890313942
0.05685710726070967
0.003505534115042267
0.0
0.00480795241063535
0.004959216404401465
0.015556067885733238
0.004479248033937999
0.030901935179153645
0.007413676260321537
0.016810586218422324
0.012031710536344761
0.015464024775380173
0.0015010460493584642
0.0074282014967960944
0.037778941818665555
0.05836240830306351
0.021100922884535973
0.00474672433120746
0.009141254116929547
0.005545711474865001
0.011454152331854383
0.046249973719768134
0.06199079589596715
0.1496473423304881
0.07930323785428646
0.004889453915704585
0.0
0.006706042779566237
0.006917022990385245
0.05044085204756107
0.04441186537951791
0.0507575389318348
0.009010653842673796
0.009376338142239994
0.003867527714221031
0.00947224369101256
0.033822526459021104
0.010360717569201122
0.05269336681500896
0.08140280380752278
0.02943117557466159
0.006620642990864948
0.012750051566944436
0.007735055428442062
0.015976039066271347
0.05683837060083791
0.030963063012905127
0.04509824591346618
0.026910255337756383
0.02502132232879425
0.006254634154927777
0.008498987527178765
0.016581005168665387
0.05808404409254382
0.05114149825430575
0.05844871784810096
0.010376018521793004
0.010797114163871496
0.004453565734181755
0.010907552070796083
0.038947579955917945
0.008386240005299106
0.029120827430621245
0.07734180925053098
0.0914368082016426
0.03655942810859482
0.0233037688831889
0.009567802371463194
0.006298292844722403
0.06545096464695914
0.03565482826471711
0.05193188453010703
0.030987907502157908
0.028812748603633254
0.007202385195535603
0.009786820528034692
0.019093488635111688
0.037761273474788366
0.0378937946006933
0.0508659978646164
0.021695838909028348
0.029604999080319053
0.008523728455869824
0.029168933119905018
0.010392362997566825
0.005140197640487679
0.017849096657541873
0.04740529548038475
0.05604457605253625
0.022408455515538935
0.014283633398537042
0.005864415416607606
0.0038604273189278768
0.020345063633776674
0.026587866168011415
0.15115455007054282
0.032840790149099346
0.013673531905313447
0.0
0.0019825464239436406
0.0
0.023145105398160414
0.023226331880858368
0.031177414674459607
0.01329808113029443
0.018145861115725172
0.005224468757075251
0.017878582189841716
0.006369815283777967
0.0046729069458978905
0.11729797165786383
0.2706199231524355
0.038184094104213945
0.006074779029667257
0.005243620716390255
0.0
0.0
0.01304900651442242
0.017053042697540516
0.09694817101876822
0.02106357061881682
0.008769990112558648
0.0
0.0012715743566530744
0.0
0.014770663950502343
0.06071570181254971
0.07418402567814365
0.01803383023048635
0.020898928797447563
0.0023408331162319013
0.0
0.003942373531300345
0.00299712963674777
0.07523308964985875
0.1735713981393482
0.024490682441808277
0.0038962685277721004
0.003363176548326931
0.0
0.0
0.0
0.004259721545207824
0.3523119302507079
0.006834507192207233
0.0
0.0
0.0
0.0
0.013764046210686692
0.056577939100278994
0.06912839943759001
0.01680482837331432
0.019474671056485322
0.0021813058161292646
0.0
0.0036737015781041155
0.0
0.0
0.2732860226241954
0.023342641759375917
0.0
0.0
0.0
0.0
0.0
0.0039694223894995734
0.3283019439611616
0.006368736919074759
0.0
0.0
0.0
0.0
0.0
0.015633137129431922
0.15551947866727842
0.011973367489283359
0.0
0.0
0.0
0.0
0.0
0.0
0.3251107081220813
0.027769231367776814
0.0
0.0
0.0
0.0
0.0
0.004000824353192012
0.22619392552748563
0.05513020683619021
0.0
0.0
0.0
0.0
0.0
0.018597732271541483
0.18501146656089312
0.014243941002426451
0.0
0.0
0.0
0.0
0.0
0.007854130723872326
0.1078606529684802
0.026233252704080508
0.0019935022814932405
0.0
0.0
0.0
0.0
0.005675721636843275
0.3208873081905209
0.07820980881956568
0.0
0.0
0.0
0.0
0.0
0.0
0.18573533304221437
0.100843760657708
0.0
0.0
0.0
0.0
0.0
0.011142168651445985
0.15301522580685667
0.03721549031727294
0.002828058178345276
0.0
0.0
0.0
0.007694464950230866
0.017586163298401954
0.04569059558411293
0.024294143952867515
0.006127459386414765
0.0
0.0030536942081208383
0.0
0.0
0.0
0.26528699727792543
0.14403580633210356
0.0
0.0
0.0
0.0
0.0
0.004310726398515458
0.03449443500039882
0.09256542254946419
0.126899053498163
0.04865116247422123
0.005712480793127682
0.0
0.010990054874712774
0.02511843265713989
0.06526017805989796
0.034699485526693385
0.008751890525832027
0.0
0.004361611513589861
0.0
0.030428330625920097
0.001505370956517304
0.0038083206357575985
0.010960599599283992
0.06689089524824683
0.005438079587073954
0.009829804140809383
0.0
0.0
0.004847403865903499
0.038788928388188586
0.10408964653144981
0.14269775106077973
0.054708142261001715
0.006423674091225746
0.0
0.0
0.01348959126885389
0.05667207159268176
0.14264527272231162
0.1347342469464201
0.0
0.0
0.0
0.034216601536082386
0.001692786857628877
0.004282449514478333
0.012325173986566813
0.07521868804565351
0.006115110442303026
0.011053596584010334
0.0
0.019264827796678884
0.014322619915003453
0.02324995577162609
0.025932795311084885
0.03394011993545522
0.018763843332717477
0.02052373323416834
0.0
0.0
0.014041477580452155
0.058990640031010386
0.1484811777442385
0.14024649599172032
0.0
0.0
0.0
0.0
0.009622461149214634
0.13247281693817495
0.12177810742905137
0.04570453382976687
0.0
0.0
0.0
0.020052990650866548
0.014908587104058743
0.02420115822690372
0.026993758128150535
0.035328678508733065
0.0195315099048108
0.02136340044194981
0.0
0.01397380162672677
0.03819461168686298
0.035952417925978544
0.037158074052130896
0.03571616606682119
0.005286126330596179
0.0
0.0
0.0
0.011489643485414565
0.15817839267165512
0.14540843730010947
0.054573231445465546
0.0
0.0
0.0
0.012231931186052623
0.04635145334668373
0.10173142315711967
0.059047831319376715
0.01693652010376517
0.002103956156130201
0.006311868244058322
0.0
0.016685336146054566
0.04560605281131447
0.04292877445827215
0.044368381107827405
0.0426466793068975
0.006311868244058322
0.0
0.0
0.0
0.0
0.04077040718038137
0.02743398049545316
0.07311241725788538
0.0316903265958468
0.014079883605414859
0.0
0.015099892293135096
0.05721925201502597
0.12558389261144817
0.07289248766232895
0.020907543175110132
0.0025972604704700706
0.007791781134479837
0.0
0.04167153893687237
0.005194520940940141
0.02586094803938951
0.009595746024111784
0.07908460652146843
0.05534629878442419
0.01781034611556302
0.0036730809729682698
0.0
0.0
0.05032964523811146
0.03386629178601476
0.09025472830844875
0.039120602548614
0.01738112508219995
0.0
0.029074990885600324
0.041954171861378405
0.049952381881563236
0.009578222977751393
0.015099892293135096
0.015583562268959674
0.03911286179079325
0.02836084062106803
0.05253397842147121
0.006548566671238735
0.03260207136381903
0.012097050587266879
0.09969943799683405
0.06977331147894157
0.022452934601991097
0.004630535888452458
0.02513079121413998
0.01637141632897956
0.03484902368968322
0.01957502959930421
0.06456720199123807
0.03833597914754859
0.03467291217629412
0.01670549503250966
0.03665391254454206
0.05289028472394997
0.0629733726859114
0.01207495984229176
0.01903595202221336
0.019645699315481647
0.04930833585081262
0.035753606111332055
0.01634496720388766
0.03274283545089735
0.07135116517756014
0.0
0.02050025602392208
0.009822849657740823
0.010354192890622513
0.0
0.030753993946983027
0.020034643334336685
0.04264675371652293
0.023955089065014826
0.07901459696561011
0.046913941571088094
0.04243123593315465
0.020443474649619736
0.03583905975849644
0.016027715009257256
0.0352398679588251
0.005666652970505291
0.03850339220320442
0.028949671654661956
0.09974856570307127
0.0
0.020002276019434096
0.040069290086552446
0.087316522718402
0.0
0.025087341830947508
0.012020785829708057
0.012671021090053525
0.0
0.04219590812262952
0.046850088754085965
0.06189432443807367
0.04321395075011158
0.023295388843022683
0.004006928752314314
0.015205224624488412
0.0
0.0312000284195276
0.013953077094059758
0.030678396398362156
0.004933157703208196
0.033519487929741215
0.025202407218490576
0.08683704610875384
0.0
0.18066217780645813
0.013953077094059758
0.0
0.0
0.00468000426292914
0.018225867927594053
0.04320982680409871
0.040574741701211815
0.036734042173126716
0.04078578261915308
0.05388268259514117
0.0376203086969632
0.02028001847269294
0.0034882692735149394
0.01323705040272078
0.0
0.07986550411397421
0.050404808486047996
0.04263335098297706
0.03561805177670893
0.03588003268245674
0.0
0.002206175129109017
0.019732629325099497
0.13605450422783194
0.010507893846595472
0.0
0.0
0.0035244546894541134
0.013725681020336451
0.03254079871604416
0.03055634794929044
0.01644745521745253
0.00788092010484811
0.015170060437901558
0.020549040527514485
0.04682235312215346
0.05982200204257962
0.05451785530715943
0.010037651051725677
0.06014574660321738
0.03795925252608646
0.03210666173732323
0.02682352462967018
0.02702081928581487
0.0
0.00166144384549742
0.014860404831464506
0.08397329517619145
0.02843184569522086
0.030293678304866515
0.03235748433588487
0.1041286807999894
0.009489814251915587
0.017025347705961483
0.035563478242674224
0.015364465304256805
0.0073619974589183386
0.014171181145049984
0.01919597992799183
0.0437393147145113
0.055882996041788556
0.05092810317796272
0.009376717509273323
0.027723308912047176
0.009815996960764831
0.07746964076333207
0.05069564443650651
0.032004485468972575
0.0
0.0031040906914315833
0.021895086064448767
0.07844403667077093
0.026559738326976536
0.028298977750646187
0.03022689156704317
0.09727228207509095
0.008864953264179307
0.015904306208025604
0.03322178539683487
0.07361655109143772
0.0073619974589183386
0.0
0.0
0.023402884062409313
0.04949514068468287
0.0471696824813331
0.04143035963328126
0.02434120375164338
0.008618494379783808
0.0680187316878127
0.04451102912948602
0.028100098160658036
0.0
0.0027254071374893597
0.019223994969190715
0.0
0.003474226072147741
0.03508706761594336
0.024107179498866087
0.17518411497229353
0.06995836845101079
0.0013627035687446799
0.0
0.06463569970290498
0.006463870555103208
0.0
0.0
0.020547849145512682
0.04345698083674946
0.041415216914439675
0.03637606277580132
0.09510441721498776
0.013436379133270752
0.04434156215051663
0.014054590474839618
0.00782723771237702
0.00562884989682834
0.0517979291132063
0.05019950159989524
0.0
0.001977090436027228
0.01996712487073073
0.013718760102832187
0.09969265990842728
0.03981146255662566
0.0007754786640121413
0.0
0.0
0.0
0.0
0.0050569175182857175
0.09704805404229978
0.3678354982290362
0.007754786770857342
0.0
0.05412141576136892
0.007646289023098366
0.02523361365257906
0.00799809679423278
0.004454274563683076
0.0032032300333214797
0.029476835453148244
0.028567212508750606
0.0017340230585366448
0.001977090436027228
0.016065204379070504
0.038686004005875164
0.09870823718647354
0.01840871494105444
0.010081223220469518
0.0
0.0
0.0
0.0
0.0024228501818609003
0.046497277152612516
0.17623587898290127
0.0037154425537147245
0.0
0.0
0.004153990984461715
0.0
0.002640317926606616
0.016877290334038085
0.25531750863862457
0.13582714045618427
0.007228422093125593
0.0008307982219474141
0.0009472556958191953
0.007697096741387725
0.018535084169788975
0.0472926974888626
0.008819910188663514
0.004830075520269711
0.0
0.0
0.0
0.006468023234186148
0.03432542739086009
0.09360720491307188
0.08738090348412811
0.03834906736341235
0.0
0.0
0.002810611946059036
0.0
0.0017864528675369772
0.01141926258564111
0.17274915677524938
0.09190135101235883
0.004890788054690131
0.05919563608514259
0.006531751767310394
0.005202411326158274
0.0005621224061641989
0.012585946523870866
0.026118720740188804
0.03200968498584465
0.06552710755048573
0.0
0.0
0.004376298224380158
0.023224763038534848
0.0633351226206304
0.05912237462926193
0.025947178810691723
0.0
0.004543559674978251
0.0
0.00039748056627130813
0.0
0.01831268820466103
0.12772126097677666
0.1760163301949637
0.0037117109009994096
0.07005532410596006
0.0077300290578929225
0.006156815530494986
0.0006652461221028911
0.014894891266002535
0.030910309740657296
0.037881996115180845
0.07754833059945017
0.016051655946318456
0.009054853880620786
0.00787495567218791
0.0028068839274701346
0.025333782075089194
0.02032687189748862
0.06790941993536082
0.04752615830762894
0.005377094777181753
0.0
0.00047040004529904793
0.0
0.021672227756513854
0.15115226264450476
0.20830726511687528
0.004392639852423208
0.0025418422443868028
0.0040036588098434685
0.0012288973594554978
0.002403169274287652
0.010445803502436624
0.08529354527334744
0.04420151071913904
0.015781889171704522
0.019165597521939
0.01081145058655137
0.009402657982516775
0.003351405476456799
0.030248410044636728
0.02427018414611803
0.08108351031084607
0.05674599710672759
0.029924382006239064
0.002369626304607674
0.002246621276372718
0.002315764160108846
0.0
0.06649214941588613
0.15480056935073758
0.07726367954727338
0.003034947022481681
0.004780348745403074
0.001467297347131315
0.002869372184534711
0.012472237530538284
0.10184006967226257
0.052776384389112814
0.018843497332130973
0.040933710153173
0.029130884509254062
0.015186670382783514
0.01397742448040542
0.03800268657804238
0.025745929245282434
0.03373611618900535
0.034710097491180196
0.022150164388579315
0.001754008225654195
0.0016629593413210767
0.001714139220014523
0.0
0.049217793029269014
0.11458408925035153
0.05719092888474025
0.0043231103299907194
0.0008314796706605384
0.0015776216579577202
0.0013535508176379127
0.004508722056459463
0.008879499371209666
0.26224031666887504
0.018505787650447286
0.03029931942247632
0.021562813913088143
0.011241242857536332
0.010346153511386888
0.02812976237022345
0.019057254549177935
0.024971627459604042
0.02569257287294883
0.006949362388669615
0.004255541201746295
0.0005258739007618587
0.0034824392783842006
0.014036421992300468
0.019171504101418237
0.20134711390131932
0.028436587732424842
0.005980403417002919
0.001150232930464539
0.002182413409284517
0.001872443522602914
0.006237170632844914
0.012283514490126731
0.36277188555718276
0.02560010438116738
0.005915597664844222
0.0005751164652322695
0.00383723191842107
0.0
0.004372398274015294
0.0005751164652322695
0.004271498352755
0.0008133375029971832
0.009613446662898505
0.0058869312142155955
0.0007274711568685838
0.004817455528598263
0.019417377683587558
0.0265210276596048
0.2785348686628849
0.03933794269906174
0.008802546433681346
0.002300465860929078
0.0016663231085532937
0.0008133375029971832
0.0033853363650695936
0.0026526967479647777
0.03375497103206528
0.12332900748097547
0.02994030945383555
0.0029108073125699366
0.019421184061659352
0.0
0.02212979394413932
0.0029108073125699366
0.0216191143750479
0.004116503168372054
0.0
0.0
0.0
0.0
0.0
0.0
0.0
0.0
0.04455187440694822
0.011643229250279746
0.008433675233975974
0.004116503168372054
0.017134028397141766
0.013425957277867058
0.17084229448384955
0.6241987467401642
0.0026035051698987434
0.0
0.0
0.0
0.0
0.0
0.0
0.0
0.0
0.0
0.0
0.0
0.0
0.0
0.0
0.0
0.0
0.0
0.0
0.0
0.0
0.0
0.0
0.0
0.9993604093380237
0.0
0.0
0.0
0.0
0.0
0.0
0.0
0.0
0.0
0.0
0.0
0.0
0.0
0.0
0.0
0.0
0.0
0.0
0.0
0.0
0.0
0.0
0.0
0.0
0.0
0.0
0.0
0.0
0.0
0.0
0.0
0.0
0.0
0.0
0.0
0.0
0.0
0.0
0.0
0.0
0.0
0.0
0.0
0.0
0.0
0.0
0.0
0.0
0.0
0.0
0.0
0.0
0.0
0.0
0.0
0.16287861575229562
0.0
0.0191954286229386
0.0
0.013573217979357968
0.0
0.08793691953553585
0.0
0.0
0.0
0.0
0.0
0.0
0.0
0.0
0.0
0.26229638981368736
0.09105191232653587
0.11828756776473896
0.0
0.06786608989678984
0.06070127704176215
0.030350638520881074
0.08584456902646317
0.02559452115134746
0.2237128808151896
0.17542215046833598
0.03221829894937209
0.01904761916558829
0.008621297579133129
0.01722057404682429
0.020148187993650427
0.011615659682102902
0.003344638322237554
0.023074363341435967
0.005535765276015396
0.012552403988216394
0.008984034783746708
0.011546931424178291
0.0011208256613808884
0.08279292695918754
0.06354555344937154
0.043745611884754225
0.004267976886351469
0.008652110504730644
0.0052331876061875145
0.041792659604468825
0.03853590934030117
0.014090156845209785
0.03504101955637702
0.042201521890821644
0.007171075496566328
0.0053601760831062046
0.0033572676398959055
0.0022962886788523897
0.0021559512467383556
0.02571860058508624
0.007405469811046292
0.05108967986105038
0.012256913508407347
0.02779267586954095
0.019891836414741848
0.02556642716895256
0.002481655652755101
0.012280927851751508
0.062459325987678636
0.09648964502827903
0.03488582150903277
0.007847684135770345
0.015113090609208586
0.009168636922251365
0.018936968585349663
0.03119746325226051
0.07758543300413756
0.09343972837505866
0.015877705744586613
0.011868135906180662
0.007433432783912807
0.005084285608888312
0.004773560048527881
0.00794429383829549
0.025371866606945473
0.09507257499534294
0.061584586299147204
0.08386165239962844
0.026118100707245975
0.023400816425369512
0.0
