0.03840574301858465
0.0
0.024139520764602233
0.0
0.12801914339528214
0.009541983708535505
0.024139520764602233
0.0
0.10790043669401007
0.0
0.030174401464455162
0.0
0.06827687647748382
0.0
0.05431391612462894
0.0
0.03413843823874191
0.0
0.06034879478967239
0.0
0.10668261949606846
0.0
0.0
0.0
0.06896936284121714
0.009541983708535505
0.06989078155042212
0.0
0.09814800993638298
0.01908396741707101
0.0482790374595855
0.0
0.06963372460742978
0.0
0.019473099703279876
0.0
0.04406259473417442
0.0
0.03505157526376729
0.0
0.02203129736708721
0.03078967388630097
0.04673543718680346
0.0
0.01927738519620131
0.032174614031077235
0.2659536597536417
0.08203042645949528
0.04450949195001566
0.00615793490857696
0.04510413103221758
0.0
0.06333997993037573
0.01231586981715392
0.031156956373645434
0.0
0.04681650690506032
0.0
0.015578479499990371
0.0
0.011015648683543605
0.0
0.056787987702583136
0.0
0.014105595950896681
0.019713169499897525
0.02992248629580905
0.0
0.012342396457034594
0.02059988106176744
0.170277528537717
0.05252019579409657
0.13394604372764887
0.011827901531786707
0.01029994053088372
0.0
0.031016502131667012
0.06308214374488653
0.0733688776328328
0.0815506266636029
0.029974391395655445
0.0
0.009974162378856028
0.0
0.0070527979754483406
0.0
0.036358658142111595
0.0
0.0035263989877241703
0.0
0.008929715173483423
0.0
0.07662952950445859
0.05125424809841308
0.05172455188796986
0.0
0.14863500211402533
0.013124987646191372
0.011429465477122001
0.0
0.03441787253742069
0.0699999366009124
0.08141474715172003
0.09049373336618122
0.015652461436218908
0.0
0.029277906232819208
0.0
0.07334514837538171
0.026249975292382745
0.05132631004585314
0.0
0.003913115359054727
0.0
0.009908976754752635
0.0
0.0850329727024323
0.05687495548543685
0.05739683431671566
0.0
0.015652461436218908
0.0
0.0357099317475343
0.0
0.07630574950156717
0.0
0.013834952026228876
0.0
0.025204821036932334
0.0
0.04714558090056894
0.0
0.11810611041986473
0.04226976901776214
0.08264964999040667
0.0
0.08821687362926317
0.0
0.0712899862565612
0.0
0.025204821036932334
0.0
0.031189372367475435
0.0
0.025204821036932334
0.0
0.05750293285214407
0.0
0.12287350255504513
0.0
0.02227812483656749
0.0
0.075614463110797
0.007044961753347757
0.04268995713511496
0.0
0.028355423666548876
0.007044961753347757
0.07014675344049681
0.00996308043252492
0.08805697770403823
0.0
0.0711607708599731
0.0
0.025159136486868062
0.0
0.031132840625341367
0.0
0.034593812669443585
0.0
0.04261258321181856
0.03978008511397938
0.10794701876142651
0.042193153699761364
0.0929790953631697
0.0
0.07547740946060419
0.007032192533227126
0.04261258021261577
0.0
0.02830402854772657
0.007032192533227126
0.07001961019021533
0.009945022028295543
0.012579568243434031
0.0
0.0
0.0
0.10063654594747225
0.035160961916334936
0.03558038842918934
0.0
0.03251342146381386
0.0
0.040049961849145325
0.03738780358025228
0.10145533683405165
0.03965575584964522
0.08738754943704508
0.0
0.05911531175238884
0.03965575584964522
0.08806589146051144
0.0
0.050248014989530514
0.026437171506042724
0.03411900324429726
0.0
0.011823062350477769
0.0
0.0
0.0
0.09458449880382215
0.033046463677843974
0.03344066685850634
0.0
0.02660189028857498
0.0
0.08388579753255668
0.0
0.06798260851524716
0.0
0.012540250776649312
0.0
0.05998336087028704
0.04023806088812757
0.08935905083213781
0.0
0.050985856739743984
0.026825374878828228
0.034620006618750095
0.0
0.08697587326191622
0.0
0.0370848837853719
0.0
0.05998336087028704
0.026825374878828228
0.10277174256189622
0.0
0.02699251239162917
0.0
0.08511757641342134
0.0
0.0689808650008301
0.0
0.012724391793624543
0.0
0.03299084847865787
0.0
0.07634633932082911
0.0
0.05998336087028704
0.0
0.02120732060945075
0.0
0.07397062089960744
0.0
0.031539687693999785
0.0
0.051014221310074104
0.022814253668672378
0.08740457926010585
0.0
0.035709954917051874
0.005703563417168094
0.08217228606651061
0.0
0.04591279917906669
0.03550412976428711
0.10683767685982104
0.0
0.028057821720540756
0.0
0.06493049061970894
0.0
0.051014221310074104
0.0
0.018036250908043505
0.0
0.05611564344108151
0.0
0.0
0.0
0.05611564344108151
0.028517816477703566
0.11055901741743475
0.008066056717802509
0.03288558767254228
0.005252457899677212
0.07567312599442937
0.0
0.04228146986469721
0.032696041616766446
0.09838768481409345
0.0
0.04069486814534476
0.02100983159870885
0.1145634165844247
0.007428097178535782
0.03758352876861975
0.010504915799354425
0.09603883075400456
0.017113150625496145
0.05167735205685215
0.0
0.0
0.0
0.05167735205685215
0.026262288938347842
0.10181469757429036
0.007428097178535782
0.01174485274019367
0.0
0.05701215069596229
0.0
0.04697941096077468
0.0
0.013287783799194621
0.0
0.03755166746686357
0.019387068829212286
0.10571473798811676
0.006854363900717834
0.034680642520080414
0.009693534414606143
0.08862095887619487
0.015791360701889686
0.0332165892189809
0.0048467672073030715
0.030364563239928862
0.013184632460274409
0.05440313377328253
0.03392736890077597
0.08722559001648388
0.02741745353574396
0.010837700787525129
0.0
0.052608631556664634
0.0
0.043350803150100516
0.0
0.01226145854108176
0.0
0.006502620472515077
0.0
0.048756750534769654
0.013708727801435668
0.1633987129793788
0.024233835519733515
0.02145755115493847
0.0
0.023727417951457302
0.0034621637544706876
0.021690146395149747
0.00941810379322503
0.03886148226712244
0.02423514517384527
0.06230736144338759
0.01958495422027008
0.0015483266781136187
0.0
0.04677320218780237
0.06677274564756867
0.13176108590713834
0.005582571178576878
0.0
0.0
0.004644980034340856
0.0
0.03482813332418699
0.009792477848434733
0.1167196767263656
0.01731081840320359
0.015327650925010318
0.0
0.0015483266781136187
0.0034621637544706876
0.032855290228902885
0.09418121217097788
0.19763351937687781
0.015969062072839095
0.0
0.0
0.0013579460670734582
0.0
0.041022018707796905
0.058562439452560074
0.1155598821166839
0.004896144129830603
0.0
0.0
0.014020189395683948
0.01890166786443078
0.03742301665489675
0.015492113077455055
0.09165106138299835
0.009109378957250433
0.00768170284863921
0.0
0.0013579460670734582
0.0030364597603366682
0.02881543848566415
0.08260078991573465
0.17333271082475238
0.014005523087081036
0.0
0.0
0.012576342143980047
0.01890166786443078
0.06332347677051768
0.098385674888861
0.06518141121952599
0.014005523087081036
0.00879773705869586
0.0
0.01709222490747796
0.023043309127104637
0.04562296551990231
0.018886669326554046
0.11173319489175532
0.011105381640044239
0.009364880106525152
0.0
0.07642130766628316
0.0074035880231629525
0.04086647142230536
0.020940507552848903
0.016554925854132818
0.02961435209265181
0.03353693625937621
0.005235127282912416
0.015332008888872378
0.023043309127104637
0.07719860811711556
0.11994346405848849
0.07946364409983753
0.017074344988874248
0.010725454288825435
0.0
0.029798866537439076
0.0074035880231629525
0.11647134016692293
0.005235127282912416
0.021521403610372664
0.0
0.009364880106525152
0.0
0.0686288280086233
0.006648663633277837
0.03669942486208074
0.018805259097807853
0.014866863625261625
0.02659465453311135
0.03011726311373171
0.004701315128905614
0.14637077845833943
0.08878692468159781
0.005426823974762749
0.009402630257811228
0.013621432595155287
0.0033243318166389186
0.022929134494205132
0.07416286464229975
0.026760354525470924
0.006648663633277837
0.10459506407760968
0.004701315128905614
0.01932692271284011
0.0
0.008409967923588018
0.0
0.05222825194616637
0.02991898741311122
0.08682795860438915
0.018805259097807853
0.023786981800418598
0.01200898749538003
0.02876242500216376
0.006129764756716541
0.109191485544521
0.06623436935311869
0.004048369338703927
0.00701429053455837
0.01016148493555289
0.0024799262074365128
0.01710495963772564
0.05532493198316089
0.0899528819169313
0.01295737446634717
0.026382651266023873
0.015134700594358709
0.037430519764432464
0.030389999851086705
0.07217217440956865
0.03239222829657581
0.03896187802962734
0.02231933666018778
0.06477299558470208
0.01402858001143785
0.017744907192301738
0.008958613176190375
0.021456549913362835
0.004572757806400764
0.04815920827355978
0.015437300409363959
0.023936474798700733
0.00701429053455837
0.03456073232496778
0.01847497004596508
0.03269017220910829
0.038537465336887344
0.07629982391625822
0.0109907027894036
0.02237828964613501
0.012837554125739486
0.03174931148684702
0.025777402436025616
0.061217874088668495
0.027475732434746724
0.035227913053808735
0.0075988739138833266
0.0068257356118358896
0.00685353452434718
0.014281865797236714
0.07932470732605833
0.1499367944349527
0.06081073566227517
0.040849598511055386
0.013094225308585125
0.02030339410363078
0.005949660769940767
0.02931510069068318
0.015670837124118344
0.027728454388492942
0.0326882447423839
0.00976957280210314
0.005495350946129662
0.015066012956685106
0.016447073265348038
0.07289788153332365
0.019968425551311494
0.026877541752084302
0.01829057017923896
0.04184744680618805
0.009026747381045384
0.008108331807595494
0.008141354300605771
0.016965513067154648
0.09423029020121768
0.17811080718358532
0.07223743348024103
0.03352474694772987
0.002498787140141126
0.03161488393479354
0.016282708601211542
0.02011484816863792
0.012493935434274878
0.03574402771483363
0.02660521209982833
0.011605333461869411
0.006527959974473508
0.017897006127589925
0.019537575857469545
0.08659582573313235
0.023720611118389502
0.03192799122200175
0.021727476772791618
0.004469966259697315
0.0
0.002498787140141126
0.02089024478063792
0.09405950169544555
0.04151098526506429
0.009482229933008908
0.0
0.04103329092456776
0.0030584409731666167
0.03869567552785574
0.019929549956490208
0.02461997455474066
0.015292204539729785
0.04374962442894438
0.03256398653520667
0.029004884713497655
0.0
0.05329084600938985
0.03554723167515912
0.12078938134484499
0.021409087138269615
0.03481242963748684
0.004325288692917144
0.005471105456609035
0.0
0.0030584409731666167
0.025569036894024764
0.11512602625477665
0.05080820856314234
0.011605966782133947
0.0
0.017781092733979365
0.007990028416743764
0.026898171321863732
0.08715512378799856
0.06868795667543817
0.03433070723793339
0.027394487496176602
0.0
0.026293337020009865
0.0
0.04830890341564703
0.03222406680100953
0.10949727756237367
0.019407639402039198
0.03155795839167266
0.003920935195401242
0.038839583270892125
0.011700401378562333
0.0628333161638675
0.021677843803551165
0.07023124868908281
0.01791317128875715
0.0200311872064317
0.014164187772001693
0.016118811312530467
0.007243073435252619
0.024383571621596767
0.07900734877639803
0.062266601364654936
0.03112127024322253
0.024833489232667896
0.0
0.03200375864585727
0.030046784357054403
0.10925416194609933
0.01963125610531566
0.009919268500018749
0.0027725198723459943
0.02279544014272576
0.0
0.03981392922171177
0.011993922517207264
0.06440957888414021
0.02222166321544275
0.0719930990236743
0.018362548559100307
0.02053369790559577
0.01451951648153092
0.024305724452418482
0.0074247767960552635
0.08303021840797489
0.0533958245728295
0.06502794118935593
0.0028420724597758356
0.024589872637222513
0.016104437164902452
0.03280661825508922
0.03080055049479223
0.11199495732384362
0.020123733966427335
0.01016810739797184
0.0028420724597758356
0.023367296041521202
0.0
0.015458417624243204
0.0028420724597758356
0.018444522680087966
0.0253370070888457
0.05182203490550206
0.01769162574885315
0.07682802548041809
0.01890250768673094
0.0230831797018347
0.007051320661717723
0.0788539117994963
0.050710087508608406
0.061757124542933875
0.002699120095888078
0.023353035620946334
0.015294405966054608
0.0036212495551369646
0.022199999596562277
0.030074335916165464
0.1474941696076201
0.08702951700775605
0.0
0.0017070733819887604
0.0
0.014680880326153334
0.002699120095888078
0.017516788375204026
0.024062590229862083
0.04921545731254382
0.016801761131532467
0.07296368070712513
0.01795173736138961
0.006231298606415867
0.014102641323435446
0.13968025099153475
0.030537055588267994
0.038626661921460956
0.0
0.0
0.0
0.003495777143290566
0.021430793428923716
0.02903229244342907
0.14238365487722895
0.08401403761741691
0.0
0.0016479251208220934
0.0
0.015148367620925786
0.002605598480451842
0.03482949443400292
0.08836708988214292
0.06408924762699371
0.026629561305221507
0.04365513242999782
0.03173578420339692
0.006015390795264606
0.013613999932304034
0.13484048015763672
0.02947897937534524
0.0372882895284327
0.0
0.0
0.0
0.011841685478443402
0.013027992124439806
0.07209364701240299
0.016996295627001924
0.05604782047109238
0.006806999410513204
0.009197299241559622
0.0036848726997375614
0.018545250014137746
0.0031898800230914697
0.04263968886339504
0.10818259867302908
0.07846067313673662
0.032600995997082854
0.0534443951700932
0.03885224251052011
0.03874855554072066
0.00956963972915655
0.04009507669970879
0.009022343158942616
0.017118692320742535
0.0191392794583131
0.028571788428666943
0.014904190387460367
0.01449707475300207
0.01594939977533949
0.08825998561251568
0.020807558913577738
0.06861602975280791
0.008333406547361087
0.011259709175128836
0.004511171579471308
0.012839019240556901
0.00956963972915655
0.07257534446182166
0.07000978375900911
0.04564984618864676
0.0
0.004034914405959754
0.0
0.045041681612866626
0.01112383829063095
0.04660689034082541
0.010487655663449296
0.019898927285927154
0.0222476765812619
0.03321211280151551
0.01732476962719452
0.10794632645483815
0.0638690229002298
0.04455710463250634
0.0
0.0016582439404939295
0.0
0.02133821033134728
0.051230321326288436
0.014924195464445365
0.01112383829063095
0.08436225589772521
0.08138002425780957
0.05306380609580574
0.0
0.004690222060469304
0.0
0.026965197589505895
0.0037079462286623717
0.0195220057890503
0.02621913678648626
0.03701955712992751
0.014831784914649487
0.0966153492091522
0.02902977594406079
0.13044047703621622
0.07717822448018652
0.05384203589409162
0.0
0.0020037933456766416
0.0
0.025784724928870486
0.06190583572397425
0.03807207356785619
0.004480618199580063
0.017002749585161958
0.0
0.036718620256092856
0.026883708241997255
0.03117170438785317
0.0
0.03258427917343295
0.004480618199580063
0.02359005471939674
0.03168275218089913
0.044733793638799424
0.017922472798320252
0.11674831977848732
0.035079080009100636
0.010018966728383209
0.0
0.0
0.0
0.02068827540164597
0.04581388705055327
0.11117036981836133
0.0
0.0572967043802175
0.006743122513786874
0.02558834928955373
0.0
0.05525981993896648
0.040458733644763475
0.046911968904322594
0.0
0.09698907842974654
0.0
0.03907459287916971
0.0
0.0572967043802175
0.013486245027573748
0.021323625366599958
0.00953621528737233
0.015078080100057237
0.0
0.0
0.0
0.03113489465479045
0.06894777449317784
0.1673062488695116
0.0
0.07237478448027473
0.006743122513786874
0.008529450002844205
0.0
0.03618739224013737
0.006743122513786874
0.07884125182726298
0.03814485827357377
0.1291267724206991
0.0
0.052022105414629226
0.0
0.0762821817336836
0.017954962771882594
0.028389288407267885
0.012696075899507197
0.08029703340387748
0.0
0.017033572278588545
0.0
0.07693370070817872
0.02693244320060866
0.07381213760654155
0.0
0.09635644008465297
0.008977481385941297
0.011355715171464107
0.0
0.04817822004232648
0.008977481385941297
0.1049655955792611
0.050784299769167866
0.02408911002116324
0.0
0.022711430342928215
0.0
0.032118813361550994
0.0
0.0
0.0
0.09263319216524162
0.0
0.019650466614459395
0.0
0.08875314540997434
0.031070116550046337
0.08515201168943616
0.0
0.12042314981481411
0.0
0.0
0.0
0.0980164646264985
0.05178352831959303
0.1096719763822417
0.0
0.027789957649572487
0.0
0.026200622888794996
0.0
0.03705327686609665
0.0
0.0
0.0
0.12042314981481411
0.0
0.0
0.0
0.032421617257834566
0.0
0.05895139542628338
0.0
0.08114519612733556
0.0
0.0
0.0
0.06604681290977862
0.03489349488134628
0.07390069141103586
0.0
0.04681453622730898
0.0
0.0
0.0
0.032222618177686145
0.08801850953644151
0.2400732461344267
0.0
0.08114519612733556
0.0
0.0
0.0
0.02184678357274419
0.0
0.03972344645694868
0.0
0.10299197970007976
0.0
0.004413716727720251
0.0
0.02496775265456479
0.0
0.06179202451482233
0.0
0.021307719475066992
0.0
0.0
0.0
0.01466618200698552
0.04006178125336117
0.10926976521273384
0.0
0.06336906646569677
0.014635686167987156
0.012379466875311981
0.007649705303864299
0.02373640261987511
0.04626215118339403
0.16914690841784852
0.09471653472137032
0.04687698284514738
0.0
0.002008911023277689
0.0
0.011364117053369061
0.0
0.02812474992308561
0.0
0.06693905885736136
0.006352734652171614
0.005185278180024956
0.0
0.03892666844236177
0.06848725203880451
0.04908450172841594
0.05944655729375595
0.032732720976712475
0.0
0.057863814604426494
0.0
0.10228975305222648
0.0
0.0
0.0
0.06612941383068963
0.009149073783386384
0.06701289131434619
0.0
0.09410657280804836
0.01829814756677277
0.04629105324435896
0.0
0.020457950610445298
0.0
0.011572764286600843
0.0
0.13502247402893897
0.0
0.07279927199437995
0.0
0.024549540732534358
0.0
0.06458919886010953
0.0
0.13568644590620363
0.009149073783386384
0.03229460138107697
0.0
0.06308551364182269
0.0087279469987379
0.06392832514760975
0.0
0.08977489953059523
0.0174558939974758
0.04416030177461039
0.0
0.06635536052261387
0.0
0.022080152748522933
0.0
0.015613026005320909
0.0
0.08048843552126204
0.0
0.023419539007981365
0.0
0.06161619391086845
0.0
0.12944087416443656
0.0087279469987379
0.030808098816651964
0.0
0.0429358215146325
0.0087279469987379
0.05840828463395685
0.02843671943566225
0.06635536052261387
0.0
0.06944836193882718
0.0
0.05545590158398507
0.0
0.018453291009761674
0.0
0.013048447431525898
0.0
0.06726749314239439
0.0
0.006524223715762949
0.0
0.01652094947640842
0.0
0.14177300851693944
0.09482596329607967
0.09569607673137752
0.0
0.03588323043669622
0.007294303971527582
0.04881420368812887
0.02376573500581081
0.05545590158398507
0.0
0.05804084997075778
0.0
0.016310559289407372
0.0
0.11876270332642283
0.0
0.10764969131008865
0.0
0.018453291009761674
0.0
0.00551764090652814
0.0
0.013972032630560368
0.0
0.11989971302557488
0.08019584196956063
0.08093171089329475
0.0
0.02207056362611256
0.0
0.05035235665199502
0.0
0.10759399767729873
0.0
0.019507806500806822
0.0
0.01379410226632035
0.0
0.10043952791816642
0.0
0.09104107495771431
0.0
0.015606244937543838
0.0
0.04414112725222512
0.0061689101617884495
0.09780422841392258
0.008724156393569105
0.09655871586424244
0.0061689101617884495
0.019507806500806822
0.0
0.022516386900246668
0.0
0.0513694694400165
0.0
0.1097673861387025
0.0
0.019901862326144902
0.0
0.06754916070074
0.006293521556982444
0.038136497386778684
0.0
0.025330935262777503
0.006293521556982444
0.06266465601751678
0.00890038351822836
0.045032773800493336
0.006293521556982444
0.09977986447262596
0.00890038351822836
0.09850919268857918
0.006293521556982444
0.019901862326144902
0.0
0.011258193450123334
0.006293521556982444
0.18993183136899994
0.03560153138875096
0.05347641888808584
0.0
0.0
0.0
0.07269860183496397
0.0067732924149539716
0.0410437377776508
0.0
0.02726197568811149
0.0067732924149539716
0.06744173916719773
0.009578881970669266
0.012116433639160661
0.0
0.0
0.0
0.09693146911328529
0.03386646135257414
0.034270446084892554
0.0
0.012116433639160661
0.0067732924149539716
0.20441080897588682
0.03831552499389417
0.05755305978601314
0.0
0.0
0.0
0.021203758868531156
0.0067732924149539716
0.13876334486101916
0.0
0.0696694934251738
0.027093169659815886
0.00856761224341886
0.0
0.010951050815700938
0.0
0.0
0.0
0.0876084065256075
0.030609117357878145
0.03097424603056675
0.0
0.024639864335327107
0.0
0.07769878938830992
0.0
0.06296854219028039
0.0
0.011615342914196025
0.0
0.01916433892747664
0.006121823602122328
0.1254168087892009
0.0
0.06296854219028039
0.02448729440848931
0.007743562160375182
0.0
0.030559666268388835
0.0
0.029352508777780884
0.0
0.1125719013490222
0.11922874905579653
0.10866277967022228
0.016653160906716712
0.019215192943232106
0.0
0.06059275364642992
0.0
0.04910549307714872
0.0
0.009058128411773884
0.0
0.023485235819505908
0.0
0.05434876232618286
0.0
0.04270042876273801
0.0
0.015096881364994843
0.0
0.023831701166713334
0.0
0.02289030945370609
0.0
0.08778825950379308
0.09297954673405545
0.08473976352692938
0.012986828806458347
0.010675107190684503
0.0
0.02289030945370609
0.03737640718842033
0.31513927643109146
0.0
0.015096881364994843
0.0
0.02157187649907288
0.0
0.049920928952483776
0.0
0.03922159363467796
0.0
0.013866927410468518
0.0
0.04314375299814576
0.0
0.0
0.0
0.04314375299814576
0.021925537242610666
0.08500180425060397
0.00620147854256162
0.00980539840866949
0.0
0.02102541921894556
0.03433132398772847
0.2894646493407753
0.0
0.013866927410468518
0.0
0.10676509518531728
0.04215163268491506
0.07382054398453637
0.03100738990746111
0.05098807172508135
0.0
0.0027733854353379204
0.0
0.04942877720477682
0.0
0.0
0.0
0.04942877720477682
0.025119569350089157
0.09738455633397794
0.0071048872645283435
0.01123381300108564
0.0
0.054531449127185376
0.0
0.04493525200434256
0.0
0.012709608345123125
0.0
0.12231824392719488
0.048292128431427835
0.08457445095015025
0.035524433108622036
0.05841582760564533
0.0
0.0031774020862807813
0.0
0.002246762600217128
0.0
0.08334406422148442
0.05189296180832917
0.14828633161433044
0.010047827954303642
0.0
0.0
0.009126207763019657
0.0
0.04430066036395088
0.0
0.03650483105207863
0.0
0.010325125256490625
0.0
0.005475724657811794
0.0
0.041057069571639154
0.01154384131241135
0.13759473822863835
0.020406820799343896
0.01806896811092985
0.0
0.0018252415526039314
0.0
0.06770766487088702
0.04215718659866322
0.12046594247185947
0.008162728493806157
0.0
0.0
0.02555338173645504
0.011687248598036855
0.030487015000530828
0.051045414735880076
0.23196648871519537
0.02948746088451849
0.03927598225985644
0.005771920656205675
0.0028080182798624013
0.0
0.02105456520905798
0.0059198223889576716
0.07056025719037867
0.010464866190210009
0.009265986864653217
0.0
0.0009360060932874671
0.0020929732826742505
0.019861927257139596
0.05693513501468336
0.11947490215693989
0.009653737557809062
0.0
0.0
0.01310408530602454
0.005993363391229833
0.015634112518385916
0.026176710232685235
0.11895523996052472
0.01512152899659211
0.02014120194810916
0.0029599111944788358
0.019043259345312164
0.0033748179329475534
0.023095687200130752
0.1511140247498119
0.227217264435475
0.013051923597134337
0.01212822172212945
0.003859251895575577
0.0006702132645136377
0.0014986424408779178
0.014221838086316408
0.040767558007762154
0.0855482296283063
0.006912415431669664
0.0
0.0
0.0062070442474364855
0.009328904020079458
0.03125325454065058
0.04855817616582409
0.03217023669665461
0.006912415431669664
0.004342116537182178
0.0
0.013635643084303836
0.002416488268827205
0.016537323875979865
0.10820295355733467
0.1626955482910393
0.00934563608607986
0.008684233074364356
0.0027633600144948804
0.003609208838798593
0.00541377315058304
0.02837033836023744
0.18146396386505756
0.12449021172784179
0.014728377767325307
0.014921998796027649
0.014329038869782963
0.005798656519885069
0.008715115917170576
0.029196970568498522
0.045363328114500424
0.03005362058508686
0.0064576183466969255
0.004056430301561155
0.0
0.011270107719407573
0.0028000808160380804
0.04405015030540797
0.0019799561278313954
0.008139522241794359
0.0
0.0035418530918708544
0.0
0.003371743704480566
0.005057578087955834
0.026503733652596242
0.16952468119183836
0.11629947348863477
0.013759335420092009
0.013940217301340943
0.013386270719798633
0.0025044683820905716
0.0
0.02771933384091354
0.22393054610122923
0.1499026227391364
0.02247287317079352
0.010202910113467353
0.0
0.010779320184163717
0.002678143670768348
0.04213186653796152
0.0018937335457529679
0.007785064577451574
0.0
0.003387613452602659
0.0
0.02103802660204076
0.012051646946789266
0.0349751108806565
0.007574933611902938
0.00958161794147886
0.004837332075593705
0.011585772829587091
0.0024691263676405737
0.002395404485369715
0.0
0.026512219954064314
0.2141788805871919
0.14337470476599767
0.02149423070277625
0.00975859660453077
0.0
0.0
0.0
0.04352608051145127
0.1802994741780837
0.13755531489891443
0.035378740977384374
0.012756276580409832
0.0
0.02618889437181397
0.01500232483141942
0.04353827960304716
0.009429550593703777
0.011927543629787322
0.006021685453939978
0.014422387925893008
0.0030736575657018656
0.032371037595964415
0.010376446163590132
0.01608931195924583
0.00471477565232039
0.023230588822819507
0.012418267894794143
0.021973259767656385
0.025903618103258
0.0
0.0
0.05418283503942778
0.22444328899581292
0.17123381771082233
0.04404073290669807
0.015879473215876207
0.0
0.01425573007409598
0.0033338498440481485
0.004217023419589228
0.0
0.012140288683617429
0.04227278899111145
0.10844851414571934
0.02886907283473549
0.03848433316966975
0.012336046074918753
0.01912779100993539
0.005605164693477883
0.027617703551660197
0.014763467424752874
0.026122926928595264
0.030795536486292543
0.009203896937682967
0.005177160226871711
0.01419366366616099
0.015494758095072137
0.06867696287228607
0.018812217740216998
0.02532128366669222
0.01723151321672249
0.016947935762701205
0.003963449974553653
0.005013411565281551
0.0
0.01443299162380109
0.05025603800070632
0.1289291002108567
0.034321019645348914
0.054612509696417524
0.021995204692287027
0.028069619092441638
0.007572160203812947
0.05142020697193061
0.021535105944416107
0.06693559127912954
0.14503009516974683
0.009380817421399682
0.005276677387680735
0.014466499168180609
0.01579260368328488
0.06999709515688535
0.019173832682769933
0.025808018121127246
0.01756274331133511
0.0036131609229333485
0.0
0.002019818388986601
0.01688599236026994
0.07603013003046248
0.03355413914071661
0.007664671423836803
0.0
0.05566229020763936
0.02241800410865981
0.028609182999034977
0.0077177148808274315
0.05240862393833981
0.021949061183851454
0.06822225031792026
0.1478179137171123
0.011853973449214133
0.0
0.005109781092798651
0.0
0.010082775967080519
0.035932257144186214
0.1537345915330745
0.061254224048895946
0.005027094645989626
0.0
0.0028102313806999063
0.02349396652879185
0.1057829052628342
0.04668483824079015
0.010664077659391438
0.0
0.016338057599466285
0.007341592918227649
0.02471523426325278
0.08008199798743523
0.06311354478279028
0.031544578315589406
0.025171271603858656
0.0
0.016492773981367122
0.0
0.007109385306019753
0.0
0.014028456014539479
0.04999358217380819
0.2138953560285633
0.08522476256342877
0.03782765557825318
0.02139275012136537
0.023337708808038427
0.008886731782343787
0.04870414075821592
0.005620462761399813
0.02471523426325278
0.0
0.018245512593250197
0.008198717946031407
0.027600717848493706
0.08943150640013152
0.07048200002530763
0.03522738228837282
0.028109997179305263
0.0
0.03622630540692515
0.03401112971321488
0.12366905654531239
0.022221386152241406
0.011228007749692428
0.0031383236186033523
0.02580304974905064
0.0
0.042244003733264826
0.023890336373668875
0.026062367411936474
0.00992425052124232
0.054390309749947734
0.006276647237206705
0.027600717848493706
0.0
0.029473520342942625
0.0
0.0019848500707863935
0.0
0.061246147283739824
0.055863893679476376
0.1185715464237148
0.00887651962640667
0.031799709922449106
0.02985521285889317
0.10855758213124635
0.01950609165849194
0.009856025488565979
0.0027548429129976835
0.022650101574461918
0.0
0.014983964286985051
0.0027548429129976835
0.017878419114223807
0.024559357793708037
0.05023150099691724
0.017148630270137286
0.07447000191227662
0.01832234753887386
0.025872066907485693
0.0
0.0017423155848096529
0.0
0.05376230602633325
0.049037725326698464
0.10408295129675432
0.007791872399626448
0.01128795472877281
0.0
0.01689664777644694
0.05530677944186676
0.14732177771584726
0.012693436299265235
0.05329021453446622
0.0155837436243231
0.015047151387436015
0.002766460034644283
0.01795381207718329
0.024662924151595725
0.050443326308196965
0.01722094572702988
0.0747840405339184
0.018399612539795007
0.0063867623322304105
0.014454485987356708
0.14316511243269506
0.0312989199663079
0.039590352663532946
0.0
0.0
0.0
0.011335555825229802
0.0
0.016967900627821008
0.05554000710854293
0.14794303092953995
0.012746964285527606
0.05351493838419986
0.01564945998315395
0.06637459815342109
0.041669134447738114
0.08876573738167357
0.03331718311712306
0.0
0.0
0.0
0.0
0.007655266768742407
0.01732535837130829
0.17159979824496507
0.03751534336990594
0.04745357590315957
0.0
0.0
0.0
0.015069887296497707
0.016579596998448177
0.09174733928275347
0.02162971310318441
0.07132720584846397
0.008662678478540761
0.011704606008560084
0.004689418274794934
0.0795575643966494
0.04994523416195929
0.10639591145448726
0.03993446310934628
0.0
0.0
0.0
0.0
0.007414621234868683
0.006631838940801948
0.05413091546886616
0.023447089252634522
0.07653363078090655
0.011978598302498427
0.014954193647327613
0.0061142531572929955
0.018075067962025848
0.01988583833666736
0.11004325116991528
0.025943029741837507
0.08555101095892194
0.010390157481084301
0.01403869484296855
0.005624564560544744
0.016007791178062798
0.011931502832375757
0.09048751598961113
0.08728875452537596
0.0569165908553344
0.0
0.00503076333338055
0.0
0.008893217321145999
0.007954335504291603
0.06492550054928548
0.028122820258353835
0.09179568171468508
0.01436732565729175
0.017936303117247598
0.007333534696094654
0.010671860785375199
0.035794511041497154
0.09113293781706018
0.016873692833510937
0.044466086605729996
0.0
0.002515381666690275
0.0
0.016626411314675755
0.012392595048663363
0.09398440065537139
0.09066202324487693
0.05911612911884712
0.0
0.005225176882754446
0.0
0.030040779576541804
0.004130865163037616
0.021748636213556456
0.029209624972173807
0.04124191384357391
0.016523460652150462
0.10763505068593629
0.03234083849737167
0.011084274209783836
0.037177787788686995
0.0946547647708993
0.017525775688023458
0.046184475874099316
0.0
0.002612588441377223
0.0
0.04803185490906329
0.012392595048663363
0.02023035927167132
0.0
0.03200501866875405
0.010791684498077556
0.05259309339382034
0.05383545692238429
0.029249035409311973
0.004021993541044095
0.021175436845563587
0.028439786421887034
0.04015495654115613
0.01608797416417638
0.10479825933859645
0.031488474790285624
0.00899345083079599
0.0
0.0
0.0
0.018570676262610376
0.041124494344266745
0.09979125411909424
0.0
0.04676594432013915
0.01206598019429113
0.01969717507405425
0.0
0.031161505710360145
0.010507262676261403
0.0512069684157706
0.05241658865034601
0.036487119322656074
0.018551249758349594
0.026182447211159632
0.020627249198840483
0.07454057924368933
0.05508940803974963
0.0619661126589986
0.038836314593132755
0.010919376637391405
0.0
0.0
0.0
0.022547541798764607
0.049931205631284524
0.12116131052974059
0.0
0.05241300785947874
0.004883293758323574
0.006176932107589846
0.0
0.02620650392973937
0.004883293758323574
0.05709595104631655
0.027624078894997153
0.04430074793239964
0.022523955155465798
0.03178935513921815
0.025044524869608273
0.09050326452489475
0.06688667191653765
0.07523600624597467
0.04715301770467381
0.04149363122208734
0.009766587516647149
0.02650255431252045
0.0
0.04875404364579817
0.03418305474623566
0.05201729375556937
0.0
0.09213049886486048
0.008583752553644889
0.010857683231085723
0.0
0.04606524943243024
0.008583752553644889
0.10036207933656091
0.048557033324659535
0.02303262471621512
0.0
0.021715366462171447
0.0
0.030710166288286826
0.0
0.0
0.0
0.07293664493468122
0.017167505107289777
0.046585640659124954
0.0
0.08569884740843486
0.06008626512981139
0.09143492081487001
0.0
0.030710166288286826
0.0
0.12838729238626187
0.0
0.038387707860358534
0.0
0.038001889020714344
0.0
0.03041395454400857
0.0
0.028674550843613117
0.0
0.040551939392011425
0.0
0.0
0.0
0.13179380302403715
0.0
0.0
0.0
0.03548294696801
0.0
0.06451773275114868
0.0
0.040551939392011425
0.0
0.16953192798366248
0.0
0.050689924240014284
0.0
0.050180460954968024
0.0
0.025344962120007142
0.011334611803915732
0.07701565684299899
0.05295911165015987
0.10282645388289181
0.05228034613745117
0.035843189158787384
0.0
0.10736443175823346
0.0
0.0
0.0
0.028905808550293625
0.0
0.05255869059255605
0.0
0.13627024030852708
0.0
0.005839855111938766
0.0
0.03303520977176414
0.0
0.08175795876830509
0.0
0.020647006107352588
0.009233621973148679
0.06273999265297475
0.043142581807911196
0.08376648626519542
0.042589632641130075
0.029199276051956817
0.0
0.07432922198646932
0.0
0.07686578620495127
0.013058313390884441
0.05781161710058725
0.0
0.04087898332225643
0.0
0.06557281509297652
0.0
0.002810120086072618
0.0
0.015896440022539763
0.0
0.03934167504625585
0.0
0.09363619974117021
0.008886380253133463
0.007253309975763934
0.0
0.05445169627039737
0.09580185501702992
0.06866075332537086
0.08315548213105647
0.03576699005071447
0.0
0.03698757685010217
0.006283619721136015
0.02781877003944459
0.0
0.019670839418131247
0.0
0.05762459508170665
0.013329569905949365
0.026203120527609366
0.014476457183659974
0.0388418413901707
0.06867483699005604
0.08982702324462305
0.02902548920452574
0.022431089056240302
0.0
0.012688939927691538
0.0
0.148045187771186
0.0
0.07982065185462159
0.0
0.026917306867488364
0.0
0.0708187295633908
0.0
0.14877319873344527
0.010031488135105357
0.03540936692089076
0.0
0.04037596030123255
0.0
0.0
0.0
0.05832083154622479
0.0
0.1823617659991657
0.0
0.09421057403620928
0.0
0.025377879855383076
0.0
0.0
0.0
0.044411287072926194
0.0
0.02472213483961704
0.0
0.0650432894366258
0.0
0.136640381510521
0.009213395810322898
0.03252164668305165
0.0
0.04532391387263124
0.009213395810322898
0.06165695609889275
0.030018371072343186
0.07004604871224827
0.0
0.07331108300881119
0.0
0.08652747193865963
0.0
0.02330825185509813
0.0
0.0
0.0
0.04078943829049829
0.0
0.02472213483961704
0.0
0.03496237680027782
0.0
0.04944426967923408
0.018426791620645797
0.16410337406514883
0.0
