0.03393114616424982
0.0
0.0016143053296110061
0.0
0.0014438785601808433
0.006457221318444025
0.002635281547189615
0.0
0.0695321734867996
0.05832367399667261
0.025524408021321277
0.00894078646282537
0.019047937072586223
0.010674515200260457
0.02511959777687635
0.011065742816343087
0.05158087392364059
0.0016143053296110061
0.0036562579368919607
0.0
0.0007219392800904217
0.0
0.0010209763036404774
0.0
0.3327982553572415
0.18492538111210688
0.05491515031248349
0.002976631835155952
0.005142449675427217
0.0
0.003609696400452108
0.08272649069761964
0.023765487543169397
0.01993452064464718
0.008724018975081288
0.003055882459200743
0.006510417962233879
0.0036484557478894766
0.008585658381139411
0.0037821739184903244
0.10335569030088033
0.2644021617421643
0.03195582550412583
0.00476670888302168
0.00599962290915974
0.0
0.00034896075312021305
0.003845194909473423
0.1137475271585253
0.06320587464549735
0.018769517120450243
0.0010173866751401084
0.001757644232506879
0.0
0.001233762595611284
0.028275189535641978
0.15758686075859774
0.09102066229456905
0.021059700233987608
0.0
0.0007802999882731643
0.0
0.001103510828955339
0.007760967455222277
0.11200954036979455
0.2865402429542638
0.034631449090365224
0.005165819796757986
0.0065019642604171955
0.0
0.00037817882547449335
0.004167148544880101
0.04203833444976227
0.035492604374465685
0.03458401857004329
0.005858179819278727
0.003339139080617703
0.0
0.0015740853467249047
0.0
0.17078142277899333
0.09864171501433172
0.02282300410038009
0.0
0.00084563358613927
0.0
0.0011959064893723194
0.008410784108293812
0.04020565733702696
0.0500014063141079
0.01584465210475718
0.002729179845211449
0.00619910555592304
0.0
0.0
0.010040484994211807
0.09687679757044892
0.08179224734372384
0.07969842311870366
0.013500099561788506
0.007695002787495199
0.0
0.003627459305637187
0.0
0.11976392282474636
0.06530503301206401
0.024653122697145993
0.008583841495750954
0.0018487481227136234
0.0
0.0
0.0
0.0926534168874053
0.11522759360312834
0.0365137956728785
0.0062893596251740605
0.014285758508741244
0.0
0.0
0.023138167699193607
0.058162164336315
0.06016985977496841
0.0179090668807978
0.008223989699750143
0.030744093203398076
0.002221918697175573
0.010848238941863396
0.020267089829793285
0.1291002824088812
0.07039597573065408
0.026574990426121145
0.00925300654084406
0.001992869798482431
0.0
0.0
0.0
0.05090187495980292
0.034611820622086724
0.022551173968611445
0.019392710296522696
0.0416330659896791
0.0038734425069179806
0.006305373908370294
0.003387227339365991
0.06269627500693822
0.06486048307567745
0.01930519256098385
0.008865102008382898
0.033140790827064844
0.0023951313929044837
0.01169392817136585
0.021847038397875877
0.027151905798081726
0.07355414545120394
0.17123309642343507
0.03898036114462221
0.01202299551584882
0.015333895867431424
0.005789138623152127
0.011155854947577187
0.02707646947412311
0.018411225622982134
0.011995750137867058
0.010315653967146966
0.02214606910401447
0.002060418164972477
0.0033540466689634418
0.0018017834849636666
0.04628613849287937
0.11602823668274317
0.07513990530947183
0.005063269155296696
0.001456935672335541
0.00413719715676657
0.004333921356017949
0.0021493978106256143
0.014443038671691253
0.03912599635234431
0.0910848119431762
0.0207350035623667
0.006395447541558695
0.0081566300593399
0.003079443249095054
0.005934185453568379
0.06211739079296551
0.23436536177300096
0.12396297955748113
0.004135958721368641
0.0072587741685291125
0.0032578072644592637
0.015163122637204271
0.00902717769140061
0.03588143052515675
0.08994613180204623
0.05824912986516343
0.003925091751905307
0.001129429626422012
0.0032071924161967617
0.003359694783382595
0.0016662324990612822
0.013493323344862694
0.04453421687382563
0.07452379000865435
0.007459342536332666
0.01765640990906961
0.020862390707713212
0.007212534630073881
0.0035715700679922902
0.04815395958089461
0.18168213464717636
0.09609721578669732
0.003206232369946684
0.005627066968784793
0.002525481468756117
0.011754588936706759
0.0069979492720496795
0.11912492537157383
0.04176265452159004
0.0266292137643277
0.00942050881929303
0.004437078800474707
0.008941799194266463
0.015219219518212148
0.03174170900492452
0.013129504487372528
0.04333344613053626
0.07251441400514307
0.007258217179010699
0.017180342248322305
0.02029988057156625
0.007018063924699374
0.003475270253011739
0.04068733380974974
0.12580169023576443
0.04059152934500723
0.01713429257723863
0.007342321631274518
0.007857179119651956
0.007098010790187721
0.015325602015167333
0.11591297430958523
0.04063661308128125
0.02591121347040547
0.009166504770919275
0.004317442377443523
0.00870070253604378
0.014808865529391736
0.030885861115579026
0.06229143989678831
0.11156909836349525
0.06755213235908011
0.005132475292431061
0.003731574954114059
0.005120086924303803
0.0256712488275754
0.02254432669529172
0.05094184054436637
0.15750773137822127
0.050821890296724875
0.02145268118062463
0.009192821026680564
0.009837439034796681
0.008886936055989234
0.019188142869071324
0.020916892205136883
0.0026956690283008213
0.013130037942242104
0.003486571559935839
0.015335778685364678
0.020192181335007223
0.024320164769816213
0.02208598701879952
0.07799087090196065
0.1396880720935806
0.08457742576987394
0.00642602287894989
0.00467205094294673
0.006410512246655954
0.03214122287943403
0.028226216568077372
0.06784274183396498
0.03312450072558582
0.014455695428429156
0.00793925348146997
0.0013348716979847798
0.01003667504162223
0.0106035782130962
0.024537097206346132
0.037627930371919
0.004849307703451831
0.023619959821278208
0.006272082420626512
0.027587923048642268
0.036324229521258466
0.04375016410743382
0.03973104482196459
0.07250293290461957
0.011561241650674316
0.02167701435251455
0.01617303998403083
0.01880518497614773
0.0026847738651503993
0.00569830807592028
0.033556869527049484
0.12204403698851517
0.05958850840187552
0.026004718852307176
0.014282125388225786
0.002401334711419568
0.01805523047725947
0.01907504703770452
0.044140409395170874
0.1854149104633508
0.04817341579391568
0.012784424038404022
0.0
0.0
0.0
0.010058304007233721
0.03555475886482824
0.07561040867246689
0.012056756477956685
0.022606091206665173
0.016866216491923512
0.019611175220709858
0.002799843275364191
0.005942537565049301
0.034995116984394434
0.06737515394934637
0.12139646714566306
0.023168601610708488
0.0025813278547821574
0.0
0.0
0.0026561643934077373
0.0
0.19336179368834283
0.050238128437071226
0.013332364463896716
0.0
0.0
0.0
0.010489402925800764
0.03707863586094172
0.017867306513722803
0.08203400317287231
0.1482110369248874
0.03367897212955268
0.003756383878883994
0.0013999216376820954
0.0008853881560134599
0.0
0.07243388885800583
0.13051128930398265
0.024908171865954662
0.00277514193258744
0.0
0.0
0.0028555974299566706
0.0
0.012788345189576684
0.014600193631570675
0.13096516225686589
0.017039607983418456
0.013570640048356787
0.003010064166681318
0.0009518658367309874
0.0
0.019208839139423985
0.08819336981208895
0.1593391799032949
0.03620769350550124
0.004038424796708426
0.001505032083340659
0.0009518658367309874
0.0
0.007622227554513182
0.006375417842993172
0.13987331631988714
0.07539913977192501
0.03392279756255004
0.0
0.0009518658367309874
0.0
0.012588336247087543
0.014371847489431249
0.12891687506899233
0.016773109548893026
0.01335839606176305
0.002962986945830798
0.0009369787128245044
0.0
0.012803367850429341
0.021189357749895284
0.039793440676524065
0.03411439739647504
0.05490584305658977
0.005351823335348056
0.00574428760400727
0.0
0.0075030163782436885
0.006275706694928232
0.1376857061432091
0.0742199018027572
0.03339224706784734
0.0
0.0009369787128245044
0.0
0.006218085023951636
0.016614825766306202
0.20344885071112695
0.11426064651495817
0.03563213938341905
0.0
0.0
0.0
0.010456563156624374
0.01730543558136215
0.03249946658679387
0.027861368594081386
0.04484182773594874
0.004370856118711489
0.004691383300301125
0.0
0.0
0.005852917756672311
0.07295234032372586
0.031343194144208227
0.013074266654731666
0.006049708918891044
0.0007652343665759393
0.0
0.005078335600896613
0.013569396504987933
0.16615751273069954
0.09331713972119669
0.029100914714082018
0.0
0.0
0.0
0.0
0.0
0.1465428803023578
0.21937842321977152
0.05479014135628334
0.0
0.0
0.0
0.0
0.004584548746115093
0.05714304800815332
0.02455090048877938
0.010240979848041334
0.004738693860313549
0.0005994026230371167
0.0
0.0
0.0
0.014706188928712404
0.09729726658207064
0.03675550457933798
0.003999583332921491
0.012144675565413092
0.006847371795170857
0.0
0.0
0.11478599325548026
0.17183755468806242
0.042916727057724965
0.0
0.0
0.0
0.0
0.0
0.19784558552338613
0.19642730431154107
0.002578128288405586
0.0
0.0
0.0
0.0
0.0
0.011704679076921503
0.0774390486838745
0.02925376435029499
0.003183274713807782
0.00966596653120356
0.005449834064511501
0.0
0.0
0.06590506836079943
0.20230253238052762
0.014509276974900374
0.0
0.005284551280361634
0.006083614795424932
0.0
0.0
0.15746561509322413
0.15633680282881326
0.0020519363909438345
0.0
0.0
0.0
0.0
0.0
0.09234719968241613
0.1565976289804878
0.004418774021081602
0.0
0.0
0.0
0.0
0.0
0.05944808983986188
0.182482158336438
0.013087746095539502
0.0
0.004766803025807298
0.005487579148383837
0.0
0.0
0.09524379523865442
0.21464308515972216
0.009207787289642866
0.0
0.0
0.0
0.0
0.0
0.0832995816516796
0.1412551439196849
0.003985849366686256
0.0
0.0
0.0
0.0
0.002376550421101538
0.06371772484156572
0.09951211161775042
0.01902767664018037
0.0024579279210985004
0.0
0.0
0.0
0.0
0.10875720913353762
0.24509715140277755
0.01051420982760668
0.0
0.0
0.0
0.0
0.0
0.0
0.20637261685593677
0.06838017699704133
0.007306782392814312
0.0
0.0
0.0
0.0027137409898092633
0.07275814564868309
0.11363112428912613
0.02172736819754077
0.0028066645210876786
0.0
0.0
0.0
0.0
0.0015538835675651841
0.03944683885428704
0.044290239486036616
0.028582589450833428
0.02606081363789448
0.0
0.0
0.0
0.0
0.24290454758978358
0.08048478626004218
0.008600223704594165
0.0
0.0
0.0
0.0
0.0
0.013205306413282441
0.053722752728105165
0.15488922582129064
0.06341379436467258
0.0
0.0
0.0
0.0018289509080078416
0.04642968961544206
0.05213046550894384
0.033642258674007254
0.030674079938393318
0.0
0.0
0.0
0.0
0.0
0.0938502552596728
0.07181989096145137
0.05240324877602305
0.0
0.0
0.0
0.0
0.012989738150925419
0.05284576282024622
0.15236075732361642
0.062378604340841845
0.0
0.0
0.0
0.0
0.0
0.21937352635752624
0.053673208045206464
0.0
0.0
0.0
0.0
0.0
0.0
0.09231820929156552
0.07064747673548094
0.05154779893434822
0.0
0.0
0.0
0.0
0.0
0.07938800954355853
0.06922835203850951
0.08324804148730577
0.0
0.0
0.0
0.0
0.0
0.21778506772422435
0.05328456647978135
0.0
0.0
0.0
0.0
0.001786067405722556
0.06541939090936091
0.08506060529888844
0.07024069458941266
0.035265585750643126
0.0
0.0
0.0
0.0
0.0
0.07881317003929403
0.06872707745314494
0.08264525193287946
0.0
0.0
0.026966941433992662
0.04397697407775686
0.024215072460814144
0.03501687411203614
0.04363234887149203
0.067163800258243
0.0
0.0
0.0
0.0019361681880031103
0.07091722470911047
0.09220908320947181
0.07614370987988828
0.03822929920949328
0.0
0.019465115541304607
0.03993100930115232
0.02287317489041344
0.013384998266214846
0.035548885335018834
0.06363664442480099
0.022268342618234495
0.005483308579700741
0.0
0.029233238322893488
0.04767279103866967
0.02625010277809273
0.03795968588968569
0.04729920359229666
0.07280823390469812
0.0
0.0
0.0037402551640718772
0.03063331840979677
0.006076607347323016
0.02958665720656212
0.0977210199342805
0.06899136809515871
0.0
0.02327414119524476
0.04774489761294078
0.027349105678482383
0.016004237883147514
0.042505258952361784
0.0760893632710046
0.026625916973423713
0.006556308275193452
0.007764902623758959
0.003472569948643486
0.0044547514084616185
0.0026395593404787035
0.03395189138322561
0.060527227959156604
0.07593922949804544
0.0074134859618940055
0.0
0.004472165942715889
0.0366277906974456
0.00726570654510375
0.03537631389136263
0.116843530204976
0.08249192453507569
0.0
0.0
0.0
0.0
0.0
0.06734180994533513
0.06948185799298084
0.11336249933513289
0.004422890339384308
0.010585107973620543
0.004733804096895045
0.00607271294168237
0.0035982448171668186
0.04628318648844864
0.08251066038243023
0.10352028642456208
0.010106057109777373
0.054695339900864594
0.02267487950548366
0.016071184963620814
0.005141104537360127
0.025042129654409
0.012978359495307212
0.01700181821551705
0.03507122442364941
0.0
0.0
0.0
0.0
0.09180029215425403
0.09471760364554736
0.15453565276533698
0.006029279962200258
0.0
0.014119598751899132
0.07003118052327802
0.02646744043635397
0.0706576792794112
0.014556294755091428
0.0009979735332855944
0.0
0.07272008998642325
0.03014734493027643
0.021367414826587147
0.006835346215309425
0.0332947180732579
0.017255354333394902
0.022604736579133426
0.04662888283799686
0.041586511803710126
0.012246421501437281
0.031234468122554742
0.005933871213709737
0.02946830542102134
0.024044434123775008
0.03021911569063132
0.032667388729345034
0.0
0.018772686917593567
0.09310982907755413
0.035189737438884316
0.09394278936274411
0.019353295296779326
0.0013268539015597193
0.0
0.023455685187344585
0.0
0.021441227436978568
0.01575626597454452
0.06845549739006415
0.06581385524745306
0.05978817146840677
0.02533849998044768
0.03129556142414437
0.009215936122105833
0.023505222565761912
0.0044654822681003915
0.022176112454970167
0.018094426110589566
0.022741128078818697
0.02458355428729204
0.037003259140984984
0.008860862456632677
0.00515459695513748
0.008930963862854519
0.0142080142229108
0.01201843492107034
0.04857515640678163
0.03227025707545564
0.017651368308809375
0.0
0.01613540595638868
0.011857238518800757
0.05151557874108543
0.04952763432475864
0.04499305932314021
0.01906826391876021
0.1993863399327804
0.006315145602221588
0.030186393137097957
0.008733414842472144
0.015583381875362038
0.0069538327141848615
0.042658120723164654
0.15633494997730463
0.031341724165165334
0.007505141801783955
0.004365938560573495
0.007564517624033126
0.012034174098356536
0.01017960257927568
0.04114310978880409
0.02733287606219713
0.07308876560927943
0.02801769557655829
0.009440371909818803
0.0
0.012517822219912132
0.02248113983032635
0.027193055522353245
0.033383829498536716
0.16888003417930147
0.005348922125307077
0.025567845352202134
0.007397193797709265
0.013199109149741586
0.005889889482120992
0.036131386373718245
0.13241554915190032
0.06327679021657631
0.026846793799411097
0.020134203363409212
0.016119937186005875
0.007866354558548942
0.013955073114348649
0.03382848573451536
0.07555190209279779
0.06331348535738594
0.024270459951630432
0.008177766359823504
0.0
0.01084362209732195
0.019474392618336982
0.023556111644311418
0.028918898581873468
0.057762251676755465
0.007396461052655029
0.009576193794168335
0.003771419169214584
0.014041890918889879
0.014346754545882865
0.06637602604414304
0.15211104753263072
0.05481381574093715
0.023256160805867683
0.017441347917223467
0.013963971049178401
0.006814266460883587
0.012088647412789082
0.02930408412784648
0.06544718886684407
0.009324796760334758
0.0
0.0
0.0026415178205729103
0.022159458821437713
0.03589408999261218
0.10694908272713859
0.09596412705465183
0.024062652422250867
0.0030812246112001096
0.003989259700032036
0.0015711012983924966
0.0058495839536044075
0.005976584326331757
0.027650986544093117
0.06336656138069319
0.015218469259959075
0.0
0.0
0.0
0.0
0.005583923663594823
0.14584616803658873
0.22809078255281734
0.0038845324903142653
0.0
0.0
0.0011004059457260737
0.009231207925712005
0.014952793328394273
0.0445529481596941
0.03997682512868609
0.023172746719155556
0.004450055388915459
0.0024127996254030815
0.0
0.00244392240989673
0.0009651198707422263
0.19667358282799172
0.12589548619638885
0.015188804372226668
0.0
0.0
0.0
0.0
0.005573039095261614
0.1455618746476084
0.22764617230052156
0.02941657839864482
0.010306451815511526
0.0017000304621390954
0.0006811125390323067
0.0006461600820368417
0.0019264771853265597
0.01574516303172946
0.01612712801227147
0.023127576806325763
0.0044413810346647
0.0024080964303060098
0.0
0.0024391585481260162
0.0009632385926632798
0.19629021314377038
0.1256500820496092
0.02058916002184807
0.004074272037148949
0.0012582071099685014
0.0
0.0077747642219516515
0.01644319786319089
0.0835443693983433
0.04047701510480456
0.10222605511935864
0.03581612712055025
0.0059078049585544615
0.002366945843055987
0.002245481961466685
0.006694733842412221
0.05471628556294005
0.05604365860495065
0.02650304128089273
0.01041851669772114
0.006522957464691328
0.0
0.015718373730266796
0.005021050203354293
0.004372416707786479
0.002366945843055987
0.07154974241843501
0.014158572495978579
0.004372417064696225
0.0
0.02701821622904524
0.05714203835407689
0.29032646813269575
0.14066236803942794
0.018037971569539537
0.005021050203354293
0.01031370158504265
0.0
0.012218830843848099
0.0016736834606030553
0.00819664074683951
0.002366945843055987
0.023979284898655192
0.0007504697859416889
0.0016997472912439074
0.0
0.0003356202863574203
0.0
0.00047463875265110923
0.0
0.15471362875317965
0.08596943132922052
0.02552934710925839
0.0013837978573080676
0.0023906587163803287
0.0
0.0016781014317871015
0.03845848156897917
0.018890517075684465
0.003461505418401365
0.0052210259190806985
0.0
0.0013424811454296813
0.0
0.0015009395718833779
0.0027675957146161352
0.4310756203041137
0.1002057314208407
0.020782968464757707
0.0030942661352059563
0.0010068608590722609
0.003179040843634256
0.001956985676160234
0.06815082407619034
0.1009223823362868
0.05607935052497715
0.01665323572667739
0.0009026753334974637
0.0015594681280148926
0.0
0.0010946546575290482
0.02508713428969836
0.139818788240465
0.08075799369064399
0.018685198456578393
0.0
0.0006923204022163408
0.0
0.0009790889048238661
0.006885910791922803
0.2811981007671223
0.06536593589227356
0.013557090647970223
0.0020184434458949503
0.0006567927945174289
0.002073743457958511
0.0012765756852045967
0.04445596408912972
0.0594552350223341
0.03311596252449257
0.010146933050457881
0.0025009737949460023
0.005546555653241403
0.0004895444524119331
0.00548319660203791
0.02254047040508299
0.24292155509510188
0.14030916488814235
0.03246371623909537
0.0
0.0012028394098310962
0.0
0.0017010718110868298
0.011963600735426232
0.05718901180821368
0.07112260327332971
0.022537624213433673
0.0038820183211081835
0.00881768249344238
0.0
0.0
0.014281706926984206
0.10329769219091417
0.057535766231112756
0.017629309959573403
0.004345198890406009
0.009636601358536055
0.0008505359055434149
0.009526521165155807
0.03916187654237727
0.06330784253699634
0.02039019492040254
0.008274794084390288
0.003516547073132192
0.01634690799146649
0.00255160762594268
0.01690467278861099
0.01833084864508903
0.07530308598544666
0.09365000968649621
0.029676201780568793
0.005111610608202601
0.011610599344202926
0.0
0.0
0.018805301416087418
0.04727068476535125
0.04890241802817556
0.014555404954818812
0.006683960768077137
0.0249869370371248
0.0018058409535982028
0.008816791622725952
0.01647186320157345
0.08335999800283068
0.026848594735301306
0.01089575620817447
0.004630379827299478
0.021524635225482067
0.003359805011176757
0.022259066703680743
0.024136970163717613
0.0036988610157565813
0.22682936838557213
0.12113955064445961
0.011738645294352241
0.00851445289322457
0.006719610022353514
0.011451227331315459
0.009241727294635177
0.029068637593542536
0.030072055739520733
0.008950701555502153
0.0041102352170515844
0.015365468490891009
0.0011104839393018546
0.0054217983448097
0.010129208499385063
0.012588768783011435
0.03410280431153445
0.0793908860359268
0.018072939600527076
0.005574367845622728
0.007109440900885367
0.002684088848923898
0.005172324902577752
0.0022745778046084487
0.13948646476992402
0.07449356220262537
0.0072185632087729545
0.005235878149195997
0.004132157371515478
0.007041818390142478
0.005683108311200368
0.05476277138304487
0.11024838788231488
0.16530417447992007
0.041770320084854505
0.019061383653458188
0.011711705194643983
0.0388073741467735
0.04384314812716545
0.009559965559305088
0.02589781735716341
0.06028978284599303
0.013724668640320278
0.00423319909497162
0.005398940224408545
0.002038308701678217
0.003927885942023854
0.041116009595583786
0.15512835198838426
0.08205211120296678
0.0027376249437378055
0.004804642058455825
0.0021563693039283066
0.010036595032270848
0.005975162830289059
0.041587085868199605
0.0837231034496538
0.12553270634138705
0.031720562057764176
0.014475297336914774
0.008893919670097198
0.029470488074328813
0.033294676654387505
0.08026617912949946
0.04293184543880183
0.016930694300833708
0.006937224455309989
0.012395676447061257
0.005344502533285311
0.023025110413412667
0.014393193126985131
0.04632787380135827
0.17479241746996946
0.09245303448305335
0.0030846462036665657
0.00541367834899882
0.0024297106155030056
0.011308833532822344
0.006732574300545224
0.11460749141385489
0.04017893866101889
0.02561938551762698
0.009063265981100074
0.004268816697612376
0.008602709896226725
0.014642079017623372
0.030538005634806006
0.09044071771079833
0.048373884944366285
0.019076828628395083
0.007816586829764173
0.013966952040589176
0.00602197152224801
0.025943772753898166
0.016217673877991435
0.000790617358276946
0.0
0.06057612497908769
0.020389537828610367
0.027893029700999487
0.03810435224666935
0.02419986488063459
0.010124285791811698
0.11690720885329607
0.04098517047708159
0.026133464893554503
0.009245129754383135
0.004354474904455302
0.008775332136978556
0.014935887424483185
0.0311507821929327
0.06282573988944885
0.11252607364831017
0.06813155553317056
0.005176498701034556
0.003763582248758379
0.005164004072640873
0.025891441972618882
0.022737698908356464
0.000806481910448224
0.0
0.0617916473616964
0.02079867492033221
0.02845273209087733
0.03886895534808303
0.024685460111902237
0.010327440021173891
0.09174568535088638
0.008633122673923266
0.02152287728264035
0.010414301479988876
0.024535557387010982
0.015794468571710192
0.0239037910731393
0.0590144147057351
0.06541366866100161
0.11716126718613006
0.07093804238275159
0.005389729933136012
0.003918612381356989
0.00537672062384296
0.026957966739948873
0.02367431414452214
0.05690207820553126
0.027782676228200784
0.01212449688128625
0.006658929316296739
0.0011196035375305683
0.008418110069012143
0.0088935915682287
0.020580120826915443
0.09552488953062513
0.008988739760096932
0.02240945137574862
0.010843289192399628
0.02554623032137929
0.01644507705988781
0.024888440179957897
0.061445346709433905
0.012602900777050336
0.025180105392130333
0.06088868835880378
0.010492557829473547
0.017891797885793804
0.018862494802016988
0.05492169488374272
0.07175800898263517
0.07453343137514382
0.03639125770754631
0.0158813242812571
0.008722227146703605
0.0014665174992464715
0.011026497606481679
0.011649309089113305
0.026956959600044347
0.11323461470099577
0.029419954213084302
0.007807566967215233
0.0
0.0
0.0
0.0061427000447718426
0.021713622765205966
0.016507963677550145
0.032982269127049234
0.07975530979591308
0.01374372190955891
0.023435648256676975
0.02470711977886035
0.07193941778080978
0.09399253606881962
0.014475966688628791
0.009176485954606184
0.041070115037462426
0.010093255192845532
0.024422038810979717
0.054899179701691975
0.08785317793113363
0.035999342005004153
0.12459967241841666
0.03237275692768252
0.008591191739987562
0.0
0.0
0.0
0.006759226543616564
0.023892961447396936
0.011513445837172733
0.05286157998195824
0.09550514761669875
0.021702265037398832
0.002420561952073906
0.0009020901913424807
0.000570531913766964
0.0
0.015928881041418846
0.010097505492603378
0.0451922134708293
0.011106288425892235
0.026873214022700882
0.06040926464874045
0.09667076821024287
0.03961250040852234
0.0
0.005427554969869224
0.2478930086425444
0.05707971771251257
0.0020171349600615887
0.0
0.0
0.0
0.011228023340758734
0.05155112224964968
0.09313754038263027
0.021164258019133853
0.0023605553437260327
0.0008797270484532986
0.0005563882207827608
0.0
0.004455373292964894
0.0037265833624115408
0.0817592801412838
0.04407259049271682
0.019828681996426303
0.0
0.0005563882207827608
0.0
0.0
0.005293003914448209
0.24174765108660815
0.05566469081661045
0.001967129453105027
0.0
0.0
0.0
0.0
0.0
0.18560477516078422
0.1720851785278572
0.0023605553437260327
0.0
0.0
0.0
0.004202025329996565
0.003514676920096277
0.07711016418274935
0.041566470289119514
0.018701154433231167
0.0
0.0005247500587060918
0.0
0.0034824062027215322
0.009305046824360098
0.11394047153165884
0.06399108127630479
0.01995559448400714
0.0
0.0
0.0
0.0
0.0
0.1750506445386815
0.16229981901467905
0.002226325987736645
0.0
0.0
0.0
0.0
0.0
0.10627026395590762
0.19785863002049978
0.0
0.0
0.0
0.0
0.003336894169954359
0.008916236272234328
0.10917947908509568
0.06131721964918975
0.019121751747287932
0.0
0.0
0.0
0.0
0.0
0.09629101370199351
0.14415009936062295
0.03600173711057566
0.0
0.0
0.0
0.0
0.0
0.10182977044919286
0.18959112480174883
0.0
0.0
0.0
0.0
0.0
0.0
0.06081710287879925
0.16196444068516339
0.007482674984321811
0.0
0.0
0.0
0.0
0.0
0.0958953386117603
0.1435577636755074
0.03585380024676959
0.0
0.0
0.0
0.0
0.0
0.16528557952519426
0.16410070885239475
0.0021538384448261776
0.0
0.0
0.0
0.0
0.0
0.060567195730207316
0.1612989030382028
0.007451927482703743
0.0
0.0
0.0
0.0
0.0
0.0968710604302777
0.03699153273359172
0.02997189799483854
0.0
0.0
0.0
0.0
0.0
0.1819337033283802
0.18062948846531196
0.00237078035339759
0.0
0.0
0.0
0.0
0.0
0.10669674150944428
0.18093084357493983
0.005105393462253128
0.0
0.0
0.0
0.0
0.0
0.10662824198006525
0.04071744529285748
0.03299076915025276
0.0
0.0
0.0
0.0
0.0
0.09478140954232966
0.05201428324570227
0.015200401210102823
0.0
0.0
0.0
0.0
0.0
0.13517336904252544
0.2292200431216165
0.006467987914320263
0.0
0.0
0.0
0.0
0.00385651789300733
0.10339715234794805
0.16148205214468728
0.030876927656851936
0.003988572227743904
0.0
0.0
0.0
0.0
0.12007791680594126
0.06589653821838053
0.019257283899207063
0.0
0.0
0.0
0.0
0.0
0.02326713854174982
0.0403462144942176
0.04226938193083281
0.012641935216875988
0.0017803365101611481
0.0
0.0
0.004940261310332334
0.1324534114749756
0.20686110026093188
0.039553839841288685
0.0051094250323375345
0.0
0.0
0.0
0.0
0.0028287853919850368
0.07181145604483263
0.0806286809905167
0.05203350700871058
0.04744271093466455
0.0
0.0
0.0
0.029805577862965317
0.05168414824304668
0.05414775659233719
0.016194521890564334
0.0022806396403524973
0.0
0.0
0.0
0.027226530023206855
0.06270213603457962
0.0605966212646208
0.026366133986406765
0.02533194652573322
0.0
0.0
0.0
0.0027101271506836592
0.06879920170284044
0.07724657306819357
0.049850872565005436
0.0454526452838636
0.0
0.0
0.0
0.0
0.0
0.13906667683873156
0.10642223123734863
0.07765078147812231
0.0
0.0
0.0
0.026084466656206135
0.06007198769996807
0.05805479234806946
0.025260161402693687
0.024269354703815346
0.0
0.0
0.0
0.0
0.011660195044892123
0.0698195429031557
0.11420071642136419
0.038199123379615486
0.005179774431789324
0.0
0.0
0.0
0.0
0.11825597897619196
0.09049662669654206
0.06603069398580924
0.0
0.0
0.0
0.0
0.0
0.10169290391990425
0.08867878402371
0.10663745234529176
0.0
0.0
0.0
0.0
0.009915299706816793
0.059371364768122284
0.0971110968291265
0.03248279770521318
0.0044046446656478685
0.00051531726578046
0.0
0.0
0.0
0.06421879976133478
0.07749285466292359
0.07794240481427857
0.0047523202672065355
0.0
0.0
0.0
0.0
0.0960920504832455
0.08379469818180003
0.1007642722272859
0.0
0.0
0.032879132971837
0.05361841949858517
0.029523948398470532
0.04269392074017088
0.05319823918225367
0.08188869045419653
0.0
0.00048693557573363695
0.0
0.0
0.0
0.06068187563509815
0.0732248467230856
0.07364963738372775
0.0044905807723677315
0.0020076867630989654
0.0017556711702637622
0.03552089741207531
0.03658885896673019
0.03219948054588987
0.06118682164533463
0.04020776749424374
0.0035449444969685435
0.0
0.03183909319992217
0.05192235017603008
0.028590040543154758
0.04134341750072137
0.05151546109340401
0.07929836986954675
0.0
0.0
0.00407366202283222
0.0333639766179648
0.0066182769604157705
0.03222401589139579
0.10643188506565186
0.07514126811779348
0.0
0.0019441791856650216
0.001700135404006099
0.03439729278191949
0.03543147234808129
0.031180939684991606
0.0592513470060637
0.038935906786428325
0.0034328100538481626
0.008959121782104024
0.0010543792430323844
0.012450606086721777
0.0044733520398678945
0.01193815798988137
0.016841485677953762
0.11227923334316366
0.08336715996554993
0.0
0.004423390354596176
0.03622831043314469
0.007186463262456803
0.034990482833736236
0.11556917858727413
0.08159222801534372
0.0
0.0
0.0
0.0
0.0
0.0666073478463874
0.06872405550294178
0.11212611351076568
0.004374652174643609
0.009728272167522341
0.0011448988520832814
0.013519504211248074
0.004857394195924866
0.012963061885868547
0.018287345608788752
0.1219185280977982
0.09052432165820797
0.002048057298425756
0.0
0.0014481951791906476
0.021803721330056487
0.0914468240295238
0.018409765049338063
0.048870570375198735
0.011206662161198797
0.0
0.0
0.0
0.0
0.07593922586873303
0.07835249026112209
0.1278352994824887
0.00498755333050576
0.0
0.011680043425075982
0.05793133671813467
0.02189445033667447
0.05844959030352125
0.012041287988074424
0.0008255457120751702
0.0
0.002334995924713073
0.0
0.0016510914241503404
0.024858484422479156
0.10425878299450915
0.020989025257336005
0.05571747565471209
0.012776747260024953
0.0036919527694239352
0.003403812108730548
0.06959318697771297
0.09802104354177729
0.11479104477146562
0.036323694843713075
0.0016510914241503404
0.0
0.0
0.011177958146240572
0.05544106589542636
0.020953282500034708
0.05593704152460539
0.011523674036053479
0.000790058314130334
0.0
0.013966390025383852
0.0
0.012766906727132172
0.009381868582671165
0.04076095702576743
0.039188024741908876
0.0356001078187573
0.015087488195657221
0.0035332482964847583
0.003257493821244882
0.06660161293837907
0.09380745278810328
0.10985656879185132
0.03476226293886385
0.001580116628260668
0.0
0.0
0.0
0.0037475756214728003
0.04401216622723313
0.16162335485583468
0.08515716488106671
0.05003238870647625
0.019453054891790472
0.011716600308718536
0.0
0.01071033696099192
0.007870581025755118
0.03419493804796876
0.0328753831129315
0.0298654293272324
0.012657105274143038
0.13234838292081683
0.004191858422424075
0.020037081373046127
0.005797053760892166
0.010343915196683212
0.004615805250923978
0.028315547083391908
0.10377179214222276
0.0
0.0
0.0031438937050798483
0.03692242300753007
0.13558809727912868
0.07143953895900737
0.041972872009072654
0.016319440351903435
0.009092904053994598
0.009039753317166282
0.016534705350281714
0.010708834305572078
0.011512962341301525
0.03994829725309079
0.12506167872662355
0.023402189242169278
0.14058218657110869
0.0044526469444924706
0.02128365039119038
0.006157706466758089
0.010987442263845914
0.004902968820930214
0.030077145145944225
0.11022775739152366
0.052674015439877916
0.022348295895877262
0.01676047939859048
0.013418851008708411
0.00654825379186214
0.011616735522992179
0.02816012275257225
0.06289228710443744
0.009658601835404802
0.009602144426282844
0.0175633806862781
0.011375064123040601
0.012229219459518048
0.042433604806430804
0.13284215389440088
0.024858112064605864
0.015881349831555407
0.014060101551917186
0.01440098052380708
0.004112647701315665
0.009921159789594689
0.01789794915948782
0.07269523566266181
0.047377112362036226
0.05831135675970979
0.024740081880476383
0.018554239419823516
0.014854979289879656
0.007249068821157649
0.012859995650750425
0.031173909004463526
0.06962322048462091
0.009919790170666376
0.0
0.0
0.002810066877127146
0.023573401914691462
0.03818440768685944
0.1137732528510753
0.10208737292191018
0.017581022599474912
0.015564858513727398
0.015942219441611137
0.004552796389941862
0.010982953988413154
0.019813444826458457
0.08047531189823556
0.05244756220153384
0.04992105341502588
0.024224225007901237
0.008093910061084859
0.003485459025629433
0.015116879979654598
0.007059721409653531
0.04652670762528212
0.10049602447585926
0.0048101442282723625
0.0
0.0
0.0013626121860967216
0.011430832831122329
0.018515765463273635
0.05516908584938431
0.04950255793634667
0.028694380639701065
0.005510420700008686
0.0029877248345968684
0.0
0.003026263598932902
0.0011950899593238086
0.24353723431392266
0.15589403558936651
0.024206909906586475
0.011746419440472864
0.003924767973380183
0.0016901124244128015
0.007330232971927561
0.003423285937264393
0.022560978639050423
0.04873090698292456
0.022469422027731188
0.0009635123055795067
0.002524569527108265
0.0
0.0005344604698080402
0.017327427643478735
0.09525541931090274
0.15567508425432308
0.021838066409613454
0.004193745622277073
0.002273829645282684
0.0
0.002303159851272574
0.0009095318775086641
0.18534577773052227
0.11864428596005049
0.019441182603803793
0.003847105300446088
0.001188054012516547
0.0
0.0073412713670732545
0.015526384364857475
0.07888623621698591
0.03822016250660022
0.01710051652929969
0.0007332880252732385
0.0019213419408118328
0.0
0.00040675501519041616
0.01318716442558499
0.07249482743352711
0.11847765145919854
0.050788775171452416
0.007952838387736166
0.0011971511263535392
0.0008385469254239014
0.001456646187029099
0.0011858844217573078
0.006508259458303366
0.20579129970103807
0.040360187582192016
0.007986648484237255
0.002466418004507709
0.0
0.01524058980902117
0.032233007539173734
0.1637690132465356
0.07934563239411334
0.010174962082900339
0.0028323026920467165
0.005817811728862647
0.0
0.006892467928238413
0.0009441009309035204
0.004623607953074124
0.0013351603373210129
0.10543826138377665
0.016510212145072273
0.0024853037497013027
0.0017408360332954876
0.003024019399821719
0.0024619139014495773
0.013511244553574909
0.4272258343528913
0.021307981434096665
0.0036333905997385377
0.005548823440775584
0.0
0.003799932890626589
0.00682103766949477
0.007230204790251746
0.005238552507405311
0.01196572920967104
0.002192604698349636
0.0033071292910667924
0.0
0.0008503613633730314
0.0
0.0009507329209296054
0.0017530648181975598
0.2730541530855952
0.06347283362519392
0.01316445557451279
0.001959986088691449
0.0006377710225297736
0.0020136845237749205
0.0012396040073609199
0.04316844811841001
0.018635968492996487
0.0017172382885703203
0.0018038887779425951
0.0
0.0006377710225297736
0.0
0.001552029146453479
0.005582420062737937
0.37712478046432557
0.13389929436279055
0.0026819915247994408
0.0
0.0015032407158661453
0.001426099330708921
0.0004753664604648027
0.03322908088652097
0.22188528974493668
0.05157836978748845
0.010697508191971948
0.001592695354642785
0.0005182562012912621
0.0016363309950192591
0.0010073089577071603
0.03507891570354575
0.04691440665422284
0.026130848394366617
0.008006651445302227
0.001973446099465868
0.004376626672969971
0.00038628537095421347
0.0043266318778561385
0.017786033380648544
0.3064536475191115
0.10880729478235389
0.002179400898498849
0.0
0.001221541580771297
0.001158856071675338
0.00038628537095421347
0.027002131837754503
0.093227597313214
0.011084560099810646
0.001884053837389861
0.0
0.0
0.001158856071675338
0.00564683121624553
0.005893117445509322
