0.01939050953023739
0.021635480568300947
0.03575676519498286
0.0018900957399028758
0.0012619646740964253
0.0018593706445656315
0.0020810165802876506
0.003949545369163156
0.003990682831175727
0.22987109951758075
0.16929802754832937
0.004914947230746726
0.00339515157498656
0.0006500111855848378
0.0006500111855848378
0.003725891818011201
0.026264793828053985
0.2600809854087376
0.07622419359549494
0.0009708410947384186
0.0009192546451644572
0.0
0.0006500111855848378
0.0
0.019806210572789994
0.05819675401983611
0.03385624780423636
0.00268499849277657
0.00580669916065406
0.0031638939461404022
0.0027148998760709244
0.004339414416929683
0.005424187134264609
0.31244373789915364
0.23011204391141118
0.006680459125024342
0.004614733435604718
0.0008835035153466716
0.0008835035153466716
0.005064279803204486
0.02901075400558448
0.02818269405617042
0.04939994067602882
0.016365063586585925
0.01541007264515181
0.0037607228841591497
0.010808452853949515
0.0
0.026920854678849932
0.07910177224416381
0.04601784494612639
0.0036494842853115796
0.007892539751269932
0.004300405109312171
0.003690126627843764
0.005898187564963085
0.02423944763786097
0.010991930770517301
0.03502007664554329
0.011095025570915587
0.012950923602370329
0.001979354781701845
0.0021917025327103474
0.005015860552623471
0.07270655162831659
0.0706312734934627
0.12380579065632265
0.04101400950591465
0.038620617794186365
0.009425097758033955
0.02708807000661318
0.0
0.016886850180170193
0.03326933510393038
0.048275510449298814
0.05390407162604397
0.0345912642708075
0.007707060483607528
0.005210955552878952
0.00507340330877031
0.06074873651283814
0.027547901095836984
0.08776707458781194
0.02780627657364518
0.032457515421655835
0.004960645304112326
0.005492829773322765
0.012570715127209517
0.0068549445251746485
0.007707060483607528
0.08778945177692096
0.01970836024986506
0.018159911239340614
0.005492829773322765
0.006725099667180821
0.0
0.02458466874812965
0.048435058893404985
0.07028175298413888
0.0784760764122791
0.050359585393576566
0.011220300233005402
0.007586353568718915
0.007386098558406581
0.0728139645611621
0.03219262316002271
0.050930449959982464
0.033538584027413214
0.09004646139294324
0.01320568408620275
0.007751545364621744
0.008481801200518783
0.00997974984323128
0.011220300233005402
0.12780800258712022
0.028692355480283826
0.02643805076442775
0.007996719283124665
0.00979071560722114
0.0
0.017097211468906387
0.0
0.02124591712280296
0.026735205175678314
0.051899205229485955
0.021688140116103302
0.01733707683567637
0.01477919731111567
0.07840251716629605
0.03466344272205768
0.054839418528304595
0.03611270758006588
0.09695762725835805
0.014219234998411814
0.008346485075738326
0.009132788857640127
0.03718854373874942
0.023060969296534253
0.06660210857241385
0.05694365897059937
0.04551800111653625
0.017220952729269327
0.00838954503634225
0.011944283323023018
0.01840944142741694
0.0
0.02287656484540247
0.028787161849563658
0.05588252684008164
0.023352728944315636
0.018667716727342232
0.01591351710997028
0.01664030152711253
0.008610476364634663
0.11410601281765476
0.044815410040442025
0.020491023564571113
0.004305238182317332
0.00759836255778254
0.0
0.03846971500310588
0.023855435769824553
0.06889659765614786
0.05890540773045816
0.047086127995908715
0.017814226559419114
0.008678570713096204
0.012355772212566283
0.0
0.0
0.04989501608730924
0.1251742312295792
0.049442842866095814
0.0192188358550595
0.008450029096195149
0.0
0.017213571518444555
0.008907113279709557
0.11803704452836797
0.04635933216730768
0.021196953615304052
0.0044535566398547785
0.007860131446437614
0.0
0.0704816143002111
0.01248706234028093
0.04986471266725514
0.028384955622815136
0.050659891580273106
0.006680334722354094
0.011495247395065354
0.0176743947192823
0.0
0.0
0.05416979370124384
0.1358985889603262
0.05367888033892531
0.020865418133644804
0.009173989083587531
0.0
0.0
0.0038981959205197413
0.021461542829947035
0.03228420300298889
0.14948809069048177
0.06035495809839562
0.038224956233413585
0.0
0.07652015783885423
0.013556896939845589
0.05413689402224784
0.030816849274409728
0.055000200241017025
0.007252675360039001
0.012480107809682277
0.01918865631915077
0.03675961104735304
0.018403547156137404
0.07034113042582506
0.0034189440653293528
0.005405825154022506
0.004835117078539221
0.012383386382833247
0.0
0.0
0.00472258942934692
0.026000246619895556
0.039111691394022464
0.18110194851725075
0.07311887163592244
0.04630879974372839
0.0
0.016351917549868065
0.037598374526415936
0.08303230415575004
0.025763695847169994
0.06481837931940017
0.002928825701726098
0.005557055719420851
0.0
0.04453356221664401
0.02229554363970351
0.08521692746346718
0.004141985018623699
0.00654905326715353
0.005857651403452196
0.015002234578114691
0.0
0.039797815047163884
0.005857651403452196
0.03589276366046267
0.008283970037247398
0.07107202267725658
0.00472258942934692
0.04021786842173384
0.004141985018623699
0.00892398506724949
0.020519142895830993
0.045314504560427515
0.014060420517418633
0.0353743374356916
0.0015983933839607144
0.0030327380325119837
0.0
0.006107452270002854
0.09468979980212096
0.20622172783679033
0.06458629666047325
0.013142144080827983
0.004795179981455002
0.002577331827763665
0.002260469595828364
0.021719477615205634
0.0031967867679214288
0.019588313477697815
0.004520939191656728
0.03878723502224192
0.002577331827763665
0.021948719845095683
0.002260469595828364
0.007913856581833098
0.03351159331938746
0.15498643167406412
0.09206268041176979
0.057041004451671824
0.00774221599897343
0.0030327380325119837
0.005905367264274294
0.004064207601828106
0.0630113813678943
0.13723036658885235
0.04297898800628662
0.008745447285762641
0.0031909552578057677
0.0017150869370323742
0.0015042307837900878
0.01648112438401513
0.03713119853772682
0.1395974558401161
0.04522468592491178
0.007336678714550412
0.003842390517843445
0.004927319429115503
0.0015042307837900878
0.005266280383006324
0.022300308917185013
0.10313580949027204
0.06126316326889796
0.03795796899584893
0.0051520620590962555
0.0020181372561234373
0.003929730019329192
0.005433960576297602
0.06238118727748726
0.12923281569837286
0.04237856743655186
0.0
0.0
0.0010636517904055354
0.0
0.01856010915933405
0.041815053513310226
0.1572067510922252
0.05092948077481061
0.008262152183080889
0.004327082654210917
0.005548868167998855
0.0016939795427460453
0.022916981006130023
0.02154369978991326
0.10696368818730947
0.07582596489284499
0.018646462108195105
0.0026784167999232746
0.004638685241010462
0.004417358043446306
0.00611941874314227
0.07025016123790462
0.14553468018579196
0.04772434327365853
0.0
0.0
0.0011978244249278836
0.0
0.011767666469419374
0.04625786757152769
0.07356173490958953
0.016817086595655957
0.025838617717840153
0.0069997848907026525
0.0019553951486489343
0.0
0.026640465387988
0.0250440574362246
0.1243428369628327
0.08814594700315428
0.021676085007398076
0.0031135981669607854
0.005392365319666437
0.005135077523139003
0.041257722234168716
0.05744575790413482
0.09231032753977915
0.013632997611181226
0.0050584175920739905
0.002784886903265505
0.0017613170720547223
0.0
0.013679642671610946
0.053773711276881624
0.08551383152148474
0.019549477885351947
0.030036801130194586
0.008137089569269392
0.0022731020618940788
0.0
0.003214651675888919
0.0402788791092619
0.1656213019484616
0.043633099844524174
0.01636842420512509
0.002784886903265505
0.0013924434516327524
0.0
0.04089110660332793
0.056935295580169944
0.09149005906320076
0.013511854955968555
0.005013468553296506
0.002760140431245889
0.001745666029425248
0.0
0.015564193625470853
0.12181890649489381
0.07956124336613682
0.019649077705817617
0.022756888891416374
0.0
0.00588587638199679
0.0039034280219476117
0.0031860863191927762
0.03992096146682908
0.16414959302207252
0.04324537663638761
0.016222974581615295
0.002760140431245889
0.0013800702156229446
0.0
0.03853971362059297
0.030036953960164654
0.11321678971437282
0.022821742597017493
0.017281212315065582
0.009660491067914676
0.014138184338339927
0.0019517140109738059
0.014308998830609342
0.11199466111298853
0.07314492261422484
0.018064452080252934
0.020921629759391575
0.0
0.005411202166572593
0.0035886309529078735
0.010417871072564944
0.041155695400318375
0.08397154989937165
0.01121886506707752
0.009646010252048214
0.004091668735600898
0.0
0.007467871241760609
0.03543162790178927
0.027614584438714236
0.10408627331499773
0.020981253252900962
0.015887546297491176
0.008881408103770057
0.012997991931504591
0.0017943154764539367
0.0017943154764539367
0.02025538170003086
0.19281114855011344
0.11249577897849783
0.026715342416098204
0.0
0.0028482766876631476
0.0
0.01121543069483598
0.044306446705373474
0.09040014909711229
0.012077746284063546
0.010384478624276975
0.004404914095280762
0.0
0.008039588104568828
0.00922326121049925
0.012593832814814127
0.10137551412949493
0.03315243346746733
0.023717409959322342
0.007706366302023187
0.014759338198742892
0.003114744663966046
0.0019316826567221158
0.021806070364260494
0.20757216697087721
0.12110810393090163
0.02876058546602767
0.0
0.003066331841476519
0.0
0.007565499025206739
0.023280368956286372
0.04826770373681514
0.07808212393599172
0.041478741036498706
0.01290102961953297
0.01577547356068342
0.0019316826567221158
0.01055302124185956
0.014409543672022651
0.11599128872065038
0.03793217242977562
0.02713685814489386
0.00881742861085025
0.016887259936845266
0.003563811742031663
0.012630248483266741
0.04142572954074349
0.08362243602829383
0.06806252847060035
0.06373888271421355
0.00914027004161744
0.00551652908599526
0.0
0.008656251850201354
0.026636806928372742
0.055226680802507845
0.08933958322334326
0.047458922094224074
0.0147610304543702
0.018049896212066038
0.0022101822385464853
0.01574698617897188
0.053527854682881
0.0833903510911785
0.03347471416869162
0.02603215911953506
0.004082830439175607
0.0019768470334158147
0.0
0.0135822275979437
0.04454810907154146
0.08992530589841662
0.0731926021727892
0.06854307047165673
0.009829199178178396
0.005932326168873962
0.0
0.025965309939799258
0.013392717524602176
0.11125301999600878
0.06733387019340877
0.01685357472554262
0.006722521316395288
0.0071192639055435184
0.006209196952638693
0.016933883014877252
0.057562407113031296
0.0896757280344394
0.03599780219824185
0.027994279803429552
0.004390565422538123
0.002125847830289782
0.0
0.009308698389994647
0.01365193754413212
0.03332766482946922
0.04036930551218871
0.05262046263743753
0.031657361362219
0.018505079860089434
0.0054756992853598665
0.029654500244463717
0.01529557498170265
0.1270600164726736
0.07690076778365487
0.0192481559810934
0.007677667259996429
0.008130779633165209
0.007091408998269443
0.0
0.0
0.0
0.016720037718588134
0.17459602117496242
0.06483058535722762
0.01714468408593547
0.0
0.01063129226347565
0.01559162537163996
0.03806290959454423
0.04610503718059164
0.060096857143764525
0.03615528689746336
0.02113430945007565
0.0062536948787744505
0.009442282107453582
0.02197695004767243
0.09808933234550753
0.04422203868778159
0.023578173312582225
0.003094966544333212
0.0012139457443254454
0.0
0.0
0.0
0.0
0.015601976893013538
0.1629208697870024
0.06049539550855861
0.015998227363411086
0.0
0.0
0.0
0.0
0.0
0.020536472087357514
0.16925130738921515
0.1859389940101381
0.0
0.00881088127534713
0.020507362040308345
0.09153014619125885
0.04126493237522311
0.022001512280884945
0.0028880076302491868
0.0011327697802548402
0.0
0.009741852785279862
0.0
0.03579563516976351
0.021609153029645275
0.0494073642265327
0.01583974153624935
0.02996765525169681
0.018758718122424953
0.0
0.0
0.0
0.0
0.015608571232662136
0.12863801905060726
0.14132135356994605
0.0
0.006696635499212487
0.0
0.0
0.008305668675071763
0.0657060540174362
0.11864834656053294
0.07891797886022206
0.0057884927439828685
0.007404212490360329
0.0
0.027206168566293983
0.016423853274601795
0.03755164765727531
0.012038861057723069
0.022776661915554854
0.014257404426710129
0.005516967005786869
0.007433936580906432
0.0292171629229408
0.0
0.03211430524125026
0.16018132588844777
0.05188521407875113
0.006360379438865459
0.005264477555839247
0.0
0.0
0.006529399178332817
0.051654005462628556
0.09327393697608549
0.06204039752659268
0.004550552308904937
0.020816797420038415
0.004516205491757459
0.06049019051881903
0.02313869210004393
0.04749021804118638
0.02885878792391017
0.02954964580956143
0.00501761388682684
0.004337095692558769
0.005844097724344795
0.022968712941178988
0.0
0.025246265708177555
0.12592457736477858
0.04078892229233943
0.005000133993625053
0.0035054506812895537
0.017751529409402854
0.11708566110380143
0.10766849621014495
0.06094367640236018
0.018018270991327797
0.0017255766903907501
0.0
0.01891985440579451
0.004104663587130351
0.05497798602263169
0.021030165055645283
0.043162643749118254
0.02622901375417591
0.026856916805153133
0.004560380844743856
0.09143832683403849
0.026512537751547636
0.06542314621528969
0.10802427409665791
0.0131070101315102
0.010331897608241896
0.0066639941197964405
0.009227259282376487
0.0031860144083858378
0.01613391076106565
0.10641616077589866
0.09785714061980919
0.05539014773600949
0.01637634535809608
0.0015683324907989373
0.0
0.038679470423571595
0.014425646693773293
0.03629177520942517
0.039826044395959055
0.022256737500320197
0.004711216759585529
0.011768229591532646
0.004542200241134057
0.08882514035290262
0.02575484447749313
0.06355343919895869
0.10493708317270042
0.01273242911204405
0.01003662563543621
0.006473545978987521
0.008963556412370934
0.04216000215726927
0.008130884592523762
0.002112730508118419
0.0
0.005180963343675369
0.03496619281762287
0.08678050233409157
0.1614068596129314
0.03757406230087238
0.014013380784859288
0.035254604258934986
0.03868786870512943
0.021620669370425505
0.004576576413768674
0.011431909149763053
0.004412390163940857
0.03380861405185577
0.019326255192856277
0.02662029801785182
0.019413880510149317
0.010376844687268825
0.027928378528875742
0.03036867962363421
0.002570247673677581
0.028450718132130976
0.005486942454221249
0.0014257281095813935
0.0
0.003496255222994468
0.023596139589770023
0.05856184736570919
0.10892174650062642
0.17090127316593234
0.03641107401974479
0.03142945347845924
0.005815852377255156
0.0017391087162300675
0.00788695545123496
0.002953676710698648
0.11077814300541833
0.02281497389965154
0.013041883560406352
0.01796410238960676
0.013101015511923888
0.007002577518784176
0.0188468307579415
0.020493612424259153
0.0017344731582504878
0.0168944375621287
0.009850873840975577
0.008532020952401577
0.052574977122160194
0.08802337792406631
0.03758199804480055
0.036780117353675854
0.03690744869256409
0.1293344085727375
0.02755511785608277
0.02378513455224041
0.004401312018479377
0.0013161200796843785
0.005968678289099725
0.0022352790205510836
0.08383451651926
0.01775617674433885
0.0
0.0006103521479720621
0.0
0.00021579207506453415
0.0004825257559345781
0.01565952703453825
0.2930323089837821
0.01278534705909098
0.007454929495523498
0.006456849989278093
0.03978761214504086
0.06661419961061511
0.02844124797939179
0.027834401915513635
0.027930763534726948
0.018925896166003094
0.005794774213133763
0.0029734575091117897
0.0
0.0034792385008313026
0.005894011616703146
0.06569347446416361
0.07374626993725057
0.020398994839185083
0.0
0.0007011965749066563
0.0
0.0002479104307734451
0.0005543445836796802
0.017990281115188307
0.33664705216343765
0.004015662603352249
0.0005543445836796802
0.002986817860406034
0.001752991466819867
0.007551186942026183
0.04354462965056417
0.11590196215893672
0.016320906837654203
0.02174281455833893
0.006657264734968704
0.0034160250405395496
0.0
0.003997086154561955
0.006771272570800333
0.07547124957459464
0.08472261802297908
0.010369392061384911
0.003661751369674692
0.006706014791410737
0.006624289008609759
0.005971057733773309
0.009476902594739654
0.15227917880886307
0.03296448383879937
0.004701853527468249
0.0006490702266747654
0.00349720120438699
0.0020525402470337292
0.008841523421389786
0.05098547630816585
0.13570713066445475
0.019109801038076326
0.0037735493320375005
0.0
0.0012981404533495308
0.0
0.00550754321407653
0.09069799840590995
0.1844241624322744
0.004689504322766444
0.012141299570542417
0.004287466427045935
0.007851929411581344
0.00775623843898143
0.006991383898841936
0.01109630272656674
0.178300436257945
0.03859740967511584
0.010827647591488817
0.006091630976097462
0.009429435256796749
0.005356141023224246
0.045255201719710814
0.10929227648176253
0.027758190759786278
0.003031143436974973
0.0035504041722683663
0.0
0.001221376183592641
0.0
0.005181860017091017
0.08533466071923933
0.17351841943804722
0.004412195057863647
0.004206741818307341
0.005685195072557231
0.00676868150042638
0.005305940781191041
0.0197591663953756
0.037471118690625325
0.04541780926230111
0.015473108142048345
0.010187365210332804
0.005731408318909641
0.008871834798510303
0.005039410847146741
0.04257907949907545
0.10282938429429318
0.02611673721910866
0.0028518997258130644
0.006035419448170079
0.0
0.001383154191241964
0.0
0.0025252143304988397
0.08694602966888416
0.2816826780605286
0.003913357558294979
0.005413898501665721
0.007316605205255846
0.008711006336052167
0.006828520999364676
0.02542921005433383
0.048223742291971974
0.05845079639640179
0.019913234661035964
0.005315445748793191
0.0
0.0015718594047169306
0.0025588016851647833
0.023352188376972772
0.06668895854624876
0.05095888236134262
0.006337450197436866
0.007767329139424008
0.0
0.0017800608468409803
0.0
0.003249843862719712
0.11189585671781416
0.36251367318536687
0.005036325388245526
0.0036721274249551105
0.001757392214207311
0.0020494538205218286
0.0017921954435211687
0.019525289578910743
0.0690212896036795
0.06875239808316036
0.004115714031468031
0.009883237107862977
0.0
0.0029226258589072854
0.004757690128287835
0.04341972914868017
0.12399765154947975
0.09475004372741284
0.01178349397597784
0.03038002773065257
0.007635218653952772
0.006619487526421279
0.0
0.002066608558423579
0.019163777047992638
0.048347711740892876
0.015094178838059332
0.006827744604365016
0.0032675949986821972
0.0038106377164006605
0.0033323061412060912
0.0363042114674716
0.12833425509018076
0.1278342935104416
0.00765252427802359
0.038863422025491
0.002356296241711672
0.01118210063528944
0.0026945277991400006
0.008131336686184293
0.02917067454748551
0.09013887365627445
0.07927688250432874
0.056755538410426784
0.014264007571961338
0.012366433036006777
0.0
0.0038608088990841325
0.03580149741729148
0.09032251172035208
0.02819873156182027
0.030522373959242323
0.015322016558216385
0.018775228042583757
0.0
0.02197610925065447
0.0
0.009636428584538843
0.0
0.07260409572644592
0.004401999334512736
0.02089024235731977
0.0050338787494835545
0.015190848267567794
0.05449624188681773
0.16839616972796626
0.14810395138295263
0.03981331082009628
0.011534002538325323
0.03191947955279694
0.008894687648567687
0.060641589535396286
0.008190012190067633
0.012086242523958134
0.0
0.03821543035558527
0.3784193719458566
0.1109066524880889
0.0014125795346121358
0.0013375209453884147
0.0
0.0009457701193350377
0.0
0.02881815352169445
0.08467662128726315
0.04926104078845891
0.003906688686661467
0.008448781620847473
0.00460348440359887
0.003950195376198109
0.006313873640883854
0.0886438674173198
0.09064902006098784
0.009149359473166148
0.0
0.010950034153205019
0.005048764240236263
0.005551923581300895
0.0013375209453884147
0.02116358180661672
0.010456757044834463
0.014350600880287376
0.0008294952851510957
0.0024033517866552715
0.0009457701193350377
0.0042009750421699845
0.01310247769279271
0.0668897439326793
0.1965426935048287
0.11433967834603803
0.009067805322043262
0.019610445850952136
0.010685136114741117
0.009168788590116763
0.01465511628786625
0.06022730202692709
0.027311444727023446
0.08701372921727998
0.027567602448674452
0.0321789175636697
0.004918065792464538
0.005445682276379447
0.012462814868600756
0.04912273670404357
0.02427115257640182
0.033309143746488856
0.0019253394279877233
0.00557841381018731
0.002195224654274814
0.009750872644452636
0.030412128143282063
0.039475268018250166
0.016424015756128327
0.03438752569303585
0.01315504295746997
0.01728172408826229
0.009002327064268687
0.006166992910071752
0.00945634561251244
0.09630100216095613
0.04366988739591914
0.13913140790599798
0.044079473156463926
0.05145277815118983
0.00786378683036645
0.0087074240920012
0.01992753321502144
0.010866695596089807
0.012217499340577368
0.13916688100157898
0.031242375594265463
0.028787720566549255
0.0087074240920012
0.010660861027866153
0.0
0.06311934526023118
0.026261332046973486
0.054984252566957326
0.02103437772637386
0.027632772725311925
0.014394354203051875
0.00986077040764501
0.01512031136407476
0.007788156757106306
0.0021768560230003
0.020521633292352428
0.01231415628435464
0.03727157261411567
0.013061135673791484
0.021674976822734338
0.0
0.01423217315515148
0.01600132851799165
0.18226765720662447
0.04091831737661476
0.037703441696910346
0.01140416295983217
0.013962590448028533
0.0
0.0243824221967603
0.0
0.030298912906801395
0.03812721514826629
0.07401372650054605
0.030929569417506284
0.024724495443827682
0.021076690150566207
0.010200193292106636
0.0028510407399580423
0.026877300082683513
0.016127920668137175
0.048814791075934005
0.017106243831769355
0.02838784067771734
0.0
0.04920202985936237
0.040123900533825245
0.09317775638114711
0.013367588251807186
0.03483946711786961
0.025195659634310613
0.020362911980909667
0.013321020716107843
0.02021663513353791
0.0
0.02512228121704147
0.031613101893248986
0.06136832885019194
0.02564518876365942
0.020500264461629225
0.017475694217666583
0.018273824646557465
0.009455738224111651
0.1253074210194004
0.04921478996088327
0.022502559273781673
0.0047278691120558256
0.008344268567228289
0.0
0.04079576169542059
0.03326864946725812
0.07725814474534151
0.011083708260045701
0.028887072387026706
0.0208909292795097
0.01688386651877011
0.011045096883755665
0.05980475412498773
0.071576282661624
0.10225496646313292
0.04445007131759229
0.022331002447150014
0.0
0.015341495434967474
0.004358879777342688
0.01579271902312266
0.008171897225561272
0.10829396308365752
0.04253271357622706
0.0194473025097647
0.004085948612780636
0.007211335967401654
0.0
0.06466388045889498
0.011456348077037118
0.04574875094798835
0.026041988331973537
0.04647829374699138
0.006128922701340803
0.010546400090011893
0.016215504690952745
0.0516848386372578
0.06185810264998808
0.08837142663374034
0.03841491863110022
0.019299038596112515
0.0
0.0132585231326822
0.0037670583422235453
0.08008826263861236
0.16010688933470543
0.01237969697492254
0.0
0.019595566423416883
0.007380145620851196
0.007211335531741353
0.0037670583422235453
0.08531101793657608
0.015114353010550433
0.06035629914262157
0.034357179277314666
0.06131878451110808
0.00808588397101136
0.013913859187854365
0.02139310542026421
0.04098266294753964
0.020517800614580785
0.07842212573677636
0.003811722384259919
0.0060268621981675935
0.005390589505596363
0.013806026119891467
0.0
0.10566039591167202
0.21122892116697245
0.01633252664674744
0.0
0.02585241879642763
0.009736621603388059
0.00951391055608122
0.0049698777667054545
0.02932014753239044
0.01886706240743772
0.06396930812500025
0.003811722384259919
0.007232234637801112
0.005390589505596363
0.01930444811868436
0.0
0.049604441310602626
0.02483425827432037
0.09492027735099047
0.0046136181912913654
0.007294770780970974
0.006524641434408259
0.016710485926047347
0.0
0.04432945137407938
0.006524641434408259
0.03997974560870247
0.009227236382582731
0.0791647423255572
0.0052603339710955935
0.044797334739546786
0.0046136181912913654
0.03548840980271113
0.022836243976903575
0.07742693037366252
0.0046136181912913654
0.00875372493716517
0.006524641434408259
0.02336564524766538
0.0
0.030122240796894174
0.07874363115677809
0.13716185993984575
0.0607130161190621
0.04465849856408437
0.006524641434408259
0.009786961803770611
0.014878471464134188
0.023719174413951966
0.003491112643494592
0.021391795515717408
0.0049371788355859906
0.04235834806097807
0.002814624929218271
0.0239695228122946
0.0024685894177929953
0.008642479707711136
0.03659698179276183
0.16925592179526144
0.10053882567479111
0.06229272901061921
0.008455036298919822
0.0033119600581285073
0.006449070212522153
0.01611738158389131
0.042133025866583046
0.07339062356990014
0.032485459979483405
0.023895236319710467
0.003491112643494592
0.005236668779123641
0.007960961589458316
0.054844491178959134
0.05740367960920174
0.07369103330981384
0.028126525969325022
0.01512805589764806
0.01716332890767143
0.015351700049929274
0.012886364351328122
0.006801004858087669
0.028799170999712596
0.13319213759479434
0.07911676566976529
0.04901986084465562
0.00665350048701361
0.0026062724133476384
0.005074950630937322
0.007017551210776939
0.08056060955214016
0.16689445746662723
0.05472873110684107
0.0
0.0
0.001373626253779547
0.0
0.04315863774775719
0.045172533473923866
0.057989499829589335
0.022133536464983974
0.011904683046178012
0.013506295326083441
0.012080674777438929
0.010140634345750849
0.013075703012538027
0.03728249666172129
0.04354606959571452
0.022881580119164698
0.028318826278473586
0.007709411037033505
0.006727151321147844
0.0025328415644836335
0.008514775358018922
0.09774855536331772
0.20250209384214
0.06640533670613302
0.0
0.0
0.001666695208272661
0.0
0.016373946722878827
0.06436483062283378
0.10235639592456815
0.023399888216316587
0.0359527652321049
0.009739747907524826
0.0027208058682966006
0.0
0.01586545939685506
0.04523687456290054
0.05283680719889126
0.02776346174032818
0.0343607672992342
0.009354246396116334
0.008162417427180045
0.0030732339944896
0.0062048634152176456
0.018855939288677414
0.05662117202187649
0.04163790793212232
0.0424860185077791
0.001666695208272661
0.0010541105711690609
0.0030732339944896
0.01739111965180631
0.06836326572175039
0.10871492125747267
0.024853522653779915
0.038186202297286254
0.010344794941925493
0.0028898262102420983
0.0
0.004086831306660161
0.0512070982295127
0.2105566605954658
0.05547136561908234
0.02080940494546779
0.003540465384519816
0.001770232692259908
0.0
0.006590318382213059
0.020027297136516478
0.06013856000166791
0.044224514172055376
0.04512531058655697
0.001770232692259908
0.0011195934236075196
0.0032641476743959
0.025408022917515885
0.016719910385607464
0.05571121922153558
0.0389837905721812
0.01287361557651593
0.008583007838924362
0.036266760419801126
0.005006974151105798
0.003607695666381681
0.04520363394239702
0.1858712275987825
0.048967963279057454
0.018369733029939425
0.003125385088415792
0.001562692544207896
0.0
0.04363960793373333
0.03401169264643374
0.12819857363992382
0.025841704717968303
0.019568005550671837
0.010938847309593549
0.016009066063488578
0.0022099809841908354
0.022429214051841662
0.014759686347254957
0.049179696707037805
0.03441337352906897
0.011364326942091291
0.007576745371051915
0.032014885025226
0.004419961968381671
0.018150035138509515
0.07118534259760961
0.07440205275601773
0.02504908931325523
0.029118033050810763
0.0056451510431621225
0.010955720641907576
0.0022099809841908354
0.03713267964259693
0.02894034449301823
0.10908339444382167
0.021988550955086734
0.01665029810673404
0.00930779931440304
0.013622017924986343
0.0018804595134493682
0.0018804595134493682
0.021227830733337092
0.20206789906683842
0.11789663555769057
0.027997930386629517
0.0
0.0029850207862205445
0.0
0.015443755620434478
0.060571179418921386
0.06330825872533112
0.021314119279447253
0.024776359007169638
0.004803425033930597
0.009322156731276978
0.0018804595134493682
0.009112800561206107
0.005318742708418497
0.05561827267540629
0.0656326982602244
0.027376373384911057
0.006126767491179424
0.01066359496666028
0.006068955027286393
0.0020125416524890347
0.022718858469046237
0.21626100460785708
0.12617761140357606
0.029964485107803137
0.0
0.00319468652361186
0.0
0.00788218595694732
0.024254870253555858
0.05028815882479364
0.0813505915110571
0.04321501450471873
0.013441058436256346
0.016435824755236774
0.0020125416524890347
0.009752877192559958
0.00569232741412743
0.059524860598261294
0.07024269231495087
0.029299270384269938
0.0065571072830472475
0.011412598294291367
0.006495234112800513
0.0412935625428138
0.02711335573029247
0.05476066229865664
0.0072702088772758095
0.01718338166274567
0.002846163707063715
0.003600143848739949
0.007745305459090036
0.008871392491631937
0.027298832459445914
0.056599272974910644
0.09156001021327238
0.04863845604467376
0.015127897964129139
0.01849850449149462
0.0022651136375755362
0.01613835842249824
0.05485822459241756
0.0854629171316941
0.03430668759120591
0.02667915686263671
0.004184304238082708
0.0020259791689103855
0.0
0.04647586376367706
0.030516055033776204
0.061633071207221383
0.00818261289428388
0.019339879050857395
0.0032033544347612897
0.004051958337820771
0.00871733362679741
0.008871392491631937
0.010180923582635299
0.1230436455804503
0.08758931555967876
0.07020371876579379
0.013575841280068073
0.00303896866797694
0.008860040584464603
0.01842522868404546
0.06263185553661478
0.09757335603365096
0.03916808312912797
0.03045970063512238
0.004777236968712696
0.0023130685611893616
0.0
0.010128503689069592
0.014854246424753846
0.03626279013789683
0.04392457921344425
0.057254680258701694
0.03444538515589704
0.020134798849095706
0.005957937198998134
0.010128504468978007
0.011623601379638231
0.14047942477085507
0.10000107366659142
0.08015186792027672
0.015499592561709694
0.0034696027442954907
0.01011554395093259
0.011630757819257001
0.01004445217924455
0.03893890548147593
0.016920184821456533
0.03679669048194031
0.005485923757571149
0.025229198053423833
0.005172178690677345
0.014713782579022809
0.021578918167835724
0.05267933212815561
0.06380969275048487
0.08317446908442526
0.05003916902172995
0.029250031557738154
0.008655157292397997
0.01306818423722356
0.030416252016928453
0.13575631952210726
0.06120360971436891
0.032632356174021146
0.0042834552652755925
0.001680109369779958
0.0
0.01689612276752177
0.014591680077116342
0.05656695270179505
0.024580128348915358
0.05345493470700434
0.007969458460197545
0.03665071823015585
0.00751367774063299
0.020196284730254595
0.012252913725473137
0.05076090968094693
0.0486732017355536
0.012530538271637305
0.005312972495628541
0.029107146784232922
0.0
0.01334125824551973
0.0310518328830101
0.1385930963573957
0.06248252610577478
0.03331424496123351
0.004372962749820717
0.0017152170933667531
0.0
0.0147509164789119
0.0
0.054201026882343115
0.03272014251765009
0.07481163175140576
0.023984216308607826
0.04537641754908803
0.028404071625210085
0.0206183081976214
0.012508951764391462
0.05182161442918982
0.04969028154199498
0.012792377579212871
0.005423992869156487
0.029715372464109328
0.0
0.02910819980840668
0.008135989014570745
0.029088555163925896
0.08238622450407353
0.05570805241274379
0.02128515735987972
0.022576163513660034
0.010019645430402124
0.009827508399404512
0.0
0.03611036966442565
0.021799152336169865
0.049841780370810565
0.01597901307101461
0.030231147009480146
0.018923654870739957
0.007322593680178062
0.00986696077194066
0.0387795345427745
0.0
0.04262487130269654
0.21260644905125672
0.06886652399936909
0.00844204328822661
0.019392766443876084
0.0054204428919697074
0.019379678585307144
0.054888204028983305
0.0371143958264138
0.014180818055333118
0.015040925550219757
0.006675391984430475
0.05203946485376464
0.01233659129026305
0.039271537538817416
0.01846635812612355
0.027684220757430957
0.011247244373402502
0.03379904952579506
0.06184027352850497
0.00441298753059328
0.00594635954870684
0.02337062656401739
0.0
0.02568803265175423
0.12812804445597709
0.04150265943434522
0.005087627880339637
0.0035667901384287713
0.01806215114576774
0.11913446211225025
0.10955251276293144
0.06201008764772214
0.018333560254159123
0.0017557713635052835
0.0
0.03136177146085024
0.007434691300887895
0.023667133946699195
0.011128817425258467
0.016683995634967922
0.006778192446717013
0.02036911927900544
0.03726826420923769
0.030370394270423214
0.02928508849282864
0.029886503405948985
0.032577842386872
0.08172948466234364
0.03503521440407078
0.027008150609178605
0.012863039261105524
0.0033745093952040252
0.017088445457527884
0.11271208736364369
0.10364668770492162
0.058667209239521734
0.017345223274743148
0.0016611201478169278
0.0
0.040967873843353826
0.015279114925501805
0.03843891480543693
0.04218228286546435
0.023573518564051862
0.0049899476839210585
0.012464476374312642
0.004810931597880152
0.028733168149539634
0.02770636971144161
0.028275363175025207
0.03082161577871899
0.07732356072391601
0.03314651425542098
0.02555217841269092
0.012169610532959495
0.0028390342979620013
0.01164935891421901
0.034249151306364974
0.07187586957714742
0.10320932217857642
0.009549221432116384
0.005696728599443934
0.0
0.0531124731434774
0.019808486626368336
0.04983382437844988
0.05468688402988725
0.03056170003886079
0.006469177857825535
0.016159470935921842
0.006237093881526126
0.04778985810660381
0.027318451799946516
0.03762887952393939
0.027442313768188027
0.014668094185647993
0.03947790480246646
0.04292737016289272
0.0036331501621296963
0.003680643361685713
0.01510271840896526
0.04440203892204934
0.09318289758402086
0.13380490218570223
0.012380011928216772
0.007385478336038441
0.0
0.012718130585222032
0.05724693651965231
0.04743710600176677
0.05587962452109324
0.017444261453193045
0.004006717477842278
0.011332391492954978
0.006240243291143172
0.03869695981294047
0.022120614568391057
0.030469294039244022
0.022220909522117464
0.011877219847949523
0.031966508296224334
0.03475964951314918
0.002941876611240313
0.02865501289983555
0.016708275487108955
0.014471341206456193
0.08917353076146062
0.14929831316523617
0.06374362181724286
0.062383535015666486
0.06259950439286405
0.010298272638814514
0.0463546553533044
0.03841132527528691
0.045247499576822184
0.014125170301088587
0.003244365883573186
0.009176195861665248
0.005052922386203322
0.031033113222657036
0.0
0.0006839723862304473
0.013054302767217845
0.005911127147321088
0.019228475394768414
0.04679651622721573
0.029295299559557356
0.02306499381709878
0.013448825591237574
0.011648272384967394
0.0717775609751605
0.12017320257703365
0.051308517927857115
0.05021375681995838
0.050387594897336206
0.034142653776576576
0.01045387589243248
0.005364170307313153
0.0
0.006276608224946503
0.010632901936009862
0.1185121980136064
0.1330395844770848
0.02497917439813886
0.0
0.0005505430730258754
0.010507669763224677
0.00475798463541533
0.015477384974240048
0.037667453203229506
0.023580373373872213
0.024106278851476454
0.023502818959443887
0.0313467357565735
0.03225907826077381
0.013773886163553569
0.011260197365894406
0.014387533388670125
0.021397671919132284
0.03303654320256777
0.010115204424782004
0.005190388692781077
0.0
0.006073266599191362
0.010288430608714033
0.11467278950629795
0.12872953605159312
0.015755497886492432
0.005563751049650743
0.01018927640573247
0.010065100331516141
0.009072565387408544
0.014399428425312463
0.2313765614875796
0.05008701111665281
0.02332531407609289
0.022741404315457122
0.030331203803260803
0.031213989387321943
0.013327657196397173
0.010895403713551348
0.013921424253766539
0.020704457170102993
0.0
0.003042710768478298
0.004794365689582983
0.004297359997966955
0.06269275783506757
0.032579644566652036
0.059206447518952494
0.01231002637948312
0.01459547912799471
0.005154112735983774
0.009439077849563625
0.009324044398226325
0.008404586113575892
0.013339252021789968
0.21434116511128348
0.04639929062244911
0.013016292325929072
0.0073229617843211196
0.011335452574884932
0.006438803692871338
0.054402854348129755
0.1313840525038068
0.033369088005070636
0.0036438431084976418
0.0
0.0028186872819756046
0.004441374360773108
0.0039809613512486455
0.058076923055705755
0.030180926410312104
0.054847296812272676
0.011403684883918914
0.0
0.034089353578422306
0.03796455045794466
0.014793405936215155
0.0
0.003217135267606437
0.1427890006285473
0.01948589699811599
0.009895384932872071
0.005567140310779469
0.008617558964418537
0.004894976192355322
0.0413587196523947
0.09988218926030037
0.02536820489282375
0.0027701613708958875
0.005862438171001258
0.0
0.001343511581382431
0.0
0.002452839112211875
0.08445406777857313
0.2736093652070172
0.0038011967392723054
0.0
0.025915772888666366
0.028861816497194596
0.011246401244037441
0.0
0.002445764973383986
0.10855258087473342
0.014813776975071972
0.014821285752713477
0.0061996283314960056
0.005894484561292678
0.0014285789736073007
0.0035229535191572924
0.03771943168999082
0.13551041220962723
0.033189017783741594
0.005713718312082792
0.0
0.0013094290295481328
0.0
0.0023906148505518938
0.08231161498354864
0.2666683715444079
0.0037047669900286805
0.0027012504988070257
0.0012927537761806055
0.0015075969633690553
0.0013183553497821267
0.014362981484780312
0.05077269152023573
0.05057489245994408
0.0030275568611527683
0.01444529551420878
0.006042354544734766
0.005744951741195951
0.001392338410003629
0.003433582316414885
0.03676255531947858
0.1320727487668831
0.0323470701335547
0.0010342030209444842
0.0005781370728302038
0.0
0.0
0.004236396594314354
0.046100409207779074
0.21805974069270076
0.010093291095570299
0.004640093758383884
0.0022206377122862123
0.0025896862445658705
0.002264615011661331
0.024672121585445565
0.08721518020022269
0.08687540934761986
0.005200609014525479
0.02641134553489795
0.00160132461268102
0.00759928766671442
0.0018311847245411363
0.00552600701859301
0.019824213226883464
0.061257830993391466
0.053876087787070766
0.00177651016982897
0.0009930993901952079
0.0
0.0
0.007277102735935883
0.07918933142943592
0.3745737917271523
0.01733782817802013
0.012721197563311058
0.014214981849784283
0.006887838864618903
0.004783399961365462
0.017091843825843805
0.03064985934694543
0.026801215934154538
0.01209579610066966
0.05880903789859075
0.003565602506342285
0.016921015849177122
0.00407742239874021
0.01230452858809908
0.04414174603217686
0.13640024888984684
0.11996363018730574
0.03224862842048415
0.009342497632013684
0.025854655497623363
0.0072046627368187195
0.04911945395828263
0.006633878329541245
0.009789809893384741
0.0
0.0283257582854955
0.03165190524758221
0.015336862572697564
0.01065099652875924
0.03805769342507398
0.06824675923986219
0.059677146002175406
0.026933203019058407
0.01990014629294725
0.002211292855106066
0.010829510804167632
0.0
0.014833803208737315
0.0
0.09936483528810816
0.03760200259392789
0.20553967842512533
0.21018905171603267
0.02121473778955417
0.0
0.025389985389492938
0.01170663474662069
0.012873316798884303
0.003101327063131837
0.049072270035071947
0.02424621739760645
0.03327492330919299
0.0019233614138523202
0.005572682778448553
0.0021929693712148916
0.00974085500099566
0.030380883980055236
0.05257858994836944
0.023903260549221976
0.04816348485068593
0.04228962927745069
0.03402156993877195
0.014563391164033043
0.017656964488250056
0.00871041079631907
0.04889138445638405
0.02070620156502412
0.015734720529271076
0.0038467228277046404
0.009905100275813079
0.002720043803765723
0.00738109541166888
0.0025077563800333684
0.08830985721799522
0.043633196404584434
0.05988114518188023
0.0034612576861536423
0.010028531798799048
0.003946440870108811
0.017529523572158513
0.05467306738648254
0.07096622697014371
0.029526092878502136
0.06181979441267908
0.023649333144241107
0.031068028556918856
0.01618383402506606
0.011086643373189663
0.017000040854324966
0.08798433774202019
0.03726262719102737
0.02831601069834123
0.006922515372307285
0.01782509736072567
0.004894957575134958
0.013282929064643236
0.004512927722723774
0.055634285538956364
0.029549445671261793
0.12136748275776967
0.007974185408877416
0.010028531798799048
0.009789915150269916
0.018429077909171764
0.0034612576861536423
