0.09320161249727833
0.06278090801403438
0.016056730637376972
0.0
0.0
0.007742847224863793
0.0233329164175987
0.0028200200469044143
0.22025671478434955
0.02859493404303139
0.009627456617944981
0.0
0.0
0.0
0.0
0.01809204961234537
0.04621795802527169
0.07627623397572934
0.015419199611107414
0.006131965462025542
0.014907860354912508
0.0108018964601276
0.03255734683383925
0.0028200200469044143
0.2126815569271233
0.08634877872111513
0.013330323395449675
0.0
0.0
0.0
0.0
0.0
0.24945920674594904
0.03238616162195752
0.010903902263524742
0.0
0.0
0.0
0.0
0.020490763921194744
0.038076519854821446
0.04454544075352071
0.03994397069030274
0.005639298712224112
0.01905202482122376
0.00265239735544307
0.004276862124591738
0.0067752542665576905
0.24087970499550673
0.09779723566811974
0.015097709521145223
0.0
0.0
0.0
0.0
0.0
0.05176503253453673
0.04809882410912828
0.011527451500760445
0.0
0.0030384835089906784
0.002138431062295869
0.02616043861374986
0.029294126194045176
0.04766350163552326
0.05576118028396152
0.05000114295071166
0.007059172540403868
0.023848981463872987
0.0033202232286785546
0.005353698963235823
0.008481141239967262
0.09560367918819161
0.02029470331528153
0.024092345931385956
0.01136272253134432
0.0059393957846358295
0.006413947999912296
0.06271490716098307
0.06775534128123979
0.06479853522013472
0.06020924155708747
0.014429856130623708
0.0
0.0038035189206491837
0.0026768494816179116
0.03274716579683907
0.03666985945892047
0.0726567917185135
0.19222728574699313
0.00958669506595699
0.002347752354052356
0.006681820257715308
0.0
0.0031498401341889786
0.002347752354052356
0.11306384824319078
0.024001139655543575
0.02849234848845781
0.013437904762896184
0.0070241119311782296
0.0075853319606487635
0.07416857600090143
0.08012954824895376
0.09051103611432344
0.01587246151210813
0.01458179159571121
0.0
0.012292195879561901
0.0
0.018949941682066578
0.012845524822592418
0.08592615412350972
0.22733389393012973
0.011337520117374154
0.002776524063981376
0.007902125922575508
0.0
0.0037250977153423376
0.002776524063981376
0.042062207054285136
0.02962961950272842
0.02167411319384655
0.002776524063981376
0.018580775490462696
0.01766969161707666
0.010095820320700446
0.002776524063981376
0.13516127642850187
0.02370254777913543
0.021775174048403505
0.0
0.018356091770866775
0.0
0.028298187889028742
0.01918238488865159
0.010489195297638157
0.0
0.008395452704737003
0.07175308472476354
0.06289716933971562
0.026634367974336902
0.12188195734239962
0.031938064978680465
0.06281202645472125
0.04424628602219533
0.03236622770549124
0.004146218545638614
0.027746907340119708
0.026386374254356117
0.015076216334714307
0.004146218545638614
0.0255501503841683
0.013522873852289206
0.09366412577072501
0.037315963784723724
0.02884528706850493
0.0
0.003708490498606881
0.0
0.00881875536468982
0.0
0.007058448382171893
0.06032616257912868
0.052880581760482305
0.022392754524429
0.10247184218356624
0.02685181978945231
0.0
0.021474564496889087
0.18947318469111227
0.07616087946897117
0.026456266094069456
0.0
0.0
0.0
0.021481202263413955
0.011369310318566727
0.07874779601115378
0.0313732699675448
0.024251577252897002
0.0
0.0031179008066381073
0.0
0.0
0.013460840694270318
0.16566376637046548
0.049553599455711916
0.006614066523517364
0.0
0.0
0.0
0.0
0.016945390140410802
0.14951162507636076
0.06009788073818582
0.020876407094890043
0.0
0.0
0.0
0.0046842871390542305
0.06726324865720709
0.1495007678751001
0.05421016185052128
0.02533274236592699
0.0
0.0
0.0
0.0
0.01062183110699974
0.13072382230075377
0.03910230988667224
0.005219101773722511
0.0
0.0
0.0
0.014052861831939633
0.14420737789177393
0.1076490708621027
0.0
0.0
0.0
0.0
0.0
0.0040489197753850095
0.058139795781133916
0.12922278193367792
0.04685720363156767
0.021896659723307357
0.0
0.0
0.0
0.0
0.0
0.01216543987662844
0.04361559518827713
0.18643772321799879
0.05025437995627887
0.003189895172752477
0.0
0.012146759684672454
0.12464737680882436
0.09304776562083074
0.0
0.0
0.0
0.0
0.0
0.008392531553357728
0.007754556964423313
0.0342221661580159
0.014066620500047615
0.028639040252610225
0.0345977662221627
0.057789062485643396
0.028866997104517157
0.0
0.0
0.012406505322333115
0.0444798642159788
0.19013209788093677
0.05125020046302819
0.003253104847813062
0.0
0.0039097456317988555
0.004479144334048169
0.016472722766405507
0.030221315525006114
0.02406443685301503
0.01900340674008071
0.05780848784576363
0.07267882395204066
0.0085588345707593
0.007908218134905302
0.034900298787951506
0.014345358973525837
0.02920653991337572
0.03528334159134888
0.05893418721982751
0.02943901386623943
0.006134113604801782
0.0017145369004285666
0.004479144699669832
0.0031614497126111
0.05550314089010159
0.05311789536379289
0.09364699229431361
0.033506095639921796
0.003978320314367763
0.004557705941327555
0.016761644819432306
0.030751379962468912
0.024486513190916274
0.019336715529872567
0.05882241536871297
0.07395356859053001
0.024186596870601113
0.0
0.0
0.0
0.0
0.015829573504998924
0.058484078306116474
0.10297992300025846
0.006241702418219642
0.0017446088884226993
0.004557706313362011
0.003216899716503073
0.05647663395756872
0.05404955260094789
0.09528950650748529
0.03409377322537483
0.023406384068323658
0.0034892177768453985
0.008046923718172954
0.0
0.004027675149294241
0.05228815695984443
0.13974455836765812
0.07919726625998684
0.02560008215898787
0.0
0.0
0.0
0.0
0.016754667241437288
0.06190193757473627
0.10899815727020636
0.053042647549651926
0.05539140130732453
0.052869133887951454
0.023918521192755494
0.009083900120931179
0.004129045509514173
0.01243610263201123
0.0
0.024774273057085034
0.0036931306308088815
0.008517192783029833
0.0
0.004263055909985228
0.05534392131623612
0.14791134919158272
0.0838256218462582
0.06344089160648211
0.04767295730749733
0.04639519047991358
0.012032671555263675
0.05042191711266611
0.025245432898323233
0.0023357408237097655
0.0
0.07227718997305906
0.07547765845239597
0.07204075607563892
0.03259195345604072
0.012377941242888532
0.005626336928585697
0.016945733178513517
0.0
0.027733859284448055
0.00908955802962664
0.013655752061869007
0.01779203818390041
0.04741419966940931
0.021670428709553335
0.05791298936412054
0.0
0.08644608794102406
0.06496032063003855
0.06321920475432564
0.016396008269932663
0.06870611951536948
0.03440003532697336
0.00318273674188437
0.0
0.0
0.013146766714144
0.02053771374191855
0.0
0.08226785283092915
0.03522644648890358
0.028902872092253222
0.0
0.03356912840683623
0.011002022384566898
0.01652895436423652
0.021535524799810506
0.057390258625214234
0.02622993779989764
0.07009801832657539
0.0
0.022672918117243906
0.06928133459637402
0.07222203821583756
0.005615778107144285
0.041081814427550295
0.01218233363119408
0.04622869782421417
0.0
0.0
0.015912877304072013
0.024858896943055916
0.0
0.09957720226065994
0.042638173554361974
0.034984104254660385
0.0
0.06547161597552
0.033006065854771206
0.10116993920669626
0.03838285977070811
0.03835776185515221
0.0
0.0
0.0
0.020337649203777362
0.06214548441027307
0.06478330095932336
0.005037363278901867
0.03685046301326126
0.010927575647449209
0.04146722687545176
0.0
0.015057402142816312
0.01867892722514536
0.06834185010917519
0.003863481411247586
0.029520022527797982
0.03886092509090922
0.029598357363918377
0.003863481411247586
0.05872815980850073
0.02960650170745243
0.09074962132855728
0.03442949572780139
0.034406982851440164
0.0
0.0
0.0
0.0
0.0
0.06902006070455097
0.025547081255966917
0.04712345132215201
0.08264126670481466
0.07841230409076443
0.0
0.013748817242538692
0.017055608548498927
0.06240250464561731
0.0035277200767683935
0.02695454307992648
0.03548366125067602
0.027026070115953562
0.0035277200767683935
0.039791897021811386
0.06750612548313047
0.07512345693254928
0.021942886486348543
0.015617882356733325
0.004988949589570261
0.005649763461418913
0.0035277200767683935
0.0
0.0
0.06302177438679396
0.023326875907086535
0.0430281209149373
0.07545921015056836
0.07159777153355935
0.0
0.14319411320728379
0.02096824763754268
0.022931902660905088
0.004599584074928836
0.01838914647140142
0.040353819170323775
0.03864560477648562
0.010607074742432365
0.0380772499302159
0.06459726236305648
0.07188636027265924
0.02099735965020891
0.014944902213434941
0.004773973965282125
0.00540631313076455
0.0033757093554328825
0.02123610240418308
0.03083312091315828
0.051416302932621887
0.011152804551938412
0.058728958303365074
0.014321921386826038
0.015246118051261444
0.005748625743441834
0.1370238275933589
0.020064718338402728
0.021943758763650862
0.004401386350092982
0.0175967515650508
0.038614958652132374
0.036980351828212556
0.010150012093534817
0.09361897129277985
0.09975233242172449
0.01597395503096201
0.004401386350092982
0.029685634334102654
0.01634732653746827
0.020700177289523218
0.0
0.015960970275406456
0.02317405129370602
0.03864428919956703
0.008382403632873918
0.04414045195039896
0.010764299266931886
0.011458921811546178
0.004320644290989944
0.02758137964921552
0.020138035847160552
0.03251738442698078
0.025804765493376174
0.01881260930321038
0.055257816075126094
0.14547062087524898
0.0025371697524806877
0.07036364722576646
0.07497345710538617
0.012005961196516085
0.0033080645104902064
0.02231160493555854
0.012286585738798208
0.015558171086453357
0.0
0.05129675385243675
0.12327650094935676
0.01857481739102849
0.00818840768135008
0.018199364853494358
0.07447791190882826
0.010211911446219992
0.0
0.019856868077938114
0.014498126136240226
0.02341048276113054
0.018577817016440443
0.013543901932631013
0.03978217108910849
0.10472974755698009
0.0018266035168323005
0.09585548758281162
0.020424782393779945
0.01672127321631903
0.016168514270133053
0.041121374293123625
0.001291603736591823
0.01776180348220874
0.04024580465119445
0.03693045406099805
0.08875136949615257
0.013372706630211442
0.005895141329580599
0.01310240428848089
0.05361943783461035
0.0073519374661500676
0.0
0.08606714596455564
0.02471477881683395
0.016180850317969384
0.014896907584381574
0.04773553633355759
0.07630951170767275
0.006535055219431186
0.022719661878840062
0.09634425736343512
0.02052892892374534
0.016806535450623824
0.01625095797129303
0.04133105331723607
0.0012981896597445387
0.01785237140909949
0.04045101912150202
0.0
0.021157974360191022
0.07205049705036426
0.02524818820691621
0.05531326372237147
0.06161940253117425
0.03959585148057115
0.0
0.08650600472071861
0.02484080015713569
0.016263356920978245
0.014972867327903783
0.04797894115272918
0.07669861601705956
0.006568377646623519
0.022835510062730078
0.03814956056367686
0.017779480379088827
0.034557895893273745
0.023207604790695183
0.01578003706992372
0.014560881578820501
0.003417426594526123
0.030033405428735848
0.0
0.01864576186666348
0.06349551178696591
0.022250320227092408
0.0487455900020281
0.054302963336797565
0.03489439986294787
0.0
0.05038516631662528
0.010540378532237648
0.01643897635256256
0.027294900486876356
0.08880938702498552
0.04467322394210309
0.024512628495409274
0.051848970019977805
0.03361983569308725
0.015668416627125214
0.030454630791655456
0.02045202745103592
0.013906379147831778
0.012831981259898022
0.0030116551515549494
0.026467360066510216
0.049435994215904194
0.020631301462064853
0.030437092565088232
0.03706830071430328
0.04421985317360163
0.08746870612207444
0.00785224569453052
0.009635386719262947
0.04797766009378714
0.010036737703745266
0.015653488464774754
0.025990694356822962
0.08456589300602178
0.042538645999877125
0.023341365007461937
0.04937152026449975
0.013194365189116892
0.0032681486242716684
0.009670846714151247
0.009010346363924766
0.044125240693157514
0.06069420606007214
0.010099600462176358
0.01685120753683077
0.04707384137593812
0.01964549571235194
0.02898274607558639
0.03529710154669681
0.04210693821328509
0.08328927257670952
0.007477049346977759
0.009174988249199285
0.02386109552362003
0.015998541355953144
0.021021752452233526
0.010343783947730896
0.04358031489492845
0.07068377392873272
0.07210927269810109
0.00296344196210481
0.01533664479899844
0.003798775756345783
0.01124103652086546
0.010473295207369528
0.05128955682835414
0.07054871275416374
0.011739404107744456
0.01958722384308029
0.01458085920947421
0.010707736056157137
0.03539684719221738
0.036683937205443544
0.04023610819806466
0.02707247698704153
0.019864898205592296
0.023511477185336967
0.027735259810951568
0.018596116036012383
0.024434911857548692
0.012023234010134928
0.05065615512319722
0.08216021902227162
0.08381716636106779
0.003444595939540644
0.016877810958336414
0.03021031609539187
0.11358825622526506
0.04601656086429737
0.06158898152652276
0.01869287866025387
0.008087822604232964
0.0
0.013964572377855224
0.010255153898064999
0.03390073434372224
0.03513342313032219
0.0385354550827838
0.02592820895545799
0.019025271747392675
0.0225177213597668
0.03950428518103413
0.006842200676531171
0.017296707173798644
0.022262847956111605
0.0321169949912028
0.01998722271333609
0.06300343838187275
0.04645745557177972
0.016164439236495857
0.02893342152277714
0.10878723966427198
0.04407158628566397
0.05898580994778904
0.01790278976371747
0.007745975906733791
0.0
0.0010847057199783695
0.0036382135122917316
0.005341556238649052
0.028562579396355165
0.07863174701113522
0.08816203277286473
0.0652555152685829
0.0
0.0314219174973984
0.005442322628377145
0.01375789242359688
0.017707987083636963
0.025546027785421994
0.015897942722479443
0.05011326831546039
0.03695250602373513
0.037251170238488715
0.017160710293843986
0.00564345814171755
0.009435039349292051
0.011477683545714535
0.0085308399804791
0.0757402838173675
0.16043574809907746
0.0008627806701456237
0.0028938542818143513
0.00424870210078183
0.022718826810617643
0.06254410770724178
0.07012454743825773
0.05190458218958102
0.0
0.00349383854199862
0.004086187726104999
0.004350252294700409
0.004507019740598942
0.002588342010436871
0.02396088750108382
0.1802540186203453
0.038946702240574976
0.03151204122159476
0.014516832805771108
0.004773994600856944
0.007981423053256593
0.009709365765032407
0.0072165298270799325
0.06407130112981388
0.135718096240958
0.0402645717877905
0.012629985185279552
0.007250525344526879
0.0
0.002308006497694168
0.012732075448275367
0.0304693189835015
0.07705494521691278
0.0029555577301918273
0.003456646200369658
0.0036800274664471333
0.003812642420171581
0.0021895671896019664
0.020269335696198005
0.15248305029766698
0.032946349835262706
0.016843874384921027
0.004766781838023587
0.004812271837056064
0.0018607743094020102
0.004788987054902695
0.028535445193403453
0.15625404210117413
0.10213516622919566
0.050045931477812985
0.015698152124393388
0.00901187516615709
0.0
0.0028686840541285643
0.01582504288914231
0.03787114533492519
0.09577368731688833
0.020571002496373777
0.004539722750969995
0.002918316076638463
0.012297018167262457
0.005021601313475213
0.006497051641686838
0.0668205424481629
0.07914000648710784
0.02093570962908543
0.0059247628037050245
0.005981303560837712
0.0023128070025134604
0.005952362271749505
0.0354674809995371
0.19421239906239118
0.1269465761990624
0.01613414447332751
0.017911630845773255
0.009665458807386467
0.008542061313752
0.025082447082581817
0.014002723602365137
0.03188602480797212
0.0541417472120097
0.024696614839037435
0.0054501857299606585
0.00350359823912402
0.014763243619218935
0.006028707328967719
0.007800066234611585
0.0802217198927827
0.09501191100995494
0.07503934991599233
0.02095955721884465
0.01649258333129184
0.011116212142024722
0.01586706589826505
0.00513861158162671
0.04396665897171087
0.044259663287094075
0.019369923847191873
0.021503893561583224
0.011603912519610265
0.010255212318133887
0.030112851083862212
0.016811036388045316
0.03828091866545129
0.06500013199858576
0.03446606488061414
0.0056079135017543715
0.0082248385698577
0.01421956785110739
0.018116016104694325
0.023742246530717548
0.10469439785597823
0.10767462806323495
0.04119290877376061
0.011505765034223453
0.009053616287589415
0.006102253193675458
0.008710238012272319
0.002820844774677704
0.02413553121310751
0.024296376157092375
0.044263262369155815
0.05589000320848951
0.03284786000895465
0.03895178035593602
0.022923871102008966
0.028230390426318124
0.0648617693387657
0.07057570352842177
0.018920172789437705
0.0030784684242004118
0.00451503145038374
0.007805842693849515
0.009944800955499893
0.013033324469346835
0.05747207011832064
0.059108069779695224
0.02637407337669282
0.009419069520001275
0.016386966410488802
0.011748736093866305
0.011756803884317294
0.0032399103276624644
0.18408308146730637
0.07675102182532785
0.03658955662742648
0.04620062615920275
0.027153186854228392
0.032198900324747606
0.018949671463693776
0.023336225434614874
0.053617000987925705
0.0583403382976378
0.01743240634161019
0.014265184706232776
0.03892080091192086
0.03703628094911569
0.022940968786173507
0.018654737187567817
0.06093657134463657
0.0055538082793995785
0.02180172901093842
0.007786131413122191
0.01354603803099096
0.009711915064506558
0.009718584181507079
0.002678222888613769
0.15216949616873954
0.06344507180400671
0.009410447410298532
0.007665805931646421
0.007305692466245824
0.01504285559321938
0.015478668014074942
0.057997733267455255
0.07288857164094925
0.021226456162946016
0.03266061443219065
0.026726642803303117
0.0729203557481374
0.06938959936896613
0.04298122253137692
0.034950721471119855
0.11416816602974048
0.010405378769241285
0.03631261885731984
0.0020704456218497698
0.0040346429059353464
0.0033728826070925375
0.012215073937316813
0.002704469507406027
0.010641857846961613
0.026447071519427674
0.01763101366955505
0.014362327663730776
0.013687634404819364
0.02818365387207236
0.029000173471454782
0.10866208411330702
0.1365609249938044
0.03976898466650481
0.018308756938303753
0.008545140328708659
0.015581209258605433
0.020729911967943118
0.019102566591827623
0.006444161715357313
0.009049001247399404
0.012380098543113663
0.13924352631908835
0.00793928277580468
0.015471148139112666
0.012933577440868418
0.046839639299040114
0.010370496066761999
0.04080702135584736
0.10141332724163764
0.02307860843423535
0.0
0.03304549472786979
0.0
0.03195499629355664
0.00396964138790234
0.002510621576139751
0.0
0.07020633484534786
0.03276699697524014
0.05974734375420866
0.07949043978464843
0.073250258937331
0.024710633098167182
0.034699090371437924
0.04747243882613726
0.02307860843423535
0.00396964138790234
0.03555611905519405
0.0
0.012426943003049803
0.0
0.033045498113943035
0.0
0.04683751479227627
0.07729872520944953
0.015625895663227078
0.006214165127682751
0.015107701848545676
0.010946697060030682
0.032993781618249035
0.0028578227231324045
0.21553257638884896
0.08750629351547266
0.013509017834124235
0.0
0.0
0.0
0.0
0.0
0.011467603570969022
0.015520060021202717
0.02042328077401766
0.031956353447187676
0.048664803186150275
0.011673460777667056
0.002251502972354039
0.024635739742206206
0.10186953433990574
0.002373292659239508
0.0015010020237443634
0.001678171328800185
0.003184106183186768
0.0033980379630995953
0.010358138131284556
0.18461404182195965
0.22504964687888182
0.09137022711503107
0.014105522906037452
0.0
0.0
0.0
0.0
0.0
0.04836315410129147
0.044937880429780024
0.010769894000442945
0.0
0.0028388013874328408
0.0019978983096707735
0.024441234982128912
0.02736898384908868
0.10636769213741011
0.002478087924576616
0.0015672803669303365
0.0017522727713669424
0.003324703783330826
0.0035480819488601617
0.010815512753685409
0.19276587148458862
0.02979422359529328
0.006954073894600289
0.002478087924576616
0.0
0.002216469188887217
0.0
0.04029514419287527
0.10439854480309191
0.05758492417992997
0.053506527550620187
0.012823471524261661
0.0
0.003380097218531801
0.00237885276135308
0.029101630972247976
0.03258763596209317
0.06456837069007537
0.17082783796654036
0.008519468945305805
0.0020863919352817114
0.005937975474558208
0.0
0.002799188356495625
0.0020863919352817114
0.03547531459882657
0.008280060004429995
0.0029506037788410884
0.0
0.002639100210914759
0.0
0.047978525517716496
0.12430500861027455
0.24845946979411926
0.017136583813160723
0.007464502493725174
0.0
0.0
0.0
0.0
0.057121221193347275
0.07766205015774015
0.20546964370799858
0.010247113524414016
0.0025094868183108505
0.0071421246070168115
0.0
0.0033668296755789127
0.0025094868183108505
0.03801679788088386
0.026779937022062782
0.01958956598436312
0.0025094868183108505
0.016793735653941096
0.01597027692714751
0.009124836461349874
0.0025094868183108505
0.29884402531907667
0.02061167437564859
0.008978212720479353
0.0
0.0
0.0
0.0
0.06870470941077927
0.008858041646144638
0.009959155365089324
0.04105945165303206
0.04550114142119663
0.039466621664669084
0.009959155365089324
0.007855936414221967
0.0
0.06360912623153185
0.04480778207165672
0.032776962947393455
0.00419883505976619
0.02809902229160813
0.026721223712590836
0.015267537158986898
0.00419883505976619
0.025874387959648828
0.013694482385525557
0.09485274613470616
0.03778951237220191
0.029211340723865303
0.0
0.0037555521381620813
0.0
0.014821140144396632
0.01666350682038759
0.06870004810448477
0.07613181566233451
0.06603494926810706
0.01666350682038759
0.013144432958421354
0.0
0.00839767011953238
0.020333423459131306
0.17630410247820455
0.05678492369193169
0.041161434656355654
0.0
0.0
0.0
0.023649469436574474
0.012516904482195517
0.08669643217015195
0.03454002155580153
0.026699480224528248
0.0
0.0034326151268751206
0.0
0.0
0.014819549515249083
0.1823855169502734
0.05455543509294542
0.00728167642487134
0.0
0.0
0.0
0.007675560988728839
0.018584968169588302
0.16114384964789644
0.051902032210572865
0.03762199486183526
0.0
0.0
0.0
0.007675560988728839
0.06284437527559372
0.14473958723639974
0.061233416216885966
0.0
0.0
0.0
0.0
0.0
0.01204136464347249
0.14819414807627249
0.044328060482640784
0.005916598271589175
0.0
0.0
0.0
0.01593092865986257
0.1634796866925861
0.12203561727952633
0.0
0.0
0.0
0.0
0.0
0.006236642255109922
0.051063093227360634
0.11760560916280269
0.04975413674176402
0.0
0.0
0.0
0.0
0.03769412266955455
0.13897498245891263
0.08674374717091436
0.0
0.0
0.0
0.0
0.0
0.015466534256015739
0.15871417344074754
0.11847821902958058
0.0
0.0
0.0
0.0
0.0
0.010686255440493678
0.009873918974606993
0.04357526772065124
0.01791110332946596
0.03646624356002924
0.04405352129687196
0.07358312321639872
0.03675650224221599
0.036595320459124704
0.1349237933847167
0.08421512428803313
0.0
0.0
0.0
0.0
0.0
0.011488253045432557
0.00214070959412252
0.03612874968621448
0.013029533988398909
0.029304559136095032
0.038594551588188385
0.04195847584218955
0.006054841066748268
0.010779439620086886
0.009960019577773566
0.043955244186281724
0.018067288204388656
0.03678422931358994
0.04443766813512603
0.07422476827223778
0.03707701905235866
0.007725620431035887
0.002159376588224095
0.005641266861808237
0.003981693536344293
0.06990353079075201
0.06689942901528728
0.11794387316329921
0.04219931251964267
0.011588430646553832
0.002159376588224095
0.036443792492180084
0.013143151563980153
0.029560094979931412
0.03893109619415814
0.04232435387777535
0.006107639299067722
0.0
0.0
0.0
0.0
0.05265543791304029
0.07376001212982203
0.09240343807115672
0.009182160876604303
0.005354418301169176
0.0014966054346463712
0.003909809289270908
0.0027596039607384985
0.048448244114959536
0.04636618252926416
0.08174370442008216
0.02924720069655758
0.02007906862938441
0.0029932108692927424
0.006903019839415449
0.0
0.003455124273082012
0.044855176649074485
0.1198792846369021
0.06793904346147882
0.0
0.0
0.0
0.0
0.03649405804160851
0.051121066892672054
0.06404232052503434
0.006363907039033419
0.015393952615861382
0.002413203695050436
0.024417816930335862
0.013975442267233372
0.02283132867087384
0.046152644297873885
0.13593290892430168
0.09543079628787464
0.018556210659450054
0.002766196603236302
0.006379473704228446
0.0
0.0031930770818753194
0.041453222877528915
0.11078727307954468
0.06278633863663348
0.04751794518291839
0.03570758409413348
0.034750522291687555
0.009012607056560661
0.03776658607257839
0.018909114708264865
0.001749496288781743
0.0
0.01422642817224504
0.0022301789468455054
0.02256589502065413
0.012915501986494049
0.021099730882530754
0.042652286611974705
0.1256233414063744
0.08819303285439074
0.04319506672204872
0.04755681159501536
0.035364008503321664
0.011749238276001639
0.012029162802417637
0.05982888593372277
0.029433990216885815
0.0
0.07249555724442397
0.054477128520424606
0.053016991125623886
0.013750046814424665
0.05761843640358607
0.028848612929230275
0.002669111803215701
0.0
0.0
0.011025162637255873
0.017223370515767163
0.0
0.0689915989992435
0.02954165918643067
0.024238573059797687
0.0
0.06590037553540258
0.07255485362586923
0.053952953836195236
0.01792517695656682
0.01835224265671002
0.09127769326686881
0.044905845875404665
0.0
0.0
0.0
0.0
0.02659338492773736
0.10054316324818441
0.05601427345480019
0.018082579474700267
0.0
0.0
0.014019115761439412
0.02190048646056073
0.0
0.08772670705726072
0.03756388486461744
0.030820711929378523
0.0
0.05767996232927952
0.02907807615215659
0.08912989538061257
0.03381498795588386
0.03379287689596518
0.0
0.0
0.0
0.0
0.0
0.0
0.03381498795588386
0.12784629950351684
0.07122530611949483
0.022993019083875126
0.0
0.003794524858045633
0.09204889401639384
0.13243324243112037
0.060921817685740676
0.019393667643120678
0.0
0.0
0.0
0.052349613990396844
0.0263908990345517
0.08089318074694735
0.030690061073112875
0.03066999335106664
0.0
0.0
0.0
0.0
0.0
0.061523697443589986
0.02277237779443566
0.042005308776128854
0.07366548561680408
0.06989583642045205
0.0
0.003443863407220354
0.08354242748100903
0.12019475812394126
0.05529188145504277
0.017601450728757753
0.0
0.0
0.0
0.006710999062797576
0.009740716699793883
0.08150320127687702
0.046558282527435046
0.04964505587007627
0.015130333329555302
0.019779181812128042
0.0
0.0
0.0
0.05549767285667029
0.020541905404220257
0.03789104006368366
0.06645021660698468
0.06304979097301862
0.0
0.1260983227956226
0.018464871214572482
0.02019408758701344
0.00405044470345223
0.01619368614916503
0.035536020313974986
0.03403174779037955
0.0093407075530567
0.006053680874268797
0.008786648580253503
0.07352025624569705
0.041998066433590574
0.04478250144433847
0.013648371671841407
0.017841882188380273
0.0
0.05236402596932797
0.005738673106667645
0.018404385151277868
0.005975567173603592
0.014291074271712334
0.02551633088972645
0.13072654000291925
0.033010224541813536
0.10953640210185626
0.016039670578303793
0.01754176938258211
0.003518453932553646
0.014066785966861223
0.030868672349593066
0.02956197297118512
0.008113886654192534
0.0748387011514564
0.07974169008889677
0.012769527695730695
0.003518453932553646
0.02373059953279641
0.013067999663623875
0.01654765439697017
0.0
0.04548646545874173
0.004984948181760249
0.015987128834657166
0.005190728268252729
0.012414065652807525
0.022164982202270155
0.11355674313252041
0.02867461793877382
0.05448713096191721
0.04735244688494497
0.06684303952410679
0.048585830991186046
0.052441132905271366
0.01260844292276544
0.0
0.015758963452299997
0.06874178921096674
0.07324534454872088
0.011729227895164224
0.0032318147543825048
0.021797330068997478
0.01200338413767801
0.015199560561458434
0.0
0.05011438121189066
0.12043501974444325
0.018146674199951137
0.007999667683495307
0.01777987571505903
0.07276122149954192
0.009976530378318043
0.0
0.050048207861255245
0.0434947677111716
0.06139751308467289
0.04462767126164603
0.04816889187938964
0.011581266274533418
0.0
0.014475122191511385
0.08329147639870381
0.07137005918800464
0.04554813596091878
0.009914754680542738
0.004702981382396458
0.0
0.0017526977037258707
0.0064636295087650095
0.040130010247043726
0.09644055178517658
0.014531282318238355
0.0064058806743370715
0.014237561701493958
0.058264883128422776
0.00798888974841523
0.0
0.09352377427547083
0.02685600143271464
0.017582716096408695
0.016187535983800468
0.0518712160714231
0.08292076457326536
0.007101234999375003
0.024688032876641553
0.0666971779465634
0.05715088438260875
0.036473505581501975
0.007939421724969836
0.0037659986315953064
0.0
0.0014035048445095956
0.005175869922909265
0.013312352054486129
0.03923507844713255
0.0466819826410125
0.07399510761444539
0.06480890625566735
0.009962640000170936
0.014666430627158313
0.0
0.09688938575995897
0.02782246014922391
0.01821545992738653
0.01677007189442542
0.053737889672620304
0.08590480878782306
0.007356784973198228
0.025576473571242972
0.04272868111248844
0.019913564828506956
0.038705906220796366
0.02599323111025371
0.01767412682981195
0.016308635184922923
0.003827622888056942
0.033638337750825455
0.013791419599687616
0.04064701922518022
0.048361912884551383
0.07665794693965888
0.06714116455983629
0.010321162481327799
0.015194226984155413
0.0
0.0
0.006502540789135945
0.12435164676270949
0.0335886578470608
0.03237802893993305
0.0
0.0
0.0
0.04540485778204129
0.021160788384539032
0.041130129026300206
0.02762123545891181
0.018781090224074933
0.017330075300971422
0.0040673540196099495
0.035745169329696416
0.06676517717629646
0.027863351781225024
0.041106442988976775
0.050062140027083694
0.05972058170715459
0.11812979093971468
0.010604754356462019
0.013012953652032835
0.0
0.006909806997678368
0.13214002139123449
0.03569237788127513
0.034405925036867124
0.0
0.0
0.0
0.020301198208979077
0.03696131265267495
0.11322643854908006
0.010732031881636503
0.011124110790187495
0.0
0.0
0.0
0.0575743888248392
0.024027726986772194
0.03544779527213885
0.04317066526629634
0.051499541190074445
0.10186823135960671
0.009144920698684505
0.011221611100400729
0.029183681452556027
0.019567263128195473
0.025710979050948338
0.012651124733389585
0.05330157729919357
0.08645088152631751
0.08819435981527855
0.00362448346680453
0.017506567476149204
0.031873277000709674
0.09763986667874684
0.00925467740169915
0.00959278334982427
0.0
0.0
0.0
0.009626435571213931
0.028204339301769184
0.04887372688691869
0.029146201447254164
0.023384604736781996
0.0034807955278662443
0.018784519959673705
0.01999221078731332
0.026812540813007622
0.017977445445891454
0.023621991497771017
0.011623235361717844
0.04897088528929023
0.07942684657565222
0.08102866925369089
0.0033299983430039887
0.01631630632772848
0.02920525492830293
0.10980931048339061
0.04448564479504299
0.05953998960411424
0.018070988893089453
0.007818750397237466
0.0
0.008844298724154131
0.02591276908850605
0.04490279264354164
0.026778106015140815
0.02148463242789759
0.0031979848842707934
0.017258299261877216
0.018367866595190678
0.06923321082642155
0.03655037544952006
0.02066283759208233
0.019450061929253717
0.024829892952447464
0.023710297363972597
0.03849066113682968
0.02228735436608913
0.015875572627976
0.028416366818566317
0.10684315731707217
0.043284005010732596
0.05793170404153871
0.01758285796240803
0.007607551445661066
0.0
0.0010653214866011421
0.003573196818363123
0.005246099958830021
0.028052151826299047
0.07722655839006541
0.08658653318177376
0.06408936659450505
0.0
0.06736309337824538
0.035563082009715426
0.020104696020305964
0.018924679677761735
0.02415919148573176
0.02306983825088913
0.03745095698148881
0.021685331582858597
0.0
0.0
0.011810243877207385
0.028150022223339663
0.10212101936862467
0.03838285319401124
0.027833866663676404
0.0
0.0008664152699547146
0.002906045099926264
0.004266600429266379
0.02281453345594003
0.06280758463689314
0.07041995816725408
0.05212323843797072
0.0
0.0035085568885461836
0.00410340143712463
0.004368578419411973
0.004526006272930484
0.0025992458098641437
0.02406182652319055
0.18101336713652702
0.039110771373584666
0.0
0.0
0.0096051527785741
0.02289413046730142
0.08305399982741953
0.031216389165135017
0.022637004324612544
0.0
0.00842858910729309
0.0
0.0
0.0022089341901836094
0.02230356810440769
0.22687655495929007
0.08692531051868332
0.004353682692941875
0.0023801247584355283
0.0027836536971037064
0.0029635436977389386
0.0030703391534574955
0.0017632689170620581
0.016322992860109253
0.12279532879626466
0.026531852902733695
0.013564452503158011
0.0038387121844527063
0.003875345497973326
0.0014984904400365223
0.003856594151676864
0.022979730324330868
0.12583212650916276
0.08224993725067892
0.005717762102828797
0.0
0.0
0.0014984904400365223
0.015130230557199338
0.1539078666017922
0.058968142821233624
0.0029534387775416626
0.002986471258592594
0.0027836536971037064
0.0
0.0
0.0018586486576377655
0.043391914634132896
0.23837564760031427
0.036120863043175695
0.015415492299094287
0.004362552642953567
0.004404185031900775
0.0017029782686231822
0.00438287482904788
0.026115602953197897
0.1430034995315181
0.09347397353440084
0.011879978481145944
0.01318878663580793
0.007116921683202961
0.006289735706765608
0.01846883992443255
0.010310559407010427
0.023478486212530465
0.039865937290548166
0.003394012746005209
0.003163518182621606
0.0
0.0
0.0021122845954797136
0.04931328601207461
0.270904996646104
0.041050008170184386
0.03393415222008078
0.011024977698940236
0.009769903386715323
0.011116573413758402
0.011319135322824107
0.016096551170254644
0.08861656463961883
0.0247232038668179
0.01641290504639457
0.018221102258241875
0.009832455504394934
0.008689648309203293
0.025515813557899038
0.014244658169292311
0.032436941316932054
0.05507719095398328
0.02920446433713803
0.004751807623964007
0.006969232069984033
0.012048804052207207
0.01535041926292388
0.020117747543610048
0.08871171742622723
0.09123698473207639
0.04688207298540167
0.015231670023519195
0.013497709347966739
0.015358215014518386
0.015638066479299082
0.022238353912097063
0.12242911578299874
0.0341565936464218
0.011073973389876866
0.002063513137029296
0.002610160514882775
0.0019024650365937969
0.010734622333986464
0.027392827771347245
0.13188745881848907
0.07808069902918555
0.021312505902255436
0.0034677207862131867
0.005085927887978457
0.008792840865471262
0.011202256523744248
0.014681303800461742
0.06473904055967922
0.0665819017653971
0.029708903864825054
0.01061004975868127
0.01845899200976502
0.013234287558111072
0.013243375468328301
0.003649575971083758
0.207359192959777
0.08645569064620837
0.008081439895921722
0.001505887435723065
0.0019048136181197548
0.0013883595621947075
0.007833792094609247
0.0199904301211202
0.09624734807849504
0.05698085538229135
0.007840809374258254
0.0019670288734372787
0.0016902886805285234
0.002776719124389415
0.008218594123116029
0.05011806121540571
0.10364940535031313
0.05122216973196831
0.02235743456046792
0.007984592573402971
0.013891313788899087
0.009959462637233367
0.009966301743748289
0.002746488268911492
0.15604815338201153
0.06506222696055854
0.009650310856304797
0.007861200108672235
0.007491907690029763
0.015426283821766248
0.01587320469097936
0.05947604089253795
0.07474643271874873
0.021767498549110694
0.005900600819326614
0.001480287509647703
0.0012720266871898832
0.0020896198795755097
0.006184902718816445
0.037716345208132336
0.07800135635750376
0.038547242033509
0.010927552422628443
0.012750950052032172
0.0036297477587447177
0.011891068948246545
0.022998732986745835
0.05568139720076311
0.1467868412376938
0.06383215057940465
0.01317313564289696
0.010730913945620668
0.01022681214049669
0.02105761485571107
0.021667683206819093
0.08118763901455228
0.10203245384405982
0.029713676094346667
0.013679516284283664
0.006384561588313322
0.01164160988646952
0.015488499262556545
0.014272616739906808
0.004814800667289584
0.00676102481110177
0.009249877541781922
0.014916631438261437
0.017405656368207532
0.004954779207366831
0.01623187755573212
0.031394369959723785
0.07600776897590424
0.20037105529644395
0.08713393697685495
0.01754183629804082
0.01628462727109907
0.010663233696198858
0.010173679100327007
0.027402622074706808
0.04820700108578065
0.03627306414200266
0.012954982264801192
0.04219704815141248
0.01969438444817229
0.03591074148606404
0.04777719735061814
0.04402657837488303
0.01485216080560488
0.020855656265765066
0.02853299195042991
0.01387124329324755
0.002385926414733706
0.021370767625947334
0.0
0.007469131004056373
0.0
0.019861775695499996
0.0
0.05411110272832175
0.05023300435526737
0.032892755589992675
0.03138263210130737
0.08452855635618059
0.14870358744986878
0.11189110801804286
0.039962086309774575
0.009603168433786766
0.0
0.012948871708644673
0.0
0.026848620704158457
0.026781795677641353
0.05130574191662299
0.0
0.013795344261360318
0.018670384760377152
0.024568881151180857
0.0384429836986779
0.05854298234234811
0.014042987198919714
0.0027085221787515436
0.029636402128286374
0.12254742564707576
0.0028550332303126282
0.0018056815032368864
0.0020188133525082066
0.0038304289723607634
0.00408778549276005
0.012460675026257403
0.22208774890531877
0.1252750535291147
0.008949731574344248
0.011317591288718887
0.0
0.017168898461511733
0.018632969703819897
0.028560187439008282
0.004651023829637875
0.057518106658328155
0.015791557529139567
0.02059452713390995
0.0020188133525082066
0.008299262773448321
0.0014275166151563141
0.008616715409562204
0.09907514769387851
0.11574054269424065
0.002696450731148914
0.0017053851275461408
0.0019066785922585783
0.0036176682265814386
0.003860729908045864
0.011768548235595002
0.20975190991013043
0.03241961481704437
0.007566849203206623
0.002696450731148914
0.0
0.002411778817720959
0.0
0.04384584983569259
0.11359787910401739
0.05432326990329537
0.014914417245072082
0.01945060644419078
0.0019066785922585783
0.007838281157593116
0.001348225365574457
0.008138100922794484
0.0935720297758468
0.036496352625618664
0.002696450731148914
0.007290103554806877
0.0024860046426909465
0.009804661899528238
0.01524010913974345
0.06410024608273378
0.10680735421350394
