0.15430978640157117
0.058996684370980206
0.03650062331035247
0.013087051794809398
0.0021961653890391173
0.0
0.03184812119366001
0.0396272938142455
0.02887171657753844
0.015449703148408756
0.016371820503910915
0.003628635007240196
0.028822361835336034
0.02817688638864941
0.006374003852152214
0.005555907446725073
0.22982921732747477
0.04089316185554209
0.026298334917900137
0.003622008660596899
0.008892806013176087
0.015903260428113932
0.026297388237110336
0.028427882463538064
0.02450103881865771
0.007955094395531147
0.019838468374768947
0.002777953932805189
0.01315615362807055
0.018584873672915336
0.03235484172076266
0.030850192300077663
0.03996467657882372
0.021385718022923068
0.022662127126669745
0.005022812692743469
0.03989635898141128
0.039002881886028885
0.008822994704153405
0.007690573008152487
0.030148180473740425
0.03904809915514733
0.03890199885592809
0.033833687097892716
0.01952730820822156
0.01848625921138072
0.05440232146050845
0.04691396503853858
0.03391471683379706
0.011011564685376288
0.027460714720151904
0.0038452867939900025
0.018210951307834747
0.02572546954739059
0.0447860722675311
0.04270331327047955
0.054107365521707196
0.058591960279336185
0.045520379751451616
0.03798527995433745
0.014738458238066948
0.02553549485958325
0.006972235133716733
0.08317999610166528
0.02084407111047773
0.026997362452033068
0.02689635055087239
0.023392183830543187
0.013500934202079443
0.012781166077480916
0.03761307778045213
0.03243572275247299
0.06916231137790056
0.05570385018434656
0.04862015028464426
0.012978062555274771
0.009152143592953733
0.02196024195475107
0.0313503238730731
0.013835226140022838
0.0374091489706128
0.04050974113109541
0.031472215490472306
0.02626254268343847
0.010189983831384399
0.017654918549993504
0.004820515289562747
0.05750959847220462
0.15656702606112513
0.10023381783751162
0.031569425394305475
0.003060258477003378
0.006945618123712952
0.004468475753170776
0.00416134019449383
0.009941656961230654
0.05492130391601412
0.044234034755584586
0.03860891860069418
0.010305787988269007
0.007267652710522691
0.017438473330887955
0.02489507118827564
0.010986455548473351
0.05767830906676099
0.04192739706825198
0.009965763634925212
0.0077152748073070765
0.03210685645189704
0.0112178749297104
0.01796778027180032
0.02607115772922496
0.1243287716997433
0.07959496816174043
0.025069058161763472
0.0024301296837625
0.005515466389963704
0.003548385095753894
0.003304490913713858
0.007894599710717192
0.08415013242716582
0.12755654865290125
0.07033891108794457
0.010785536986756444
0.001797589444736026
0.0028714905046239116
0.017210951708117532
0.0202944301028969
0.046394230773003045
0.033724798226042185
0.00801607996816898
0.006205872635292254
0.025825530112210036
0.009023230512345114
0.014452596788918446
0.020970644385725733
0.13905909485404702
0.13102339141207128
0.024396248011339022
0.0
0.0
0.0
0.0
0.0032331583310039602
0.06768715530279913
0.10260162009882616
0.056577935902362264
0.00867547436931889
0.0014459123522096854
0.0023097173840483038
0.013843832773342711
0.016324065126641772
0.12807680785414902
0.08567085685496809
0.02149407358632104
0.0
0.0029534910534780383
0.0
0.002168852460500689
0.02784498519190818
0.18315359780606172
0.17256983844932822
0.03213209895358154
0.0
0.0
0.0
0.0
0.004258366424875254
0.01884059160583052
0.037521825912844774
0.0433812095678422
0.030596547411833673
0.013441148988416167
0.0030421098975774072
0.021892682918939737
0.023560255172892626
0.1686889173169414
0.11283638568613087
0.028309668727348025
0.0
0.0038900189383533523
0.0
0.0028565778575515436
0.036674402520074166
0.010514322484148911
0.012131363063147006
0.012095218710350174
0.00515811265687588
0.007217219054305238
0.0069970444604879195
0.005663633783292714
0.0025763889742197663
0.04525742788531188
0.09013205985794429
0.10420702304202799
0.07349668561373966
0.03228729987707634
0.007307523680211632
0.0525889281583543
0.056594642660624195
0.046943738374170464
0.04961107680740092
0.053149443800810645
0.015880114810552775
0.02425870746884304
0.012293823796143659
0.05067847103804475
0.015094934053762252
0.0252567011453092
0.02914103232358184
0.029054209124269047
0.01239042363832312
0.017336651508418472
0.01680776494209741
0.01360474781677574
0.006188804504906298
0.04533629237236728
0.01139700152265383
0.02651134870974505
0.013431494330960097
0.01019378827036266
0.0037990006425728607
0.009767750885222838
0.0
0.0741578398776222
0.07837148078653984
0.08396110065946243
0.025086093526952503
0.038321902055895425
0.019420767244641774
0.080057662015045
0.023845729830883938
0.03779214403742583
0.009002020751579248
0.059387493298570584
0.0
0.021471072805622667
0.012002694762030886
0.029082827817532558
0.014020156160280397
0.0716185294745284
0.018004041503158496
0.04188043859836335
0.021217965172977773
0.016103304604216998
0.006001347381015443
0.01543028593797325
0.0
0.09753430412628915
0.023550846481124002
0.029569772220820745
0.004243593418528255
0.0013419420503514167
0.0096768816548964
0.022534512634758475
0.015309531425088195
0.039182180563165234
0.009333124952435578
0.06157183046598205
0.0
0.022260802422896277
0.012444167045529845
0.030152526136265834
0.014535832887699206
0.04766461931294359
0.07555838177543737
0.07790431665792365
0.0
0.015304301665741189
0.009333124952435578
0.012062637434568518
0.004399677440813416
0.10112172285315088
0.024417072456247944
0.0306573808890146
0.004399677440813416
0.0013913001514310173
0.010032807980278806
0.0233633567358243
0.015872632789534553
0.05938746842327094
0.0976479094516798
0.039076624559359174
0.018567221989391588
0.0280517793517171
0.02632243302644586
0.044508147961278874
0.04347315936253005
0.04665566842391145
0.07395898378243893
0.0762552605931853
0.0
0.014980344630224228
0.009135564060227827
0.011807299010825452
0.004306546340023151
0.05263427007037352
0.018271128120455653
0.019571996911650836
0.0
0.013618495118385662
0.006090376256612034
0.028082483584136616
0.015557189284958934
0.05813037165156219
0.09558092671954983
0.038249461861789194
0.018174196399277063
0.027457987391898326
0.025765247369949708
0.04356601234576349
0.04255293208661536
0.08037060789884225
0.047766441478126885
0.029126284733666585
0.0073337839692089336
0.01520134178535123
0.006090376256612034
0.024048966007886887
0.04965771268911537
0.0584175401507084
0.020278695974093916
0.021722499692447803
0.0
0.015114847879657792
0.0067595655649420085
0.031168088967786618
0.0172665590017901
0.03105714523248219
0.031178170568554736
0.025997625994036096
0.004779734636631647
0.05635629244021546
0.031178170568554736
0.06296233269600536
0.004779734636631647
0.08920145007406845
0.053014851524949405
0.032326579348302874
0.008139594581725416
0.01687161221962577
0.0067595655649420085
0.026691382543547908
0.05511392902248246
0.06311126477941431
0.043387470547798714
0.07576666910605862
0.04117483449886267
0.03374322443925154
0.012209301420708198
0.018689596986562983
0.004779734636631647
0.028781251286937908
0.028893407783728443
0.024092497909808035
0.004429471628251825
0.05222645552835843
0.028893407783728443
0.05834839955091021
0.004429471628251825
0.0636046653361332
0.030107249389143286
0.05719311817067764
0.030275703210859265
0.005602887602602784
0.015660546833111563
0.013295514166582454
0.004429471628251825
0.058486417764921625
0.04020799990447185
0.07021442332809874
0.038157507701976644
0.031270492331082284
0.011314593456575909
0.01732000746672862
0.004429471628251825
0.00700360950325348
0.011314593456575909
0.06257838797219475
0.09951179487514827
0.02263885566879462
0.03202551554735175
0.029972602816364595
0.013288414216839222
0.06372817554669741
0.030165712910520386
0.057304178169669116
0.030334493842942484
0.005613767525072432
0.015690957140699638
0.0133213319544066
0.004438072962298665
0.027259857863735578
0.06537428485560925
0.04865665824054811
0.05119907428498754
0.11358144059450502
0.021441956209284588
0.022985857918727096
0.020902071106084857
0.00701720940634054
0.011336564609366115
0.06269990531426972
0.09970503105796127
0.022682816749570834
0.0320877040385226
0.030030804875371478
0.013314218217682756
0.011227535050144864
0.008198373448911483
0.03349107899846687
0.016433912324228923
0.03531379368098381
0.012552765980245005
0.011908598716537003
0.0
0.019876830986236008
0.04766839274865259
0.035478547871998674
0.03733237903519213
0.08281918083195772
0.015634642767275934
0.01676039600822641
0.015240979491336275
0.01660067552187684
0.0
0.0
0.01968548650722072
0.1408119386094498
0.20171925661557255
0.044758704355949176
0.016892716321199767
0.008186683059732884
0.005977935916637507
0.02442039573818893
0.011982971420620457
0.025749448584378463
0.009152990050290433
0.00868328826785291
0.0
0.029403540234138836
0.021995667772699262
0.020684931155813217
0.023132860849535045
0.05870685259373227
0.015660191603962634
0.024980805210983052
0.0
0.008693402869525402
0.0
0.0
0.010308849460032583
0.07374006615318913
0.10563586776871642
0.023439133448001772
0.008846338111197146
0.024153489503258005
0.005358978758845298
0.02919657872247888
0.046259628501058685
0.11704297118005205
0.06436036508342807
0.0813885086416453
0.09281678270118443
0.01539797707080107
0.011518639773442937
0.010832236292366954
0.012114162379998343
0.03074346704304816
0.008200892454514684
0.01308188955431511
0.0
0.017956602001234154
0.009122031834840356
0.005844563125563869
0.009161112491629314
0.09748468575835997
0.05959836753074162
0.007701725837249173
0.0
0.013146823434751502
0.0029169096880854242
0.015891793411940615
0.025179267284695352
0.06370687250698479
0.035031557482981555
0.04430003178568164
0.05052047878173352
0.043928274458872964
0.009485965135079684
0.0075761984540890755
0.02687325893635317
0.05754478951963021
0.09125396357425532
0.06579917748773088
0.07535882646052763
0.009773837273760699
0.004965151800639487
0.0031812148490876707
0.004986423530111506
0.053061233702257356
0.03243958662040938
0.004192074594916017
0.0
0.0
0.0
0.002690692684211765
0.008320050259666992
0.060034453121932715
0.12848271479181206
0.04937567540515812
0.009982329598202848
0.0361327571115727
0.00780258451798689
0.006231725282698402
0.02210432688069127
0.047332883623645024
0.07506002322909054
0.05412244682024416
0.061985639232442144
0.029764040781246094
0.017232674960910604
0.02072742755088775
0.06073888121483529
0.03894577980649552
0.035924812177039925
0.03840493626558952
0.008274337622193898
0.0
0.0
0.0022132020075482754
0.006843573049291535
0.04938073119652753
0.10568215537249037
0.04061346157142465
0.008210864078378836
0.006433591122798218
0.0022640762117120254
0.011796642000746042
0.019362594884890918
0.08414296278342032
0.029764443491506632
0.06982364760934698
0.00268247043521029
0.03265660627008438
0.018907401898649024
0.022741785817856353
0.06664168160823421
0.04273065631006305
0.03941610130206284
0.0421372518493282
0.009078464441696002
0.0
0.0011772646509349127
0.002965725633527279
0.045141353145069396
0.12104009774599873
0.06055538056124776
0.019007685087463193
0.0013422882077701154
0.007058828260049695
0.00248410644088119
0.012943077721162015
0.0212443143110275
0.09232024731493736
0.03265704811702701
0.07660933490442894
0.0029431615645749316
0.004107292440665036
0.004386857787992415
0.010382750423233536
0.07000254217582144
0.06362370631849461
0.04738176618517872
0.0099764319915866
0.01633845256015379
0.0
0.0011910684448723154
0.003000499688356474
0.04567064954106262
0.1224593305124986
0.061265411219523835
0.019230556102885273
0.0013580269542023216
0.0
0.0
0.009227688749334214
0.014911766289107717
0.10314787051729074
0.0701714878965998
0.012536036373581482
0.001938918922863032
0.004155451721117878
0.004438295059034273
0.01050449139900477
0.0708233437402972
0.06436971404993959
0.04793733212040917
0.010093408757459092
0.016530025994569993
0.0016844251441487535
0.0
0.02472112346379979
0.10885553689788133
0.12047190209554098
0.02651045153983401
0.016807711495996677
0.005987134405112004
0.0
0.0
0.008741132638027461
0.014125501037273464
0.09770910593259596
0.06647149679340596
0.011875038232571375
0.0018366839128974672
0.003613912548340625
0.001615431036577828
0.016207317308505612
0.061828707338807215
0.09051976970223591
0.013962646239692029
0.007924004165466696
0.004472133906727468
0.0015956090418519063
0.0
0.023417631980025114
0.10311581938399539
0.1141196787167926
0.02511261264857986
0.015921477145488486
0.00567144573017351
0.01234631692104625
0.0032985288059995794
0.0014710787804316638
0.046521343790715576
0.2143716358010535
0.024621287124186483
0.007512330407973992
0.0
0.0034884574258654787
0.0015593521758325453
0.01564468859219488
0.05968235544237529
0.0873774222761394
0.013477940129445387
0.007648926420840958
0.00431688606951808
0.0010040994426030916
0.001967158305239379
0.005897717372040456
0.02803617998855311
0.10226806969839175
0.04037248177991631
0.005347787999873869
0.0074770790079337224
0.011917720854946632
0.0031840220685483683
0.0014200110342975233
0.044906379176905965
0.20692983430063605
0.02376657175674383
0.007251543706912593
0.0
0.0
0.001902029290021106
0.014780868341619064
0.03436939339813708
0.15561317804439193
0.09391441769105092
0.014477116490763628
0.0
0.0009895306394327287
0.0019386161699308686
0.005812145485529957
0.02762939399647727
0.1007842292391378
0.039786704400112345
0.005270195216269678
0.007368591653261524
0.0030396207941889744
0.00511128995148054
0.007916928088723449
0.055713769033008974
0.0707858903004486
0.027955860708614007
0.009229647557730489
0.006954391257933078
0.0
0.0018744321326332435
0.014566407948136685
0.03387071676686226
0.1533553361758953
0.09255178306727989
0.014267063331007296
0.0
0.003119953693059478
0.0068832764381884905
0.010878233318602213
0.027240817000138383
0.11827701648289382
0.12065908073722237
0.022600967652765935
0.0035678035675937086
0.0032691583058848126
0.0054972699326879745
0.008514776339148168
0.059921004335347305
0.07613129955472199
0.030066952564755514
0.009926626055272416
0.00747955336623191
0.0028393179337609584
0.003587341703485594
0.030437424759753716
0.07900438700858581
0.08734728598242625
0.021952555162910305
0.007453629036571659
0.005288922155230448
0.0033555575580811324
0.007403068298066836
0.011699705066779588
0.02929791220185805
0.12720872668378252
0.12977067294927624
0.02430768379540182
0.003837226896546656
0.007791440426175305
0.01180811294595745
0.0
0.018332264890376957
0.07767434684977861
0.06504019812158518
0.03338750782225885
0.010367740903940405
0.003302380690045234
0.0041723992333935565
0.03540144715254624
0.09188916781165925
0.10159270546153218
0.025532784971044102
0.008669237181385342
0.006151489478830557
0.00687046501110521
0.006858580337167865
0.03530823878420969
0.0456126444760348
0.08624170360386757
0.034992946487188
0.02495026817121883
0.007925329315316138
0.009062142039499182
0.013733891409247865
0.0
0.021322063605108035
0.09034221215544236
0.07564756725532736
0.038832657593548814
0.012058609905377164
0.008743234808892029
0.005167055395784244
0.02838566559057986
0.010821065765582744
0.014413319121455897
0.09710478688832165
0.04268849818656186
0.0062050578357006414
0.007814219516611131
0.007800702316410032
0.040158319438170616
0.05187817943803775
0.09808820834657399
0.03979971733236822
0.028377536625698724
0.009013984193385966
0.034731794316686875
0.01885779878315998
0.032894968651046186
0.039062261091977434
0.055775395035637214
0.058426597658669484
0.030607015627944715
0.026336908964176092
0.009944240451195808
0.005876822755357134
0.0322848339510319
0.012307490564215377
0.01639319018377581
0.11044348812381545
0.04855236073905718
0.0070574093548338825
0.0364316048737606
0.03429348403944569
0.03736373745312088
0.020418002159549163
0.01354608812844821
0.00427993569703458
0.012950743870089763
0.018232523255861895
0.03956369796329707
0.021481304665884098
0.03747133224259702
0.04449662132382077
0.0635348943637309
0.06655493354917415
0.034865078113172195
0.03000091219142377
0.03970516260998918
0.02283352341422445
0.01377062380787951
0.020398989281816864
0.0974752160843358
0.048023913543232585
0.018528660827528687
0.02277115504604405
0.04149998696874526
0.039064409753051976
0.042561798273260586
0.02325856427366431
0.015430626313499738
0.004875362374769532
0.01475245748043832
0.020769040511596587
0.014565595712538435
0.01023279615053019
0.008598164457288436
0.019985015788277414
0.03474804802629345
0.014469443612733642
0.031755755153001636
0.041956418254916444
0.05310862421462576
0.03054154509864216
0.018419239135156158
0.027285173637687957
0.1303803908854926
0.0642355756790568
0.024783469463538002
0.030458122742181664
0.011719576867039472
0.008143379682747323
0.06812513262966761
0.04451824109468159
0.042458526164846584
0.03595267788219078
0.01910290592706641
0.011385827901998413
0.019482573507072175
0.01368713007831011
0.011500687947889193
0.026731453132393484
0.046478112756951885
0.019353962883155593
0.04247569726985911
0.05611984699267874
0.021444130128676225
0.01319386865271384
0.031387089049630786
0.009733549634616612
0.016059721514631305
0.004202509369575834
0.03649443299311165
0.011036159147445343
0.008486981594627732
0.005897202114857648
0.049334268064374034
0.03223883396834672
0.03074724746330377
0.026035898644249662
0.013833776837360588
0.008245290161936522
0.24141902788056638
0.024828188834866375
0.001684914966953223
0.0
0.015505402375750318
0.023634790855976404
0.06590195808192326
0.1361904936472674
0.015529224286819479
0.009554621441363086
0.02272963009631676
0.00704875760759908
0.011629989926756954
0.0030433368094671303
0.026428222164743997
0.007992070074063336
0.05828074018956586
0.024416419736286627
0.01419094884648662
0.016163342719799714
0.02877030622790182
0.03218149178989499
0.021456884673190447
0.01659925566658766
0.09970719111752319
0.010254158468754451
0.0006958777860289102
0.0
0.006403803923847561
0.009761279504718052
0.027217817862907005
0.05624731280583127
0.10917194499966411
0.01527227690107146
0.013525213197972931
0.009016422379147508
0.00945895046668412
0.013299940719656218
0.013084369685772965
0.12188536739740606
0.024070219118878033
0.010084095899251055
0.00586092844958198
0.006675536372627515
0.011882271446284743
0.013291107086759821
0.008861794033711585
0.0068555704647103085
0.07055842966535235
0.005434882251887746
0.010290599430370879
0.002972791109253853
0.005613787951541024
0.021764015301344978
0.08003292772956741
0.20074891730004948
0.07150643362889403
0.010003174850387778
0.008858867173800637
0.005905658348640484
0.006195509420914185
0.008711316156740163
0.008570119480004832
0.0798335866798269
0.005314827166415207
0.004207887785248462
0.0
0.0003222938694509093
0.00040767307640574365
0.0011621866457111087
0.012892437877397071
0.2550212067358006
0.046215002103700074
0.0035597886162663946
0.006740230424323885
0.0019471457630170549
0.0036769698988580652
0.014255192720516676
0.05242069503147527
0.13148835198486652
0.005153176387593135
0.006383556916352475
0.0
0.0022573082524228144
0.0021940251422971763
0.00774708700143294
0.016793748570111927
0.220254411835743
0.00768211116090676
0.0060821284882352274
0.0
0.0004658471957933154
0.0005892552649779044
0.001679837692275508
0.01863487519125693
0.3686105299740906
0.020494807654137484
0.008001014238319606
0.00914859743109808
0.007685347474794364
0.0035676443766273084
0.014414766838430897
0.009795121234358984
0.013307877806126602
0.00744845930106728
0.009226865201426916
0.0
0.003262738820393379
0.0031712686989066327
0.01119772697300432
0.024273873690409314
0.3183582123035552
0.023224231280041148
0.0030697833688585275
0.0054645106606212345
0.0022956212902438796
0.0018337123636402778
0.014077132589894315
0.011784548961522192
0.0711513639133009
0.18645727702511444
0.03317605871522998
0.021335476734010348
0.002938485715913133
0.007214610977710348
0.012902096042133182
0.02133470870493062
0.0230631493131211
0.019877355175013326
0.006453858463760987
0.016094676023012622
0.0022537157461317387
0.01067340614974485
0.015077651915639518
0.026249037245930643
0.02502833590464473
0.18185929218566427
0.04897304666694083
0.047994357405722325
0.013614355335922998
0.011446867166112545
0.0012848156272389226
0.024224387532170676
0.09371364140001488
0.05736700367851673
0.015181554695706655
0.015035157478362858
0.006692416451984891
0.010825701558552243
0.0023904264515844
0.016518176772978038
0.0227484436204935
0.030404387305973203
0.009871816980801657
0.024618404161886098
0.003447281885323248
0.01632603390106607
0.023062764863406703
0.04015050733899544
0.0382833234989626
0.04850700377331331
0.05252742230104256
0.040808810613417755
0.034053628379600194
0.013212959871053373
0.022892453431507333
0.006250576657700008
0.0745704830731215
0.08774852504609647
0.023221694476502297
0.022997765404578645
0.01023671509752953
0.016558984842151136
0.0036563944760506385
0.02526619058583171
0.03479600200106179
0.0754213540798589
0.06577744377773494
0.07131450941394958
0.015154865746590637
0.03770889304275487
0.0012187982020012708
0.011584734967252392
0.01834857312209299
0.03297495088292094
0.03570802225752508
0.027741736674904836
0.02314957915047197
0.008982140080268037
0.015562237796035834
0.004249127801024582
0.05069284485480204
0.13800875284028233
0.08835285781550478
0.027827424050652153
0.002697518541453625
0.006122336989298484
0.003938816373451325
0.0036680863450904346
0.00876324800248616
0.0512712650307005
0.044715356733045795
0.04847944136385406
0.010302243279475036
0.025634419758126945
0.0008285362467449524
0.007875276492483945
0.012473318292348767
0.07333040299408648
0.10176243033812486
0.05271708083443375
0.0050409727529103455
0.0
0.0013359745233055217
0.006982231332070245
0.07881089529030057
0.11228712041174152
0.07188593317506839
0.02264103725899432
0.002194763614940069
0.004981275292837518
0.0032047123048587886
0.0029844400781485385
0.007129981710594117
0.07599991476898563
0.11520227652923928
0.06352635573394891
0.00974092218382073
0.0016234869827187917
0.002593377185713348
0.015544014313253704
0.01832884766331494
0.05966331570554663
0.0827962722189984
0.04289183897098294
0.004101452283634695
0.0
0.0010869798406122546
0.005680905262828851
0.06412237127786097
0.05499250245536478
0.07934020548716464
0.0400303663436056
0.002860033074918934
0.0
0.004451574327153544
0.007091145132587112
0.0210221925238828
0.07438065723370232
0.11274777174566436
0.062172860397487525
0.009533381666246402
0.0015888968974773468
0.0025381225770396043
0.015212832858882402
0.01793833242679004
0.14074217038623657
0.09414274554958937
0.023619596847114146
0.0
0.0032455582556070515
0.0
0.0023833276894752644
0.030598542514774434
0.05382082977315707
0.07764977957054973
0.03917747759315023
0.0027990970841115883
0.0
0.0043567288882470955
0.006940060881708255
0.020574292762995633
0.1303298538922655
0.015724284624092085
0.0017367718902682886
0.0
0.005520317108271798
0.008219740976325789
0.011065799925965316
0.031239790317844157
0.2216203749755801
0.148242353465731
0.037192718398929604
0.0
0.005110634827065764
0.0
0.003752919077357387
0.048182150717306915
0.013813522124711828
0.01593796008523869
0.015890474304029758
0.006776632865781708
0.009481848710255446
0.009192587407153882
0.007440777157988418
0.003384812112325954
0.20522456780971343
0.024760324819851035
0.0027348166971705706
0.0
0.008692595432924673
0.012943256966808906
0.01742481817828358
0.049191894834358534
0.025503529667839427
0.025455285333487607
0.04001829340978221
0.012684016113265341
0.0033276168951960564
0.0020777685544147583
0.00875487388658015
0.015185980478814682
0.037673405012731635
0.04346735176930656
0.0433378445334489
0.018481805890654297
0.02585969917779768
0.02507080130454922
0.020293116335688196
0.009231345666108714
0.06762452841696714
0.016999997419433397
0.03954486263387104
0.02003468794064768
0.015205260256038244
0.0056666660078787175
0.014569774296545924
0.0
0.0695553815859817
0.0694238055598823
0.10914127200389931
0.03459292075611947
0.009075358035997272
0.0056666660078787175
0.023877031997109326
0.04141648943178255
0.02844354326859539
0.023335523734521513
0.057464907385505484
0.03051066832754078
0.02332548913512464
0.02573966100755586
0.03368311224384734
0.011685400962563767
0.0808018478540474
0.020312617879337528
0.04725057680623388
0.023938648367377913
0.01816815813064264
0.006770872867091757
0.01740884134109445
0.0
0.11004068444836912
0.026570664437875764
0.033361369656652366
0.004787730106638227
0.0015140131775535533
0.010917704187973486
0.025424010723739492
0.017272603026102267
0.0339860537207445
0.027882685210980775
0.06866252249302979
0.03645597888574257
0.02787069526897714
0.03075529280919104
0.04024660540324424
0.01396241885590309
0.045412982469881326
0.023185226921423274
0.04245546921781969
0.0
0.03144539887137865
0.03671082290833912
0.0882723556395711
0.008153210376176669
0.08987646060899565
0.021701766829940648
0.027248120464164357
0.0039104103949632475
0.0012365803284124248
0.008917107479929062
0.020765229785597916
0.014107513355377965
0.05278327263236269
0.08678895335010811
0.03473110038920113
0.01650245020223203
0.02493227538832702
0.02339524138121992
0.03955861010032808
0.0386387176241952
0.03709135535235933
0.01893668823090284
0.034675786741240604
0.0
0.025683238587303297
0.029983808675719818
0.07209703333157293
0.006659188779901826
0.0399443975579419
0.025130319097959524
0.031990463856247875
0.007820820789926495
0.04683176751827734
0.03641379146792047
0.06363454521464981
0.01801140165990019
0.04752152633667414
0.07813732128899512
0.03126890053488554
0.014857389146125015
0.022446879899848303
0.021063066460354975
0.03561517575498647
0.03478698355788775
0.06570289938713478
0.03904902277794071
0.023810711470364558
0.005995361772831107
0.012427083183562273
0.004978877090510838
0.019660007996574805
0.04059513528521155
0.03596250565540862
0.022625181450581313
0.02880146673086376
0.007041195488796362
0.042163302169867724
0.032783851094522115
0.05729108040349452
0.016215919469467918
0.022376454959930712
0.0040140989448103
0.033730543631500264
0.009515959517229288
0.044023140637437216
0.02573974963466357
0.09294802697087716
0.026849756258906066
0.0719799472143447
0.042779643281287
0.026085511762186077
0.00656813973149842
0.013614327524733778
0.005454543307899349
0.021538263166878503
0.04447346650216277
0.0509268123296281
0.03501095371433177
0.061138925861993904
0.0332254959008688
0.027228655049467556
0.009852136608282347
0.015081326631272575
0.0038569445514354656
0.024514230907370812
0.004397593300382999
0.03695305340789799
0.010425084282933884
0.04822897267624814
0.02819884414988719
0.10182798837567379
0.029414897306838012
0.010977056499244155
0.004397593300382999
0.01129710526059924
0.0
0.05873532188443088
0.04221625454395308
0.10417157274194588
0.015427777042571101
0.054278965782083764
0.037315478266303076
0.06516327083927574
0.03541249633735306
0.029020925679700885
0.010500633386988145
0.01607402416763929
0.004110820052425788
0.006499777129557316
0.010500633386988145
0.05807656391426238
0.09235301998922399
0.02101023996940776
0.029721633312117197
0.02781640498497406
0.012332459537410313
0.011699598833203168
0.004687055901516558
0.012040714150881994
0.0
0.06260145453694413
0.04499505331312184
0.11102845384721573
0.016443278969969048
0.07597935084935739
0.03040783109660177
0.03629658791762978
0.004110820052425788
0.02101023996940776
0.0029067887427357934
0.05149294108790746
0.004110820052425788
0.006983673892021459
0.011282386729988157
0.062400260049220085
0.09922853687015672
0.02257441469373151
0.031934355663700266
0.02988728650095877
0.013250589055457238
0.011173878227234334
0.0081591931060902
0.03333102384060031
0.016355374023580557
0.035145027699370134
0.012492775827621911
0.011851687064104659
0.0
0.08163587739746617
0.032671639643865644
0.038998803860075856
0.00441686324049076
0.02257441469373151
0.003123193956905478
0.055326498298490207
0.00441686324049076
0.0705130212506075
0.04854901200738538
0.03498576219022756
0.044565813139561324
0.03604796294090556
0.030805822478849658
0.07243533780370866
0.012880862792885365
0.011592549058567525
0.008464907567199047
0.034579894391786235
0.016968188831471352
0.03646186663969974
0.01296086405402316
0.012295754519908466
0.0
0.04163615229425288
0.031146418625284923
0.02929038261860848
0.032756712615670855
0.08313037939801945
0.022175225071120252
0.03537344829620033
0.0
0.07315505337467816
0.05036808098273862
0.036296633656976426
0.046235636781517896
0.037398633702248954
0.03196007698608846
0.0751493966541321
0.013363492138231368
0.04509951664906809
0.00324021601350579
0.031404493070006784
0.025367882671902642
0.07472404672005072
0.00648043202701158
0.02578243136656007
0.015139378415620328
0.03286402453417193
0.02458432418584083
0.02311932779451625
0.025855352806191455
0.06561602543779328
0.017503229780641224
0.027920780586275593
0.0
0.038324918007441804
0.019469224862671823
0.012474097413372427
0.019552635018279817
0.20806233765239074
0.12720126830432998
0.016437854512122273
0.0
0.035597708721006226
0.002557549934280781
0.02478802612311501
0.020023241163532764
0.058980783991399846
0.005115099868561562
0.020350450516970334
0.011949733014876496
0.02191725860866813
0.010230199737123124
0.024736868301568547
0.010850764837398772
0.04268684548480417
0.014354124448717706
0.029640636736420818
0.007233843588527551
0.021012011905321506
0.010674193341324476
0.006839046160699595
0.010719923776607328
0.11407221575665613
0.06973934199842491
0.009012214837343916
0.0
0.0
0.0
0.005784510743390481
0.017886628374541157
0.129063397353059
0.27621498672596795
0.10614892087795919
0.02146023332344432
0.01201635183480162
0.00560880726812014
0.013562230482841503
0.005949038166265494
0.02340348139435447
0.007869789408247592
0.01625076958719257
0.003966025643521538
0.022151452548592427
0.00280440363406007
0.009383673855351172
0.005783044364940495
0.024288126223234133
0.021827055188718622
0.019164347548791986
0.007342975009081245
0.0
0.0
0.0037288596115008406
0.011530227722017927
0.08319792477917073
0.1780560109202956
0.06842660363600972
0.013833874780959
0.010839479637598938
0.003814573777910622
0.019875285562678986
0.03262259739232034
0.14176622578735418
0.05014789920474859
0.1176406756410743
0.004519495116481161
0.014279454289008625
0.0018077980851434073
0.006048982186902536
0.0037279143423813083
0.015656814712693933
0.014070338554425006
0.012353881724069541
0.004733489858396263
0.005659303088073403
0.0036155961702868146
0.0018077980851434073
0.009883128664025135
0.034682833797887586
0.07388697769064735
0.044404447118546526
0.013380990640251588
0.008989344881354673
0.0031634838951186336
0.016482875794018022
0.02705441485105354
0.1175688814166003
0.04158841347542336
0.09756119673355898
0.0037480858537455356
0.005230594500603284
0.005586618082905856
0.013222325424704464
0.08914751443260144
0.0810241328527443
0.06034018984948101
0.012704883098702935
0.02080685058200306
0.004693345893685017
0.0029984687469381916
0.0014992343734690958
0.008196228512626611
0.028763000152743252
0.06127559134834208
0.03682528154118201
0.011097058506587602
0.0
0.0
0.010870337638489552
0.046126831034101624
0.0660899406350533
0.060506709547353855
0.052913865566639115
0.003923871672259047
0.0047304901889259066
0.005052473868393761
0.01195812076220703
0.08062399835083996
0.07327730442150106
0.05457098156776914
0.011490151806440543
0.018817479070354328
0.001917518756837399
0.0
0.028142074521147732
0.12391915100078772
0.13714300854658704
0.03017901285577781
0.01913359116315769
0.0068156442341108505
0.0
0.0
0.009831009752955604
0.04171658147613886
0.05977099079746219
0.05472158008901937
0.04785469833156837
0.00354870492179901
0.03352592886297248
0.022177319681079943
0.01997357704938975
0.015250057182998975
0.0427706462159704
0.013240584932006735
0.0202739529313974
0.007572978581897107
0.0017500330298016384
0.0
0.025684004270381124
0.11309542944655779
0.12516424880179022
0.02754302617176326
0.017462367131924804
0.006220331606426373
0.013541200783841615
0.003617762377149522
0.0016134506559374747
0.051023706991543794
0.23511864965933843
0.027004149872168547
0.008239378193469715
0.0
0.030597605710908377
0.02024024110114659
0.018228984428486642
0.01391804053099806
0.03903484297976844
0.012084085687444752
0.018503123971056846
0.006911516565375704
0.0033357796152262286
0.020534347313158022
0.011679799686386282
0.029315620134160024
0.08123636848881392
0.016136351650207017
0.018010282054400948
0.0031549169085894543
0.013730937245771527
0.003668453703901178
0.0016360579877275304
0.051738640459680255
0.23841308280690196
0.027382526349702528
0.008354826630568208
0.0
0.0
0.002191412698683831
0.017029697045852752
0.03959850962016576
0.17928887648478029
0.10820298541006312
0.016679731003423442
0.0
0.0033825198587300537
0.020822070275798656
0.01184345458700554
0.029726384447630223
0.08237463542563497
0.016362450821132878
0.018262638344652513
0.003199122941826397
0.0
0.0006273996293356309
0.008186577615806592
0.0350263209965134
0.0481830508017867
0.008928847297780883
0.005158430364644079
0.0
0.0
0.0020044764131198463
0.015576995639155747
0.03622059805348121
0.16399481679755912
0.09897283711730215
0.015256883102679263
0.0
0.0033364097205153542
0.007360824126478014
0.011632942971864334
0.02913072935544655
0.12648283478852224
0.12903016180517432
0.02416897671830408
0.0038153305064396936
0.0
0.0005738799265691621
0.00748822973642299
0.032038435443056214
0.04407284346866477
0.00816718083978433
0.004718395581471472
0.0
0.00546441613002137
0.0009253535549529836
0.0020044764131198463
0.015714437777541303
0.026266725219407948
0.020546555063381593
0.1557612978481708
0.009272627373359293
0.003134131821825639
0.006914556383109089
0.01092766770382485
0.02736460852050055
0.11881450739934629
0.12120739656232726
0.022703674122523353
0.0035840168782291333
0.007277300703343893
0.01102892198958422
0.0
0.017122559742924884
0.0725487904730279
0.060748340954482775
0.031184340875092156
0.00968359687624148
0.0051331227023735885
0.0008692517604131825
0.001882950188589979
0.014761712027707336
0.024674241553456606
0.01930087053070034
0.1463178929113682
0.008710451940023687
0.005292370261203836
0.005032754982505261
0.002074687191459237
0.0103431301645928
0.10972325609596234
0.10652269437015142
0.007542841442660714
0.007573052279006991
0.007501121525746025
0.011368127759765385
0.0
0.017649181571473226
0.07478010268752684
0.06261671828094803
0.03214344715711296
0.00998142579729392
0.0072371484074924535
0.004276992159811847
0.02349602624369084
0.008957057723431134
0.011930519059197467
0.08037777426199165
0.03533509089278033
0.005136191056926472
0.0054551425187491275
0.005187542506760671
0.0021384963168958435
0.010661243706140935
0.11309790700254828
0.10979890872906378
0.007774829241951386
0.007805969243452728
0.0007858321501718867
0.010731822148180524
0.03348154153904339
0.03979721294233789
0.04318423116801049
0.1661956085302471
0.05111646958877125
0.0
0.007539886478046911
0.004455903559901072
0.024478891489807364
0.009331741538154229
0.012429586111208642
0.08374006710517078
0.03681319754990955
0.005351043714772096
0.027623041328227703
0.02600188298574788
0.028329799563344634
0.015481264672457183
0.010270866559530594
0.0032451175579831007
0.009819466762290178
0.013824198663761984
0.000818704394255814
0.01118074635806825
0.034882112138676966
0.04146197519139376
0.04499067620493228
0.173147758054911
0.053254729094523466
0.0
0.002134919784986405
0.0035967127979327465
0.03566728494231166
0.029039457432875133
0.08938069353614038
0.1361906138036916
0.0227289226166656
0.0027884066200861654
0.033845905995512175
0.0318595362757036
0.03471188134207466
0.018968853667108057
0.012584667268737198
0.003976171287831507
0.012031577008969898
0.016938487072342703
0.011879179230260765
0.008345502779143527
0.0070123555984368795
0.016299064532195807
0.028339265935461787
0.011800761014522165
0.025898858824569194
0.03421815503782622
0.002615870334189774
0.004406973215048866
0.04370234106115646
0.035581409547014206
0.10951620117754737
0.1668713686338533
0.027849249802801918
0.003416573404039264
0.005209900754214305
0.001418654928090102
0.0016065635928335243
0.0019295793479250773
0.02112577753043823
0.2347573148087042
0.016681687775758663
0.014599905172961005
0.017914401059481656
0.012585438853195418
0.010574985706259284
0.02457981088292064
0.04273704149575531
0.01779614243741022
0.03905678456170945
0.05160270259258352
0.019718069964287325
0.012131880548790941
0.028860709860565534
0.008950086179507882
0.014767057956293924
0.0038642450534310717
0.03355695841925918
0.010147847308356652
0.007856792946884617
0.0021394031400819528
0.0024227788782129325
0.0029099029187780105
0.03185873737889117
0.3540258638759339
0.02515682602066718
0.02201739292160532
0.02930251493355401
0.02226905678802174
0.01849794931864257
0.017895449532697217
0.023588741839042717
0.03708980769538115
0.0394283111322429
0.014695695466654503
0.02036356067914651
0.012529029775982475
0.02980549402417692
0.009243076190017295
0.015250472347957978
0.003990744974896405
0.03465547897009295
0.010480047225753068
0.07642386814408389
0.032017390932358995
0.018608672435452327
0.02119508380929527
0.03772666720557076
0.04219977435480771
0.028136535667065903
0.021766698951094468
0.03026176202750839
0.0229980566045035
0.019103498165499555
0.018481274947279303
0.024360942863782452
0.038303979595909074
0.04071903627849388
0.01517677373594274
0.041038745587847286
0.12651371545025153
0.09964276238977704
0.02135929762238116
0.03796751965968976
0.017667604954878156
0.015268958722724822
0.016742843327549245
0.023656488988043605
0.009910765764816512
0.005760188083144892
0.006560794146011429
0.011678033433502136
0.013062653351179709
0.008709473392720006
0.006737733728314141
0.06934563853151415
0.005341464965819931
0.010113719817116637
0.0029216933918421164
0.00551729555102747
0.021389925275257685
0.07865728451264935
0.19729835146144112
0.012703264787012569
0.039161460798383334
0.030843739900313867
0.006611625415813515
0.011752587673780414
0.0054688870402660236
0.004726402400910062
0.005182633363440517
0.025354653478448484
0.025685602480075002
0.0036980639887310898
0.002683754593987539
0.01085109962791851
0.008079626047230688
0.10638689289814111
0.22414800536276328
0.043827666402145075
0.0033759000505029966
0.006392049271100324
0.0018465617451747188
0.003487028080974125
0.013518809966754738
0.04971279086502824
0.12469603730904465
0.004886977936732817
0.006053800503161779
0.0
0.0021407021216185433
0.0020806880371605743
0.007346894498139887
0.015926231233762904
0.20887669471218653
0.01602458810571664
0.016233753710743384
0.002337241653031084
0.001696180229086166
0.006858086314580927
0.005106466139051884
0.06723839235226747
0.14166549204505408
0.012148721054386687
0.0035499528967363136
0.004091939213933572
0.0015494728452981447
0.011109682339055469
0.023507010707321592
0.017865475501056417
0.1748485884427623
0.006935693081242523
0.008591670109538537
0.0
0.003038125624081911
0.002952952481141447
0.010426853977866331
0.02260281368328122
0.2964418225543798
0.02162543066900791
0.002858453595799964
0.005088323269191527
0.0021375863190413224
0.0017074760886008186
0.013108035791170088
0.010973278015532911
0.06625316759718876
0.017241698582168532
0.005038161428879193
0.005807358834510669
0.0021990416637510295
0.015767074853074367
0.0333616017166762
0.02535502644577608
0.24814847965903325
0.03418898794547444
0.00898427015491145
0.005618796948881011
0.001438141249002201
0.0018216651524187869
0.0022850562270585032
0.0390199653071188
0.07898281539346352
0.16224156484196364
0.04369017184016799
0.042817056832813796
0.012145732491687343
0.010212058010608436
0.001146218570365049
0.021611227522787733
0.08360445949748162
0.05117864660770368
0.013543873183288846
0.013413268289005423
0.005970484679087089
0.009657899468664343
0.0021325637171662067
0.014736309680828012
0.020294498270344564
0.068217857573867
0.038657731708207126
0.03869768797492626
0.04390992888170942
0.029388110669092308
0.018987719277960592
0.014171003937121073
0.14093455697041912
0.030877710076462797
0.0034572869818613856
0.011202673401557485
0.0037225650988783957
0.011484842403360545
0.006746339987248383
0.015239278652100707
0.0159082659843538
0.09217408285937637
0.02439287030394893
0.024157647468929525
0.010752999268213803
0.017394129874043904
0.0038408031043827813
0.026540479664767296
0.03655092287803159
0.07922519651095304
0.0690948998842075
0.07491122496183295
0.015919194656721026
0.03961072428319831
0.0012802677469633621
0.012169005920207645
0.019273975242531573
0.05561156450485873
0.0062266643973107015
0.020176308183309007
0.006704437233433816
0.020684501945287613
0.012150334997107062
0.02744633995429684
0.028651203659811244
0.06188069632464553
0.018316112222281637
0.04733154248823872
0.013059721543330282
0.02622844362339305
0.04678549142847659
0.04016655581832388
0.021290924179574296
