0.13254480117335235
0.06371263617042995
0.034342941473463305
0.004590027129339513
0.015291292359689025
0.0026272324767149338
0.006974940705619675
0.030499057226201443
0.06999203841698347
0.037721689134436104
0.019003335065888922
0.01621674116158949
0.02648535410170382
0.0026272324767149338
0.010703471110363311
0.009294935014350037
0.09210688497791136
0.14099103210889527
0.03751930918639972
0.0
0.0032035732090156107
0.0
0.016636934926302447
0.03297101535109534
0.033582794277107884
0.03174351153443347
0.027147931317686093
0.01294441616687061
0.029436103566166837
0.019676449723088192
0.03229433388499178
0.007117408901012165
0.10691705088846667
0.05762215029026503
0.029028737957104853
0.024772048067656226
0.040457972311373776
0.004013255718247575
0.016350196269069712
0.014198572614983487
0.01683744789447144
0.014533973412594846
0.04564626658379077
0.03375659731040166
0.0164882607021966
0.003072406025180532
0.0044509429551361016
0.0
0.05129973931193871
0.048490124232217276
0.041470098883494386
0.019773374705700456
0.04496541969805477
0.030056961104840532
0.04933153852185822
0.010872270430673646
0.0
0.006144812050361064
0.05681993176501663
0.06596449019437524
0.07521165577587995
0.05240821209202689
0.019044612858718883
0.0
0.023100469487801364
0.019940172136443786
0.06262529779213948
0.046313030993074406
0.022621395216496597
0.004215248182720388
0.00610655917520769
0.0
0.03480651123709419
0.03196903889605504
0.04913366526136873
0.010767383015206316
0.03733467073466844
0.039559201991171446
0.025129642425610277
0.01468807593823759
0.0
0.008430496365440776
0.0779552286227239
0.0905012863329412
0.10318811795392197
0.07190248260483746
0.026128633092564985
0.0
0.030214373646005314
0.013099645756889463
0.036771348570456566
0.034099204314593526
0.026966529462653863
0.016518197902919574
0.026065358182429728
0.00984752823391443
0.02872878625257698
0.02638677800509603
0.04055421002939253
0.008887240753213583
0.030815492194562574
0.032651587818881944
0.020741640003254718
0.012123323455685554
0.08841985477056036
0.13587003155718164
0.02759909150555218
0.0032076677600504522
0.009431457922175604
0.0028050241270766983
0.03732545169501814
0.04717389260006843
0.024938502923168814
0.010812256372683581
0.030350534303875312
0.028144985444358256
0.022257779747852695
0.013633879408316108
0.02151396612889599
0.008128006045226467
0.03237578737300977
0.0917470231722426
0.10872499745446323
0.01083920265762443
0.0031118948955791864
0.005629470590869208
0.014231000891658815
0.02083818633346157
0.06587509535096361
0.10122671324662538
0.020562042193418742
0.0023897960485894185
0.007026681863865514
0.0020898160522025014
0.02780843392931897
0.03514577897882166
0.11053720526549879
0.12167941070135062
0.07135984813915813
0.02322712728589209
0.0
0.0
0.0025920978552721147
0.004672970806171778
0.02412080505892948
0.06835392249084382
0.0810029556475899
0.008075488366863582
0.00231844276944809
0.004194102251256212
0.010602466415606525
0.015524991702598656
0.03827387781598316
0.0991728876633875
0.029830237030037787
0.00917687504324875
0.00895362971933611
0.0033858651180285167
0.0008196932880063785
0.0
0.11791683829615723
0.12980291442307004
0.07612394083650507
0.024777805858908063
0.0
0.0
0.002765150275997967
0.004984945490439387
0.045493546489267504
0.011712133819827804
0.14315131686127602
0.037559860645826004
0.004946451115482194
0.0
0.0013825751379989836
0.008869023324249357
0.040829100487515396
0.10579382145476267
0.03182174931742097
0.009789537268829019
0.009551387745354535
0.003611910656291789
0.0008744172666762911
0.0
0.0995582162352945
0.036490565900760386
0.02493726958257498
0.0033296817654823183
0.0006183063894352743
0.0
0.006912875542579187
0.01639386637983862
0.05776318682702924
0.01487090425314463
0.18175932409103077
0.047689780531703786
0.006280512335563259
0.0
0.0017554565902546519
0.011261004928968423
0.013600884736206978
0.0035109131805093037
0.03390266529833351
0.04050234049912446
0.1533115457635913
0.0035109131805093037
0.0
0.0032369018895858134
0.12640913466532613
0.04633209626879504
0.03166286809919498
0.004227699195521753
0.0007850640419454074
0.0
0.008777282764099406
0.02081530325931771
0.06860175085064496
0.05114927742903612
0.051286246762770306
0.009930361298310408
0.007065576377508666
0.0
0.0
0.0
0.016623752817254048
0.0042912320784730534
0.04143771075901102
0.04950419844271641
0.1873858421886628
0.0042912320784730534
0.0
0.003956320338700519
0.0
0.0
0.015587709387619521
0.02864515570836654
0.20458224068502362
0.006436847888935355
0.0013570066904872932
0.0
0.08384885035721654
0.06251747303599148
0.06268488452367799
0.012137436263221781
0.008635937844429497
0.0
0.0
0.0
0.0028786459481431655
0.005605317635792448
0.026571732807620197
0.009103077426190561
0.1570994583559045
0.0034597018253301466
0.0013570066904872932
0.0
0.0
0.0
0.0153279441522662
0.028167791431853505
0.20117292937576453
0.006329579446521945
0.001334392517130274
0.0
0.0
0.0
0.006329579446521945
0.03686940053018922
0.16407285485559714
0.03100869313468021
0.002668785034260548
0.0
0.002830674041327132
0.005511906434782488
0.026128921599451325
0.008951376942735819
0.1544814356074105
0.0034020467692496806
0.001334392517130274
0.0
0.0
0.0
0.07104753852184963
0.13242889130433927
0.0992652660655505
0.0
0.001334392517130274
0.0
0.0
0.0
0.0055080369116974
0.032083967149512234
0.14277715421500645
0.026983945428344057
0.0023223922856628514
0.0
0.0
0.00888144315024435
0.022481124686297444
0.025518051462580855
0.16042361632329394
0.024326476322563757
0.004644784571325703
0.0
0.0
0.0
0.06182598195818915
0.11524039276895022
0.0863812128685665
0.0
0.0011611961428314257
0.0
0.0
0.0
0.0
0.0
0.22762804515382043
0.030635474168408002
0.018579139851407092
0.0025965135865065898
0.0
0.010038641425391036
0.025410279134538805
0.02884289908453411
0.18132584234238433
0.02749606891744435
0.005249971881928279
0.0
0.011287477405404025
0.002075233665826861
0.02345958605431055
0.006761365247416469
0.1030704767903997
0.010376168107864531
0.0
0.0
0.0
0.0
0.0
0.0
0.2572866014009283
0.03462709098858742
0.0209998892978713
0.002934823587806063
0.007424581564566674
0.0
0.0
0.0
0.19074182354484862
0.027934661011449147
0.022655330613449137
0.0
0.014435609404536693
0.002654026364533759
0.030002577981685128
0.008647142691633063
0.13181733089212924
0.013270131539685813
0.0
0.0
0.002373833311216539
0.0
0.007689687315146777
0.04267035194473182
0.12380120629360716
0.01920471481772716
0.03471275275472717
0.0
0.009495333244866157
0.0
0.0
0.0
0.24394063995948584
0.035725772971767523
0.028974011811515838
0.0
0.01918327602696977
0.005308052729067518
0.0016785536030405092
0.009787565243209666
0.12493574619494267
0.05589979279539194
0.03379037085506312
0.0
0.0023401802484360424
0.0
0.007580673119096758
0.042065428243443774
0.12204611685745594
0.018932455821954918
0.034220641349002545
0.0
0.0023401802484360424
0.0
0.0016547572945479795
0.0
0.048041790853036635
0.1512767664312551
0.1197739966608009
0.003700149905069454
0.01891132096196128
0.0052328021919344145
0.0016547572945479795
0.009648810114093567
0.12316457275561137
0.055107319613946854
0.03331133575753179
0.0
0.0023401802484360424
0.0
0.0026164010959672072
0.0
0.03333216040152341
0.0647802562754492
0.08482499938383595
0.011100449157265912
0.0020716400607006255
0.0
0.0014648707100289285
0.0
0.042528902884923066
0.13391746631554596
0.10602970001074236
0.0032755505816538365
0.0
0.0
0.0
0.0
0.13369514813093128
0.1529418241773564
0.03369202768893843
0.0
0.0020716400607006255
0.0
0.0023161640343255913
0.0
0.029507230839865013
0.057346597182999615
0.07509116743887564
0.00982665125104403
0.0
0.0
0.0
0.0
0.054049816546316604
0.03257049717050391
0.12760177906490927
0.0
0.0
0.0
0.0
0.0
0.1238997373415449
0.14173627172732917
0.03122352186689223
0.0
0.0
0.0
0.0
0.0
0.10988534885418261
0.08344706922477876
0.09373236643986631
0.0
0.0
0.0
0.0
0.0
0.05008976142416924
0.030184162259627514
0.11825280970535376
0.0
0.012479075040044021
0.0
0.0021464661919655768
0.0
0.014710482827299618
0.015508010078628337
0.10631942908124363
0.06638425922814734
0.0
0.0
0.0
0.0
0.10944283740566646
0.08311102548589884
0.09335490351438394
0.0
0.00573637912951359
0.0
0.0
0.0
0.03631056826930218
0.050002187899282624
0.1418756573819309
0.020895860139728696
0.012428821447279444
0.0
0.0021378223111051895
0.0
0.014651243291436486
0.015445558877671572
0.1058912776938318
0.06611692791404558
0.018533441948035745
0.007722779438835786
0.0013520775041721933
0.0
0.008914864161922895
0.03171962756092812
0.16460494513142634
0.009749969732720706
0.006186579142717059
0.0
0.0
0.0
0.03916027850378793
0.05392643787373788
0.15301028105036546
0.022535799951656957
0.0
0.0
0.0
0.0
0.13921297733127538
0.12488357393514599
0.013123716582466055
0.0
0.019987975482401162
0.008328875257615142
0.0014581906630982927
0.0
0.00961451665573307
0.03420903358244919
0.17752339888045673
0.010515162618912745
0.0
0.0
0.006916805611370256
0.009781840134896675
0.08841805304324751
0.028329300684596055
0.05287588321052005
0.0
0.0
0.0
0.0
0.0
0.1496057860437738
0.1342066350471329
0.014103454812717752
0.0
0.0
0.0
0.002477724411943244
0.031573008531921375
0.25935359434618765
0.027254968795560643
0.0
0.0
0.0
0.0
0.007433172971644774
0.010512093846347052
0.09501881634581909
0.030444196929313563
0.05682328057422751
0.0
0.0
0.003995210472846456
0.008950659296732943
0.007008062916477978
0.12782126347416287
0.009910897647772976
0.02350575520322337
0.0
0.0
0.0
0.002295763995978456
0.029254333485562015
0.24030704999213534
0.02525340420054662
0.0
0.0
0.0010266968559867018
0.0
0.002295763995978456
0.004233179480415266
0.280088529594524
0.017465439503333836
0.0
0.0
0.0
0.0037018081251108314
0.008293336117067743
0.006493401141648217
0.11843425894743173
0.009183055983913824
0.021779527308898945
0.0
0.0010266968559867018
0.0
0.011805447228771406
0.020504181224640653
0.18676558286027622
0.006887291743151763
0.002903937186665651
0.0
0.0010234379747112825
0.0
0.002288476915809027
0.004219742769020103
0.2791994889208014
0.017410001723981057
0.0
0.0
0.029114415992299403
0.004576953831618054
0.013495986083147801
0.010692532447496319
0.12347060965543828
0.02113652755219972
0.017746510288255947
0.0
0.0010234379747112825
0.0
0.01176797506676228
0.020439098048558882
0.18617276244076575
0.006865430503420453
0.0028947196786276784
0.0
0.00409375189884513
0.002288476915809027
0.005183196594436706
0.0
0.18062170145436443
0.03218486656014478
0.022088588708167642
0.0
0.035155917949276576
0.005526712725563526
0.01629652401439945
0.012911328652224486
0.14909186649465478
0.025522546238066247
0.021429070043683354
0.0
0.0655691377296822
0.027184116539581138
0.022500002268448005
0.007815952071859372
0.04952537138930997
0.02549169387476496
0.015933209092140743
0.021959818377385296
0.004943242066011576
0.002763356362781763
0.0062587562888839245
0.0
0.218102321470844
0.03886351449729019
0.026672168606955753
0.0
0.01235810516502894
0.002763356362781763
0.03478917812947972
0.01020939799178785
0.05910625471897907
0.03336316912209561
0.04398435388264898
0.003907976035929686
0.08810258816264412
0.03652619367858274
0.03023233951448275
0.01050197745965278
0.06654523073191437
0.03425215405875218
0.02140880614507017
0.02950651635233297
0.014944575737482708
0.0
0.027577223018899914
0.0
0.06425149765862657
0.033417088922230116
0.04295752195666868
0.00525098872982639
0.016605084152758565
0.0037130097482824384
0.04674480616009274
0.013717953564788632
0.0794186746638462
0.044828735754962025
0.05909999048178426
0.00525098872982639
0.07654407656145526
0.011139028848951259
0.0496956570102219
0.00525098872982639
0.016874546844965272
0.009700057532811212
0.049093122214545204
0.006846451422944334
0.01780791576018646
0.0
0.032860943866658415
0.0
0.07656190967675928
0.03981971217725394
0.05118806620599129
0.006257063873944922
0.04615130007458072
0.008848824613779544
0.018415631823595506
0.0
0.042437570053158326
0.030970884732982415
0.08856194271402136
0.0
0.09120971322918663
0.013273236448920653
0.059217209590335156
0.006257063873944922
0.020107664077259283
0.01155856214639924
0.058499230768288044
0.008158212875204579
0.07013877612077102
0.03910010299182547
0.04162126371366196
0.0
0.015829258453499074
0.008848824613779544
0.06120896641391309
0.035087616428746596
0.04283963675685982
0.00821386248202933
0.017094187524425153
0.0
0.03939239161157284
0.028748517373409995
0.08220703317608481
0.0
0.016828129728932845
0.004106931241014665
0.05581100655493065
0.01742423266200989
0.1136096686397102
0.03375951920413688
0.039301123251903845
0.0
0.06510585155193682
0.036294410051694044
0.03863466069153735
0.0
0.014693403678390603
0.00821386248202933
0.05681681519691601
0.032569846137431635
0.03365625945786569
0.03285544992811732
0.020779610403774823
0.005808077845934999
0.0351948843269211
0.023049951575013574
0.09118024767489231
0.005808077845934999
0.007436357044452746
0.0018148545059462884
0.024662905411240617
0.007699775161439627
0.05020415657090533
0.014918344610773408
0.017367181585646967
0.0
0.02727447256755784
0.010177125020253483
0.010480292591372621
0.007503529550546912
0.027118694709146775
0.13825534171124684
0.19487289320920753
0.07742632029961405
0.014872714088905493
0.014518836047570307
0.009182517885004068
0.002566591849484608
0.015552633014423306
0.010185782527837495
0.040292586760033854
0.002566591849484608
0.0041580538272057415
0.0
0.0029263648910665377
0.002566591849484608
0.08610771749596965
0.03940781347982812
0.11415930528250436
0.02372261571852209
0.01362374348733214
0.005083527843517825
0.0052349616508031585
0.003748052747603365
0.01354593162208923
0.06905927535581059
0.09734004216361765
0.038674857023070545
0.0033090874421698576
0.026523459585079234
0.015280721438967063
0.057874997406026425
0.057790439598179276
0.07913864770771731
0.11812941651154271
0.01656982591210303
0.002076969906862731
0.0
0.0014617347604971474
0.0012820262209450527
0.04301126089749324
0.0196844115286179
0.05702317755214213
0.011849572181356282
0.0008108245658161784
0.0
0.0009065294368057153
0.003343115247909283
0.029360164020238784
0.08302976678840604
0.125232940469558
0.0
0.0025258108855350193
0.020245231990035296
0.01166370282559314
0.04417571339625813
0.04411117081911268
0.06040615769149956
0.09016762818788006
0.012647670208668289
0.016063441734401225
0.0013838993133650005
0.003063391731066177
0.005103568299319624
0.015504764085828527
0.10392751635197642
0.13936464453979738
0.04229180108156842
0.0006188985786530884
0.0
0.0006919496566825002
0.002551784149659812
0.02241047514742771
0.0633762305900483
0.09558971462481286
0.0
0.028830830184095938
0.0020758488962690407
0.004250143932902322
0.0
0.009292531591935629
0.03339288170460751
0.07914081053922747
0.045131391166682557
0.01615211528184835
0.0013915387261044824
0.0030803022921093983
0.005131741060376812
0.015590353616176608
0.1045012179101277
0.1401339664338461
0.04252526064097277
0.028891264313859428
0.009787121883186626
0.02131854855809934
0.018993002707845083
0.016953163323944326
0.017279617342389
0.012172278640067077
0.08631296540916558
0.028989982377663166
0.0020873080149709914
0.004273605613526108
0.0
0.009343828303726646
0.033577217373711866
0.07957768431350244
0.04538052585538398
0.034510248361995434
0.03287163390594187
0.017377967444960302
0.01778789762338388
0.038840527720632706
0.03544427403257829
0.05513477930474041
0.024587663331545415
0.03121714770869099
0.010575031474958156
0.023034792525636873
0.020522029237673215
0.018317973137619188
0.01867070824824549
0.013152204629412367
0.09326156727106284
0.0010086214954680237
0.0
0.0015035641736983031
0.1346924414882905
0.08165566371276019
0.00393638184585339
0.002178188300708179
0.0
0.03728848654308374
0.0355179558748332
0.018776975999140025
0.01921990749535565
0.04196737386660003
0.03829770569685774
0.059573389753542476
0.02656708649694551
0.0
0.0
0.009936229652978999
0.07554649285109322
0.17276562517149718
0.005722904683270956
0.005093120319552189
0.0
0.000895390169388161
0.0
0.0013347688763553373
0.11957140368453395
0.07248871741459824
0.0034944700500356223
0.0019336573732502194
0.0
0.002734604317833688
0.0
0.0012662728639133334
0.1761749564125401
0.09016430721315384
0.0020021532433737886
0.0006673844381776687
0.0
0.0
0.0
0.008820754259190372
0.0670653831338719
0.15337036051861797
0.005080431675083941
0.004521349075077981
0.0
0.0005969267795921074
0.0
0.005252623887675762
0.13440382638623427
0.14557218470601269
0.0006673844381776687
0.0019203070501724413
0.0
0.0025058342369957956
0.0
0.001160339678789949
0.16143660514275318
0.08262138931628381
0.0018346581669016952
0.0006115527440359709
0.0
0.0002734946974826865
0.0
0.0003867799037976858
0.047660261166039546
0.17703967460908127
0.0024462109761438835
0.0003867799037976858
0.0
0.000546989394965373
0.0
0.004813202658228369
0.12315994220643504
0.13339398391631857
0.0006115527440359709
0.001759659019217258
0.0
0.0
0.0
0.0
0.035717215625919015
0.22041041833149255
0.0012231054880719417
0.0
0.0
0.08546525343156874
0.1308244686991088
0.0348138716118999
0.0
0.002972570359542212
0.0
0.015437280938791325
0.030593545569946014
0.03116121041897759
0.029454554442362193
0.02519035173934375
0.01201102185239029
0.027313528754377828
0.01825762278922514
0.029965658164928945
0.006604187685285257
0.05488744564085806
0.055870275207459796
0.015695518379031815
0.018015202724513908
0.010614512835063086
0.010102333766565372
0.04717660242441553
0.047382183732371276
0.02460818603748447
0.05778303145986735
0.09010326580168442
0.016249433764250372
0.010786022949403196
0.03428565786999051
0.025055004609223684
0.0013196621783827722
0.03290801634059684
0.031105690243147393
0.02660244886247601
0.012684324455670292
0.028844644944248547
0.019281091491951976
0.03164544493906009
0.006974399047457359
0.0
0.003941805125627962
0.03644913732650507
0.042315234937469776
0.048247153503565524
0.033619085068226015
0.012216834618674337
0.0
0.025987648661452603
0.06102217846879535
0.0951541902087723
0.01716032928919011
0.011390655712553632
0.03620761113780827
0.026459514569816718
0.0013936385636624687
0.08109520270405396
0.02789921010781385
0.08169219769114722
0.09395492137784509
0.01383731839130584
0.014778579736702714
0.019413041055329847
0.025717887313851388
0.0
0.004662560057249826
0.04311382384554143
0.05005253125017382
0.05706909490252601
0.03976629950102441
0.014450670011238419
0.0
0.01671032470806607
0.007244874135830508
0.020336717277839353
0.018858864428549244
0.014914075957690868
0.009135534424238367
0.014415675266464896
0.005446261977445116
0.09592337543633993
0.033000551405186575
0.09662953033047768
0.11113448017768257
0.016367457541542695
0.017480827536408065
0.022962695244837163
0.030420376026912967
0.002606450271028041
0.002331280028624913
0.058178057245851976
0.06727327851158249
0.0517595740252582
0.05123723400939557
0.015860965384440855
0.010655891829282636
0.01935604360096092
0.008391943430573756
0.023556597086366888
0.02184475816723111
0.017275397668709745
0.010581948928154731
0.016698085995917274
0.006308559895715134
0.025128499250258503
0.07120954237916419
0.0843870138366569
0.008412857816164819
0.002415300287511598
0.004369319142487886
0.011045405355441476
0.016173578842245077
0.0030191253593894974
0.0027003878541230096
0.06738929568055278
0.07792454873251105
0.05995458431256361
0.05934954304028459
0.01837220657874934
0.01234302208114234
0.0
0.16621687419356232
0.1785041652733692
0.007070622314100282
0.0
0.0
0.0
0.0
0.024616403073421618
0.0697583560570722
0.08266728251764513
0.008241411352887232
0.002366078643559463
0.004280276354617248
0.010820309944935533
0.015843975875971694
0.0390602718772997
0.10121054296126619
0.03044314386327981
0.00936542766574892
0.009137595432775598
0.0034554327807053446
0.0008365351125240932
0.0
0.0
0.1628295240397554
0.17486641119678975
0.006926529401155189
0.0
0.0
0.0
0.0
0.0
0.0021327544484788705
0.1453230115564684
0.0882279969615995
0.0036219373043149088
0.003968034432562313
0.0
0.0
0.04886519277295139
0.12661644312136963
0.03808499075907357
0.011716340063519057
0.011431317316644542
0.004322816530144824
0.0010465224016678893
0.0
0.11915352947725186
0.043672736255357364
0.029845489389515024
0.003985038597473541
0.0007400030995476101
0.0
0.00827348611578754
0.019620550817419445
0.0
0.002668119095270731
0.181802036513208
0.11037501461953407
0.004531117068075239
0.004964091598900329
0.0
0.0
0.003080098398080359
0.05822361911728061
0.07022993680148583
0.046656043123676695
0.049047997341129586
0.0
0.0010465224016678893
0.0
0.16096843258159718
0.058998939707585275
0.040319255902344975
0.005383520065471055
0.000999694592030055
0.0
0.011176925248346766
0.026506049173059088
0.08735694881558724
0.06513310163250113
0.06530751734242045
0.0126452467014351
0.008997251328270494
0.0
0.0
0.0
0.004161006505734594
0.07865620724500536
0.09487593776563752
0.06302918734364003
0.06626055718118933
0.0
0.0014137816260840995
0.0
0.0234796585994598
0.037502733541010295
0.05512439859234574
0.003161311913704539
0.014995418880450823
0.002235385097338506
0.011310253008672796
0.0
0.12195492822009737
0.09092926025967892
0.09117275383027706
0.017653434268342625
0.012560639477390013
0.0
0.0
0.0
0.004186879825796671
0.008152718934268364
0.03864756348395212
0.013240076034000282
0.22849512051254459
0.005032003253158071
0.00197371404411064
0.0
0.03277884722341149
0.05235580270444686
0.07695658061154742
0.004413358899828969
0.020934399128983355
0.0031207160138536057
0.01578971235288512
0.0
0.04505834255885322
0.026877016348363248
0.04998343338909143
0.0
0.008373759651593341
0.006241432027707211
0.02311572054375906
0.0
0.0037688823926645063
0.007338791683102577
0.0347891813461198
0.011918252139608055
0.20568329456306328
0.004529632864981823
0.0017766681678253874
0.0
0.0
0.0
0.09459577933304227
0.17632157904094253
0.13216608765812152
0.0
0.0017766681678253874
0.0
0.04055993985458964
0.024193747587065717
0.04499333390568979
0.0
0.0075377647853290125
0.005618318235289231
0.020807961005794965
0.0
0.014177760709747198
0.02032726594314006
0.05818256283588262
0.018351053031798337
0.04397029458108591
0.005618318235289231
0.017022502962628406
0.003972750912885259
0.0
0.0
0.0788226715803507
0.14692133217003314
0.11012842428052244
0.0
0.0014804226201966223
0.0
0.0
0.0
0.0
0.0
0.2902056720711783
0.039057526344147185
0.023686763919790722
0.0033103257109856335
0.011813729788458446
0.016937853029589785
0.048481074678497514
0.015291158194135039
0.03663859120874737
0.00468150752831116
0.014184133477825578
0.0033103257109856335
0.05579347466159343
0.03004909044011076
0.02350032521801351
0.0
0.012731677236930907
0.010796612987691277
0.018865641505297927
0.0033103257109856335
0.0
0.0
0.0
0.0
0.30173966213938574
0.040609836186084575
0.024628175222502383
0.003441891932970693
0.008707374269084566
0.0
0.0
0.0
0.22369751506253635
0.03276111204266747
0.026569637780343273
0.0
0.058010941253561925
0.031243367272197967
0.024434326665089746
0.0
0.01323768746669088
0.011225715651610842
0.01961544119115348
0.003441891932970693
0.021768435672711417
0.017583861557953558
0.020260178221332217
0.0
0.011972639619991279
0.010282505902051469
0.0489293638683582
0.04583704590886826
0.010232352143626134
0.0
0.0
0.0
0.2628750846165968
0.03849877410548099
0.031222947549450854
0.0
0.02067226399689175
0.005720058824699012
0.0018088413661046844
0.010547266916765146
0.1346331421369058
0.06023868250726654
0.03641314788395305
0.0
0.025580880359065333
0.020663435146525206
0.023808472180798
0.0
0.014069484197485934
0.012083346604528832
0.05749867477756809
0.05386477949252171
0.11012156021991264
0.002860029412349506
0.0072353654644187375
0.0
0.014069484197485934
0.0
0.03314621221296709
0.012134076510289271
0.026673913984646684
0.007380727969615801
0.002333991043196903
0.013609389399884046
0.17372034593707314
0.07772740499003229
0.04698475090647176
0.0
0.0033007618442365215
0.0
0.0036903639848079005
0.0
0.047014123511574836
0.09137082424175075
0.11964339994351691
0.015656887565253783
0.14209246871086298
0.0036903639848079005
0.009335964172787613
0.0
0.01815419014330087
0.0
0.042769346096705595
0.015656887565253783
0.01815419014330087
0.007380727969615801
0.02605265395430218
0.0
0.033007618442365216
0.007380727969615801
0.047215863037439854
0.0
0.0031781439876572845
0.0
0.0035532730515118564
0.0
0.04526762639182453
0.08797654887409147
0.11519884503552119
0.01507526002453747
0.0
0.0
0.0
0.0
0.08291889249938536
0.04996704385144851
0.19575641282605946
0.0
0.017479791932115067
0.007106546103023713
0.025084840844230308
0.0
0.031781439876572844
0.007106546103023713
0.045461871627154135
0.0
0.04608308782103063
0.0
0.0
0.0
0.014817389836329955
0.03850807830049184
0.1425508946379143
0.025125432363924352
0.0
0.0
0.0
0.0
0.06158076689635143
0.03710865868039216
0.14538098210606062
0.0
0.015341878046003763
0.0
0.002638883285927401
0.0
0.01808518923157844
0.019065675829261934
0.13070998528745378
0.08161335723877046
0.03422418948723917
0.0
0.0
0.0
0.011004322441115162
0.028598512618419437
0.10586722939683287
0.01865972092649861
0.014161733580926551
0.01319441614826864
0.002638883285927401
0.0
0.040472831676114616
0.06277741530433396
0.11525259764868821
0.04162126029892014
0.011165813300316046
0.0
0.0019205783023197069
0.0
0.013162394190279142
0.013875991981916375
0.0951306800790879
0.05939817191921149
0.016650086533289955
0.006937995990958188
0.0012146803333833883
0.0
0.008008941897825582
0.028496301182153388
0.1478779056761318
0.008759184624308976
0.01030690458490712
0.00960289130681874
0.0019205783023197069
0.0
0.029456112274880635
0.04568938018296801
0.08388079893888248
0.030291938211740154
0.04107481329446046
0.023140005491940386
0.08362156410015584
0.02318343027625615
0.02071954598854486
0.04899463092968603
0.08222811131246563
0.05328946938963619
0.01802454098214442
0.007510723312034919
0.0013149514511830948
0.0
0.00867007514779844
0.03084865339710421
0.16008513624742415
0.009482249951996511
0.0
0.0
0.006237362374065348
0.00882096231043854
0.07973267838169186
0.02554649127094348
0.047681843753222826
0.0
0.044465513982745855
0.025050198777201937
0.09052447301704528
0.025097208250874962
0.02242993182379331
0.05303910771463541
0.08901599155491063
0.05768848245982273
0.00929811103975697
0.0
0.004158241730499727
0.0029403209179356743
0.05261725856291292
0.03341859448057586
0.06890391036168021
0.017395796587347682
0.0
0.0
0.009886274825313903
0.013981303697750755
0.12637700421532566
0.040491415823002475
0.07557614633423879
0.0
0.0
0.005313713116888832
0.011904563234679097
0.009320869600329164
0.17000494190636492
0.013181700235580532
0.031263143855536794
0.0
0.014737588676511218
0.0
0.006590850117790266
0.004660434800164582
0.08339882269314315
0.05296876940875166
0.10921331061455947
0.027572492273795074
0.0
0.005313713116888832
0.022729753995308723
0.009320869600329164
0.06803206540641983
0.04943138045125643
0.03872698558872016
0.0
0.0
0.005682439901107677
0.012730639317917701
0.009967659180091957
0.18180184816598394
0.014096398833620048
0.033432541834848964
0.0
0.001576025278356631
0.0
0.018121885877373296
0.03147482894644966
0.2866934655526186
0.010572298749461327
0.004457672570299742
0.0
0.0
0.005682439901107677
0.02430700683384411
0.009967659180091957
0.0727529158078737
0.05286150051087338
0.04141431110752406
0.0
0.03020023329224466
0.0
0.02876467977989756
0.0
0.033096530845489254
0.012730639317917701
0.07262853231260423
0.004983829590045979
0.0013814721657356241
0.0
0.01588482194672241
0.027589405263949634
0.2513024684300814
0.009267196821520399
0.003907393278776315
0.0
0.0055258886629424965
0.0030890657169630096
0.006996458995739324
0.0
0.2438094532865133
0.0434442520303181
0.02981594511316056
0.0
0.026472152613860257
0.0
0.025213811617071518
0.0
0.029010915480448107
0.011159100118026897
0.06366287216707255
0.004368598620827532
0.01657766598882749
0.0
0.005861089753480157
0.0
0.017959138154563115
0.031117465019975678
0.11651704632770558
0.010064554141346462
0.005705185934378099
0.0031892959402121702
0.007223471533299058
0.0
0.2517202839946369
0.04485387794276796
0.0307833764043326
0.0
0.014262964835945248
0.0031892959402121702
0.04015152951897079
0.011783059183304752
0.068216803578176
0.03850571763628697
0.05076403577914731
0.004510345561543964
0.0171155578031343
0.0
0.006051263219602541
0.0
0.01854185428672882
0.03212712643597379
0.12029764882561565
0.010391116474724783
0.051753717219410654
0.011521176939490311
0.044703257804388496
0.004510345561543964
0.014494420266594475
0.0063785918804243405
0.061929698210929376
0.025323155628725544
0.016398380766856523
0.0036667894653981885
0.04616291752780775
0.013547189753933885
0.07843005522621795
0.044270698747680776
0.05836430206087771
0.005185623379081795
0.07559124069200442
0.011000368005226701
0.0490770356004091
0.005185623379081795
0.01666448913394563
0.00957930928986156
0.048482001277554136
0.0067612254356793815
0.059502156166388
0.013246099146227612
0.0513961193501555
0.005185623379081795
0.01666448913394563
0.007333578930796377
0.07120165994379876
0.029114476057017287
0.06120622557154735
0.014667157861592754
0.03882934250669001
0.005185623379081795
0.0032796761533713044
0.011000368005226701
0.07754636776535263
0.04627168791537111
0.07214914885529496
0.01049945974436261
0.04684228376853534
0.004949492952619894
0.015905661768687754
0.009143109777773974
0.04627434468537363
0.006453349038027318
0.055481514190819724
0.030929152730981964
0.032923453488740484
0.0
0.012521336642740208
0.006999640078351682
0.04841781289213628
0.027755176187584496
0.05841916390319845
0.013999280156703363
0.037061225438580946
0.004949492952619894
0.003130334160685052
0.01049945974436261
0.07401524806142874
0.04416467924894087
0.11474272919446246
0.012642930190114726
0.03728039862495467
0.0
0.036407813678803934
0.030142031505488665
0.051488428725727876
0.04380984419803467
0.05297792474526184
0.029533482452932004
0.031437790888000486
0.0
0.011956314459761853
0.006683783071230472
0.046232971200238004
0.026502730806879045
0.027386766907478873
0.026735132284921886
0.016908781775611278
0.004726148321569925
0.028638776528441753
0.018756203487314212
0.07419517884227839
0.004726148321569925
0.10956499224990561
0.012072421128735616
0.035598129965115695
0.0
0.03476492019632624
0.02878187987578961
0.049165026262652685
0.04183293594047519
0.060266631671823966
0.029533479602324497
0.013909879967209316
0.004726148321569925
0.027386766907478873
0.02209809466660351
0.048423383708132026
0.07447526243205381
0.021658112352425467
0.02114278405844508
0.01337187031517863
0.003737551485671563
0.022648231599751687
0.014832855729395076
0.05867532756981039
0.003737551485671563
0.006055088292474665
0.0
0.004261464263754739
0.003737551485671563
0.12539275674839964
0.0573868929912546
0.16624235799219017
0.03454561645264413
0.047660298284211165
0.023355784256904554
0.011000266813396728
0.003737551485671563
0.021658112352425467
0.017475703454909612
0.03829437364324058
0.058896824392561324
0.04884221582656506
0.017475703454909612
0.0265861089427513
0.007475102971343126
0.04052249813367632
0.019081712095706044
0.028633600828747895
0.03187661738578653
0.0031511607923519007
0.0
0.0022177313454936507
0.0019450791024273248
0.06525631330620757
0.02986501904748108
0.08651507215578891
0.017978068502896963
0.0012301760236550986
0.0
0.0013753786267851867
0.005072145561048703
0.044544987104481945
0.12597204458150063
0.19000233494701868
0.0
0.025418238032225236
0.009094624039474355
0.013835818748623914
0.0038901582048546496
0.021088529375482785
0.009930415561679853
0.01490136492106036
0.016589080463736892
0.007381056141930591
0.0027507572535703734
0.008953464972947746
0.004481151882951676
0.026395467839529604
0.049616075037199156
0.19986347145353336
0.010684027661406683
0.0008552362294452006
0.0
0.0009561831869689161
0.0035262292236356457
0.030968321670528057
0.08757759406111701
0.13209238141632906
0.0
0.03984040576096101
0.002868549458954645
0.005873138503057117
0.0
0.01284105337256259
0.04614455942282303
0.1093621648770095
0.0623656316920472
0.005131417376671203
0.0019123663739378323
0.006224578821803124
0.0031153618394869197
0.01835051241077551
0.03449381561559463
0.1389479866644448
0.007427691124462605
0.004345573826823092
0.0
0.002497982313915015
0.001352247227669097
0.022440693771955945
0.08339693795660857
0.12344449407915949
0.011646344370066352
0.03208988028797549
0.0023105037958270785
0.004730582128319577
0.0
0.010342963572444745
0.037167628178896434
0.08808692361200542
0.050233064067906986
0.03820042814161944
0.036386596692952536
0.019236192961151543
0.019689956960752198
0.04299374413684505
0.03923432914798894
0.061030339533986504
0.02721682140373685
0.0035001888465191386
0.0
0.0020120265314556695
0.0010891819705854658
0.018075096449615403
0.06717295429841362
0.09942968605735342
0.009380672447723375
0.020773933116829478
0.006920498158990358
0.007001899839893243
0.005775031080266691
0.014020183945027253
0.020745588469352413
0.12495956143847237
0.09019310185723457
0.040091280715653224
0.038187667868441244
0.020188349958983085
0.02066457446147308
0.04512185724246578
0.04117635796465389
0.06405123171284317
0.02856400517396807
0.0
0.0
0.010683087708923539
0.08122495528148596
0.1857515769314731
0.006153067593688611
0.005475945402445875
0.0
0.02180220549014266
0.0072630503866515485
0.007348481304538253
0.0060608847451199994
0.014714157866015827
0.021772457833530632
0.13114483526629736
0.09465749838636764
0.015362019162931987
0.009758825411810165
0.026121489940631775
0.015733221599743344
0.023376994555837288
0.01217081389309171
0.004235548927021568
0.00114309452164478
0.0
0.0
0.011914617701071533
0.09058844374713566
0.2071647342800563
0.006862383803740112
0.006107204003163339
0.0
0.0008062977570156849
0.0
0.007094972120322633
0.18154572295047208
0.19663136254757327
0.000901468310631883
0.002593851239834572
0.0
0.017132929208283406
0.010883807861663253
0.029132735301334863
0.01754692329359071
0.026071858691207653
0.013573846681606022
0.004723816521462475
0.0012748687076874275
0.0020556640039751314
0.005611552907911461
0.01716150629744216
0.045901833350485775
0.07734615096993908
0.009225347057645546
0.002593851239834572
0.0075517334143489
0.000713995073977949
0.0
0.006282759811550238
0.16076288289349788
0.1741215612060898
0.0007982707722277183
0.0022969144980983162
0.0
0.0
0.0
0.0
0.04662232256756787
0.2877056747180027
0.0015965415444554366
0.0
0.0
0.0018203374123530879
0.004969158228152528
0.015196905673863722
0.040647121505220846
0.06849178272316213
0.008169255461252327
0.0022969144980983162
0.006687232366609329
0.0
0.0020854437705198274
0.008667111939294236
0.02113064014531499
0.13190254962865966
0.007034166605183768
0.0
0.0
0.05207565666973634
0.05300813757639231
0.014891464101065052
0.017092315026938077
0.010070749688955896
0.009584808668872102
0.044759826623626195
0.044954876356508085
0.023347551200289512
0.05482290663205263
0.08548743123177266
0.015417003358502346
0.010233473636581438
0.0325292628776404
0.023771480028892754
0.001252058165926762
0.06050337591947197
0.010705296433201445
0.013713485450624388
0.004897452375102524
0.020266452641047292
0.01135596264681498
0.09242973363858008
0.05833664736904627
0.03413195424092905
0.09605907842199449
0.059128071402128564
0.027583874621635196
0.005236063559686882
0.0037362471860875974
0.003980500759069584
0.004636294693320676
0.023267315240216926
0.054634502781479306
0.08519364598379618
0.015364021439529345
0.010198305383814166
0.03241747313939117
0.023689787199263547
0.0012477553554029496
0.07260632427216472
0.02497877837999319
0.07314082705625584
0.08411991413870087
0.012388856463467681
0.013231588514069277
0.01738092398777202
0.023025791953672988
0.0340146567096299
0.09572896275741118
0.05892487246552525
0.027489080155020586
0.0052180693562216655
0.0037234072365154762
0.003966821410120575
0.004620361649520631
0.05845844613118709
0.04508165555302548
0.020995324689653056
0.01673355349648237
0.019823486474202043
0.013336412519413211
0.015264230768579457
0.009734342282650603
