0.005749616708751186
0.0
0.005246929774373596
0.020327964814712773
0.19428282187665735
0.009642400152870044
0.008131185788803565
0.0
0.02012365848062915
0.008396768258734645
0.007279726392926417
0.028376683031687947
0.1279289717697139
0.028927202514833297
0.027021812910877678
0.0045454711732759254
0.010061829240314575
0.003214133498524635
0.01337811556317716
0.0
0.2496404072030502
0.00642826699704927
0.008131185788803565
0.0
0.010061829240314575
0.0
0.029384487356229026
0.04367143299792491
0.1110903354240686
0.01285653399409854
0.006098389170250743
0.0
0.017806680626569222
0.00742998947346114
0.006441560467368593
0.025109476612965042
0.11319961255461862
0.02559661092924801
0.02391060218588346
0.004022119216429415
0.015262869108487905
0.01422033859648188
0.03955576013813881
0.12065008932539555
0.0585076649158703
0.0
0.0017987463437115123
0.0
0.008903340313284611
0.0
0.026001245361597536
0.038643234809774656
0.09829972643885743
0.011376271119782275
0.005396238879511555
0.0
0.0
0.005688135559891137
0.0449594309697317
0.04610547267201243
0.20587914811774685
0.007416421036055908
0.022573384524138766
0.005244201663614191
0.012709116468023503
0.011841020069870917
0.032937369704444254
0.10046315841503022
0.048718279794090096
0.0
0.0014977837139380304
0.0
0.007585518453898161
0.0
0.06766444358558607
0.02842564119612739
0.049993810105298984
0.022962458527789623
0.012225326319880315
0.0033491462978903256
0.0
0.00473640812895135
0.03743690917277291
0.03839119747649674
0.17143186206784736
0.006175520346349353
0.018796451109917234
0.004366752361625823
0.05286649250641789
0.09552486400861755
0.07920640998327694
0.011103726574820163
0.02735936482497461
0.016218692369003578
0.01749435095400087
0.01851656982396989
0.004640142937933449
0.0
0.041391065351835565
0.017388269378562825
0.030581749462527032
0.014046381987319227
0.007478363137851533
0.002048708685729392
0.015395901149392403
0.030601102872894054
0.05163491368751917
0.037702502058070665
0.056036463934502644
0.005794623232227455
0.006562152401011722
0.009439795814184618
0.03233900007598082
0.058433583125601166
0.04845140990120359
0.006792268552773527
0.016736016694246
0.009921147949995802
0.010701481978627359
0.01132678421727283
0.030166794154869725
0.3192634463854284
0.08509805503533942
0.019911119009671185
0.02011592756846774
0.0
0.0
0.0
0.009002067343839312
0.017892631693625705
0.030191215557831896
0.022044858515565795
0.032764825985448956
0.003388147797425031
0.003836926287148554
0.0055195000803662615
0.007644442563197721
0.2780262816665628
0.06837515670478882
0.0
0.0
0.0
0.0
0.0
0.01763868901825163
0.18667507779505854
0.049757296752200954
0.011642139844690601
0.011761892525679595
0.0
0.0
0.0
0.011443257218594008
0.0804634205156609
0.10990437263741248
0.02432896692359388
0.01631559760919845
0.0
0.0013827500916225133
0.0
0.008393626868373803
0.30527390959090983
0.0750761808597476
0.0
0.0
0.0
0.0
0.0
0.0071102908229004995
0.1076781985328185
0.08210419195637794
0.008691009590937803
0.0016637235935680389
0.0
0.0
0.0
0.01256473973839691
0.08834914027779617
0.12067541714058817
0.026713297766506265
0.01791458792894084
0.0
0.0015182648342685799
0.0
0.048306541135378855
0.054841576760542396
0.014039465495702397
0.0
0.008853248567179216
0.003359759720432578
0.0030365296685371597
0.003835766758546519
0.01396344416648319
0.21146230873115776
0.16123915726831375
0.017067716384057133
0.003267280071361601
0.0
0.0
0.0
0.014967862887342191
0.024268536795581892
0.06270621684626904
0.0170800398519624
0.0049009201070424014
0.002945086430491546
0.011067728337169526
0.0
0.09486611825318096
0.1076998556277551
0.027571205940706854
0.0
0.017386327105165477
0.006598016654672071
0.00596324588439154
0.007532816350649297
0.01773293281929402
0.07790159805965596
0.08495060300594319
0.0
0.0024504600535212007
0.0
0.0018264651120902626
0.00258301172611883
0.01674911901338728
0.027156623101733036
0.07016859365578577
0.01911265638836392
0.005484155939013399
0.0032955675436290572
0.012384847491077456
0.0
0.04519955869306717
0.09543748760870006
0.04556166980432046
0.0
0.003656103959342266
0.004087648552963414
0.014428670677955273
0.0
0.01984324712767972
0.08717230689877897
0.09506018131745524
0.0
0.0027420779695066996
0.0
0.002043824276481707
0.002890404003521797
0.02140597620201433
0.23857224772335917
0.16754586209859687
0.0
0.0
0.0
0.0
0.0
0.03399046801100349
0.0717698350030933
0.034262778770209466
0.0
0.0027494225224368794
0.0030739478746512365
0.010850487998139846
0.0
0.08330476290818957
0.1267704203160981
0.06299392633677313
0.0
0.0
0.0
0.0
0.002834039798871784
0.016097483479423247
0.17940844090138983
0.12599597055162992
0.0
0.0
0.0
0.0
0.0
0.003504839782769019
0.07993471077629118
0.14373311463587038
0.018724470517952493
0.0
0.0
0.0
0.0
0.07591017980944406
0.1155175894482711
0.057402243379498556
0.0
0.0
0.0
0.0
0.002582475037550685
0.003372955996545535
0.09030722937970939
0.16644308391242021
0.003961336020523428
0.0
0.0
0.0
0.0
0.0031937311724481695
0.07283927180408128
0.13097458291316655
0.01706238484131949
0.0
0.0
0.0
0.0
0.011884007464243802
0.18304394325326986
0.06550418384947591
0.0
0.0
0.0
0.0
0.0
0.003990376754026385
0.10683799883733709
0.19691054777850803
0.004686459944147889
0.0
0.0
0.0
0.0
0.020984707355192134
0.10324435252531351
0.11607561031110901
0.0
0.0
0.0
0.0
0.0
0.014059379125776367
0.21655020014231968
0.07749474727571964
0.0
0.0
0.0
0.0
0.0
0.0023432299720739444
0.013358466924663038
0.083753682588273
0.029335370807892294
0.01037392118485399
0.0
0.0
0.0
0.03667701597012109
0.18045020606202608
0.20287664445645626
0.0
0.0
0.0
0.0
0.0
0.07631774557617597
0.08912823532567013
0.030369335002107308
0.004095491142799192
0.01036086399298844
0.0
0.0018315592657526117
0.0
0.004095491142799192
0.023347893131851333
0.1463844647367214
0.05127228344903638
0.01813151198772977
0.0
0.0
0.0
0.00259021599824711
0.008687848391510994
0.06192757819884461
0.01228647281084196
0.03367280797721243
0.0
0.005494677642868931
0.0
0.12399919647493952
0.14481336522946836
0.04934334877568919
0.006654253306925024
0.016834077057928127
0.0
0.002975872459739577
0.0
0.06102352933498947
0.03581862182676013
0.061635632858727266
0.0
0.016834077057928127
0.015174031864520324
0.039652174553495505
0.026617011220921732
0.004208519264482032
0.014115802445555391
0.10061840635256984
0.01996275891738589
0.05471075043826642
0.0
0.008927617128371437
0.0
0.012625557793446096
0.014115802445555391
0.08400964234249851
0.0
0.05681501007050743
0.004705267649083328
0.023806979677916618
0.0
0.057336167029411994
0.03365427247822121
0.05791128404179691
0.0
0.015816873663286067
0.014257137123580095
0.03725618180486071
0.025008671537315716
0.050390249565420216
0.02210475279231307
0.04519060862036933
0.0
0.01186265524746455
0.004420950652738528
0.022368434980623204
0.006252168355708497
0.01186265524746455
0.013262851486836015
0.07893333830281792
0.0
0.053381948613590476
0.004420950652738528
0.022368436866141476
0.0
0.21042135030621165
0.12676948744277977
0.0531250392069145
0.0
0.0
0.0
0.007217005025316428
0.014403998256292423
0.04595459517444547
0.02015895882164935
0.04121265805877261
0.0
0.010818432619261003
0.004031791850307048
0.02039943010970623
0.005701814700799376
0.025828204507736534
0.018596443983673834
0.11064786809729822
0.06171098599652757
0.048682946786674515
0.0
0.0
0.0
0.19189879099185794
0.11561047079835617
0.04844865209906885
0.0
0.0
0.0
0.006581720614020327
0.013136071253268395
0.0075048868040095435
0.021065720566119477
0.11139483781779011
0.005701814700799376
0.06491059571556602
0.0
0.0
0.0
0.025400887258376328
0.018288773301857592
0.10881724364840377
0.060690002567987525
0.04787750702389891
0.0
0.0
0.0
0.0
0.0
0.022976622264387434
0.005607480471194784
0.08998866624989839
0.03905024454130125
0.09603913820002019
0.0
0.007380721472079929
0.020717196696974468
0.10955185505547822
0.005607480471194784
0.06383667603186521
0.0
0.0
0.0
0.0
0.0
0.08584063491277152
0.050467320013017056
0.14185928007081158
0.0
0.0
0.0
0.0
0.0
0.02089120144425494
0.005098530270048769
0.08182104979113099
0.03550593798219849
0.08732236442686508
0.0
0.003224593635429333
0.01968792167841201
0.07868421655949488
0.030164392917516086
0.09946882500086662
0.0072104106744978955
0.006840395769280039
0.0
0.0
0.0
0.07804950507651408
0.045886768586423765
0.1289837454171733
0.0
0.0
0.0
0.003224593635429333
0.0036052053372489477
0.0
0.0
0.07188200108642673
0.07814178604213981
0.11430449092872232
0.0
0.0031360113951792983
0.019147078271360893
0.07652269639193711
0.029335752225846393
0.09673633453856306
0.007012334760791409
0.0066524844694554304
0.0
0.08047719379343765
0.007012334760791409
0.004434989770917518
0.0
0.014559533800299443
0.035850224810757794
0.059233247947952226
0.009916938897270194
0.0031360113951792983
0.0035061673803957047
0.0
0.0
0.06990734337454318
0.07599516688718697
0.11116445251710463
0.0
0.006272022790358597
0.0035061673803957047
0.0
0.0
0.0845695939177086
0.056356114446570536
0.130599327580069
0.004958469448635097
0.0912622605189346
0.00795208544954895
0.005029340273856428
0.0
0.016510714453186002
0.04065465509072635
0.06717132955062688
0.011245947063164475
0.03200652606061476
0.003976042724774475
0.012981425299463684
0.0
0.019559543703709017
0.003976042724774475
0.06975843203345965
0.009575578639885778
0.0071125613468032796
0.003976042724774475
0.0
0.0
0.09590309935394119
0.06390862002046106
0.14810145949922315
0.005622973531582237
0.0
0.0
0.0
0.0
0.23933135122205051
0.0318083417981958
0.012573350896611917
0.0
0.02422520348141135
0.003009400141584651
0.009825423376554
0.0
0.014804291016418046
0.003009400141584651
0.05279898878604837
0.007247595086207666
0.02439088503517789
0.0
0.0
0.0
0.02616893974338686
0.2365051492446423
0.13834890024257507
0.026521629444798325
0.0
0.0
0.0
0.0
0.18114589105531748
0.024075201132677207
0.009516558696084844
0.0
0.0
0.0
0.005709934960951413
0.004255934483961098
0.09268695826432548
0.0548460286249916
0.06090596436016531
0.0
0.014230054545714634
0.0
0.0
0.0
0.015267401712354413
0.13798110110558742
0.08071508655598554
0.015473166844761807
0.0
0.0
0.0
0.0
0.10808207980091573
0.26651312659065346
0.0543454178609982
0.0
0.0
0.0
0.003331272556515863
0.0024829841050215333
0.054075137899894904
0.031998100020718026
0.035533568944075125
0.0
0.0
0.0
0.0
0.0
0.06428998677516601
0.07211183541412053
0.04108569012120627
0.0024829841050215333
0.0
0.0
0.0
0.0
0.08880651420946428
0.21898266398257343
0.044653351715490584
0.0
0.0
0.0028852275395543983
0.021995336184102005
0.037400551398732405
0.14906169409332354
0.044684799353123646
0.01836010076049341
0.0
0.0
0.0
0.0
0.0
0.05282438711941475
0.05925127225688699
0.03375838927484847
0.0020401639532717478
0.005806408332847406
0.0028852275395543983
0.006094903738088399
0.010030041042013889
0.15764052497858455
0.03699983643496248
0.003797616339101249
0.0020401639532717478
0.0
0.0027998261627140285
0.02134428458819244
0.036293512685059905
0.14464953812461473
0.04336215032933753
0.01781665042169752
0.0
0.01756866139963592
0.041709939411287075
0.04830911552863126
0.1116786575290622
0.015108483629068054
0.004530213698638399
0.012271484965634048
0.014798818568419997
0.0056345413797823625
0.0027998261627140285
0.00591449745684839
0.00973315654919302
0.15297443965448249
0.03590465869556578
0.0036852086833359704
0.0019797760607395665
0.0012521203066183026
0.0
0.00767858381302327
0.02928969876644936
0.05847508920138653
0.06380012553192782
0.08544384639187129
0.0031922929470725022
0.017135664225648016
0.04068195637481805
0.047118489218183617
0.10892622568437714
0.014736119988730348
0.004418562065969767
0.011969041985495293
0.014434086932199927
0.017339226674408768
0.02175111334931283
0.03548275440609848
0.10867328409315587
0.03824435023786947
0.013568069226123462
0.03231481168626806
0.01007518875802432
0.001221260553451802
0.0
0.0074893374603479754
0.02856782494212417
0.05703391233554884
0.062227707837317875
0.08333799762054124
0.0031136157050685918
0.014829390278763238
0.003053151383629505
0.01319431487816394
0.016197907757870098
0.06861544504531947
0.02124784139024448
0.0682739734312968
0.014726592866874387
0.01936706377607957
0.02429492429778396
0.03963249229264198
0.1213827158101864
0.04271705907303953
0.015154866301415125
0.0360940560148306
0.01125349053315553
0.018692996868739264
0.021877318932465906
0.05442877840506732
0.02841578718692309
0.04754354339538462
0.030862360897474343
0.0500269324539734
0.008627250118807023
0.016563699909008484
0.0034102199985683295
0.014737401069000662
0.01809226665504798
0.07664007888991377
0.02373279426101739
0.07625867188424502
0.016448880253584888
0.031064840108097957
0.008919558128194347
0.028466259337918135
0.007125764118353998
0.0639069795191302
0.030932609264754423
0.011170654699175412
0.0021568125297017557
0.019722624829989457
0.02308234236708302
0.05742676703878219
0.029980955641935206
0.05016228676759712
0.03256228894825015
0.05278246324616679
0.009102447221411675
0.020584248743614728
0.012822706259843478
0.035962924953586044
0.028938004113943424
0.0384563217100771
0.04090164901149024
0.060592323616612355
0.030973636144237884
0.03277592090545013
0.00941085583263807
0.030034207846781107
0.007518257950833062
0.06742703644172987
0.032636406662093095
0.011785944933507838
0.0022756118053529188
0.014874766344156201
0.0016091005430250356
0.0016091005430250356
0.007364034086378711
0.06546783075480954
0.04431425365506151
0.11494627455328549
0.011895485424366687
0.022965458634479907
0.014306051868124163
0.04012315803619905
0.03228558616448556
0.042904993836172294
0.04563319945046697
0.06760171424842436
0.034556702481093986
0.005619999986389313
0.0046899859233078735
0.023793760329251245
0.05650043425909187
0.07969708980332504
0.016543815850654595
0.026059131101439984
0.0
0.016595496655190774
0.001795243169660186
0.001795243169660186
0.008215914134155183
0.07304122573601808
0.049440578177469635
0.12824339359287606
0.013271569045486509
0.06201667755366354
0.01627187029031292
0.008747487248625337
0.00331026471426224
0.018955407053135837
0.007584728868371621
0.03740210678851651
0.04003068417254884
0.007426134874590517
0.006197236318641255
0.03144051135349252
0.07465833564005377
0.1053098468728085
0.021860606431474618
0.03443391863747316
0.0
0.0
0.018294541424823837
0.02585528907730606
0.04379177904784229
0.2448375714807371
0.0023721918047813323
0.0
0.0
0.08194736887951169
0.021501264008959624
0.01155872246963961
0.004374105391146586
0.025047225928872076
0.010022281085433824
0.04942225805658934
0.05289559795505854
0.01714617864695935
0.00912942682007151
0.0167468283501625
0.01751242714245249
0.03925242719426416
0.004744383609562665
0.010117186473027633
0.012102997102457862
0.0
0.016800356818150026
0.023743589524783157
0.04021513830934525
0.2248407581172975
0.00217844590011643
0.0
0.0
0.0
0.006238119719736813
0.019796003334951105
0.12971291291121737
0.2275817033718445
0.0065353374680746125
0.004133310234732101
0.0
0.015745785185180487
0.008383791895120816
0.015379051342236634
0.01608212077651957
0.03604653254370619
0.00435689180023286
0.009290877469712895
0.011114499410978591
0.005845383655736139
0.0
0.012623511805147708
0.04262377468636373
0.08476591203407893
0.017917506965655538
0.018047437703901197
0.0
0.0
0.005656817173515442
0.01795130210114738
0.11762554525225509
0.20637437975718462
0.005926338525879257
0.0037481454941179224
0.0
0.0
0.0
0.004997527465910588
0.09652055712435728
0.24479143815575405
0.0
0.0
0.0
0.0053006784311843465
0.0
0.011447183057981968
0.03865185528309287
0.07686695486237115
0.016247854427869017
0.016365677500284594
0.0
0.019831304926257894
0.005160757740364843
0.023620431442824552
0.010092115780265119
0.033134837898755896
0.007901784982012392
0.016968027168824604
0.01481735463639052
0.0
0.0
0.005327277591721018
0.1028892396522982
0.26094342693016054
0.0
0.0
0.0
0.0009417385437094365
0.0
0.015298387161434264
0.10281857621100347
0.19837029224579789
0.0033954865766909373
0.002663638795860509
0.0
0.021139827058257225
0.005501278232902523
0.025178970198858952
0.010758020364269136
0.03532116244431437
0.00842316572673448
0.018087622635150916
0.015795043021068014
0.009686141819322144
0.0055012777838465915
0.00892884312002107
0.06279562932458368
0.05227355911245065
0.0076070694400581776
0.013492194395956085
0.006860926188193834
0.007351791123351329
0.002348443564222205
0.009774873822193705
0.0
0.18240263135769696
0.00469688712844441
0.0059411443065374055
0.0
0.007351791123351329
0.0
0.021470113251792766
0.031909034211371576
0.08116942976814574
0.00939377425688882
0.004455858104702797
0.0
0.006301535248586854
0.0
0.007667459031312599
0.08236455736391655
0.2455529196722019
0.0
0.0014852860766343514
0.0
0.0021005117495289513
0.002348443564222205
0.032195095764235876
0.09751781886852161
0.11420276228447865
0.026387891193092775
0.013608602837048978
0.0
0.00694363504091787
0.0
0.020278137423423513
0.030137511302269708
0.07666307262174984
0.008872251537373874
0.004208478172740609
0.0
0.0
0.004436125768686937
0.03506345588468103
0.03595724350172135
0.16056329610715725
0.005784000068751727
0.017604779583686187
0.004089905715361512
0.0019838957259765344
0.0022180628843434685
0.0304076913154122
0.0921038333173805
0.10786246353618341
0.02492289060856264
0.012853081641170555
0.0
0.010041593366288714
0.007177801962786004
0.03132842276774308
0.17650190758875914
0.07170333330680852
0.0
0.016201953841437716
0.004089905715361512
0.0
0.003217534700418317
0.02543162477986763
0.026079891493343305
0.11645701762671962
0.004195151783070188
0.012768796954215405
0.0029664203060928906
0.03591324258757762
0.06489190887536896
0.05380646381779974
0.007542978684641107
0.018585751757260426
0.01101767501278072
0.011884254845296982
0.012578668121349676
0.007283196371839479
0.0052060802809093
0.022722594583792607
0.12801733809385535
0.05200663260694812
0.0
0.01175132343347243
0.0029664203060928906
0.07313535801838746
0.16857732875287437
0.09704026546483682
0.015028558225132351
0.0
0.0
0.0
0.008926601603902079
0.022054437587758078
0.03985032960341333
0.03304272219902796
0.00463216743017656
0.011413569831587658
0.006765989602276229
0.0072981590599472705
0.007724600482480143
0.020573044229820425
0.21773016283177157
0.058034872420512626
0.013578914946951962
0.01371858956789895
0.0
0.0
0.0
0.04491265819123752
0.10352387887629104
0.05959273861096582
0.009229085861626343
0.0
0.0
0.0
0.005481854707604075
0.10627317268460583
0.19842596794714915
0.01614251779178664
0.0
0.0
0.0
0.0
0.0
0.019353735164240674
0.20482588097512136
0.05459530143278657
0.012774129135450334
0.012905525616825484
0.0
0.0
0.0
0.012555908741051447
0.08828704499850576
0.12059060167201349
0.026694522601514694
0.017901996846137743
0.0
0.0015171977375359543
0.0
0.09997464722406958
0.1866657938639329
0.015185794126346889
0.0
0.0
0.0
0.0
0.0
0.040835322122388884
0.018463176453586295
0.009068825100579637
0.01132881064977679
0.015030437035519316
0.007167580390039925
0.014070381141598748
0.01020685495361352
0.020068232902432433
0.1411100556588767
0.192741149215757
0.04266611902290572
0.028612938301494705
0.0
0.0024249521228493233
0.0
0.0771545561945242
0.08759222698452877
0.022423644998584496
0.0
0.014140289245015984
0.005366162926543411
0.004849904245698647
0.006126434949916526
0.06526749850599235
0.029509877208477395
0.014494792692688597
0.01810694990828987
0.024023295905931257
0.011456014501279603
0.022488829092266162
0.016313717042300616
0.040653539223526235
0.03234497981535423
0.04570017731016721
0.006126434949916526
0.014098266259498672
0.0
0.008011675536661435
0.006126434949916526
0.09868698203876676
0.11203761589093643
0.028681674295938018
0.0
0.018086585414704228
0.006863760877759677
0.006203423839005502
0.007836210921099105
0.01844715115213062
0.08103919239097478
0.08837210573595713
0.0
0.002549155712718892
0.0
0.0019000285141870653
0.002687046086792589
0.051999198661052896
0.041371872246070675
0.058454261158682054
0.007836210921099105
0.01803283458232945
0.0
0.01024758768352617
0.007836210921099105
0.004575874485014632
0.1939665583788135
0.1322873704515709
0.0
0.0
0.0
0.0
0.0
0.013879271265945282
0.06097228374678109
0.06648942255294983
0.0
0.0019179342839543653
0.0
0.001429543832755305
0.002021680271123255
0.014972315191584573
0.16686830141121062
0.1171892107471323
0.0
0.0
0.0
0.0
0.0
0.003442797358393221
0.14593659790934324
0.09953039818529844
0.0
0.0
0.0
0.0
0.0
0.003442797358393221
0.15823949938146983
0.14366712818503763
0.0
0.0
0.0
0.0
0.0
0.013489642579126894
0.15034373208282803
0.1055842431100654
0.0
0.0
0.0
0.0
0.0
0.0029370451615678725
0.06698504641526022
0.1204479163281013
0.015691049790077377
0.0
0.0
0.0
0.0
0.0031018653590187783
0.14256941970843506
0.12944011562587587
0.0
0.0
0.0
0.0
0.0
0.0031018653590187783
0.08956699275603303
0.15309737223689898
0.003642956205203799
0.0
0.0
0.0
0.0
0.0035071337160306046
0.07998702840082467
0.14382718860012847
0.018736725767375843
0.0
0.0
0.0
0.0
0.01305019145598899
0.20100614304573364
0.07193214435248234
0.0
0.0
0.0
0.0
0.0
0.003703945967720434
0.10695219271686816
0.1828139938172034
0.004350064037310479
0.0
0.0
0.0
0.0
0.013264592804411186
0.06237404486828683
0.05859706528453706
0.008714873004900536
0.022567852088290017
0.003075959787238143
0.0015379798936190714
0.0
0.01912166020089724
0.29452220517803757
0.10539784235876706
0.0
0.0
0.0
0.0
0.0
0.0031869435270017055
0.018168374510224045
0.11391039708791717
0.03989799175608057
0.014109200276417848
0.0
0.0
0.0
0.01943580959441146
0.0913929343756522
0.08585875348414924
0.012769378967019261
0.03306731556787629
0.004507018769919996
0.002253509384959998
0.0
0.012093600236929585
0.018534896873056556
0.06639623071515743
0.00956083010044862
0.026202800513347432
0.0
0.009611016537703505
0.0
0.00599531832691366
0.03417857509820848
0.21428967457409132
0.07505660491176691
0.02654240537324022
0.0
0.0
0.0
0.0037917721961771744
0.012717990313482431
0.09065470576580272
0.01798595407671204
0.049293038550303266
0.0
0.008043563134227502
0.0
0.022750633177063044
0.034868081586320245
0.12490542598948225
0.01798595407671204
0.049293038550303266
0.0
0.018080365434957786
0.0
0.052225368514476816
0.011075044280375496
0.03909476764072651
0.00599531832691366
0.057491901199895536
0.016957321020662535
0.01072475114697965
0.0
0.004347052620042603
0.014580457436139966
0.10393049894076764
0.02061988029554181
0.05651168406055384
0.0
0.009221490740496992
0.0
0.013041157860127809
0.014580457436139966
0.08677501821979823
0.0
0.05868521037057514
0.004860152651449673
0.024590642665604054
0.0
0.05987343471277959
0.012696912621658082
0.044819942578279294
0.006873293777319973
0.06591121692231497
0.019440610605798693
0.012295321332802027
0.0
0.0
0.004860152651449673
0.09897311213338152
0.056573156091431896
0.1476163182021297
0.02727737005779805
0.031042672901941987
0.0
0.009385557417909774
0.010493371977704136
0.06245089007258603
0.0
0.042235008380593984
0.003497790783550893
0.01769757648490475
0.0
0.16648226084755885
0.10029814391575635
0.042031745456968694
0.0
0.0
0.0
0.005709987657689716
0.011396230427483708
0.0
0.003497790783550893
0.07122970496332685
0.040714989459018976
0.10623760905022507
0.019631180423770087
0.022341021560466943
0.0
0.066399162045828
0.05049233976489943
0.12824541600462128
0.0
0.006257038278606516
0.0
0.01327318199073002
0.0
0.16040129874466952
0.09663463520896193
0.040496486084943745
0.0
0.0
0.0
0.005501423583790151
0.010979969589887456
0.006273065005114798
0.017608078301760772
0.09311093919389765
0.004765941872184457
0.054256432785492276
0.0
0.0
0.0
0.06397385387179975
0.04864804714757541
0.12356110002631136
0.0
0.006028492531721364
0.0
0.012788363270348222
0.0
0.01657835446223375
0.0
0.02159240313988092
0.009531883744368913
0.07979814083634086
0.04477812744557497
0.07315915029116274
0.009531883744368913
0.007432081388896498
0.02086136058434702
0.11031418895251452
0.005646501010262754
0.06428089363081478
0.0
0.0
0.0
0.0
0.0
0.08643797053711111
0.050818504835209416
0.14284643029069952
0.0
0.0
0.0
0.019641384164971184
0.0
0.02558183238761489
0.011293002020525508
0.09454170758548633
0.053051369202542324
0.08667609196829647
0.011293002020525508
0.028569286058139905
0.0
0.051323396650340976
0.0
0.016070223407703695
0.003992679164536201
0.09238630641721964
0.016939502179357187
0.0
0.0
0.08907443916679961
0.052368534214348755
0.14720342907241804
0.0
0.0
0.0
0.003680085726810451
0.0041144609844968065
0.0
0.0
0.08203574035074086
0.0891797553408205
0.1304506468521634
0.0
0.029440685814483607
0.0
0.05288882587544742
0.0
0.01656038577064703
0.0041144609844968065
0.0952042068973936
0.01745617865638346
0.009200214317026128
0.0
0.0
0.0
0.03916601749706317
0.048704339971008266
0.08915523725258702
0.0
0.0032905907776312414
0.0036789923864743983
0.0
0.0
0.07335319627683311
0.07974109905593219
0.11664393911817929
0.0
0.006581181555262483
0.0036789923864743983
0.0
0.0
0.08873817430683172
0.059134004023736385
0.13703679251945003
0.00520288091552424
0.008226476944078104
0.0
0.0
0.0
0.035020742868422335
0.04354954309124746
0.07971917592668593
0.0
0.0016452953888156207
0.0
0.0
0.0
0.16203915173587524
0.0588638844598942
0.03385378028455403
0.0
0.005877587139297547
0.0032856711450278595
0.0
0.0
0.07925117210199437
0.05281198499487681
0.12238618286998183
0.004646640682922514
0.0
0.0
0.0
0.0
0.19777556964140092
0.026285369160222876
0.010390204305375314
0.0
0.0014693967848243867
0.0
0.0
0.0
0.14471553873846574
0.05257074392574965
0.030234471112256616
0.0
0.0
0.0
0.0
0.0
0.16785637445214552
0.07758276460760423
0.022858447509969328
0.0
0.0
0.0
0.0
0.0
0.19523599413949827
0.0259478467872685
0.010256786874893188
0.0
0.0
0.0
0.006154071848269518
0.004586974593395429
0.09989644443536261
0.05911212703098896
0.06564342382599501
0.0
0.0
0.0
0.0
0.0
0.16570098217002602
0.07658654809448993
0.022564929188100248
0.0
0.011604229686840689
0.0
0.0
0.0
0.08127495343008276
0.13683201688072047
0.034013839743923156
0.004586974593395429
0.0
0.0
0.005692377135189049
0.004242847652563464
0.09240194950769731
0.05467737924090216
0.06071868091167812
0.0
0.0
0.0
0.0
0.0
0.10985677230905337
0.12322250915343286
0.07020597656351012
0.004242847652563464
0.010733649747594075
0.0
0.0
0.0
0.07517749190709419
0.12656651782065825
0.03146203171039305
0.004242847652563464
0.024368440289526977
0.007837737197663461
0.010897898001440264
0.004242847652563464
0.030388452794746453
0.04405976939269422
0.08778786899180954
0.016971389330703097
0.0
0.0
0.0
0.0
0.08991868341472777
0.10085865037947062
0.05746417674348347
0.003472806153220054
0.009883779464921647
0.00491128957392663
0.010374861868808814
0.01707332795087174
0.2683387206525885
0.06298183017762497
0.006464375262022461
0.003472806153220054
0.019945771404427985
0.006415253196970694
0.008920020310816516
0.003472806153220054
0.024873201796126492
0.03606328833512515
0.07185510218087472
0.013891223565557258
0.024651969483706578
0.025661012787882777
0.02871164253294976
0.0
0.0436703091781611
0.01774179544420654
0.03196427783556814
0.006945612306440108
0.008040036733582579
0.003995126431520827
0.008439511507426105
0.013888430471025203
0.2182822045702604
0.05123305613743567
0.005258495978262412
0.0028249809842071576
0.0017866748296850176
0.0
0.010956720655228248
0.04179404109849969
0.0834392426090986
0.0910376405654674
0.12192148701120502
0.0045551449228705245
0.020053334952241257
0.02087414902039656
0.02335570734511912
0.0
0.03552395024650695
0.014432200515742634
0.02600158865062704
0.005649961968414315
0.01011664819067391
0.01168278733208386
0.04096892466795487
0.008474942526644998
0.024933410043897975
0.019185288612625546
0.06846818696519798
0.0028249809842071576
0.0015144272975921372
0.0
0.009287172224446999
0.035425604964398616
0.07072505001926348
0.07716562952030334
0.1033434987861476
0.0038610471816516913
0.018389223643824868
0.0037860682439803434
0.01636164417825532
0.020086257271688786
0.08508675951201594
0.02634844049072469
0.0846633167567684
0.01826174944821093
0.008575107191045884
0.009902603290600205
0.03472621701458955
0.00718355914273352
0.02113414045195563
0.016261898530392307
0.05803523373921266
0.002394519834600375
0.023746460237300596
0.007145449179219609
0.02437030995571903
0.00624414355938265
0.08853697133596448
0.043137526609014376
0.05861140520259941
0.01568759595292617
0.017216752607507834
0.0035446738575959417
0.015318448757008081
0.018805585758023456
0.07966174739436672
0.024668500982355537
0.07926530275364985
0.017097405987322314
0.032289625498589776
0.00927122723214081
0.029588591158642517
0.007406709771313458
0.06642662341857156
0.03215218122409591
0.011611077203529855
0.0022418486176782647
0.022232419330378547
0.006689865389148972
0.02281649326815353
0.00584602574800674
0.0828919785649125
0.040387138582469895
0.05487442443990334
0.014687376898522168
0.020482190638874465
0.0035446738575959417
0.01222569701778612
0.016228580657573568
0.023227376548492676
0.11727666176061727
0.07980794031077444
0.03021394732789043
0.03088223399940461
0.008867126961789304
0.028298928270748154
0.007083877276104322
0.06353131993718077
0.030750780438663146
0.011104991081430227
0.002144134301136619
0.014015350361988288
0.001516131907982639
0.001516131907982639
0.0069385639686884585
0.06168531083034353
0.04175391912960762
0.10830504986738887
0.011208202676334645
0.019589443803173293
0.0033901739593304044
0.011692821774151069
0.015521233758728076
0.022214976689468324
0.11216498349659047
0.0763293921694909
0.02889702735841112
0.0035002038848687806
0.001516131907982639
0.015170169750844672
0.055622721131639775
0.07014866678550084
0.0955905111572578
0.03690448727011783
0.002144134301136619
0.012998488644038757
0.0014061313402643578
0.0014061313402643578
0.006435147365102222
0.05720983005225934
0.038724529150716266
0.10044714719451278
0.01039500914679613
0.048574808917825785
0.012745007008859098
0.006851504117508026
0.002592777980142065
0.014846897832747383
0.005940768999691507
0.02929534863914972
0.03135419231139585
0.003246252093182257
0.0014061313402643578
0.014069521927136501
0.051587102020729234
0.06505914051772839
0.08865509185738284
0.03422694019806483
0.0019885700067982077
0.011319138777456442
0.0
0.02039492004538555
0.050377703749795354
0.03540614669131311
0.0642407768630769
0.1480750723018565
0.028722966652020652
0.06528573989169738
0.017129603410398316
0.009208590330004823
0.0034847574819045104
0.01995459646062848
0.007984539894467567
0.039373670301567625
0.04214080691946591
0.013659998784437289
0.007273221738355171
0.013341844828320832
0.013951781233824371
0.03127158061280013
0.0037797503265267272
0.008060149014485565
0.009642202447070676
0.015213201379200063
0.0
0.027411274997447874
0.06770887496261799
0.047586733431453164
0.0863411867624313
0.1990165452034472
0.038604374809461474
0.07859662048618621
0.02194608288995217
0.010358358361707117
0.020152844613087164
0.014642329752874524
0.0018898751632633636
0.02862621171495258
0.03636156996830886
0.02028571347814884
0.010801061887019379
0.019813240522801954
0.020719023558158682
0.04643970576650602
0.005613099485061138
0.01196968433740409
0.01431910494475486
0.007530763097271247
0.0
0.016263205712235208
0.05491334160068036
0.10920617701908421
0.023083600358660552
0.02325099358148544
0.0
0.11671952162616947
0.03259092160245852
0.01538262873558768
0.029927881989016025
0.021744519213119564
0.002806549742530569
0.042511213798638516
0.053998569226312035
0.04897308583528626
0.02417127207562118
0.024626714363130926
0.03627284713317589
0.1269679713785923
0.004525425374135394
0.02420157728002803
0.010368978714131626
0.008044068124209389
0.0
0.01737172355277707
0.05865629486126217
0.11664978916204277
0.024657003737691953
0.024835806665169817
0.0
0.03009508497634797
0.007831730857659333
0.035845290770986256
0.015315335179788022
0.050283920596683684
0.011991388936974316
0.02574990508318085
0.022486142418011914
0.052311144783526754
0.025818812345265514
0.026305298075868525
0.03874524395861374
0.13562224679888601
0.004833883303773205
0.025851183185460334
0.011075739613316855
0.018987053794188382
0.03432477162380856
0.039825045073885554
0.020843091496204683
0.02145084833122504
0.028348246118968638
0.05478667659495272
0.01105551391140352
0.03293460678792919
0.008570667817306888
0.0392273541566414
0.016760362775784615
0.055028292955768755
0.013122796622463571
0.028179451874203433
0.024607747720155
0.015090439067091928
0.008570667117704168
0.013910612249504555
0.09783189588572815
0.081439129564765
0.011851366623121421
0.02102004505110406
0.010688919336305969
0.020778514208027902
0.03756337147424753
0.04358260496193296
0.02280967218440576
0.02347477189752512
0.03102295075057697
0.05995589154475855
0.01209862021644773
0.0061067824716774235
0.019684194234092636
0.04155768324420179
0.039989862354886656
0.14183245190786217
0.009842097117046318
0.006224688616898585
0.004639609228082104
0.005225312498065249
0.0
0.006357953724642849
0.06829772968227067
0.20361557770978228
0.0
0.001231617945988675
0.0
0.0017417708326884162
0.0019473590201503814
0.026696579426576317
0.08086300522273843
0.09469837072045
0.021881172160351698
0.011284425093327022
0.0
0.0017417708326884162
0.003894718040300763
0.024161243227516206
0.11536636491874905
0.11075982543897378
0.003894718040300763
0.007389707468296786
0.0
0.011656945180699438
0.003894718040300763
0.0192947527032181
0.03713759007946455
0.06796173928208075
0.023961707400350734
0.03425681524518307
0.01078539533151195
0.0016842066167917751
0.0018830002692972712
0.02581427755713849
0.07819054372359377
0.09156866079827948
0.021158015879013635
0.010911483331901882
0.0
0.008524701056206563
0.006093516610503635
0.02659592247123329
0.14983936743501744
0.06087176196818995
0.0
0.013754471824003054
0.0034720808042850897
0.011271691910588483
0.0037660005385945425
0.018657075639487503
0.035910220661459324
0.06571565491821153
0.02316979099426594
0.033124653268592076
0.010428946128355014
0.0750648121326802
0.038901553150289064
0.03054487988301
0.012898732008404482
0.04018162123665725
0.05713052116665738
0.024027891901217627
0.018842866223839558
