0.002586091381444337
0.004662142497217182
0.011185208509106198
0.01068223477779243
0.24260637579088018
0.03486227156834725
0.018286426288056545
0.004088969550934024
0.005172182762888674
0.0028913381049191587
0.03380581204213695
0.004088969550934024
0.3126298035504675
0.005782676209838317
0.0
0.0
0.0
0.0
0.019118832096954624
0.013509302318044676
0.08966655095622533
0.019118832096954624
0.01752047833382049
0.0
0.0038791370721665054
0.0
0.0
0.0
0.12008235514459895
0.0
0.023772354297787957
0.0
0.004388910579858024
0.002453475636955074
0.028686280615799687
0.003469738511867416
0.2652853379866375
0.004906951273910148
0.0
0.0
0.0056641938017964275
0.003956110498967418
0.019725061495018015
0.11457126974308596
0.1694653833152539
0.03152352971798507
0.014156452472074765
0.005908751622894026
0.0032916829348935174
0.0
0.0
0.0
0.10189715698562268
0.0
0.020172283553921394
0.0
0.01316673173957407
0.006409586397521949
0.031789710303723046
0.017106912401263965
0.06494751042201427
0.026589184272234875
0.036996650753873886
0.003469738511867416
0.004717397102193663
0.0032948279767312885
0.016427924466086985
0.09542014182305465
0.14113844549598076
0.026254223097976412
0.01179013469629653
0.00492107593044963
0.011879671321466686
0.0
0.0287637183982998
0.01762467375201178
0.2645635242146741
0.023396139771810494
0.03044001587881902
0.0
0.010965850450584635
0.005338193811154604
0.026475910343815752
0.01424741133744559
0.05409122783940265
0.022144676758015028
0.030812486147956883
0.0028897553604295577
0.03410795684671526
0.025462319841604814
0.04009172593501409
0.0028897553604295577
0.014769426246152498
0.004086731233102886
0.01680039299224986
0.01419309587935984
0.008824186979103192
0.0
0.021365610419054198
0.013091558884496387
0.19651705357388208
0.017378587870745865
0.02261075954822008
0.0
0.03732743842991027
0.0932098147240738
0.016169079904650035
0.018678910954846303
0.03277464721230917
0.013099853880020737
0.006287169006631938
0.012918356995742288
0.025335295947686153
0.01891334070817627
0.029780023065642112
0.0021465022839662123
0.010970688939400154
0.003035612649406913
0.012479285417445751
0.010542592338013235
0.09881777546287332
0.16684977874926282
0.015873202191654598
0.0
0.0013575672275543372
0.0
0.059387196394673505
0.03425724139753269
0.03601225957253432
0.0899257003358011
0.01559938552088599
0.01802078626695084
0.031619879435985
0.012638299281516267
0.006065649607013935
0.012463197180135412
0.008513279383066563
0.031560591510969536
0.02856824627333922
0.020697687417802577
0.054165826010151415
0.0029286571833044253
0.015405637438284242
0.01482663775292902
0.09533607260598626
0.1609710656470787
0.015313932635547318
0.0
0.0013097352897025482
0.0
0.05729477354482365
0.03305023653748429
0.0013097352897025482
0.01293215335051596
0.03483261147818236
0.05779823002651866
0.0757684543079509
0.024960601142272124
0.016844079711035055
0.013265760031944388
0.006489415805322163
0.024057685899981324
0.02177671148268646
0.015777222127805215
0.04128897356731545
0.0022324269366172434
0.01174325222803309
0.011301898251456876
0.04384355340222586
0.026838889673523048
0.04137860246861365
0.02268852578742262
0.022837235726616587
0.012947095499718946
0.027206214306025395
0.03728503262477588
0.000998371662357256
0.009857789997661124
0.026551847918532646
0.04405784546432095
0.05775600480219811
0.019026712536321877
0.012839733337110736
0.010112088297271596
0.017238481896727866
0.21116809842149314
0.06938449974061119
0.0789156463973669
0.036641874610552475
0.025515090529304285
0.007554341706542824
0.002688197935623319
0.02958764949977366
0.018112119091674254
0.02792418706120783
0.015311262353811769
0.01541161867113938
0.008737296454313695
0.01836000667458538
0.025161657559295558
0.037853435494693
0.08044883870287031
0.06005728419666993
0.00868765674030582
0.00956017867622014
0.003190912343465651
0.0031098658209141312
0.011410633048745783
0.011633321678773496
0.14250596032464033
0.046823856638821555
0.05325591345738933
0.02472762490406724
0.017218758448025864
0.0050980177761632715
0.0018141197994503775
0.022354322779641788
0.17184970853105583
0.11514618662964277
0.0021305757070259786
0.003410207101568988
0.000753272267059575
0.004586273357052026
0.0037668470117349895
0.043856510970861004
0.09320700568010819
0.06958160887723498
0.010065409074843785
0.011076301939775636
0.0036969506299600425
0.0036030511553422316
0.0132202149407799
0.007788750205191131
0.0567587679996977
0.09265032436578033
0.045309758051770885
0.026588825228391694
0.0
0.0
0.0
0.02589943526708366
0.19910289592045496
0.13340691356491877
0.002468458031571134
0.003951022759449047
0.000872731708829313
0.005313598228808558
0.004364221242715776
0.028188225422840316
0.03199650234025885
0.0453893409561439
0.024388302536635525
0.0003902974796819515
0.000872731708829313
0.002511165615353795
0.01348017851591367
0.009868967466056514
0.07191788413359707
0.11739534749439703
0.057411075760240786
0.03369016135153111
0.0
0.0
0.0
0.020328437977124303
0.028522615935174248
0.043402386011385304
0.008916152083197942
0.03723032344115212
0.13693004462474095
0.04985038881539089
0.03704197777177789
0.03571672890966101
0.040542119377914604
0.0575119136448077
0.03090192366497819
0.000494538023121838
0.0011058206533946788
0.0031818470366772066
0.017080460883380118
0.04093232192165573
0.011151746207760452
0.02271229220288361
0.006121950186286971
0.00399723349602186
0.0022116413067893577
0.0291718216003694
0.04465924500986154
0.018625772000072382
0.026133623343417317
0.039767096075797544
0.008169354478022115
0.03411199211096225
0.12546108038454165
0.04567502811752074
0.03393942186730097
0.0
0.0020263990166168202
0.0
0.004298641231071129
0.1717386403131655
0.15265427064289747
0.02792489479806974
0.005739677436955548
0.037503919209348625
0.010217700076225975
0.02080995975421103
0.005609188885732188
0.0036624338678523222
0.0020263990166168202
0.026728452946886475
0.04091868328422945
0.008156098591499567
0.0
0.0032674701570235523
0.012678870002736436
0.010769215997021341
0.03559094042886157
0.04898310209724994
0.03681109387886037
0.0
0.002144257645151595
0.0
0.004548657124240544
0.1817272360673866
0.1615328887385508
0.029549051627938902
0.006073506315377022
0.011672821562040815
0.0
0.004794705785435731
0.02068713694101339
0.16937084555751464
0.07314747426535315
0.04805577204292341
0.0044205002925091635
0.008630470413784315
0.0
0.0034575114807348342
0.013416293490233013
0.01139557093373206
0.037660966812022655
0.05183203815930902
0.03895208635065434
0.010224496456141442
0.0032163863534126983
0.005818644905787565
0.0
0.08588661597742062
0.0032163863534126983
0.005534626390331837
0.0030324382352466214
0.014173397681306342
0.0
0.005821837633741708
0.025118778454226897
0.2056538204535075
0.08881727837915411
0.05835037950562781
0.005367469061619869
0.005405799350003412
0.0
0.0032933286394657246
0.0061037218513855605
0.10828947573613416
0.12773635534827754
0.01782393110691188
0.005937132756001341
0.012414809358112358
0.003905407329440465
0.007065127122667658
0.0
0.10428542553140806
0.003905407329440465
0.006720265569956278
0.0036820534627134975
0.002910918816870854
0.0
0.0033946853993294733
0.021424508624416
0.12068227198136747
0.022659015187781174
0.009056653133915328
0.0
0.007607265409369471
0.0
0.004634508870677491
0.008589410945936914
0.15238944874373261
0.1797559055830042
0.025082576283285408
0.008354979850581196
0.00655418541202063
0.0036639010833980482
0.02055800496647405
0.00855948796075158
0.04460069930624504
0.06298203172992474
0.027285102697816727
0.00259076929504716
0.004096365882512894
0.0
0.004777142313651429
0.03014945853866272
0.16982910643314864
0.031886707457663296
0.01274489851537834
0.0
0.0024578195295077362
0.0018319505416990241
0.021085419261989622
0.026123100471664374
0.12351029429211524
0.0036639010833980482
0.004634508870677491
0.0
0.009402595971465552
0.005256211016463433
0.029492393413927624
0.012279391252796219
0.06398390177554623
0.09035365351923035
0.03914304838508098
0.003716702443591231
0.012928569460765134
0.0
0.0
0.0
0.08322324516563279
0.031109816373926808
0.01828375782047387
0.0
0.003525973489299582
0.0026281055082317166
0.03024901887057292
0.03747604680309709
0.17718714417441814
0.005256211016463433
0.006648639258393989
0.0
0.0060673514364576195
0.00423769269884133
0.023383218141527107
0.061136941992497106
0.1600107027722824
0.04916479427542677
0.017857274291409347
0.015996094256825844
0.01577403378285043
0.0
0.0
0.0
0.10153994877353147
0.037956813083599494
0.02230785195630933
0.0
0.027246058352196196
0.00641305678830904
0.03461361946879307
0.00453471593155993
0.04445409520621484
0.016032641628879626
0.028720908060832422
0.00453471593155993
0.007402722073896371
0.0051703715554702765
0.028529658601097897
0.07459264470802039
0.19522764980358825
0.05998553267482513
0.0217875031570312
0.01951669378167209
0.008604018427009325
0.0
0.007262501508201033
0.01635980858933048
0.12323032834189451
0.03278643947677137
0.055413832812624846
0.0
0.04170763325592884
0.00981695836949121
0.052985724680000665
0.006941637815954912
0.06804929636493653
0.0245423954003662
0.04396529893219922
0.006941637815954912
0.021951385924173075
0.0
0.009313183884986153
0.0
0.06365901918010192
0.004908479184745605
0.049670311261996426
0.0
0.013170831554503845
0.0
0.011117268615856981
0.025043214984012192
0.18863812423998366
0.05018871998982795
0.0848262081207801
0.0
0.015365970146921152
0.0
0.009313183884986153
0.0
0.08009365230296109
0.06190795937580516
0.055879094936127735
0.0
0.029846935229646904
0.0
0.01266298160659049
0.0
0.08655611216597602
0.00667397770734109
0.06753589810658188
0.0
0.023877548183717522
0.00667397770734109
0.08088384640520016
0.0
0.07857072714202608
0.033369887825099066
0.04643092781345587
0.0
0.020892854660752833
0.0
0.01266298160659049
0.0
0.10890201014414505
0.08417522520318384
0.07597787825384072
0.0
0.04178570932150567
0.0
0.0537898828869206
0.0
0.09849488625783479
0.01334795541468218
0.016883975949858247
0.0
0.020901713948800846
0.005842206740248262
0.07080337594263936
0.0
0.06877853835059149
0.029211033078321694
0.04064428910653672
0.0
0.020901713948800846
0.0
0.0
0.0
0.09532966479508692
0.10515973502870031
0.08498351811671945
0.0
0.03657799941040148
0.0
0.04708610518933391
0.0
0.08621957003880348
0.011684413480496524
0.014779743418673988
0.0
0.04180342789760169
0.0
0.011084807252545683
0.0
0.13190766420548838
0.040895445312978985
0.03540169046299815
0.0
0.018376928380870003
0.0
0.0
0.0
0.08381448654416032
0.09245715083018646
0.07471808435474835
0.0
0.0137826962856525
0.0
0.0
0.0
0.1209411129159821
0.05136508038679158
0.06686013777799425
0.0
0.036753856761740006
0.0
0.009745837565989039
0.0
0.11597411121068282
0.03595555232749307
0.031125405877902648
0.0
0.018376928380870003
0.0
0.009745837565989039
0.0
0.08039906166630625
0.05136508038679158
0.08823971047130902
0.0
0.012908044439854282
0.0
0.0
0.0
0.11326617287141544
0.04810544515731556
0.06261718402599714
0.0
0.06454022219927141
0.004810544207979795
0.024339639545841757
0.0
0.08890319753534343
0.03367380791709976
0.041717495188889675
0.0
0.01721072591980571
0.0
0.009127365342610261
0.0
0.07529692589914998
0.04810544515731556
0.08264000602764565
0.0
0.004302681479951428
0.004810544207979795
0.012169820798760084
0.0
0.08349651610992503
0.06734762814426998
0.10060783410743107
0.0
0.0590068029444496
0.004398107481864721
0.022252856675734074
0.0
0.08128099469354952
0.030786750966221233
0.038140804820077395
0.0
0.003933786862963307
0.0
0.0
0.0
0.03178947690510732
0.052061960824829494
0.194362195729489
0.01681190838376524
0.003933786862963307
0.004398107481864721
0.01112642927575491
0.0
0.07633786040330717
0.06157351318709696
0.0919821227685838
0.0
0.013768254020371573
0.0
0.009961322119742176
0.0
0.07766638983198709
0.04398107763231083
0.07044297250437424
0.0
0.0024551888441220614
0.0
0.0
0.0
0.01984072136513804
0.03249335814903642
0.12130700297134049
0.010492792657589286
0.0
0.0
0.0
0.0
0.05241679359604116
0.29521437394416045
0.14393960440281947
0.0
0.008593160954427215
0.0
0.0062171459189514925
0.0
0.048473814296864835
0.027449847924392517
0.043965473032581526
0.0
0.012275944220610308
0.002744984616830461
0.0
0.0
0.0445918204185202
0.05301491245423865
0.05930846458729517
0.015203024324180109
0.0
0.0
0.0
0.0
0.02591548375216824
0.14595748397578884
0.07116544571464449
0.0
0.0
0.0
0.0
0.0
0.0056356447362947175
0.03655586588656242
0.331694676173808
0.0
0.006069372259652634
0.0013571529152594777
0.0
0.0
0.022046724308276724
0.026211200801763833
0.029322807538044025
0.007516555340898704
0.003034686129826317
0.0
0.0
0.0
0.0
0.014828011445644251
0.2638354157912054
0.008852696350512742
0.0
0.0
0.0
0.0
0.005295977897255681
0.03435260148736125
0.3117030536614016
0.0
0.026421506845862558
0.006376778545718662
0.005777133989195326
0.005410875851755102
0.005225763598704246
0.037447063103445574
0.021034022887180325
0.0
0.0028517820800810834
0.0
0.0
0.0
0.0
0.01393431001259614
0.24793374953974665
0.008319134082652672
0.0034221384960973003
0.004112898569244809
0.0041384109900503745
0.0
0.002373981790590295
0.09351403175389127
0.1488041752442172
0.011549879516739404
0.04235459578615349
0.010222198124329285
0.009260947013441554
0.00867382246164487
0.008377081072186193
0.060028946508529135
0.033718271343889356
0.0
0.032914843253718566
0.008177758673852543
0.028452469954214694
0.02515268261431543
0.04255710340166649
0.025363067386137823
0.020985239673314445
0.00867382246164487
0.005485807208953094
0.006593119666719219
0.0066340169659175495
0.0
0.0038055755006980675
0.14990625017625803
0.2385382760539907
0.018514859169997542
0.028546425577522485
0.008177758673852543
0.01777047400237871
0.020679434409621084
0.06101922555949834
0.025143185383130803
0.0175606455318321
0.026710926085053138
0.025647528943657412
0.006372179890547805
0.022170409290550763
0.019599186615856138
0.033160860978098436
0.01976312023945041
0.01635187923460989
0.0067587170603356835
0.0014248627190920785
0.0
0.0
0.0
0.02864171969014307
0.11565600646214391
0.08968486348738411
0.06368417900536774
0.022243620320286827
0.006372179890547805
0.013846906175590822
0.016113593143096686
0.04754670534485952
0.01959178629163722
0.013683406026735043
0.02081338332975042
0.017272926087189503
0.0
0.006144945366583712
0.0
0.047645977854249386
0.0654874774008593
0.20144868532519172
0.05287198191404438
0.001278125758013192
0.0
0.0
0.0
0.025692102964903096
0.10374537767568162
0.0804488268176205
0.05712577673205541
0.012142194701125323
0.0
0.0036150855009317432
0.0
0.0052162083805365805
0.005162150078320045
0.03658828789910422
0.053926157126739815
0.015494104416152003
0.0
0.005512119061981656
0.0
0.04273924129339712
0.05874336563923818
0.1807028496023011
0.04742705458993818
0.02786819904974552
0.018149459873862406
0.0036150855009317432
0.0
0.0026599571692391237
0.01262847380955887
0.15521717488830453
0.04430180346983291
0.02008833119705157
0.0
0.0059808820922337465
0.0
0.008629817271118499
0.008540381950271977
0.06053252013675593
0.08921669691606862
0.010572805893185037
0.0
0.017316355526001193
0.0
0.0371763931827181
0.015632836113501816
0.03424906045729969
0.0
0.046105800982153736
0.030026891346088845
0.0059808820922337465
0.0
0.004400695417995156
0.020892842739228926
0.25679492821326283
0.07329394089243295
0.020390061340819124
0.03092266625944807
0.051609258942308854
0.049085190289322386
0.041995371825803846
0.019433637101662335
0.021302886629893006
0.01982751187198577
0.016085872675388312
0.0
0.02634576790751048
0.0
0.05656159143646462
0.023784396859029854
0.05210783507554152
0.0
0.032171745350776625
0.0
0.0
0.0
0.004825761802616494
0.021581462417574106
0.11985343532143866
0.02189277397856367
0.031022221904517252
0.04704693127428273
0.07852030734360109
0.07468009241994963
0.06389337049882864
0.02956708135903084
0.03241102933399836
0.030166337551708555
0.02117267155061033
0.007193821061536096
0.06568520530043466
0.0
0.06164839031168663
0.010790731208787053
0.050641910029464984
0.020347197034956428
0.036846376978116546
0.0
0.0
0.0
0.0055269565467174825
0.024717300578713984
0.13726842643523013
0.025073846454879523
0.03316173928030489
0.0
0.007816296553622886
0.0
0.051584927769363166
0.008239100485733357
0.039504285821738816
0.0
0.024249111420024314
0.008239100485733357
0.07522942289876013
0.0
0.07060604902691855
0.012358650289356992
0.0580003008071952
0.02330369348083633
0.003684637697811655
0.006642575015358536
0.02126626111560947
0.02241277681832553
0.18725477659072529
0.04212200217002686
0.0748890271107705
0.0
0.03374812412808709
0.0
0.007954508781457953
0.0
0.05249708197702435
0.00838478897460759
0.04020282320641942
0.0
0.003749791569787454
0.004192394487303795
0.005303006003308632
0.0
0.046872394622343175
0.004192394487303795
0.014798406940931048
0.0
0.003749791569787454
0.006760032827397248
0.021642303312364185
0.022809092361726343
0.1905659226901355
0.04286682751293105
0.07621325773666492
0.0
0.001874895784893727
0.0
0.042250837019852244
0.03283590547941926
0.24321829236125783
0.07740570873547546
0.015909017562915906
0.0
0.0
0.0
0.024098661788940587
0.017028033193458844
0.11302175124070862
0.024098661788940587
0.022083989210536316
0.0
0.0048895252524327705
0.0
0.0
0.0
0.15135987641787427
0.0
0.02996427413788066
0.0
0.0197194863925216
0.007288874001777744
0.016508649523724633
0.005154012220701034
0.13641880651897995
0.08127075599571922
0.04818645875374047
0.005154012220701034
0.0048895252524327705
0.0
0.01516915815195298
0.075991290805972
0.184837896856389
0.003644437000888872
0.009219777076285107
0.0
0.0042774706105507395
0.0
0.0
0.0
0.13241314638306004
0.0
0.0262134451453132
0.0
0.017109882442202958
0.008329118564413868
0.0413100393420778
0.022230061789362376
0.0843978817381422
0.03455206851102195
0.048076345571121865
0.004508849972601947
0.0042774706105507395
0.0
0.013270332973429548
0.06647895169753583
0.16170049865798986
0.0031882383991266995
0.008065675795419409
0.0
0.017572639806534084
0.016658237128827736
0.03827807027848932
0.060684884658111775
0.09921228531929528
0.05874064015953308
0.023943089418558647
0.004508849972601947
0.014310404855117552
0.00696632832783458
0.034550990608083504
0.018592832840007248
0.07058890443385435
0.028898742621098927
0.04021021017539558
0.0037711228441737856
0.04451079042677912
0.03322825777406358
0.05231959272615104
0.0037711228441737856
0.019274060868573403
0.005333173085233724
0.021924466919148757
0.018521951315715
0.014697446978617551
0.01393265665566916
0.03201510499024192
0.05075577058914489
0.08297941112783888
0.04912963867351181
0.020025579031257203
0.0037711228441737856
0.010926324703088163
0.018946900412118085
0.08081540529925157
0.04012487712235594
0.07136658251345385
0.05472892084662814
0.039009779104060616
0.0
0.020233542635878243
0.015104772661663985
0.023783237726541655
0.0017142624096564748
0.008761527903943184
0.0024243331553976035
0.00996633921626808
0.008419636857778875
0.0789188994333929
0.13325133912313286
0.012676825010291286
0.0
0.0010841947311967502
0.0
0.04742843236400573
0.027358881294925436
0.004966846344754558
0.008612808571372548
0.03673675378665955
0.018239811161073392
0.03244154453824606
0.024878460767563296
0.01773291422484672
0.0
0.304082939537323
0.08279256792715335
0.030381558419060994
0.006710693441448548
0.0027104868279918754
0.005895449987605665
0.009276623177747351
0.023413622878452087
0.05187091040071579
0.08758191411760621
0.00833207836139869
0.0
0.0007126070961785201
0.0
0.03117321684999051
0.017982132169881995
0.0007126070961785201
0.007036188395396618
0.0189518953279631
0.03144713988183797
0.04122446621911368
0.013580684309807663
0.009164608165521941
0.007217698728352872
0.1998641519885757
0.05441695086509794
0.01996884277281758
0.004410727730964298
0.0017815177404463002
0.003874893850199849
0.006097232641722979
0.015389037900982854
0.006011552691341979
0.12782684460131197
0.1736210821504208
0.030977778895355825
0.021238834729308497
0.0
0.004593793996868379
0.0029381542560994187
0.00055650443908972
0.00549485136663423
0.014800321152756294
0.024558375905555166
0.03219389558856387
0.010605719680331024
0.0071570226482184545
0.005636600314367839
0.009608938294628782
0.11770765196623147
0.03867575930440673
0.04398853572233522
0.020424624061539658
0.014222420045264531
0.004210881430834653
0.0014984340408801327
0.004694670845258425
0.09982528498094144
0.13558790454714326
0.024191832442946412
0.016586286989474636
0.0
0.0035874842746170493
0.002294526528037915
0.011553365577542395
0.12590038301268527
0.21252177309595627
0.005820134754047527
0.0028100747314167536
0.0018665725944424125
0.0
0.001418813501011456
0.010023014648966697
0.12278000792371513
0.04034240726518834
0.04588412625961126
0.021304778935138158
0.014835304389156877
0.004392340232834025
0.0015630058058180242
0.019259993910157397
0.14806193738889445
0.09920742735648662
0.001835657270719037
0.0029381595969621543
0.0006490028536883438
0.003951432472272577
0.0032454327166010905
0.012051232808239052
0.1313257869448534
0.22167993795483495
0.006070940837593565
0.002931168807008077
0.001947008491865733
0.0
0.0014799541914780226
0.019488030511193466
0.005982509669770926
0.014037464154613323
0.012658459422495322
0.009979828750620359
0.0049374065010344215
0.007135696607167077
0.008020173810116011
0.03634188470558461
0.27937962405247274
0.18719553618475848
0.003463720975335146
0.0055440441890842185
0.0012246102980280973
0.007455999415114021
0.006123841064365383
0.0395534971248523
0.04489724146647739
0.06368996771088256
0.03422147509439214
0.0005476623664265287
0.0012246102980280973
0.00352364792238546
0.018915280908022542
0.0367721693620681
0.011288460301859113
0.026487438482350228
0.02388537997616047
0.01883104364042655
0.009316444161000801
0.013464420840493294
0.015133350160213178
0.03840110055161366
0.0024492205960561946
0.0007745115329465401
0.005589369692894364
0.012250832591257359
0.015088001675575584
0.01735649347134858
0.019608418179697253
0.06319379007676253
0.07173137796899379
0.10175612125554435
0.05467493067442009
0.0008749886389983852
0.0019565341050666487
0.005629658141447553
0.030220546293832525
0.07242176531378576
0.01973084127118726
0.04018497408487175
0.010831597594257069
0.007072325550145304
0.0039130682101332975
0.05161385229406796
0.0790158292848739
0.061352630320280044
0.0039130682101332975
0.0012374207790163373
0.00893001834753705
0.019572897450603595
0.0241057827972708
0.02773010440606387
0.031327957127881625
0.02601309140647419
0.0391510519626178
0.095298914447604
0.04041882152768267
0.006124920472988696
0.0
0.0
0.0
0.07730604210823837
0.021061530874490024
0.04289513360056443
0.011562103410391985
0.007549298120721591
0.0041769737939181505
0.055094799491915855
0.08434482367900908
0.016811994971347957
0.0
0.00673516770704088
0.026134688826657346
0.022198359075254245
0.0733628590683273
0.1009678410457495
0.07587793578491235
0.027767469225878583
0.041791481586928844
0.10172607449204926
0.043144752208762085
0.0065379980444130945
0.0
0.0
0.0
0.048355236024699925
0.013810017670267159
0.025096623158150262
0.0
0.0
0.0
0.028451976822190764
0.03723762368847859
0.020807688017098414
0.0
0.008335909487826018
0.03234609886904057
0.027474224856515145
0.09079894956771575
0.12496478495386394
0.09391178250318587
0.024650815331169536
0.007754567315053055
0.014028499267958024
0.0
0.2070688878381653
0.007754567315053055
0.013343743005860963
0.007311076419351836
0.059847785281275406
0.017092233234857774
0.031061316985131628
0.0
0.0
0.0
0.0352141348004694
0.04608785914631116
0.013871792011398943
0.0025848558635536
0.020567724070474837
0.0
0.019651705349481838
0.0025848558635536
0.048949434832195333
0.02193322815562453
0.028998633677640332
0.009122288811822341
0.016502793349969885
0.0
0.24359092158962922
0.009122288811822341
0.015697262346785784
0.00860057665540751
0.006799352773035481
0.0
0.007929339509483805
0.050043577746678336
0.28189083663103
0.05292715030675771
0.021154619374340215
0.0
0.016318446655285153
0.0030407630453469156
0.024195382095468725
0.0
0.023117799428320637
0.0030407630453469156
0.05758295254565176
0.025801728669348906
0.03399676386517741
0.0
0.005769441883342535
0.0
0.024477669982927733
0.0030407630453469156
0.027236143519723612
0.0
0.0071589726278126
0.0
0.008348724709526308
0.05269039793126387
0.29680012948817863
0.05572648352896757
0.022273493685059223
0.0
0.00429538357668756
0.0032015899359762573
0.03684972086769184
0.04565377375800245
0.21585152338685135
0.006403179871952515
0.008099452807712034
0.0
0.035794863139063
0.0
0.006074589435100818
0.0
0.025772301460125362
0.0032015899359762573
0.02867667150881324
0.0
0.027204095985687883
0.0032015899359762573
0.055466132921477077
0.00905546379408973
0.035794863139063
0.006403179871952515
0.0
0.0
0.004178183344852955
0.0031142340395733754
0.0358442703062627
0.0444081031972632
0.20996197984990356
0.006228468079146751
0.00787845793499584
0.0
0.007189647567149642
0.0050215513839331205
0.027708481894286596
0.07244562489295256
0.18960836074073034
0.05825895322755691
0.02116038769300517
0.018954939624303332
0.026461827850735378
0.0031142340395733754
0.05395273056257081
0.008808384007828678
0.034818194540441286
0.006228468079146751
0.0
0.0
0.023814280198386228
0.013142480460909333
0.03259615183205331
0.007500068538784495
0.047921658870345316
0.015571169865814699
0.014106924685933876
0.0
0.0076076752740897305
0.0053135194659151425
0.02931953626668495
0.07665783114770909
0.2006327604093973
0.06164630377554778
0.02239071619835319
0.020057036753867743
0.0088422309512045
0.0
0.007463572534595983
0.016812749425345042
0.12664210713116036
0.03369417120391607
0.056948030943603636
0.0
0.02519891398617381
0.013906623754341577
0.034491390016979574
0.00793614505350642
0.05070796807162896
0.01647652445692461
0.014927143663757206
0.0
0.0029474103170681666
0.0
0.005379438572446976
0.0
0.07858467095971028
0.01977182906722258
0.05564181425624649
0.0
0.011451637282866816
0.0
0.009666126792234182
0.021774313429412495
0.1640151092645294
0.04363756492036677
0.07375380692253782
0.0
0.013360243496677953
0.0
0.008097530012296895
0.0
0.06963899363817448
0.053827086980832724
0.04858517279302647
0.0
0.003817212427622272
0.0
0.006966949818103762
0.0
0.10177557595930593
0.02560663888402878
0.07206211623961076
0.0
0.04962376155908954
0.0
0.0
0.0
0.08952920059403109
0.05905470176600559
0.07375381420329272
0.0
0.017997319195283183
0.0
0.010908022174964817
0.0
0.0938093079857534
0.07250940194220247
0.06544812324202828
0.0
0.035994638390566366
0.0
0.04633515656485823
0.0
0.08484450477776358
0.011498065635506968
0.014544029975276448
0.0
0.0668471855824804
0.0
0.0
0.0
0.1206030115237019
0.0795514182005238
0.09935230120740858
0.0
0.0
0.0
0.03847309627772274
0.0
0.11312600637035145
0.017247097840275415
0.010908022174964817
0.0
0.04316955582197156
0.0
0.05557127998181747
0.0
0.1017568101517901
0.013790008970524922
0.017443134365774774
0.0
0.04933663522511035
0.0
0.013082350406744504
0.0
0.15567814984559894
0.04826502919131776
0.04178126954094624
0.0
0.0
0.0
0.046142052029630204
0.0
0.13567574686905348
0.020685012720614227
0.013082350406744504
0.0
0.02158477791098578
0.0
0.013082350406744504
0.0
0.12742590427576467
0.03447502169113915
0.04796861325690882
0.0
0.04171095165664702
0.0
0.011060285787250216
0.0
0.1316158621798575
0.04080497768281297
0.03532337594617244
0.0
0.02085547582832351
0.0
0.011060285787250216
0.0
0.09124270674891534
0.05829283165416085
0.10014084566756783
0.0
0.018248541349783067
0.0
0.011060285787250216
0.0
0.10773040578871503
0.029146413340913967
0.0405543770763067
0.0
0.02085547582832351
0.0
0.0036867620326736746
0.0
0.10075569452165077
0.06995140096839277
0.05589970749089987
0.0
0.018169103554638022
0.0
0.009635621813026471
0.0
0.07948982805154134
0.0507841922925174
0.08724180689812265
0.0
0.0045422758886595055
0.005078418904362851
0.012847496111689616
0.0
0.08814601166281634
0.07109787440774658
0.10621017177446247
0.0
0.018169103554638022
0.0
0.003211874027922404
0.0
0.0877774577071592
0.06094103335013199
0.04869932397786862
0.0
0.02725365533195703
0.0
0.0
0.0
0.08888312823783434
0.040627351234902805
0.09119136416143359
0.0
0.004325543026356147
0.004836104194270931
0.012234483015618188
0.0
0.08394016026219935
0.06770546800140144
0.10114239625869477
0.0
0.015139400592246515
0.0
0.010953345702080026
0.0
0.08540099467080439
0.04836104503657878
0.07745821496860696
0.0
0.025953258158136882
0.0
0.0
0.0
0.08464210561709094
0.03868883355416745
0.08684020499441784
0.0
0.0021627715131780734
0.0
0.0
0.0
0.117491598816189
0.04352493929537311
0.08919636397505233
0.0
0.013408459534649045
0.0
0.009701011061863222
0.0
0.07563679779031068
0.04283175621618745
0.06860214410104314
0.0
0.01915494219235578
0.0042831753476050985
0.0
0.0
0.0695794740525629
0.0827225641583485
0.09254279673083583
0.023722252793371756
0.0019154942192355776
0.0
0.0
0.0
0.1040583699988033
0.03854857949851412
0.07899822913793751
0.0
0.0038309884384711552
0.0
0.0
0.0
0.09670723420190204
0.05498464138260579
0.10059666427079558
0.018171973040000997
0.010047182567531369
0.0022466183533204143
0.0
0.0
0.03649594301766645
0.043389778794787254
0.048540703737321056
0.012442836022927433
0.0050235912837656846
0.0
0.0
0.0
0.0
0.024546152671867758
0.43675070119796894
0.014654671462450506
0.002009436513506274
0.0
0.0
0.0
0.050725041499487124
0.028840636783636187
0.0527651319154955
0.009531593930782503
0.0
0.0
0.0
0.003177198136623167
0.05351033832698514
0.07880603218950355
0.08649512555500509
0.0
0.0029141426149823075
0.0
0.0
0.0
0.0
0.014239014580288869
0.253355370409503
0.008501050385070309
0.0034969711379787692
0.004202836210891429
0.004228906517314964
0.0
0.0024258941633276843
0.0955589232908971
0.15205810829491548
0.011802443227599135
0.0
0.0
0.0
0.0018430656403312228
0.031040892551254338
0.04571470960689951
0.05017508732898788
0.0
0.0
0.0
0.001303244215780387
0.0
0.02872902579008915
0.2358665483267677
0.05069995404628016
0.0018430656403312228
0.0032251070123567632
0.0038760961988858057
0.0039001397281982694
0.0
0.002237298498810475
0.08812991055364135
0.14023669398400776
0.010884888926556435
0.01678244856245283
0.004807705746815043
0.010447264757033349
0.01215744308644204
0.03587321332024591
0.01478168306020296
0.010323906562700973
0.015703358091559327
0.0
0.0
0.0012019264367037607
0.0
0.026495552544751184
0.21752963606920747
0.0467584005898697
0.001699780663417681
0.014666380128689267
0.0
0.0
0.0
0.005999923090251555
0.06461706076640111
0.22939561130688096
0.01826788229108874
0.015656754209395392
0.004485225556262891
0.009746507242530972
0.011341974176819189
0.03346699270766065
0.013790191438010059
0.009631423384464046
0.014650044478714054
0.01215800100568757
0.0
0.004325280590543888
0.0
0.03353686826105021
0.04609507457396523
0.14179492845711783
0.037215327966950165
0.013682622530432917
0.0
0.0
0.0
0.005597474096212275
0.060282826691723516
0.2140087419055918
0.01704255144256141
0.009875170043210023
0.0
0.0109249484649445
0.018767510433233738
0.06017800188405158
0.12991270231841104
0.07183221426723325
0.0
0.011721625358134783
0.0
0.004170037379290399
0.0
0.03233316112223173
0.04444062759647293
0.13670561700729725
0.03587959334800498
0.02108289578367071
0.013730459236620408
0.002734890429379897
0.0
0.002012315172860382
0.009553713778148714
0.11742515245296402
0.0335152732301041
0.009520729891388703
0.0
0.010532829607688213
0.018093905906105892
0.05801808969714674
0.12524986838929647
0.06925400844200337
0.0
0.032166977439815614
0.01503858585552717
0.009772397436099726
0.018132792386149215
0.07706257593065932
0.021348544756183883
0.02292783748799034
0.047574876043692586
0.0294396517914661
0.019172885120273844
0.003818935631751208
0.0
0.002809948813083734
0.013340577586209592
0.1639696764261668
0.04679992652405557
0.013019539691170305
0.019744858732510483
0.032953740746533865
0.03134206280886093
0.0268150448982192
0.012408840040239342
0.013602400374301726
0.012660338459977325
0.04491719850674325
0.02099952186671124
0.01364594221963667
0.02532019791458826
0.10760833923531488
0.029810597667677564
0.03201588429330259
0.06643241986868173
0.031466315770784355
0.0030191338044747826
0.001909467815875604
0.0
0.07947711635512954
0.044215610162836774
0.05382062061916562
0.0034423421277521046
0.023917887290888437
0.036272811246850604
0.06053853482418366
0.05757775954511479
0.049261282410059545
0.02279598545979239
0.0249886468151197
0.023258007236277245
0.016323962008690247
0.005546379039845156
0.05064277284490374
0.0
0.04753042047336116
0.008319568264079097
0.03904451138310252
0.015687527697579997
0.05780602171177643
0.005546379039845156
0.0035078379949688046
0.0
0.1460055237187839
0.08122744777911042
0.09887258447146825
0.006323845003836008
0.021083536645972605
0.008319568264079097
0.024104838206528485
0.0
0.022323744683970994
0.007244822857004764
0.03200432339643459
0.003921882220083637
0.022753082977274925
0.007730796141882267
0.07058820720888416
0.0
0.06625006848211383
0.011596193800679087
0.054422021249127275
0.021865991799130347
0.0034573170879273305
0.006232766961614072
0.01995425710239787
0.02103003948744252
0.1757022513468899
0.0395233208319604
0.07026881185145893
0.0
0.029387195247382307
0.011596193800679087
0.033598423199891723
0.0
0.031115853791345974
0.010098164620410893
0.044609086046815925
0.005466498361926901
0.02448174152123859
0.007730796141882267
0.022795669024931624
0.015941905267071243
0.064453699573124
0.025559756079886798
0.08178767831169356
0.0
0.0027378243182521167
0.004935682936659826
0.015801631426393542
0.01665353569204718
0.1391373380789746
0.03129823101551051
0.05564536228782569
0.0
0.0013689121591260584
0.0
0.030848479683902804
0.023974383338452504
0.17758025828303536
0.05651600303734676
0.011615604321634347
0.0
0.019386913489671337
0.0061219613759476476
0.01805172491271247
0.012624279118588199
0.05104041706466817
0.02024058539740667
0.0647670690655038
0.0
0.0164269459095127
0.0061219613759476476
0.01805172491271247
0.06505360463024457
0.1259399186395974
0.0030609806879738238
0.004996914632788185
0.0
0.01514874084740866
0.005599398540330141
0.012682138286849245
0.003959372668315892
0.10479852799069532
0.06243314843732614
0.03701740306439177
0.003959372668315892
0.0037561906756382233
0.0
0.011653125296632415
0.05837740132604609
0.14199464136750445
0.0027996992701650705
0.007082740940579962
0.0
0.04864890033669791
0.010113777859946051
0.014396820425906585
0.006384296534616567
0.15983159888858925
0.01959789399560985
0.012394797093787756
0.0
0.012520635585460743
0.005599398540330141
0.011653125296632415
0.01979686155048817
0.19408723710073827
0.0027996992701650705
0.010911453499477076
0.0
0.0035906324002051826
0.0
0.011139500857908257
0.05580435253209462
0.13573606985834039
0.002676299415651318
0.006770561267948681
0.0
0.014750981500806308
0.013983405477418023
0.03213171798778965
0.050940645277297546
0.08328165839110141
0.04930859027888376
0.02009852093787209
0.003784858920913621
0.011968774667350609
0.005352598831302636
0.011139500857908257
0.018924292892421153
0.18553262658366113
0.002676299415651318
0.010430519068869585
0.0
0.008378142267145425
0.005352598831302636
0.007045239290968719
0.03180595806052037
0.11746474073105219
0.0306602235646091
0.06054944681193018
0.008719711017918474
