0.06163819569037475
0.021445372623841833
0.006828969114667982
0.03030380671012027
0.024438828673601247
0.006007044680709973
0.015432525248563062
0.06555787713306908
0.045099886920875416
0.05039952768702623
0.030862452657783587
0.0019021474322811972
0.0074960775497363435
0.0047389423502413736
0.005820607937644492
0.010142987490394797
0.06829934680888347
0.014365199990341892
0.017719921442240587
0.0386752820098044
0.030130018264725122
0.01852070946185901
0.03455208518625066
0.08097934135302069
0.01152543012189499
0.06361527539333417
0.17994500125447205
0.03478929432779444
0.01876739236295538
0.0
0.0
0.0
0.05731615935078959
0.06405132157386915
0.03922221041469937
0.0024173848934166717
0.009526551055446081
0.006022586605974746
0.007397244535397757
0.012890433368768392
0.014597442445385852
0.06836686699560303
0.07138479865675698
0.01649004728459804
0.04020611128942676
0.0
0.0
0.0
0.014647340260783542
0.08084683821903318
0.22868696731710467
0.044212721439672344
0.023850943421679486
0.0
0.0
0.0
0.008105157697480993
0.04261333369193075
0.05856179814678765
0.036608502601704826
0.024969083273195906
0.008096445828994232
0.01891113504319782
0.0
0.017742987181566177
0.0830989708837835
0.08676722461926051
0.02004342190001417
0.048869966084669536
0.0
0.0
0.0
0.04653874944909189
0.09895710524573025
0.02597572320976035
0.027990230987919265
0.07080244732634783
0.02870252983707141
0.009594032958717968
0.005700537763770883
0.009851705849776097
0.05179591125558597
0.07118104679880817
0.044497123028815026
0.030349571584836824
0.00984111669544537
0.02298622021739073
0.0
0.023551207538728185
0.020514706393083317
0.016105628135706717
0.010115398167728468
0.047552781437646144
0.032450451478428115
0.01599337373347285
0.022429131832797277
0.03930131898942662
0.08356788279811837
0.02193613270516801
0.02363735617449889
0.0597916703939102
0.024238882528724467
0.00810202582082929
0.004814023920223834
0.07844411288144544
0.05989626869408919
0.029562853043531883
0.016233641071402703
0.028737544542553117
0.04414917635021299
0.02594121511829822
0.06707272312593038
0.019888663340175045
0.017324380854086947
0.01360097631284429
0.008542311402884407
0.04015765473371317
0.0274039496119185
0.013506179049866982
0.0189410861970179
0.10123525776902538
0.022371194348456372
0.017395181746928414
0.015776012082950694
0.0014570994684877554
0.0
0.03001862939690308
0.0369540057339881
0.08178048198300387
0.06244376464794895
0.030820214314191137
0.016924087001465974
0.029959803959411304
0.04602692016582245
0.027044541619145705
0.06992544658438724
0.07246536994743684
0.025907361236328443
0.015756756871096473
0.03989777133403569
0.01805734771552895
0.0028061557308853018
0.01034877119954306
0.023748902821811132
0.10554097522317445
0.023322681449877883
0.018135030089456775
0.016446994229678737
0.0015190725275993672
0.0
0.031295375654998
0.03852572601204166
0.04250902204004544
0.04055149291923477
0.04355722099445199
0.001980628183234015
0.017423217144192444
0.01430616699464686
0.014838656468760598
0.016133428059244847
0.0654865479822686
0.023412336898678842
0.014239292721923065
0.03605539195821528
0.01631832375192782
0.002535907179520834
0.009352126432363118
0.021461750147620393
0.0436734659768241
0.023184060697858982
0.047658744374820795
0.06719443312201635
0.07835986312986724
0.03972325502143492
0.0424238521660596
0.019187675512104038
0.03841516456100303
0.03664615648459853
0.03936241607124162
0.0017898825694324025
0.01574526351478319
0.01292840279456031
0.013409610542783994
0.014579688359923794
0.03545261812441846
0.06458210736768026
0.06640120280095609
0.021212292058890032
0.00988336440547994
0.030901103862670858
0.031623954210609685
0.016799189536282105
0.036130649796627626
0.01917995650683218
0.03942763332929468
0.055589325855264646
0.0648263816377504
0.03286267723114115
0.0350968559822846
0.015873784432567085
0.04650941920497333
0.04368875476322725
0.07281824549946292
0.038295202774534805
0.02617599179421434
0.013617858415980465
0.007142138167764316
0.01071913452542371
0.02932961928202989
0.053428173199445775
0.05493309383206081
0.017548730759547423
0.008176414904563478
0.025564194116946225
0.02616220144685697
0.013897812331283123
0.02434768710507114
0.0401366703543406
0.03830721487125937
0.030965292025889456
0.042595245703442836
0.016483273671995227
0.01685884212363462
0.0033110646609926927
0.051888736964995824
0.04874183214902193
0.08124046379340912
0.04272445749175324
0.029203528580349122
0.015192911144712934
0.00796820375506111
0.011958918459739454
0.016058129994438782
0.016849208452056046
0.017944616047173886
0.007795287457618916
0.025099795898601795
0.01866262861111892
0.03266353276430412
0.0029169455287294953
0.027163760663903594
0.04477891072964473
0.04273785891748578
0.03454676322433732
0.047521846930072435
0.018389742691019086
0.018808749699332435
0.0036940251287844784
0.01623313567930985
0.05947797291663518
0.1448408852287094
0.06202516698797269
0.02824661970686996
0.007810519963190363
0.0049018672162229665
0.011912464361622558
0.013454883194100478
0.014117716802266287
0.015035543550919166
0.006531562656612098
0.021030768970509397
0.015637156265670058
0.02736831861509323
0.0024440679821499146
0.03326214741021425
0.11013585961959464
0.06408813766396756
0.0
0.004083102154760872
0.0
0.0
0.024894010458405728
0.013601518017025641
0.04983576409534271
0.12136015794848518
0.05197002248747308
0.023667448757466267
0.006544325760615383
0.0041072061846623206
0.009981287771055804
0.0499205850771153
0.16912193173060525
0.14780604710613685
0.0
0.0
0.0
0.0
0.0
0.02899293013223956
0.09599985363616316
0.05586238539205588
0.0
0.0035590334573355267
0.0
0.0
0.021698848755332033
0.0
0.07296092932488837
0.14277342811495114
0.08603103069140289
0.0023410309713983
0.0
0.0
0.0
0.043513246978662275
0.14741502675768592
0.12883504916326544
0.0
0.0
0.0
0.0
0.0
0.024736210612449894
0.0785536878939715
0.03021222751522136
0.015387119811769863
0.010597671833808647
0.0
0.006390673011658947
0.004139241380783903
0.0
0.06322044126111093
0.12371277626681354
0.07454564755116609
0.0020284967911893314
0.0
0.0
0.0
0.009671121392672646
0.004765225225818152
0.004096390673554475
0.022271758272341097
0.030877563670795978
0.03022464977804319
0.20852758822806053
0.04538849784639384
0.021433857333193307
0.06806655092385727
0.02617881066849053
0.013332896294480704
0.009182853012883472
0.0
0.0055375002962679085
0.003586641083122042
0.0838958582814707
0.01206746429883225
0.009938025912501062
0.0040890573718088685
0.011754644788492433
0.03224847275613026
0.03932029825987385
0.04003658720114898
0.009796505865224972
0.00482700557447399
0.0041494996940204
0.02256050789613407
0.03127788612331911
0.030616507311066198
0.21123111355888655
0.045976952135337444
0.015512976642929707
0.0
0.010163756621933666
0.0018712469593539778
0.002337078639716179
0.029920843230701974
0.041090838962438585
0.03096686528349542
0.08498355406284273
0.012223916956669788
0.010066870757546063
0.004142071317243253
0.011907041793658943
0.03266656881582909
0.03983007935533707
0.040555654863024745
0.014693407649439954
0.0016446392136447322
0.03230717705933533
0.034489713814448535
0.09389758268014589
0.04255564059382121
0.027237970051233424
0.0244981977494009
0.021554819496833348
0.0
0.014122237429872826
0.0026000419759064294
0.0032473012361522785
0.04157412145171831
0.05709449818661884
0.04302753797239269
0.040284313400062347
0.012325423646851552
0.012122403801438388
0.006625085181868877
0.026312077174464245
0.022854203686579075
0.02041105776160014
0.025071598350494457
0.020416052764536074
0.0022851772553711034
0.044889861307410184
0.047922431192900905
0.13046789745422432
0.059129796472039114
0.037846348990802726
0.034039516892248704
0.0007137694465178672
0.0
0.002100748275852458
0.06373984791433164
0.16328324518049517
0.0189830001724296
0.023483655740937217
0.0014714733746033473
0.04553385736126728
0.013931578693657484
0.013702102853005941
0.00748841566893867
0.02974086605479683
0.025832388911174283
0.02307087087421601
0.028338737507404847
0.010619093972092854
0.011448555460663106
0.018276117640093986
0.003447963180024596
0.025054919377193095
0.007971384410982538
0.013730329343165681
0.0
0.000806782427785525
0.0
0.002374501742021646
0.07204593793959399
0.1845610702532662
0.021456719729992565
0.02654386634841555
0.0016632245431291806
0.0
0.0
0.034843097680199914
0.3591876716436381
0.015402490748853546
0.002356457977806928
0.0005704813158659188
0.0
0.008655730597602246
0.009331833022631946
0.014897047815799895
0.0028104695631451255
0.020422517480640237
0.006497555830348555
0.011191729927536604
0.0
0.004493254991569115
0.016741718725414093
0.04054237895109708
0.06803458355369278
0.015068704324530485
0.0028295760611895078
0.012636422131475016
0.001676599671852253
0.0
0.0
0.02840096033600795
0.2927774938142493
0.012554725554223716
0.0019207726642282879
0.0004650050742632083
0.0
0.0
0.0
0.22283582142494845
0.20521467760899814
0.0
0.0
0.0
0.0
0.0034614148514013577
0.012897116665505663
0.031232145265689088
0.05241098454539743
0.01160829666648652
0.0021797865066079374
0.009734568662703417
0.0012915819411302518
0.0
0.003957223016738411
0.08847377248177601
0.06471752703968457
0.06119284297551839
0.0
0.0
0.0
0.0
0.0
0.17166335388305612
0.15808876507880276
0.0
0.0
0.0
0.0
0.0
0.0
0.08986919545045731
0.23722110074497077
0.0
0.0
0.0
0.0
0.0
0.003776088516142035
0.08442405061202594
0.06175520298299605
0.05839185475586059
0.0
0.0
0.0
0.016892617169961325
0.009250452370725222
0.014763793374937634
0.06909484192332942
0.06411351185765017
0.002950394256714594
0.005728651191835536
0.008312160914441424
0.0
0.0
0.08575560069775783
0.2263627474420077
0.0
0.0
0.0
0.0
0.0
0.0
0.0
0.04363679673246146
0.22443231773507144
0.020358608082759605
0.0
0.0
0.01874479438610542
0.010264710667571633
0.01638255744434093
0.07667068944747961
0.07114318551419203
0.003273887825884354
0.0063567644741055074
0.009223541010713807
0.0035632373831005794
0.0005997298678504158
0.005941437708063635
0.0385887207802922
0.05467787119028698
0.0487143707105333
0.004372482435021632
0.0013675944976753564
0.0
0.0
0.0
0.0484213176791089
0.24904001595571745
0.022590811042425725
0.0
0.0
0.0
0.0
0.005529236092092585
0.08628276503489837
0.21007951025719449
0.008170425289941451
0.0
0.0
0.0035603686232239594
0.0005992470257614043
0.005936654260800994
0.03855765302870494
0.05463385007517586
0.04867515080540658
0.004368962152530686
0.0013664934483203443
0.02233579371837587
0.016675025118409386
0.019149741966383284
0.054117131585425984
0.030081948196392014
0.002531760762214003
0.0045801966637798305
0.0057350273823789655
0.0
0.0
0.005524784508057072
0.0862132988422866
0.20991037539326876
0.008163847286365863
0.0
0.0
0.0
0.0
0.011510240595658245
0.25748755307902765
0.10828455245304303
0.0
0.0
0.0
0.020933289777202244
0.01562797083672081
0.01794729584250928
0.050719021301521984
0.0281930495328576
0.00237278703189196
0.00429259802487332
0.00537491488277669
0.016708826571225428
0.007281385340070591
0.009586330017274226
0.006040270237792868
0.01622164491496476
0.041050055893496556
0.026074016280683787
0.014751368655997299
0.0
0.0
0.010787492257147839
0.2413194547992076
0.10148517413237605
0.0
0.0
0.0
0.006891974396744788
0.027089363865011692
0.03618196447697143
0.06236296565008241
0.0598820988413279
0.03850094456182643
0.06769235815549306
0.06463106223234007
0.015460269969098536
0.0067372883802857995
0.008869997509888754
0.005588914826814193
0.015009492657018859
0.03798261617323713
0.02412565174219039
0.013649081870785767
0.009796163681676243
0.03351198466325474
0.045096610522076426
0.02299722088267703
0.03005379006008918
0.019453223626650116
0.0266408735414838
0.030405841041570916
0.006376975925842944
0.025065128114110758
0.03347828983931373
0.057702932094840814
0.055407446504801096
0.035623985589520554
0.06263408908265891
0.059801546580317604
0.0
0.05039828646054957
0.096689910757497
0.1280110687481815
0.043431021687066106
0.0
0.0
0.0
0.009394975795949225
0.03213954921704883
0.043249743277233604
0.02205540256243233
0.028822980032400084
0.01865654464996572
0.02554983463305675
0.029160613268985114
0.007740979678643071
0.0014271172754515267
0.00797229291334403
0.028409934591777396
0.06072371118346607
0.08743431289309364
0.04865966981655265
0.004600902836407473
0.0
0.04833429665327506
0.09273011362379938
0.12276855834415451
0.04165236625298123
0.0
0.0
0.0
0.0
0.0
0.0
0.040117765565256445
0.19550063213719993
0.002897417513339926
0.0
0.0
0.00954584105517474
0.0017598592483247947
0.009831086523329846
0.03503390155502336
0.07488185207835521
0.10782020988229644
0.06000499848199033
0.00567363421813647
0.016716341665111118
0.012175466357410509
0.011057753695898596
0.02431615156634335
0.05289448785678885
0.01986987649515301
0.001981927062657684
0.008276884812133728
0.0
0.0
0.0
0.049471491913518344
0.241082916897029
0.0035729698566617143
0.0
0.0
0.0
0.0
0.0
0.01763937467466886
0.22553053694454353
0.010862085359341586
0.0
0.0
0.022541100813302583
0.016417971115305026
0.014910794827084711
0.03278904169519722
0.07132541360627671
0.026793475402570276
0.0026725236070773116
0.011160940516057538
0.009861972124104897
0.0018530617283509015
0.03151354053623782
0.0
0.012159252922540697
0.01297706174613262
0.08324540508880032
0.033798702464788805
0.0
0.0
0.0
0.023785761908371724
0.3041159765450048
0.014646946445144294
0.0
0.0
0.0026206250274787204
0.001657428820773057
0.0
0.005056272584554481
0.03138586827027677
0.12820960183538382
0.07475274084957612
0.029748045135806374
0.012899884832544766
0.002423884653343878
0.04122107003218649
0.0
0.015904827186356992
0.016974556395344415
0.10888857978611725
0.04421016038156721
0.021874639905644266
0.0052720753341940095
0.00653197727891632
0.0030659985532186327
0.02467479699735475
0.041425881184169476
0.036069298041353226
0.048029480045637125
0.003427890549510986
0.002167988373629021
0.0
0.006613822590643991
0.04105406920248612
0.1677036881964401
0.09777980871793628
0.03891172591202957
0.02200131169747223
0.01442223943824784
0.015580266087224895
0.0
0.0019391077226751025
0.10377253213284907
0.049143037125019634
0.006014781131415111
0.026427940473640887
0.006369480535708322
0.007891636499937665
0.0037041993653949756
0.029810962331636062
0.05004885688293602
0.043577277874043224
0.05802702330649571
0.024900916719455785
0.0
0.07553579407222781
0.022817234512921104
0.03543852744448469
0.03754195561895005
0.03716861204810586
0.07256231225785857
0.026580979544846582
0.017424290731856234
0.018823365618485965
0.0
0.0023427413519896113
0.1253732319176729
0.05937237209097233
0.007266783745409279
0.019482965400594115
0.020241938475485808
0.022868876095038078
0.006556263473190222
0.0182047189470555
0.019594336413199763
0.08421113302542793
0.01983252354774629
0.017118026284449958
0.0
0.0519267512482751
0.015685608065403728
0.02436206068682231
0.025808053185155423
0.02555139978034933
0.049882644180725376
0.03785957725539047
0.02228925687405917
0.017297324113754363
0.014367577493355686
0.025673127490790836
0.02573672755087124
0.04661383547084786
0.04497690148952468
0.013393479347923705
0.013915232068578953
0.015721108845154468
0.004507074648145814
0.012514754414372057
0.0134700408634128
0.057890575066510734
0.013633781567247996
0.006986049372748228
0.0
0.000900300960961106
0.005100118061372893
0.002415760943232201
0.044522269110475694
0.27638788187053676
0.07349218632721652
0.03291193933109159
0.01937640943599558
0.015036842011780667
0.012489966161171349
0.022318062579422565
0.022373351134408265
0.04052215677573623
0.039099143742101786
0.0
0.0022411573725770392
0.00482288264390679
0.003327989415099014
0.023435634018409746
0.08419109205390371
0.10890752352127435
0.012314049245473292
0.006073085062965498
0.0
0.000782646103177408
0.004433614646170141
0.0021000598360024873
0.03870392450401376
0.2402684303263544
0.06388793940815182
0.02158382592277882
0.0036035733341509006
0.0037935457116648535
0.0
0.01519789701568308
0.06779070868894872
0.053530018705027375
0.03488208327979377
0.0
0.0028179402851008506
0.006064096818400231
0.004184478767956024
0.029467014684211618
0.10585846083290792
0.13693589822667304
0.015483185547846709
0.06249072954926776
0.05268055593312363
0.016636992105971464
0.007381256017192334
0.00809569948996173
0.004057413889908379
0.020552726291841947
0.02502307679767612
0.027138626371634566
0.0045309867985497505
0.004769850352802254
0.0
0.019109218644499798
0.08523728467602656
0.06730647210090708
0.043859315238245176
0.03618327387469784
0.03728748017621677
0.06784687231076963
0.007615470124476828
0.019854651155573035
0.009536735938193241
0.023699029467123867
0.04829464421918329
0.07967253764888335
0.0671650596211527
0.021211328296017923
0.009410730234188695
0.010321609734120628
0.005172998670882303
0.026203692469024147
0.031903164559504024
0.03598136159300124
0.02433684400605443
0.008857286825990279
0.010360941547185901
0.0221135499169855
0.03380494633337047
0.06443838210848069
0.04926295031771118
0.04613185461003312
0.04753966211627357
0.08650135032072312
0.009709341442845038
0.025313681775001356
0.012158858738944954
0.030215070796585808
0.06157324274408945
0.03641201241213267
0.02539622592883583
0.027675912882447137
0.022125069497847347
0.010099628780762659
0.015655310517747843
0.02140365307088624
0.02187102228646601
0.03378056883653507
0.02284828582947365
0.008315532655898666
0.009727216638019278
0.020760979076905866
0.03173727357921654
0.06049702140660196
0.04624979185395643
0.0673429771400946
0.03783981845059861
0.055090073977644566
0.048396781987968734
0.0126718633794738
0.01787877673390219
0.022072988637045512
0.01955857023696915
0.03418487898479275
0.023842870869681208
0.025983121228555808
0.02077179406491753
0.00948188701448044
0.014697756593652047
0.020094502928844817
0.020533285600205446
0.09588902747582258
0.008233515480231057
0.032940367649720324
0.021435943242313862
0.03466704016715445
0.008788254837435812
0.046142252853876124
0.06754430632049012
0.05603603106641413
0.011785892992308247
0.01453826595458247
0.03173103998004627
0.024720099362563187
0.015195270515263185
0.02834817328962068
0.06643930139615055
0.009456010789846833
0.052192996196791
0.14763543359729484
0.02854279094624307
0.01539766089460414
0.0
0.0
0.0
0.13766858103075744
0.045088185940354915
0.0010448830192040228
0.00626227850975092
0.00976436048182166
0.016446414660075934
0.02385586899526645
0.02835617927140532
0.029880601336290412
0.09122170856668751
0.09303268331404069
0.011137121039519032
0.001762774967277797
0.0
0.002459020943853851
0.0
0.012421582231742815
0.06856163857972722
0.1939365044630526
0.03749431263793487
0.020226638402758634
0.0
0.0
0.0
0.0068735265958188175
0.03613796219646903
0.04966295439088364
0.031045604003994223
0.021174869676485936
0.006866138552059762
0.016037465836962056
0.0
0.03925168391634922
0.1198304421879304
0.12220937049541614
0.01462991824901455
0.002315612227897382
0.0
0.0032302131990432307
0.0
0.00435514505960596
0.013593409473160626
0.017734832404197206
0.015521890023327689
0.022459628340206778
0.03650901553051595
0.07333887328922857
0.014580280760321035
0.008996559831244815
0.047299931781389574
0.06500240223784891
0.04063469167180769
0.027715173471387956
0.008986889834804468
0.020990974419381882
0.0
0.02150691981176514
0.018733992498364042
0.01470763026749915
0.00923736317552575
0.04342511336304406
0.029633693162207066
0.014605119751917674
0.020482242321640615
0.005700323197458693
0.017792019850522048
0.02321260834554938
0.02031615217344399
0.02939675686613407
0.04778559274069488
0.09599112657889235
0.019083707088056994
0.0269859768592252
0.030131988316370165
0.024818432188822407
0.01880224604178938
0.053385120361989946
0.11252333644206147
0.05397930956832246
0.028135967999534606
0.021145244153821782
0.018418948358056925
0.014460296297765582
0.009082021107325804
0.042694845775481285
0.02913535190434504
0.014359509671913252
0.02013779836905833
0.10763137803117366
0.023784623351492895
0.01849422250493321
0.016772752475214807
0.0015491601165242696
0.0
0.03191522913852194
0.03928878780548715
0.026532161481605886
0.029625267372839093
0.024401067783804048
0.01848605410135833
0.052487358213793085
0.11063106399682729
0.053071555111881365
0.02766281355309741
0.10778102931423854
0.024956427657054994
0.016308811072446514
0.0015491601165242696
0.007725686285932307
0.01021362625267301
0.01743771771064155
0.06225940385824716
0.11553099140351071
0.025530297634591217
0.019851607405910996
0.018003789949302806
0.001662860843916628
0.0
0.03425764986652606
0.04217239144606533
0.0465327276869976
0.044389907994927515
0.04768014426273643
0.0021681052039446706
0.019072417569107367
0.015660321998927446
0.016243214441660776
0.017660543068513373
0.11569162635415015
0.02678810660841371
0.017505797531149128
0.001662860843916628
0.008292713632522215
0.010963256146868917
0.018717560359967522
0.06682893765284276
0.02645722629194361
0.08354888565642749
0.08695396147124074
0.020507450542542677
0.03532262268013601
0.007173126841329268
0.0007436539550787739
0.006424569576094256
0.04113034824786661
0.039236306687267186
0.04214455149129048
0.0019163914627161186
0.01685813868086035
0.013842182255513766
0.014357401765574224
0.015610180678434022
0.037958409040273165
0.06914677047382262
0.07109443956548887
0.02271157678192755
0.010581920564532006
0.03308519376760319
0.03385913517541892
0.01798655618959969
0.023385582259006964
0.07384898615625887
0.07685873780923991
0.018126566492390906
0.031221719509641872
0.006340337643529799
0.0006573168535065272
0.005678686746774187
0.07156964410051522
0.0345473072852175
0.044304617237111245
0.0571737495193799
0.02543631670653461
0.014101925427417505
0.015688694674688114
0.01953971381528616
0.03541382408020058
0.06451143836602535
0.06632854325325949
0.0211890804982316
0.009872549529285972
0.03086729031509525
0.031589349683697594
0.016780807015154667
0.029398428244414694
0.048462715094447203
0.046253753088585356
0.037388804602341626
0.05143130306225523
0.01990260250133873
0.020356079750686446
0.003997919655725202
0.06677189191383379
0.03223138939635917
0.041334607019777994
0.053341042437699625
0.02373116439463399
0.0131565868777275
0.014636985250564815
0.01822984695954552
0.049085129529106514
0.04657237933590828
0.04585725432042339
0.01825803927351994
0.010942068456760327
0.0054374203155645095
0.01645293386088361
0.010216216863796878
0.026485834693986195
0.043661363462760644
0.041671250180304174
0.03368457966087045
0.04633584420493629
0.017930789886045104
0.018339339736528664
0.0036018333443215028
0.015828005315132385
0.05799358115744067
0.14122609128256597
0.060477204906806
0.02754166882401544
0.00761559281789854
0.004779531317004854
0.011615164990729822
0.04422211336715968
0.04195830913616395
0.04131403377599174
0.016449158642575745
0.009858003766275995
0.004898718205015763
0.014822890626924648
0.009204064543955533
0.028417638427454667
0.08343206749995759
0.12262937791211925
0.00878040228787179
0.003706255812207072
0.006577115488009576
0.0
0.004941674664659733
0.011991131254030252
0.043935330428862086
0.10699140942566344
0.045816897800828656
0.020865280194723005
0.005769493454071899
0.0036209229283086022
0.008799527493707658
0.04401010881199974
0.14909830496701448
0.1303061694121582
0.0
0.0
0.0
0.0
0.0
0.021528905602994655
0.06320726157645566
0.09290273391167365
0.006651940923749781
0.0028078206331342633
0.004982753892193675
0.0
0.0037437610323518625
0.03929180419175327
0.0745731061339579
0.11202027601433766
0.006492740487351726
0.0005919405867023856
0.0
0.0
0.0
0.04484470692700443
0.1519257727382811
0.13277726721901517
0.0
0.0
0.0
0.0
0.0
0.0254931128431748
0.08095734876710013
0.03113669014855332
0.01585794962044307
0.010921949532489908
0.0
0.0065862209366884805
0.004265897847439605
0.04003692540591918
0.07598729427139955
0.1141446041227558
0.006615867403377004
0.0006031660190221957
0.0
0.0
0.0
0.0
0.0
0.01988366242376024
0.1856277292726446
0.02828632206958585
0.013943287972058663
0.010103838433034761
0.0
0.026416610976062384
0.08389006086427983
0.03226462910969069
0.01643241014066257
0.011317601490051742
0.0
0.00682480940468898
0.00442043169042043
0.1033992256397224
0.014872801703130474
0.012248330308423084
0.005039645275728904
0.014487260678857073
0.039745312573839016
0.04846113354432219
0.04934393900551266
0.0
0.0
0.020603955988389627
0.19235216745522396
0.029311005315536064
0.014448389113991492
0.010469853991248695
0.0
0.0021875558162621194
0.004645765050850543
0.021721037523042365
0.09006092983352308
0.0882219127260235
0.04486682930233185
0.01026308854747954
0.0016829069204983432
0.09094527365140218
0.013081442462317775
0.010773076343468942
0.004432643628339574
0.012742338046985324
0.034958176002042346
0.04262421719677165
0.043400692878791426
0.015724171509251927
0.0017600130400776488
0.03457357239252263
0.03690921726683838
0.10048463430626
0.045540980509639194
0.029148753159774107
0.02621678185685074
0.0019240749735484097
0.004086204430020501
0.019104840382543186
0.07921351304455937
0.0775959969262674
0.0394628300504773
0.009026947645732914
0.0014802086714638114
0.0
0.0
0.0
0.06429002480602129
0.1022579631191393
0.03623096020344164
0.01597960157168557
0.006030498092913149
0.015358536603672434
0.0017190873734154132
0.03376963147456408
0.03605096548788564
0.09814806034081189
0.04448201393077416
0.02847095582062253
0.025607161785409293
0.000536952676276882
0.0
0.0015803456065624495
0.047950051784999
0.12283430723823573
0.014280483419509094
0.01766622522213208
0.0011069562733709195
0.0
0.0
0.0
0.06279508581124997
0.0998801538547327
0.03538847996813988
0.0156080271387545
0.005890270634855836
0.0
0.0
0.0
0.19468327988686815
0.08610130714177382
0.010091316875670771
0.0
0.0
0.00046882377252565043
0.0
0.001379830331231825
0.04186611812146282
0.1072490106843404
0.01246856642310864
0.015424723110341536
0.0009665049436034134
0.0
0.0
0.02024743219277655
0.20872507068218063
0.008950435173692943
0.0013693450438502853
0.000331508463060821
0.0
0.0
0.0
0.0
0.16998173909308115
0.0751767174595123
0.008810924046803977
0.0
0.0
0.0
0.0
0.08081882728298306
0.24576412312822948
0.0
0.0
0.0
0.0
0.0
0.0
0.017220994886239287
0.17752638164804518
0.007612589926873372
0.0011646654140200442
0.00028195701522843705
0.0
0.0
0.0
0.13511706983952507
0.12443244425102215
0.0
0.0
0.0
0.0
0.0
0.0
0.06873862315482343
0.20902910884286025
0.0
0.0
0.0
0.0
0.0
0.0
0.14322310105531014
0.11565280876768982
0.0
0.0
0.0
0.0
0.0
0.0
0.14121538546676102
0.13004852458944582
0.0
0.0
0.0
0.0
0.0
0.0
0.07392907565915069
0.19514513974468556
0.0
0.0
0.0
0.0
0.0
0.0
0.149687270803693
0.12087263282011625
0.0
0.0
0.0
0.0
0.0
0.0
0.05272756361706228
0.13052247461581612
0.005851665966893472
0.0
0.0
0.0
0.0
0.0
0.08338336056939788
0.22010091977502733
0.0
0.0
0.0
0.0
0.0
0.0
0.0
0.04242968070225985
0.21822389116118018
0.01979543195597004
0.0
0.0
0.0
0.0
0.0594705318553942
0.14721410306113528
0.006599995588998794
0.0
0.0
0.0
0.0
0.0
0.0
0.016623935103370964
0.1141143070219663
0.07204354238038647
0.0
0.0
0.0
0.0
0.0
0.04256050339460816
0.21889673706772286
0.019856466865067056
0.0
0.0
0.0
0.0
0.004859989003740534
0.07583928092374768
0.18465192890230922
0.007181494225176255
0.0
0.0
0.0
0.0
0.0
0.01667519139169676
0.11446615366877079
0.07226567297445455
0.0
0.0
0.0
0.003682440534583155
0.02942921093005626
0.1249179955769287
0.0677696716509869
0.016946961137710194
0.0
0.0
0.0
0.0
0.0044838529614978665
0.06996974357474688
0.1703608995036145
0.006625686627017627
0.0
0.0
0.0
0.0
0.009341581795114252
0.20897400174405334
0.0878825247379282
0.0
0.0
0.0
0.0
0.0033974401760625845
0.027151554145846177
0.11525003945089018
0.06252467705135545
0.01563536086753005
0.0
0.0
0.017535385737005006
0.005314361933391302
0.0
0.0965119336471521
0.029629255486551896
0.017470908701422753
0.015038933353935701
0.03690158010639914
0.0
0.0
0.008632289033667922
0.19310690878073394
0.08120973205448329
0.0
0.0
0.0
0.005515045905680207
0.021677254828714704
0.028953269928344048
0.04990364133346307
0.04791842003858684
0.03080894739986427
0.054168289259405755
0.05171860117654888
0.016203949322357122
0.004910850137023814
0.0
0.08918392245691488
0.027379549076589644
0.016144367934602086
0.013897048949155416
0.034099696632115366
0.005225595610755886
0.0
0.08766110707434649
0.06770723652617595
0.02347957954118745
0.00763829296869232
0.014990529033728123
0.017865617736770836
0.006028000638679622
0.023693457531827507
0.031646215209226884
0.05454518184893551
0.05237531500864158
0.033674489347795024
0.05920648492074659
0.056528951210135375
0.0
0.04764027753992081
0.09139862696330057
0.12100575776755781
0.041054291173842954
0.0
0.0
0.0
0.0057116285553805955
0.0
0.09581447162339615
0.07400469044195242
0.025663416568198174
0.008348731031645056
0.016384798990773494
0.019527299857421215
0.0
0.0
0.016495900037205878
0.05084674669149039
0.06840498585405895
0.0
0.0
0.0
0.0
0.05994031700246077
0.11499644747407575
0.15224771672735413
0.05165392299004571
0.0
0.0
0.0
0.0
0.0
0.0
0.04975083433326301
0.24244419958247626
0.0035931447494500575
0.0
0.0
0.0
0.0
0.02075490590168103
0.06397465070764621
0.08606617652899495
0.0
0.0
0.0
0.0
0.0
0.006431245273994315
0.013779337796379645
0.0864846080465777
0.0478821390990405
0.0
0.0
0.0
0.0
0.0
0.056996664090799336
0.27775434903864854
0.004116458890762732
0.0
0.0
0.0
0.0
0.0
0.020322522612849014
0.259836276595758
0.012514331114861907
0.0
0.0
0.0
0.0
0.007367907121153865
0.015786193303070087
0.0990804319146768
0.054855807641245355
0.0
0.0
0.0
0.0
0.0
0.0
0.07409812024053616
0.08734482685457778
0.027923030476320387
0.0020026747918646735
0.0
0.0
0.0
0.020746944274337095
0.2652627753788334
0.012775684161693975
0.0
0.0
0.0022858196268204416
0.0014456792898089185
0.0
0.004410294105848611
0.02737607744135083
0.11182981966104046
0.06520249192498058
0.02594749905765324
0.0
0.0
0.0
0.0
0.07564560762213457
0.08916896243273532
0.028506183425110774
0.002044499253265253
0.0045256919654997636
0.0
0.0
0.0
0.0
0.07463050550557916
0.14094986428159068
0.047245186814165806
0.002624028911590497
0.0016595816261421095
0.0
0.005062840088770043
0.031426634826811684
0.12837613104963183
0.07484983588004464
0.029786684352456003
0.01684186736805737
0.011040134656936991
0.011926596859687758
0.0
0.0014843749103114615
0.07943722840987316
0.03761868949923525
0.004604277574724142
0.005195312186090115
0.0
0.0
0.0
0.0
0.08567281592802455
0.1618047699914618
0.054235572518165125
0.0
0.0
0.0
0.0
0.0
0.0346617430366924
0.14035632715937787
0.08133407816594393
0.023354436745451
0.015309236254627772
0.016538483878358698
0.0
0.0020583667589707524
0.11015475217735998
0.052165433034044216
0.006384702303340643
0.01711801787794543
0.017784862703552885
0.02009292845284441
0.005760428817636174
0.0159949318797828
0.01721587007578438
0.07398913106971684
0.01742514477004318
0.0
0.0
0.0
0.0
0.0
0.048065067106087885
0.19463061267686566
0.11278509337858562
0.008443672197598388
0.0037107734130017995
0.009554227311775609
0.010005246873709472
0.02871240796143735
0.0539661663101636
0.09637987638874981
0.022399470905202803
0.01351364868419844
0.014040082688671875
0.015862162201519103
0.004547513144740974
0.012627039631121918
0.013590897126979654
0.05840998244390619
0.013756106949569571
0.007048729793160107
0.0
0.0009083786655004401
0.005145877478058967
0.0024374356986565
0.04492173301298138
0.27886769667115546
0.07415157490152971
0.006665772900604874
0.0029294331042017253
0.007542489572151669
0.007898542472267393
0.022666724432397718
0.04260305238307809
0.07608613327960616
0.017683039162777536
0.06425117222873028
0.01754016797569338
0.00800243456126786
0.04847145764599806
0.030907240188208684
0.0302547536724155
0.030964500859865837
0.02570370648270256
0.006145598644536262
0.0
0.0007919910195511108
0.004486552695607144
0.0021251348775411104
0.039166055390957084
0.2431372728076817
0.06465077135560998
0.021841540166105483
0.0036466005610385453
0.0038388412383293376
0.0
0.015379362273212781
0.06860014030949903
0.054169175465982766
0.03529858078724551
0.056018875534413856
0.015292802490593513
0.006977108278493038
0.042260965187941105
0.02694719459828463
0.026378309087745147
0.026997118643672626
0.022410372982794625
0.007683734162701783
0.008480800934276127
0.014029355285324837
0.047700629723944905
0.07763693567672203
0.03189110187902851
0.007891972152506617
0.01812465242655164
0.026551299922977358
0.004432928468372569
0.004666622605385171
0.0
0.018695662358732185
0.08339260355560409
0.0658498445365883
0.04291012438729114
0.0354002057320954
0.03648051511426494
0.06637854955850118
0.007450658281688094
0.019424962430991205
0.009330344606013844
0.023186141798347208
0.047249465237388426
0.009340601840840764
0.01030954261835752
0.017054549133156967
0.05798646600393012
0.09437803142895781
0.038767880123139455
0.009593742841
0.022032928031507935
0.03599716201677815
0.009459878124768844
0.021210567163723146
0.021925135908654282
0.016904919974993264
0.05769609674362886
0.05098557884642679
0.034956439483895776
0.04052546195929348
0.04176217897451937
0.0759888630423191
0.008529367627163033
0.02223731641604906
0.010681195704331624
0.02654304086656182
0.054090262089598405
0.031986869731187355
0.022309828999695618
0.024312466173046547
0.019436215384384985
0.008872223443381065
0.013752724580683443
0.018802472513764226
0.019213042466501476
0.041208845818397385
0.010829483138774408
0.024281441730412856
0.025099466029739233
0.019352421185235263
0.06604936116695409
0.05836729175107888
0.04001744705264768
0.006448510782922882
0.0061858240067395555
0.019042891261213567
0.016764758917544722
0.04017918781357798
0.09179848278598128
0.07435323938451696
0.020977186288115603
0.03038289586124006
0.02119110800388607
0.023093323419058263
0.018461591050425063
0.008427327938096845
0.013063097522663117
0.017859627063242532
0.018249609084697027
0.08522441566429219
0.007317798127033058
0.02927679692467635
0.019051874704848343
0.030811431910718105
0.007810840332260145
0.04101039128691901
0.060032145378314014
0.006125151764588025
0.005875637353456972
0.01808799007057116
0.015924094123968828
0.03816441212873351
0.08719527000126923
0.07062481412374748
0.019925290339749376
0.059807347194255636
0.005481604274696486
0.028062553109024214
0.014004877930886032
0.0345799608986884
0.01763039070993236
0.038885570875552104
0.10836016155185665
0.15349550516839147
0.050271701983293594
0.0011650069004398539
0.006982214795579422
0.01088690995128831
0.0183371594851638
0.026598433972681766
0.03161611770326448
0.03331579335320164
0.10170891668912588
0.10372808825035576
0.012417488487809464
0.0019654305439528617
0.0
0.0027417197095405046
0.0
0.054759968239004295
0.015257407633728225
0.009596019291538034
0.006610476382310742
0.0022618034674447623
0.004879770403190863
0.09156368645534024
0.07450591206457394
0.031898152889054864
0.03038553681478514
0.005303145502872716
0.0
0.003065335844581999
0.01942802069282856
0.0377902201437261
0.05746364359401097
0.0448452526480362
0.1369069022948418
0.13962484023625904
0.01671475755015697
0.0026455989917845693
0.0
0.0036905353494344623
0.0
0.004975775840167864
0.01553054089274842
0.020262138091495557
0.017733839932946884
0.025660241976982856
0.041711739778764266
0.08379004346888332
0.016658046461633512
0.042937015191261606
0.040900934306410404
0.007138383210159076
0.0
0.004126143986547172
0.026151395741486814
0.050868125876625495
0.07734984989641504
0.053433509148268464
0.01480111295381659
0.02074787144330808
0.027564427812149708
0.011991354017793875
0.005342024514788227
0.017422984989128212
0.028474056682465082
