0.05387742221106527
0.0
0.02098938000541392
0.0
0.1533434324468781
0.046335991429285066
0.05370093856844544
0.0
0.07045509058370074
0.0
0.017583271788850535
0.0
0.04558858802474754
0.0
0.023444363043871406
0.0
0.11189926151528941
0.03706879393391288
0.07960028069835019
0.0
0.04558858802474754
0.027801594462328626
0.13330122717164392
0.013105797747048297
0.06631067349054187
0.0
0.0
0.0
0.0
0.0
0.0
0.0
0.1649946208659149
0.0
0.04117722705837937
0.0
0.10676122526618023
0.0
0.05490297095383065
0.0
0.09705565933289112
0.0
0.027451485476915324
0.0
0.03882226373315645
0.021702305505578355
0.10585001411518251
0.030691694702324992
0.1552890549326258
0.0
0.0
0.0
0.0
0.0
0.0
0.0
0.1552890549326258
0.0
0.0
0.0
0.0
0.0
0.0
0.0
0.04929410570014734
0.0
0.013942478326624895
0.0
0.01971764228005894
0.011022497285393505
0.05376071647980289
0.015588165112390806
0.05915292684017681
0.0
0.020913716902305812
0.05044436386711071
0.2558460626646769
0.11270396698727345
0.24314831367588174
0.015588165112390806
0.07887056912023575
0.0
0.0
0.0
0.0
0.0
0.0
0.0
0.0
0.0
0.0
0.0
0.0
0.0
0.0
0.0
0.03486789568836956
0.0
0.012327662186115265
0.029734603363530156
0.15080933948331662
0.06643374004460251
0.1433246077740194
0.009188497410795228
0.07731937757304116
0.006497248844691124
0.04162906985813402
0.015647446861571584
0.029056579740307967
0.019491745841310526
0.08510931288156223
0.0
0.0
0.0
0.0
0.0
0.0
0.0
0.0
0.0
0.031962237714338766
0.14005532135342466
0.09491896224253925
0.0
0.011622631896123187
0.0
0.0
0.0
0.027867108799019116
0.0023417097515854622
0.015003765619332558
0.0056395837344443665
0.010472444222479897
0.00702512900507386
0.03067472290034586
0.0
0.04453422645596086
0.03005018700159905
0.04952772119655199
0.014252932308525357
0.00959514371549386
0.0023417097515854622
0.01208855532722704
0.0
0.011519688644727888
0.05047812075763918
0.03421027342601239
0.0
0.004188977688991959
0.0
0.0
0.0
0.07881037611992975
0.2738505493348692
0.2817029968992843
0.0
0.0
0.0
0.0038227368664601803
0.0
0.020952149059243124
0.014137800236369886
0.023301453278883565
0.006705619161361996
0.004514255604522315
0.0011017111034188549
0.00568733833015903
0.0
0.033767573026076456
0.019605809139000337
0.10637161948672903
0.038869793246318875
0.0
0.0
0.006610266385575377
0.0107939565851193
0.037078150431391746
0.12883927680418483
0.13253364100319506
0.0
0.0
0.0
0.0017984943045893436
0.0
0.0
0.03781213355874851
0.2990109982024185
0.07050733039646795
0.0
0.0
0.0
0.0
0.02843938349622503
0.016512206086805353
0.08958722847394134
0.03273652375601254
0.0
0.0
0.0055672316339231654
0.009090776838736856
0.0016598278186144995
0.0014961485635716523
0.012626185746842976
0.11813043668732842
0.06101222225905476
0.0009278719719650101
0.0023473509721155736
0.0
0.0
0.031845752321533576
0.25183001576396374
0.05938197000097473
0.0
0.0
0.0
0.0
0.0
0.0
0.005015961800878114
0.2468024617331732
0.024989912929437506
0.0
0.0
0.0
0.0014786094505569829
0.0013328005355283754
0.011247671210471431
0.1052330718436251
0.05435096786546497
0.0008265678230405958
0.002091069502643585
0.0
0.00258756653847472
0.005042502186016367
0.0033379558005330596
0.13302761744336666
0.14601634953333026
0.013245495127667633
0.008864476413766096
0.004675773690312594
0.0
0.0
0.00446832402688736
0.2198568118011239
0.022261538824494345
0.0
0.0
0.0
0.0
0.0
0.05682085774925002
0.13833942984239062
0.06489406963603118
0.0
0.0
0.0
0.0018239815612501565
0.0035544713046409327
0.00235293266546459
0.09377147128234554
0.10292725819017784
0.009336779759385724
0.00624858966462641
0.0032959635506556047
0.0029132476668352796
0.018366994781638068
0.14857946284416543
0.05668302848027396
0.05435904555615983
0.0032700921996419692
0.0032004064678552062
0.0
0.0
0.0
0.040053152368457495
0.09751577997106076
0.04574397786129083
0.0
0.0
0.0
0.0029709413933851703
0.0737222658974684
0.21232595486640743
0.01698386813875648
0.0
0.0
0.0
0.0
0.0024833766842782203
0.015656810480012894
0.12665547731841548
0.048319033402026854
0.04633797114147581
0.002787566198534989
0.0027281631057199836
0.0
0.0
0.16938891010322055
0.1906098534902471
0.018179749402107957
0.0
0.0
0.0
0.0
0.0025325572798637528
0.06284400681965227
0.18099570859869482
0.014477774280846394
0.0
0.0
0.0
0.0
0.008391050572410559
0.046365031166468174
0.04417217947183357
0.017074496170635767
0.0
0.0
0.0
0.0
0.0
0.24483832227889907
0.2755115238060178
0.026277395257756627
0.0
0.0
0.0
0.0
0.0
0.0
0.019977409126751694
0.0493087825201252
0.08884930479878128
0.0
0.0
0.0
0.012128602415910676
0.06701699914291558
0.06384740480764528
0.02467983880189371
0.0
0.0
0.0
0.0
0.0
0.006421138132423515
0.01625792351649502
0.03161195593194014
0.061310616300348474
0.005356269100353328
0.006606103108902129
0.0
0.0
0.0
0.03504738065079939
0.08650489457595172
0.15587283546553202
0.0
0.0
0.0
0.0
0.004061627459110088
0.11795054634091354
0.1215854605772765
0.03572558866038104
0.0025189144792379598
0.0
0.0
0.0
0.011264927844775133
0.028522098659488807
0.05545845537995185
0.1075603194478306
0.00939677416811864
0.011589421271154001
0.0
0.0028720043527829036
0.023205584198030822
0.10466885160227313
0.051139301973183365
0.03302347820827146
0.002030813729555044
0.0
0.0
0.0
0.0037863216428580177
0.10995560545461236
0.11334413741172329
0.03330403167460399
0.002348177055937275
0.0
0.0
0.0
0.004840890919104162
0.2210106688980278
0.09217010105306025
0.0042005467545515665
0.0
0.0
0.0
0.0026773337409204275
0.021632659954347287
0.09757417245785839
0.04767297045606952
0.030785076061560886
0.0018931608214290089
0.0
0.0
0.020182673017602622
0.0760645012865701
0.09941724759310953
0.017139051658572813
0.0
0.0
0.0
0.0
0.0
0.004892284499005145
0.2233570406012519
0.09314862990903139
0.00424514208604435
0.0
0.0
0.0
0.0021878960991874026
0.010615293413983746
0.21147320464035552
0.11882881328610397
0.0
0.0
0.0
0.0
0.02039694345576765
0.07687204417275087
0.10047271617174418
0.017321009326192585
0.0
0.0
0.0
0.0
0.005034119051619813
0.009299439282881681
0.06009502545568885
0.026371079263746447
0.01538864006191077
0.0
0.0
0.0
0.0026751883030326465
0.012979550895902211
0.25857290191651416
0.14529458299427547
0.0
0.0
0.0
0.0
0.015836923033928085
0.051938524025214115
0.14756256208483678
0.05809585543969823
0.02011368296825062
0.0
0.0056253733155653225
0.006802437370634889
0.0061553272150212815
0.011370627336264788
0.07347949897127984
0.03224449406483382
0.01881602600255703
0.0
0.0
0.0
0.035656476891508304
0.0288963238600189
0.05455882145691355
0.0061553272150212815
0.0012976569656935884
0.0014508246146847936
0.002368406716423324
0.002051775841468937
0.021414870557218336
0.07023187310755391
0.19953580372705018
0.07855788788558786
0.02719795482185773
0.0
0.007606694882003337
0.00919833451571678
0.0017547067627004989
0.0
0.005164408375483259
0.0
0.2807371778600668
0.007077626802917616
0.00496306011865851
0.0
0.048215100592599404
0.03907394344949839
0.07377506961113237
0.008323304676332025
0.0017547067627004989
0.0019618218297923254
0.003202586964045626
0.0027744350315622394
0.007896180432152245
0.003923643659584651
0.023658871581621874
0.023881449665702825
0.03158472172860898
0.003923643659584651
0.012608997925938984
0.0
0.002187654310642211
0.0
0.006438648601977875
0.0
0.3500048614150871
0.008823924950679836
0.006187620685891738
0.0
0.0
0.0
0.004891743821688014
0.0761978813241392
0.25726041590219134
0.0
0.0
0.0
0.00984444439788995
0.004891743821688014
0.029496342922170512
0.029773838806636588
0.0393777775915598
0.004891743821688014
0.015720078848449334
0.0
0.016407407329816583
0.002445871910844007
0.00863349285752446
0.004509964788560998
0.0546851655987789
0.022562932748411202
0.034388088308590824
0.010376955136334728
0.0
0.0
0.005266584881528925
0.0820367182776484
0.2769735837349694
0.0
0.0
0.0
0.0
0.0
0.0
0.07479357594751801
0.24384271003527025
0.018034154233297982
0.003330880637337619
0.0
0.01766466244720082
0.0026332924407644624
0.009295053996211947
0.004855551156697103
0.05887554150107801
0.024291869081306733
0.03702315423545839
0.011172113060177735
0.0023552883262934424
0.0
0.0
0.0
0.07457379192408893
0.026332926092278112
0.02664704060634498
0.0
0.0
0.0
0.0
0.0763980140757581
0.24907351410256748
0.018421014793124253
0.0034023331896117755
0.0
0.014749193588380557
0.01573123443490427
0.02695062208942626
0.09417916343270043
0.1797635183902465
0.010759122580060933
0.0017011665948058878
0.0
0.002405812911404276
0.0
0.0
0.0
0.07617351534437851
0.02689780817092382
0.027218660928170237
0.0
0.011216567883644042
0.01509626402001454
0.06337192075255459
0.031587176621069746
0.04710855608995529
0.002689780645015233
0.005103499641020039
0.0
0.01324956954137842
0.014131761398887202
0.024210417974212105
0.0846034983386111
0.16148606523076675
0.009665188945722174
0.0015282005056267871
0.0
0.0010806009590351095
0.0
0.005472698247684118
0.05497775853863874
0.28930841624655346
0.01597764857063863
0.003944497870875003
0.0
0.010076123504610613
0.013561351591843431
0.0569285816170433
0.02837555089021099
0.0423187943237459
0.0024162972364305435
0.0045846013880626885
0.0
0.012967211508421315
0.012081485924517372
0.026578381531700977
0.025996663594084417
0.0541370470022532
0.01356135056130205
0.013361693474163433
0.0034171603137526426
0.0010228213688736189
0.0
0.005180073797201447
0.05203810507100127
0.27383913354674727
0.015123325817695533
0.0037335860921407548
0.0
0.0
0.0
0.0
0.0386608053352411
0.2552479005936232
0.08905421579886173
0.001446487826990501
0.0
0.012273856426483428
0.011435490472242607
0.025157238991323574
0.024606625434786856
0.05124234626911984
0.012836226942896236
0.01264724549376372
0.003234445204355517
0.0
0.0
0.004339463359041694
0.0
0.08737075726669258
0.013722588371603435
0.005785951307962004
0.0
0.0
0.0
0.0
0.037314753305937504
0.24636094255976287
0.08595361800079078
0.0013961255063404268
0.0
0.0
0.0
0.015151100091511886
0.09065851580040689
0.24058282162270958
0.029732644463032462
0.0
0.0
0.0
0.0
0.004188376401336698
0.0
0.08432877239077433
0.013244809448874753
0.005584502025361707
0.0
0.01496834911564037
0.002207468319935514
0.015702671724351525
0.0071922019331918715
0.07375119927022801
0.012389308437829889
0.01616872432481644
0.0031218316285843628
0.0
0.0
0.012151374098342195
0.07270927748067453
0.192950468910839
0.023845957298224002
0.0
0.0
0.0
0.0
0.014881913124097777
0.026581593843411456
0.1948465800227317
0.12164914275790906
0.05147320029654042
0.01719888860881488
0.01200480550192087
0.0017704175408888541
0.012593741531214132
0.005768237009403418
0.05914939556342772
0.009936382225615398
0.012967521617382734
0.0025037484909902724
0.031135404045193264
0.005311252433897512
0.016472940227498126
0.0025037484909902724
0.015300308397745434
0.0
0.06539061381518994
0.018902073220935654
0.0
0.0
0.0067320885476333985
0.01202463970854027
0.08814219105959809
0.05503007536469471
0.023284784646758105
0.007780212131996614
0.0007163277004099962
0.0
0.0
0.0
0.0014326554008199923
0.255430373433954
0.23000076192998575
0.03668466565809089
0.01408463382702966
0.0024026360983073654
0.007451816935540191
0.0011326135559181936
0.006921356822929697
0.0
0.029580565261809834
0.008550676891880021
0.004656130052664975
0.0
0.004102316685318042
0.0
0.01167961543714471
0.044469029252103984
0.12878835570210512
0.01892101944503809
0.0003554186375023418
0.0
0.0
0.0
0.0007108372750046836
0.1267362901792698
0.11411893939445271
0.018201744645593026
0.016381829412767012
0.0
0.0
0.0
0.0016678313166428368
0.07445599610851823
0.10761258082401075
0.07447016708172065
0.002310221143765222
0.0
0.0020354368622968796
0.0
0.005795047438267911
0.02206409409937433
0.06390061683166817
0.009387997905793272
0.006047338757104402
0.0
0.0
0.0
0.0
0.016355857430116274
0.28333527339086606
0.05405625379733741
0.020362578254870884
0.0
0.0
0.0
0.002073110691446749
0.09254864088149367
0.13376220341604786
0.09256625537029778
0.010276189460988084
0.0
0.007581233343841484
0.010026961802737119
0.017145731394384443
0.01512388401387115
0.006789161082075992
0.0037908454479306116
0.00751682889453632
0.0
0.0
0.0
0.0
0.02033029513704354
0.3521851272782998
0.06719180565118117
0.005080522805225811
0.0
0.0008063190981867418
0.0024794133037668743
0.02011023031093098
0.027528016467257128
0.07975962544369505
0.004964737707751926
0.031834677889160855
0.0
0.02348595482985124
0.031062593815428093
0.053115879012006706
0.04685238412958602
0.021032188731632668
0.011743686141697407
0.009691299554185509
0.003997441856780488
0.0607375606511644
0.0171202035957994
0.013086013342257627
0.003997441856780488
0.024215434374514577
0.0076517353088578505
0.015738986481993896
0.0
0.0024979014705890264
0.0076809914977890165
0.0622996205603015
0.08527923122569436
0.2470878913044103
0.015380295033530488
0.044520064824482196
0.04554703732612536
0.03693622110266176
0.008670503939185965
0.0214764651375172
0.01141640316659735
0.015354852656067395
0.02048816327453799
0.010825743067799943
0.004465374145955981
0.06784737408002685
0.01912425927609515
0.014617835041937179
0.004465374145955981
0.02705004311836047
0.008547431643543883
0.0030576277807153325
0.009334251548326523
0.010475193298868259
0.011137995070174916
0.053854513973784615
0.04704149329885968
0.06159051264521447
0.009669067412326381
0.04973149168044142
0.05087867946246422
0.04125989887291977
0.009685455226016205
0.02399045579835696
0.012752783746801399
0.017152260000746773
0.022886465360106585
0.02649837740509773
0.01148242638179794
0.009593172443668294
0.02375447565519513
0.02912247753017123
0.10684709893103053
0.18621216089410872
0.015047252622241679
0.0026238764772886325
0.008010106143468866
0.008989195305362404
0.009557972835382723
0.04621477908555843
0.04036824511534626
0.05285335853277687
0.008297425442211884
0.0013119382386443162
0.0
0.005566082298605316
0.02040045093571924
0.03298499918627403
0.03207648055471162
0.014993427585955604
0.0
0.022739350289159896
0.009853543546215909
0.008232296840142496
0.020384695055135238
0.02499119880900154
0.09168990134112191
0.15979633356184073
0.012912667935690583
0.08758334808091715
0.0
0.006188400170076505
0.0
0.043171913543712526
0.1304927628737327
0.05655288383526014
0.041161526740213776
0.002097022859193758
0.0
0.008896914101985842
0.0326084038790352
0.052723745117438506
0.051271554547584766
0.02396573212006164
0.0
0.022317967594224608
0.013158632652882234
0.007414095418301008
0.0
0.023600178631915516
0.004689085732374334
0.03496656265671468
0.014270176200776755
0.1399946107220683
0.0
0.009891636844047553
0.0
0.06900667036723694
0.20858169892840298
0.09039502520973604
0.0657932362599159
0.06446964577049275
0.006125004304305339
0.002965638117323482
0.0
0.005242557147984395
0.0
0.022343074048095685
0.02320978867327195
0.026267697972121584
0.01548738642050243
0.008726207633477279
0.0
0.027776828771437792
0.005518938373907648
0.041154782715408705
0.01679564578935775
0.08278114570888463
0.03157634439643217
0.010471448689411581
0.044655051951661896
0.04660526476770546
0.019549700928818765
0.09130913465100189
0.04615912442238203
0.07587918462195462
0.007208979153866681
0.0034904829945457674
0.0
0.006170360593250321
0.0
0.026297247649736812
0.027317349408825405
0.06743068840824434
0.08305940321158989
0.019346077899414737
0.0
0.0024681442373001286
0.033253223871437754
0.07711478671435407
0.05612778843065606
0.1307687135699333
0.04331966476529787
0.09302319037473342
0.0
0.05327614256552839
0.03248974741924411
0.1557796696642858
0.015315814317997679
0.07749257100440493
0.0
0.0
0.0
0.0
0.0
0.0
0.0
0.22763442732543945
0.010829916191324467
0.021659832382648934
0.015315814317997679
0.038746285502202465
0.0
0.006849440188876166
0.0
0.07749257100440493
0.0
0.0
0.0
0.0
0.0
0.0
0.0
0.24999500009999803
0.0
0.0
0.0
0.0
0.0
0.0
0.0
0.24999500009999803
0.0
0.0
0.0
0.0
0.0
0.0
0.0
0.24999500009999803
0.0
0.0
0.0
0.0
0.0
0.0
0.0
0.24999500009999803
0.0
0.0
0.0
0.0
0.0
0.0
0.0
0.432417473125254
0.0
0.0
0.0
0.0
0.0
0.0
0.0
0.0
0.0
0.0
0.0
0.0
0.0
0.0
0.0
0.432417473125254
0.0
0.0
0.0
0.0
0.0
0.0
0.0
0.1351304603516419
0.0
0.0
0.0
0.0
0.0
0.0
0.0
0.0
0.0
0.0
0.0
0.0
0.0
0.0
0.0
0.02917994248922552
0.12786358261047304
0.08665631875116551
0.0
0.01061088817790019
0.0
0.0
0.0
0.013263610222375238
0.0
0.0
0.0
0.0
0.0
0.0
0.0
0.30292704661537895
0.05942538987252055
0.13029698838270876
0.024524521250572928
0.09997439121583265
0.03799752827045569
0.022509091937331242
0.054767304719842806
0.005391904323677803
0.023626784191672405
0.016012457184277764
0.0
0.0019606924813373827
0.0
0.0
0.0
0.0368879768244605
0.12817846094095556
0.13185387676856997
0.0
0.0
0.0
0.0017892698382939729
0.0
0.055975218354440304
0.010980693903293124
0.024076431791540877
0.004531670074946813
0.018473386383566222
0.007021228264798315
0.004159256660076397
0.01011996741337436
0.12392121883418453
0.29986882148506705
0.0027728378512951843
0.0
0.0
0.011739509171118448
0.031006462208928963
0.049651247628530064
0.022566878506716032
0.07841546227914319
0.08066396354117054
0.0
0.0
0.0
0.00109461777339159
0.0
0.0
0.02301360273293353
0.1819870945583351
0.04291288374359871
0.0
0.0
0.0
0.0
0.07581101840155237
0.18345010610390386
0.0016963330682725
0.0
0.0
0.007181854360129528
0.01896875691832458
0.03037503732644187
0.0
0.1051071775995635
0.10379477933505768
0.042960049915101835
0.0
0.0
0.0
0.0
0.0
0.025440010186684413
0.20117465279713692
0.04743734443694363
0.0
0.0
0.0
0.0
0.0
0.0
0.0040070059586588555
0.19715838637434832
0.019963216226465696
0.0
0.0
0.0
0.0
0.11618900786012219
0.11473823869523016
0.04748948350866704
0.0
0.0
0.0
0.0
0.0
0.0
0.04478555570023435
0.12222197594478042
0.05939469800510698
0.0
0.0
0.0
0.0
0.0
0.004465384064465701
0.21971215560319568
0.022246891702397003
0.0
0.0
0.0
0.0
0.0
0.05678347210184755
0.13824840852819698
0.06485137216714344
0.0
0.0
0.0
0.0
0.0
0.04990876200468701
0.13620345698063333
0.06618910496317972
0.0
0.0
0.0
0.0
0.0
0.07741157629239209
0.14136293078099013
0.022616011967162623
0.0
0.0
0.0
0.0
0.0
0.05243021341903416
0.12764970678394552
0.05987959449083974
0.0
0.0
0.0
0.0038890095310774165
0.09650361847131458
0.27793805155802964
0.02223215348954642
0.0
0.0
0.0
0.0
0.0
0.0
0.07147688078732166
0.13052545672257884
0.020882173812812443
0.0
0.0
0.0
0.0219121330164102
0.03446492930919776
0.06338142663730953
0.006048540738218145
0.0027840604923146848
0.0
0.0009647445026389438
0.007036869643879745
0.004733216070880833
0.11745213638497656
0.3382714395095123
0.027058197041203325
0.0
0.0
0.0
0.0
0.015682431247140104
0.08665379945752863
0.08255547522035238
0.03191133338606828
0.0
0.0
0.0
0.0
0.026668708140660673
0.041946402029740704
0.07713994649736845
0.0073615274014461225
0.0033884102775334516
0.0
0.0011741663649046182
0.008564397752421467
0.05481371527705012
0.047614710873480785
0.012013111411641849
0.002625515885593576
0.003736174558835366
0.0
0.002689509642624486
0.00594514420198758
0.02645180444765149
0.14616033201577464
0.13924762380258693
0.05382534997856441
0.0
0.0
0.0
0.0
0.0
0.014004143625601045
0.035457623132162865
0.06894391025816073
0.13371502975596886
0.011681723743015956
0.014407541908412131
0.0
0.09245515919747385
0.08031248478047459
0.020262704733779717
0.004428499107406503
0.00630186463152047
0.0
0.0045364383880050286
0.01002776861353962
0.010616735395179076
0.017927085717183187
0.07854297011755285
0.008872009007762676
0.014790550514105674
0.0025246328727016416
0.0045051179902240585
0.0
0.0
0.01582564153079467
0.0400695428600004
0.07791134100355251
0.15110714262662983
0.013201147985998965
0.01628150922171407
0.0
0.004034762759985658
0.032600586714014584
0.14704503639282598
0.07184353706606594
0.04639334893445524
0.002853008074495649
0.0
0.0
0.011997638205041804
0.020258834801817005
0.08875893614601235
0.010025977879729676
0.016714335180870524
0.002853008074495649
0.0050910919134593
0.0
0.0
0.016073911775981876
0.1383254908968378
0.06361161842530498
0.007121538688857602
0.0
0.0
0.0
0.003813558482874548
0.030813272404239096
0.13898335026331302
0.0679047434796344
0.043849851875449444
0.0026965930319633315
0.0
0.0
0.028747930344650025
0.10834526144181687
0.14160860191169206
0.024412636662362975
0.0
0.0
0.0
0.0
0.0
0.015192665901994864
0.13074185041038125
0.06012413653189936
0.006731103138789934
0.0
0.0
0.0
0.07152468113719596
0.06992553858775614
0.043946534794068945
0.0
0.0
0.0
0.0037395017437721854
0.006897230543699201
0.036959366940142714
0.13929254126633214
0.18205708088160935
0.03138575840290246
0.0
0.0
0.0
0.0
0.009121849734626207
0.016850632034105736
0.10889249665816804
0.04778453189469371
0.027884295310781664
0.0
0.0
0.0
0.09195468695430052
0.08989877212614523
0.0564992361442817
0.0
0.0
0.0
0.0048076371225485625
0.008867326151107737
0.026585376457835284
0.026767588516350332
0.032029154731106325
0.014299832856936767
0.031080945582347325
0.006450121915758062
0.010529537562816767
0.0
0.01272930502227551
0.023514620523295466
0.15195665845461748
0.06668207650091643
0.03891181182197927
0.0
0.0
0.0
0.07373810595545374
0.059758012464227135
0.11282842580425212
0.01272930502227551
0.002683573229102018
0.00300032612548677
0.0048978990810733414
0.004243101887363075
0.03709920420846257
0.037353476416298916
0.04469585577914786
0.019955046344661647
0.043372654473424956
0.009000978056553453
0.014693696923313165
0.0
0.11370022061841363
0.04084179454135982
0.05668822208347966
0.0
0.004025359843653028
0.00300032612548677
0.007898225206560111
0.0
0.09232238214034655
0.07481887405682579
0.14126466781892544
0.015937482356239353
0.003359916422432005
0.003756500814791649
0.006132320660919567
0.005312494385768618
0.015119623900944023
0.007513001629583298
0.04530206006669914
0.045728253078474
0.06047849560377609
0.007513001629583298
0.024143737348212728
0.0
0.142356181805325
0.051135185994915865
0.07097540185273445
0.0
0.005039874633648007
0.003756500814791649
0.009888821475711216
0.0
0.04031899706918406
0.011269502043841697
0.06966986212330821
0.0
0.00671983284486401
0.003756500814791649
0.036408376266852366
0.0
0.02119015152254565
0.010529471100803137
0.06349083306476179
0.06408814253201617
0.0847606060901826
0.010529471100803137
0.03383744569844948
0.0
0.03531691920424275
0.0052647355504015685
0.01858358018243988
0.009707692315417701
0.11770973538354276
0.0485666782611235
0.0740203075336488
0.022336380073285006
0.05650707072678841
0.015794206089857394
0.0976423054316575
0.0
0.009417845121131401
0.0052647355504015685
0.05102633602786155
0.0
0.047089225605657
0.0
0.03383744569844948
0.0
0.028253535363394203
0.0
0.035232131060698786
0.0
0.04145554045705033
0.006179827191130643
0.021813690929117766
0.011395037862703742
0.13816948950617772
0.057008310489230885
0.08688617021939582
0.026218784895622477
0.005527405394273377
0.0
0.0
0.0
0.17501024191009137
0.06179827586481485
0.0625354417735871
0.0
0.05527405394273377
0.0
0.039718911805500814
0.0
0.03316443236564026
0.0
0.04135601483606856
0.0
0.06356516203414384
0.0
0.0429931178666363
0.0
0.022109621577093508
0.0
0.007816931539534527
0.0
0.004758419233096815
0.0
0.0
0.0
0.15066238889528383
0.05320074853782542
0.05383535812190249
0.0
0.022185071870660916
0.029858661378126376
0.12534231781607144
0.0624757760840144
0.09317526657175497
0.005320074513433876
0.010094131065976156
0.0
0.054721821180613375
0.0
0.0370118101269274
0.0
0.01903367693238726
0.0
0.006729420899733363
0.0
0.026171305782032483
0.06384090096817983
0.10724701392088724
0.0
0.064238659646807
0.0
0.010094131065976156
0.0
0.019028573092004775
0.02561036194858951
0.10750857468434039
0.05358670364582306
0.07991826128237148
0.0045631326922887456
0.008657935025363576
0.0
0.024488339377199398
0.022815662974904137
0.0501927825132098
0.04909421893468658
0.1022368131351604
0.02561036000243115
0.025233311281837808
0.0064532441238524625
0.022447644429099446
0.05475759814594003
0.09198787613537987
0.0
0.05509876359869864
0.0
0.008657935025363576
0.0
0.03673250906579909
0.018252530769154982
0.008657935025363576
0.0
0.026529034325299346
0.013689397590326648
0.058187889085977926
0.0
0.031716037118267495
0.029549672709276945
0.06500710925054766
0.06358430623003497
0.13241185979589926
0.03316922049869898
0.03268088639676032
0.008357909738702481
0.0
0.0
0.011213311952367407
0.0
0.22576882800603965
0.0354596067470195
0.01495108302325057
0.0
0.04757405567740124
0.02363973867153439
0.011213311952367407
0.0
0.03435904021145645
0.01772980337350975
0.0753619598968318
0.0
0.02378702783870062
0.005909934667883598
0.02833655794247737
0.0
0.03700204330464541
0.0
0.011213311952367407
0.0
0.0
0.0
0.010367543056088105
0.0
0.2087401166593776
0.032785050595516646
0.01382339112985906
0.0
0.03705135094482754
0.005464175293456901
0.03886902933219553
0.017802951804104725
0.18255731114046925
0.030667417719038803
0.04002265544855408
0.007727510787444195
0.02199288099195608
0.005464175293456901
0.026199260823020726
0.0
0.034211148209709455
0.0
0.010367543056088105
0.0
0.06353498953231757
0.010928350586913802
0.054406847117890254
0.0
0.041542108540361486
0.010928350586913802
0.0713601822769238
0.02318253119710782
0.02596269119713685
0.0038288670230214863
0.027236378160325245
0.012474917332319495
0.12792189688244837
0.021489329693770858
0.0280447491873512
0.005414835658643251
0.06733627466051774
0.011486600660815234
0.03562588833005203
0.005414835658643251
0.03308984740219765
0.0
0.14141972674220823
0.04087935368401415
0.04452035543581611
0.007657734046042973
0.03812406659166135
0.0
0.029109463169572074
0.007657734046042973
0.05000363897624123
0.0162445061594313
0.06219931057176972
0.0
0.013908188918073126
0.0
0.020547856354992053
0.022973201321630467
0.08859588904663064
0.010829671317286502
0.03437688555294868
0.005864202590655078
0.018187924592187592
0.0027644117032561318
0.01689321101954081
0.0
0.07219837725885843
0.020869952639329167
0.011364388446715118
0.0
0.010012675723417882
0.0
0.02850686841532547
0.108537200755378
0.3143384924943701
0.04618123041004646
0.0317543343729375
0.0
0.007100485155970951
0.0
0.010490204720044723
0.011728405181310155
0.04523046090049829
0.0055288234065122635
0.11963963821295198
0.03682202156180844
0.016990745678497933
0.0
0.0
0.0051066482800940375
0.007618315394978864
0.011892976577195805
0.0033620043497518087
0.0
0.002962117978685907
0.0
0.008433380824625837
0.0321092985126658
0.09299289477965438
0.013662107577847282
0.008800533776031388
0.0
0.0
0.0
0.0
0.023802251127504875
0.4123304057488168
0.0786666509777236
0.035393808119163844
0.010893309150589456
0.00502648788753329
0.0
0.0
0.001510734502857594
0.002253778073126628
0.0035183801725455926
0.00968018474369241
0.004608254326228287
0.003126879397233548
0.0027853765034280336
0.006285626031413109
0.0
0.20132435037297064
0.03647085403778932
0.0062622337379989925
0.0
0.0
0.0
0.0
0.01693707039190551
0.2934037234327235
0.05597716778836611
0.004232558937277887
0.0
0.000671740534619341
0.002065587212258905
0.01675373545133893
0.02293345716393126
0.06644735757477693
0.004136098933474223
0.00688817076722251
0.003279115386566942
0.0022250070455203763
0.0019820023599366834
0.0044726899981412565
0.0
0.14325723544406183
0.025951722750170887
0.0005819359450005227
0.0008229817079551541
0.0
0.0
0.0
0.001583036931310011
0.31245688796605986
0.006678246988276304
0.007229621322958822
0.0
0.0011473980078120526
0.0035282233692373044
0.028617005658546076
0.039172569922476336
0.11349853369929269
0.007064858277565728
0.020450059495432656
0.02092179395587367
0.016966460450221803
0.003982750746450613
0.009865102208303448
0.005244065229940442
0.007053171454222663
0.009411130903970182
0.0009940030555788929
0.001405732605832115
0.0
0.0
0.0
0.0027039806706131058
0.533706680336882
0.011407093803513412
0.05703800506962376
0.00900401301149949
0.002925524602568723
0.0
0.0003143313618677749
0.0
0.029910135604557565
0.056437352831015586
0.04466138570733781
0.04569161814719474
0.03705346844711548
0.008698026883645267
0.021544638286541514
0.011452642470850384
0.015403593854940941
0.02055319923828743
0.023796878274075742
0.010311797538445307
0.008615152294580663
0.021332716225953733
0.02615345242579523
0.09595407931320028
0.16722790449415328
0.013513191148899014
0.12456669600205784
0.01966408450353309
0.00638912481896736
0.0
0.0006864759584403577
0.0
0.06532147757771896
0.12325491686955964
0.007551235542843934
0.0015350069305292478
0.005982484888724883
0.0
0.01441599512724751
0.0024751242451264274
0.056192754095007166
0.0
0.022307295017402595
0.009666322918515644
0.008075880442874097
0.019997379021486968
0.024516357661138525
0.0899477625052457
0.15676014970236635
0.01266732291997454
0.0859192351324239
0.0
0.006070818494117192
0.0
0.042351632726485164
0.12801335667219985
0.05547836010070338
0.04037944394560701
0.007078560349809509
0.0014389220324909813
0.005608006807150093
0.0
0.013513615213272698
0.0023201920060628442
0.052675326948377565
0.0
0.020979608362990145
0.010733680300364057
0.020102557693593662
0.007831517664143861
0.025260020569926007
0.0548912114218962
0.06663527982930405
0.008779359853054912
0.1172184450996171
0.0
0.008282335186825593
0.0
0.057779757093708146
0.17464688318012303
0.07568837289645487
0.05508912673624345
0.05398087536629007
0.005128507998100788
0.0024831490801525222
0.0
0.004389628958307766
0.0
0.018708008723728173
0.019433714807585614
0.028622194638003532
0.014643814194410305
0.027425646326303798
0.010684433141731934
0.03446190285362166
0.0748873339315945
0.09090960689222027
0.011977561361655328
0.04785354651911265
0.020072523840523552
0.010777063716803523
0.0
0.007023406333292425
0.0
0.00692939972916944
0.020901637649406682
0.09839275473240786
0.009347903793265272
0.004526119236666296
0.0
0.008001124148697454
0.0
0.034099715897438584
0.03542248475274677
0.08743756563865535
0.10770336462015101
0.025086114291750235
0.0
0.003200449659478981
0.043119550068248254
0.09999496348346412
0.07278106305760355
0.08722426662742198
0.03658686343449672
0.019643716035126935
0.0
0.012801798637915925
0.0
0.012630449642925829
0.03809811702364534
0.009601348978436943
0.0
0.004526119236666296
0.0
0.030562726034528025
0.02723896193037143
0.09197041075010885
0.0
0.257299683801824
0.01224126791526243
0.02448253583052486
0.017311767062169022
0.04379569085988493
0.0
0.007742057365943913
0.0
0.08759138171976986
0.0
0.0
0.0
0.0
0.0
0.0
0.0
0.20802953158445345
0.01224126791526243
0.03546744066570082
0.0
0.04927015221737055
0.02448253583052486
0.007742057365943913
0.0
0.0985403044347411
0.01224126791526243
0.06319282070242448
0.0
0.038321229502399315
0.0
0.0
0.0
0.13136023290410864
0.0
0.0
0.0
0.0
0.0
0.0
0.0
0.13136023290410864
0.0
0.0
0.0
0.0
0.0
0.0
0.0
0.14778026201712222
0.01835815091415012
0.09476986756408788
0.0
0.057470101895547535
0.0
0.0
0.0
0.1724103056866426
0.0
0.053190293096010706
0.0
0.09852017467808148
0.01835815091415012
0.07641171860735776
0.0
