0.08299648746029918
0.049184549134897976
0.01284829753811916
0.0011691747015784375
0.0013267519137608436
0.001295551197057634
0.00122308172588668
0.008153794037419882
0.21753123205605784
0.16301454131714924
0.0018741922776877354
0.0005078570439483135
0.0
0.0007182183211337176
0.0
0.001015714087896627
0.02341261224995316
0.0053246258021793415
0.016238746319722278
0.02042099474893236
0.009124584086236249
0.004107493830811325
0.02397111694873687
0.053282668124046174
0.13974333494553723
0.008143708233250627
0.0
0.0
0.0
0.0008029924825806821
0.07145091706199934
0.08111655678704549
0.2513398410492128
0.18835019006743878
0.002165478422189534
0.000586787963710876
0.0
0.000829843498637758
0.0
0.001173575927421752
0.040113989991314616
0.016652243312879463
0.015768753008881146
0.005705052358226028
0.004839882275408588
0.00931964583568196
0.01092761783887641
0.008144746405621144
0.1614621829744752
0.009409399806869606
0.0
0.0
0.0
0.0009277932231980893
0.08255578735726327
0.09372365658307637
0.0171826495155824
0.014875621787142988
0.011853840342803965
0.007544895865489107
0.0019158105059802234
0.005867474215990149
0.02990961511403928
0.006853387237523303
0.07942400637273657
0.03297073861983966
0.031221465123231453
0.011295762773901272
0.00958276254166131
0.018452505233339266
0.021636221903173148
0.016126253971854698
0.03087389545106148
0.13693043145760503
0.06325511836877082
0.008027974231377409
0.004806584535848162
0.0
0.0
0.0
0.03402092050483136
0.029453103016585363
0.023470103351277465
0.014938575231035053
0.0037932239068931943
0.011617351194024083
0.05921977499465648
0.013569417346560086
0.13971492428408272
0.18485116203515878
0.0
0.0
0.0
0.0
0.0
0.020747253280695228
0.027192023187078137
0.1206007668554113
0.05571161721757568
0.0070705966401585045
0.0042333743844086506
0.0
0.0
0.0
0.01692256343951186
0.09963631122134921
0.0686630157095724
0.024994104058090827
0.0
0.0
0.0
0.0
0.12305319446118111
0.16280670160932215
0.0
0.0
0.0
0.0
0.0
0.018273035651464934
0.0
0.03349514439530944
0.19539046214015282
0.04195667484172734
0.0
0.0
0.0
0.0
0.020157143458894418
0.11868080306997039
0.08178726957800052
0.029771478944445585
0.0
0.0
0.0
0.0
0.0024376988346692242
0.018355535225388037
0.1804355603651373
0.028340045814721694
0.0
0.0
0.0
0.0
0.0
0.03989740875641896
0.23273740943188617
0.04997627675416058
0.0
0.0
0.0
0.0
0.0
0.007107052197439514
0.1548294048555892
0.03548641935772815
0.0
0.0
0.0
0.0
0.0031807521134824637
0.023950623691452472
0.23543547784346355
0.036978587895824915
0.0
0.0
0.0
0.0
0.0
0.0032202660858680413
0.0712502992564485
0.20334528327886064
0.0
0.0
0.0
0.0
0.0
0.009273406122255188
0.20202411787692057
0.046303301198129684
0.0
0.0
0.0
0.0
0.0005029210614510994
0.001813307658159574
0.06804880489143199
0.041912948285733616
0.03470948812137495
0.004327913205226521
0.013721857674957552
0.0
0.0
0.004305951406396079
0.09527173162361399
0.2719014159609725
0.0
0.0
0.0
0.0
0.0
0.009155248909380574
0.05967729254038953
0.05645667275898197
0.11231530348995505
0.023245141073845725
0.0
0.0
0.0006724766196697168
0.002424648911823168
0.09099088066408963
0.056043542305142365
0.04641149681618169
0.0057870323308335915
0.01834806527732115
0.0
0.031106345658973616
0.009022220420968815
0.000951025539639618
0.0
0.060029692206974565
0.009353234508101809
0.03440316238951619
0.00212655781715554
0.0
0.01207528690745461
0.07871117829980005
0.07446335191460227
0.148137918167296
0.030659106098507565
0.0
0.0
0.0008869609337160524
0.0
0.0
0.0
0.12833272852293268
0.07169022530083549
0.028577726726624557
0.0
0.04102761729281866
0.011899829398834489
0.0012543521602890219
0.0
0.07917597473758403
0.012336419393503516
0.04537594340570111
0.002804816780145951
0.03719425458612003
0.06316881742398146
0.019628767841820337
0.002804816780145951
0.011238280628301001
0.04715499125661778
0.021029469051007547
0.030370031081364705
0.0012237794964677373
0.0
0.0
0.0
0.17706638017768997
0.09891419620111651
0.039429962126040205
0.0
0.0012237794964677373
0.0
0.0
0.0
0.07236935155157623
0.05534452953754071
0.031152338694193347
0.0
0.051318569306307904
0.08715683029657588
0.027082685057056948
0.0038699306095821007
0.015505956221594092
0.06506184124050544
0.02901529488835943
0.04190288425528362
0.038731530537041266
0.03303837008034352
0.04823057361529076
0.008915702614037575
0.030594487411693433
0.012621761943913882
0.02635776759398418
0.0038699306095821007
0.0017061663656558073
0.0
0.0
0.0
0.1008957527708305
0.07716012164981202
0.04343190308790393
0.0
0.054597323700985835
0.009966773883924787
0.00381510403054429
0.0
0.050242607800503006
0.03838856098902691
0.06795230083574634
0.0
0.05399864508549784
0.046061366422523106
0.06724200130514682
0.01243007581853329
0.042654159141395184
0.017596981945013367
0.03674741787424118
0.005395371848072897
0.013649330925246459
0.00381510403054429
0.08750566874300227
0.058871708339383294
0.03126473845688844
0.027563756642501675
0.041649502566055624
0.005395371848072897
0.062388879991401074
0.01138912711456562
0.004359555585909432
0.0
0.05741270480010752
0.04386697299860021
0.07764973911906989
0.0
0.040942702494356956
0.013078666292894918
0.03237924077940507
0.012330685239515716
0.05100734918391062
0.03487644468727546
0.020902904415322828
0.0
0.015597219997850268
0.004359555585909432
0.09999355821310867
0.06727325988706347
0.035726513376957605
0.03149736633061686
0.04759328188916843
0.006165342619757858
0.019812909188210086
0.008719111171818865
0.07969950557257803
0.012330685239515716
0.040942702494356956
0.020108238286384483
0.04759328188916843
0.0
0.03971752855930226
0.012687298843480905
0.03141032081509019
0.011961700457455947
0.04948099965373552
0.03383279811841215
0.02027740360330088
0.0
0.011347865302657788
0.011048317621452319
0.09006997965849786
0.06473099952908261
0.07287522182056659
0.023142208151640847
0.08086566110924415
0.0
0.019220025513314754
0.008458199529603038
0.07731456879714833
0.011961700457455947
0.03971752855930226
0.019506517151055357
0.04616909528442839
0.0
0.009456554418881491
0.037374053080082126
0.09578533956772563
0.01794254978433661
0.05673932651328894
0.004229099764801519
0.002674717456724445
0.0
0.008455819699567423
0.008232612857034341
0.06711531094377592
0.04823406397523156
0.05430270097904384
0.01724433048516206
0.060256747149258126
0.0
0.012683729549351135
0.003151297988553773
0.015433060137372846
0.0
0.03350226318223387
0.15170006032636738
0.10480426568251666
0.03300509271988846
0.007046516416306186
0.027849136895660886
0.07137409016097787
0.013369824357302567
0.04227909849783712
0.003151297988553773
0.001993055782575276
0.0
0.018778339669035818
0.006302595977107546
0.13913719547891398
0.02363714019940521
0.012683729549351135
0.003151297988553773
0.011123521454858964
0.0
0.01470868555607539
0.0036544023606606725
0.01789694646557893
0.0
0.038850895759565345
0.1759189580238529
0.12153625499988535
0.03827435208840347
0.031051669507270268
0.0
0.030796335320447326
0.015504315323530483
0.0969540241179609
0.01461760944264269
0.023487531378420183
0.005168105367608229
0.021776299501052872
0.007308804721321345
0.16135043320584164
0.02741080699372893
0.01470868555607539
0.0036544023606606725
0.012899390413456798
0.0
0.04249175827310668
0.01827201141365626
0.04891124414007964
0.0
0.008171491975597439
0.0
0.0046224938315745125
0.0
0.05548277902395726
0.0
0.05502655072803771
0.027702938832702327
0.1732363760460858
0.02611858258940848
0.04196726082576771
0.009234313408378858
0.02628131637976923
0.0
0.09152377286078611
0.0
0.0905245341969829
0.00652964564735212
0.012389130793623093
0.0
0.07592380287488888
0.03264822754054348
0.08739406909427157
0.0
0.014600731322094017
0.0
0.008259420761154436
0.0
0.01752087758651282
0.0
0.028907970923497717
0.0
0.10220511925465812
0.0
0.016518841522308873
0.0
0.024613328087695303
0.0
0.08571506147920023
0.0
0.08477924119095048
0.006115230618295252
0.011602833607663135
0.0
0.18870218200566397
0.0
0.0
0.0
0.0
0.006115230618295252
0.09146557947632257
0.06918593122641993
0.016408885391796867
0.0
0.027073277548506615
0.0
0.09571849811881507
0.0
0.015470445244904528
0.0
0.23290300777249584
0.0
0.015470445244904528
0.0
0.010939256927864578
0.0
0.01771806487798891
0.0
0.16692737777708905
0.0
0.0
0.0
0.0
0.005409579268052945
0.08091114356264403
0.06120239817017936
0.02942343542627551
0.02163831707221178
0.06269413231469177
0.0
0.06531940869538266
0.005409579268052945
0.023949226134904467
0.007650300348063553
0.20602776263971753
0.0
0.0136852729010756
0.0
0.009676949436352987
0.0
0.01567353423225521
0.0
0.02942343542627551
0.0162287372273677
0.10032863711858318
0.0
0.07499635813173566
0.0
0.0034213182252689
0.0
0.032731834952551477
0.02407135036400698
0.06974352116562733
0.0
0.07266398616071318
0.006017837591001745
0.02664210027592463
0.008510507515605925
0.03498636370701005
0.006017837591001745
0.0928383246849273
0.008510507515605925
0.08612027989417857
0.018053512131359147
0.022836086684102353
0.0
0.032731834952551477
0.018053512131359147
0.11160968607517846
0.0
0.08342902114748549
0.0
0.0038060145542914065
0.0
0.09419405613425781
0.02407135036400698
0.08496758066608513
0.0
0.01614755248015848
0.0
0.021241896449813457
0.0
0.03411419973338655
0.005867820824756977
0.09052398750945424
0.008298351770741355
0.08397341472833612
0.017603461848620237
0.022266813115942804
0.0
0.04198670736416806
0.035206923697240475
0.12403943452306344
0.03319340458036264
0.023617522892344534
0.02347128329902791
0.039870273713261656
0.008298351770741355
0.09184592235911763
0.02347128329902791
0.0828494507740078
0.0
0.015745015261563022
0.0
0.020712363944803337
0.0
0.0708525686770336
0.0
0.0816449680779088
0.0
0.01312084605130252
0.0
0.007422271247197834
0.0
0.04484149173954322
0.037600733118973856
0.13247319515438674
0.03545030965128504
0.025223339103493066
0.02506715630356963
0.042581156313588796
0.008862578081011556
0.05044667820698613
0.0
0.13208074828387492
0.0
0.05324927144070758
0.0
0.0
0.0
0.07567001731047919
0.0
0.08719621974370935
0.0
0.014012966168607258
0.0
0.007926930586224252
0.0
0.04764408497326468
0.0
0.04424129648754004
0.0
0.06445964437559339
0.02506715630356963
0.04590143933425248
0.0
0.04435164631747896
0.0
0.1161225841114577
0.0
0.04681562666845002
0.0
0.0
0.0
0.1478388210582632
0.01652888233520696
0.01045378281665402
0.0
0.004927960701942107
0.0
0.0872414980176355
0.0
0.041887665966507906
0.0
0.03889600671804725
0.0
0.05667154807233423
0.022038510563554208
0.04035556899233166
0.0
0.15706858668882956
0.030922516805385183
0.11207250288346883
0.0
0.014783882105826322
0.0
0.011019255281777104
0.0
0.12782984344440831
0.014291810676627792
0.009038934505085722
0.0
0.004260994781480277
0.0
0.07543395539561952
0.0
0.06604541911294429
0.004763937061525984
0.02157978713513304
0.0
0.04543190760027317
0.014291810676627792
0.04918552925245613
0.0
0.1358104231537047
0.02673736474522932
0.0969042528577177
0.0
0.01278298434444083
0.0
0.009527874123051968
0.0
0.019520207714026377
0.03811149649220787
0.1453291572215654
0.026948895510142835
0.02982696347036194
0.009527874123051968
0.016815849565656894
0.0
0.06836848084332148
0.004931502352536266
0.02233882808477989
0.0
0.047029915869457456
0.014794506531792151
0.05091556628196351
0.0
0.07719022030697585
0.004931502352536266
0.018713734543744386
0.0
0.04333483402943539
0.029589013063584302
0.039240013754739934
0.0
0.020206805635858336
0.039452018820290126
0.1504409213375905
0.027896787864773627
0.03087608812279034
0.009863004705072531
0.017407325206426974
0.0
0.03343941483133991
0.014794506531792151
0.07839609034648083
0.013948394984020108
0.024259783525049552
0.044383522750276336
0.0732543943667434
0.0
0.06614960017081141
0.004226142995373844
0.01603708413900615
0.0
0.0371365949354152
0.025356857071026282
0.03362746226465436
0.0
0.17630831223574578
0.004226142995373844
0.005345694863204848
0.0
0.011339931457853385
0.008452285990747687
0.024923112248564888
0.08446021272410936
0.028656530739803215
0.012678428535513141
0.06718299301065547
0.01195333745062646
0.02078987433939787
0.03803528831018976
0.06277672066285182
0.0
0.04998577611335229
0.05684081307136098
0.11400564601957007
0.017930005274722906
0.018899885763088972
0.0
0.002672847431602424
0.0
0.14509671918085532
0.003477995311973576
0.0043993546110057775
0.0
0.00933244059457739
0.006955990623947152
0.02051101149563255
0.06950834939193962
0.06843789769356753
0.006955990623947152
0.008798709222011555
0.0
0.006221627063051594
0.006955990623947152
0.08013177451672912
0.10460975590341003
0.04113686999656794
0.046778370161010614
0.09382339945160999
0.014755883640806945
0.015554067657628984
0.0
0.0021996773055028888
0.0
0.12598794802679478
0.003477995311973576
0.0021996773055028888
0.0
0.00933244059457739
0.0
0.02398900792011974
0.07936906485064868
0.04737304253707367
0.004814970225871011
0.006090508918202388
0.0
0.004306640230643061
0.004814970225871011
0.055467600418547015
0.07241137707640193
0.16257566870677553
0.0
0.0
0.0
0.0
0.0
0.012037425307981768
0.1904148291778104
0.08720946467052197
0.0024074851129355056
0.001522627229550597
0.0
0.006459960345964591
0.0
0.016605306868285676
0.05493964911273035
0.012919920691929182
0.0
0.0
0.0
0.0
0.003881953009002435
0.14323605399275455
0.1105091680162736
0.12185522899099617
0.0
0.0
0.0
0.0
0.0
0.00902240310025555
0.14272149576449192
0.06635228826409587
0.0018044806585313096
0.0
0.0
0.0
0.0
0.03546181872215621
0.10040171127672942
0.00968385925756261
0.0
0.0
0.0
0.0
0.002909637565123323
0.107359620894651
0.08282986058950328
0.0
0.0
0.0
0.0
0.0
0.00764390228957838
0.2548732128904845
0.05707944679085305
0.0980209350709572
0.0026657239123794633
0.0
0.0
0.0
0.0
0.052387049812469534
0.14832148038208112
0.03338014282293804
0.0053314478247589265
0.014467385389134307
0.0
0.001192147957962073
0.0026657239123794633
0.03328644689864493
0.0
0.0
0.0
0.0
0.0
0.0
0.011292187046108846
0.37651920236160147
0.0843223480930029
0.0657615961463632
0.010662895649517853
0.0084297590503727
0.0
0.001192147957962073
0.0
0.02779600807756407
0.02230384568441569
0.08962336799751752
0.01431456758266431
0.03884392620996483
0.0
0.003200834571339911
0.007157283791332155
0.08937180094020049
0.0
0.09654445968149067
0.0
0.009053327168462052
0.0
0.02560667657071929
0.007157283791332155
0.059581196556728694
0.03651668672548454
0.17656532396498845
0.02862913516532862
0.022633318302724345
0.0
0.003200834571339911
0.0
0.07463035356114833
0.05988427851065402
0.07041836056947805
0.007157283791332155
0.02526393889139469
0.0
0.03200834571339911
0.0
0.022633318302724345
0.0
0.12422302092795712
0.0
0.011648847111742825
0.0
0.03294791570675428
0.00920922253986615
0.07666267180112676
0.04698574267529092
0.045303384096787136
0.0
0.024242869126565914
0.0
0.028829426243409992
0.0368368901594646
0.22809777164505562
0.0
0.09060676819357427
0.00920922253986615
0.032506917745276205
0.0
0.041184894633442846
0.0
0.029122118270319266
0.0
0.04942187356013142
0.0
0.02329769422348565
0.0
0.02471093678006571
0.0
0.03494654035330407
0.0
0.015531298348720392
0.0
0.008311150275866045
0.0
0.00988355349464025
0.01262874159871561
0.0781984528248276
0.0
0.06467575848212882
0.010216866130647255
0.029637068637321864
0.027491452785141174
0.038746902157412375
0.04838239569919552
0.08884598282245136
0.027835105404309744
0.01694323456224043
0.0
0.007987117232769302
0.0
0.008471617281120215
0.0
0.011980675512522129
0.0
0.2526291401135064
0.033020805572611424
0.03147495183267516
0.01652628911542931
0.01866515347971157
0.05021148607125868
0.05451470186861888
0.03718829141780524
0.03035609088194664
0.006903750125688665
0.021054671466288522
0.026477249350917085
0.01183066207327231
0.005325653314289745
0.031080231324425733
0.06908470950350201
0.18118701708569596
0.010558887859474446
0.0
0.0
0.0
0.0010411359705830307
0.09264111619739582
0.10517329478529523
0.030093106188693597
0.01972972840077027
0.011611259538907496
0.02024923675823528
0.04549596112551226
0.01734244409895954
0.004692273490175195
0.03055957755217375
0.040621476131305706
0.015175289137706471
0.0016263064023387139
0.008963698393364382
0.0073392198291682975
0.009507076178255554
0.03742152083246162
0.10685708947238812
0.20377500938626342
0.011875229844173928
0.0
0.0
0.0
0.0011709309838551483
0.10419038089108536
0.11828490515918835
0.0216855396218209
0.018773931539007915
0.014960261174593455
0.009522113460162202
0.0024178683617831283
0.007405106207600729
0.03774773750932368
0.008649387880967661
0.045685622585340216
0.01706714275787659
0.0018290526977701128
0.010081173329210146
0.008254176340180438
0.010692292243785107
0.04208673933451013
0.12017861301798383
0.001405117180626178
0.002618281259468625
0.00168874066564207
0.002353542065022014
0.03457060453122767
0.029228096128272995
0.06980804796858076
0.0419940561163453
0.024004576394133687
0.0207816029347445
0.01656010127045049
0.010540401759616404
0.0026764335503544393
0.008197003199687929
0.041784454735748947
0.009574347504004994
0.09858044766606448
0.13042780074064164
0.0
0.0
0.0
0.0
0.0
0.014638905090006708
0.00155537945069677
0.002898278466218112
0.0018693334371764818
0.00260522824342262
0.0382675613304179
0.03235372873360387
0.07727327286340493
0.04648487174974452
0.3303090595419692
0.07131551010052585
0.017301369423082726
0.0
0.0
0.0
0.0
0.0
0.0920179268440745
0.12174519502732362
0.0
0.0
0.0
0.0
0.0
0.013664390145727604
0.0
0.025047328190830557
0.1461109996369445
0.03137477456893345
0.0
0.0
0.0
0.0
0.30832031702500556
0.06656802182018356
0.016149613676623417
0.0
0.0
0.0
0.0
0.0
0.0
0.014810549288560137
0.08481657408777556
0.05507672284009637
0.018272738113703862
0.006024539008879923
0.0
0.0
0.0
0.04271080730861099
0.24914907904015982
0.05350039496250118
0.0
0.0
0.0
0.0
0.0
0.007608211821231187
0.16574732752362176
0.03798877336906351
0.0
0.0
0.0
0.0
0.0
0.025255009715166025
0.1446295718585139
0.09391705488469212
0.031158748375438538
0.010273068758913732
0.0
0.0
0.000412613220475226
0.0009226312229439748
0.027117788162363963
0.05352943830945632
0.036441505272171895
0.005743289986990316
0.013894158062763342
0.0
0.0
0.013618156320389834
0.29667589033269975
0.06799719386309779
0.0
0.0
0.0
0.0
0.0007385482250390096
0.002662873470678087
0.09993083988883539
0.06154988513160566
0.050971480037223675
0.006355614948040371
0.020150783904012728
0.0
0.0007385482250390096
0.001651444060095879
0.04853890597889912
0.09581387529282478
0.06522769436595939
0.010280079297727429
0.024869551595672702
0.0
0.024735770305748167
0.0
0.0
0.0023354945813200603
0.017935926674837236
0.02093157388477425
0.056946946652805905
0.009341977620945768
0.0010319986546764369
0.0037209240319658323
0.13963677499938124
0.0860057562902561
0.07122418962215131
0.008880917797443324
0.02815737845489823
0.0
0.047736539729407355
0.013845714578459397
0.0014594664688165004
0.0
0.09212299697298774
0.014353696689076085
0.05279591329142909
0.003263466330582684
0.03456413652144264
0.0
0.0
0.003263466330582684
0.02506248281597261
0.02924840295731061
0.079573913173405
0.013053864338140125
0.07538949687532141
0.019874259019089277
0.02481093156919025
0.0
0.0
0.0
0.06245390567554077
0.06846808585419537
0.04595130142541739
0.013327916259777514
0.0014048857334240871
0.0
0.08867780585090866
0.013816900991724631
0.0508214658925128
0.003141420092414551
0.04165790061807158
0.07074964527965916
0.021984397028752222
0.003141420092414551
0.012586975669797908
0.05281401553204603
0.023553195016969154
0.03401470874018695
0.07257010069991231
0.019131006813013704
0.02388305900770867
0.0
0.0
0.0
0.06011827126890473
0.06590753475098073
0.18744799615226027
0.02049145608663308
0.0
0.0
0.0
0.0
0.014688366480781007
0.05811698295829362
0.049259769601518885
0.08366027030064317
0.02599618119005399
0.003714676632235108
0.014883887864603372
0.06245168859304031
0.02785125852962996
0.04022182324947764
0.03717769798259618
0.03171293588590738
0.04629565820234763
0.00855802222353006
0.029367096966036108
0.012115401768341857
0.02530034598471258
0.003714676632235108
0.22165411520332592
0.024230803536683714
0.0
0.0
0.0
0.0
0.017368747294770406
0.0687223587359326
0.07599484677546274
0.021013384346245893
0.01854337403985376
0.0
0.00822278715049011
0.0
0.017421291123696416
0.02454539659126449
0.051576465663966106
0.0439952239535849
0.06422577392451428
0.011872508609058686
0.040740851384294174
0.01680764644445052
0.035099064675221385
0.005153355430045705
0.013037072442974135
0.003643972579761482
0.08358048821743391
0.056230941330798305
0.02986231797041247
0.026327348506448148
0.03978125998565749
0.005153355430045705
0.10542733461302141
0.029151780638091856
0.02572514562112785
0.0
0.01140743838760237
0.0
0.024168484662065674
0.03405172652406864
0.04263493792652627
0.032203076823079185
0.12715018549138005
0.005153355430045705
0.02607414488594827
0.0
0.004609301086738811
0.005153355430045705
0.013335920042407296
0.00372750302439354
0.08549639597759158
0.0575199179706138
0.030546849108672496
0.026930847868364506
0.04069316210947726
0.005271485317413552
0.01694041455963716
0.00745500604878708
0.06814459460607647
0.010542970634827105
0.03500679011131915
0.017192926561134407
0.04069316210947726
0.0
0.04361225464445175
0.032941264958876906
0.13006483737107088
0.005271485317413552
0.02667184008481459
0.0
0.004714959666980796
0.005271485317413552
0.006667960021203648
0.013465423934182253
0.11082379041077679
0.05224843662761413
0.09657621613203392
0.00745500604878708
0.004714959666980796
0.0
0.01870097233176174
0.00822977863739302
0.07522662292596526
0.01163866453458865
0.0386449228258787
0.01897972701847933
0.044922259489116594
0.0
0.009201172101399691
0.036364734900701516
0.09319857477834897
0.01745799592439082
0.05520703260839814
0.00411488931869651
0.002602484430566054
0.0
0.007360937681119752
0.014864838138528895
0.12234131761515105
0.057678433093301264
0.10661304299450931
0.00822977863739302
0.005204968861132108
0.0
0.0
0.00411488931869651
0.05214427261282767
0.048322801313444616
0.11176303741110268
0.01645955727478604
0.010409937722264217
0.0
0.010020712600824561
0.03960371061744095
0.10149969181841774
0.019012964632850928
0.060124275604947375
0.004481398977483309
0.0028342854844390824
0.0
0.026704308033488087
0.008962797954966618
0.19786427301191434
0.03361391284004134
0.01803728268148421
0.004481398977483309
0.01581854139306445
0.0
0.0
0.004481398977483309
0.05678871820609754
0.05262687173899452
0.12171767519939078
0.017925595909933235
0.01133714193775633
0.0
0.03407042284280351
0.0
0.03163707896353041
0.00633765519616685
0.0985282101681032
0.0
0.02148711092846818
0.0
0.034913518913010776
0.011718064947491084
0.2586900221996977
0.043947215565719615
0.023582150462374822
0.005859032473745542
0.02068134262870324
0.0
0.0681262124468606
0.029295161744014066
0.07841844971231193
0.0
0.013101194701319346
0.0
0.007411154765122026
0.0
0.04454406198448578
0.0
0.04136268025969732
0.008285923165581847
0.12881691316829255
0.0
0.028092495519684332
0.0
0.018341672581847084
0.0
0.039209224856155966
0.0
0.07336669032738834
0.0
0.022233463670652435
0.0
0.08956286912002295
0.03851320428499681
0.10309367123054479
0.0
0.01722362867692749
0.0
0.009743155540528603
0.0
0.02066835441231299
0.0
0.03410104233863357
0.0
0.12056540073849244
0.0
0.019486311081057205
0.0
0.024113080147698487
0.0
0.051546835615272395
0.0
0.09645232059079395
0.0
0.02922946580029919
0.0
0.03444725735385498
0.0
0.04746580657672857
0.0
0.20091209369593263
0.03851320428499681
0.02435788926196481
0.0
0.014833989347894464
0.0
0.024474831847378725
0.0
0.08653160452938438
0.0
0.013985619040573239
0.0
0.21054938552480532
0.0
0.013985619040573239
0.0
0.009889326231929643
0.0
0.01601751608288911
0.0
0.024723315579824108
0.0
0.034066924492495876
0.0
0.14419763655558063
0.02764150694922169
0.017482024095441435
0.0
0.29946866719298093
0.03869810878579072
0.013985619040573239
0.0
0.0024723315579824106
0.0
0.006992809520286619
0.0
0.1941940181879235
0.0
0.012899223389158167
0.0
0.009121128486615325
0.0
0.014773283720457447
0.0
0.027733423307193823
0.015296597176612407
0.09456599893018394
0.0
0.07068874577126877
0.0
0.0032248058472895418
0.0
0.2762060960597559
0.0356920597163212
0.012899223389158167
0.0
0.0022802821216538313
0.0
0.0064496116945790835
0.0
0.09842216907846259
0.025494328990128427
0.0548216898898438
0.0
0.006840846364961494
0.0
0.03839354911731686
0.0
0.03300901368440892
0.018206392335154538
0.11255481583323115
0.0
0.08413551225363002
0.0
0.0038382445312883807
0.0
0.09499170738313067
0.024275190642978922
0.0856871005552744
0.0
0.01628429269425097
0.0
0.021421776432977907
0.0
0.11714452593803895
0.030343987656644
0.06525014570800852
0.0
0.008142146347125486
0.0
0.0456969618993196
0.0
0.02714048782375162
0.0
0.10389350453786271
0.0
0.06513717077700389
0.012137595321489461
0.030705953661988427
0.0
0.10508277815418343
0.02685397013339369
0.09478973298172495
0.0
0.01801419054071716
0.0
0.023697434677070476
0.0
0.08106385743322722
0.0
0.09341165995797293
0.0
0.015011825450597633
0.0
0.008491970713951217
0.0
0.030023650901195267
0.0
0.11493022275070375
0.0
0.07205676216286865
0.013426985066696845
0.033967879992526394
0.0
0.03602838108143432
0.0
0.1552112137417752
0.0
0.039030746171553846
0.0
0.03890289506109164
0.0
0.0914445817955211
0.0
0.10537359620122133
0.0
0.01693418181398539
0.0
0.009579419671667196
0.0
0.057576218167550326
0.0
0.05346406673590778
0.0
0.0778972363443328
0.030292785788294536
0.055470291575470766
0.0
0.040642036353564934
0.0
0.17508696205683175
0.0
0.044028872716362015
0.0
0.04388464948669472
0.0
0.0067736727255941565
0.0
0.04789709270594299
0.0
0.13886029087468021
0.0
0.004789709835833598
0.0
0.04440281525497796
0.0
0.04123152151372587
0.0
0.06007439710967606
0.02336181523770777
0.042778723357581414
0.0
0.1664997864211631
0.03277926256445789
0.1188019080527565
0.0
0.0156715818546981
0.0
0.011680907618853886
0.0
0.005223860618232701
0.0
0.03693826767995633
0.0
0.10708914267377037
0.0
0.003693827203908532
0.0
0.14408002379518364
0.07008545318591587
0.014775308815634129
0.0
0.005223860618232701
0.005840453809426943
0.03324444141014687
0.01651929793319769
0.1368076415687197
0.026933689827456177
0.09761579401338893
0.0
0.012876846266752182
0.0
0.009597834670341473
0.0
0.01966353920615577
0.03839133868136589
0.14639626907096986
0.027146773804333956
0.030045974622421756
0.009597834670341473
0.016939323703072814
0.0
0.11838602725125583
0.057587014162207614
0.012140406879581978
0.0
0.004292282088917394
0.004798917335170736
0.02731591266482001
0.013573387925526774
0.03863053880025654
0.004798917335170736
0.03514993248740608
0.0
0.032192115666880454
0.019195669340682946
0.05992327089626599
0.0
0.020733676719328707
0.04048068848117178
0.15436350923454933
0.028624167100884744
0.03168114946181332
0.010120172120292944
0.017861202798813768
0.0
0.03431131220296299
0.015180257640912657
0.08044018547982511
0.014312084629495892
0.02489233171999618
0.04554077615989853
0.07516442521597776
0.0
0.04073290645090284
0.005060086060146472
0.03706287709752458
0.0
0.033944088709085704
0.02024034424058589
0.06318444069005587
0.0
0.05657348118180951
0.010120172120292944
0.019201675377764328
0.0
0.03846996720363046
0.010120172120292944
0.04078249111824725
0.03079846210150098
0.03291882236124164
0.014564182265111135
0.07717560205368716
0.013731243175734521
0.02388210165791597
0.04369254990111708
0.0721139531747763
0.0
0.057420519580854854
0.06529515541690176
0.1309625245139703
0.020596863728340555
0.021711001507196338
0.0
0.0030703992258703313
0.0
0.05427750376799084
0.009709455188494498
0.018422394837591376
0.0
0.036908702562233775
0.009709455188494498
0.03912737503681256
0.02954853772194675
0.028224301959355238
0.0
0.015351996388166964
0.0
0.028224301959355238
0.009709455188494498
0.14364882263015288
0.0
0.05183914358444977
0.05894835089848801
0.11823273564952749
0.01859481216813635
0.019600653785602693
0.0
0.002771950994057966
0.0
0.15876529566338182
0.004382839491154372
0.002771950994057966
0.0
0.011760392271361617
0.0
0.030230049736971756
0.10001792429272208
0.0254808499212835
0.0
0.013859755203947832
0.0
0.0254808499212835
0.008765678982308744
0.1296859031652599
0.0
0.0450815037068862
0.004382839491154372
0.012698692706986273
0.0
0.007840261514241078
0.0
0.0687759503531954
0.08002910661985674
0.1206314047762063
0.0033301237686576375
0.0021061551328760415
0.0
0.00893565961305232
0.0
0.022969083709309494
0.07599458470957327
0.01787131922610464
0.0
0.0
0.0
0.0
0.005369663103888676
0.1981294859798283
0.15286042895478197
0.03425336185003389
0.0033301237686576375
0.009648589344821368
0.0
0.005957106408701546
0.0
0.05225663121942667
0.06080688801793821
0.036409328680405174
0.018690157468376805
0.014743086462739108
0.0
0.0014892766021753865
0.027389946116279172
0.1032781600126321
0.023547528799483578
0.009657677584566312
0.0
0.0
0.0
0.0
0.002901770951489062
0.10706935908760593
0.08260591843311664
0.0
0.0
0.0
0.0
0.0
0.00762323592662963
0.2541841273784038
0.0569251244932091
0.01967563519050295
0.01010017853470469
0.007967177680455633
0.0
0.000804806465380526
0.014801552437342136
0.055811614034195524
0.012725106534190152
0.09744868226415093
0.012740852273781066
0.020136067786464505
0.0
0.002545021537095007
0.0053988057833521275
0.03621979391826274
0.1826564615528259
0.0
0.0
0.0
0.0
0.0
0.008216327317134382
0.27395977370524466
0.06135392632556433
0.0478489062065183
0.0077584475396266315
0.00613359124141543
0.0
0.0008674207921879064
0.0
0.02022470045372433
0.016228538884959592
0.10503023621619473
0.013732096656612769
0.02170266346285625
0.0
0.0027430254263656317
0.005818835447910741
0.03903771115780899
0.19686722136790863
0.03556425247970416
0.0
0.0
0.0
0.0
0.0038792237698133157
0.04539435194741092
0.08763763930242434
0.14004210203821094
0.022707087541626765
0.01795152864693829
0.0
0.002538729528431652
0.0
0.0591927755340597
0.047496983288386765
0.05585204962549634
0.005676771885406691
0.020037995166125495
0.0
0.025387295284316522
0.0
0.01795152864693829
0.0
0.10408791066569774
0.0
0.0
0.0
0.0
0.011353543770813383
0.13285821916054102
0.2564940392285525
0.0
0.0
0.0
0.0
0.06600696773922296
0.0
0.014361222675438516
0.0
0.12096380948424906
0.012294695672518464
0.04339808916546933
0.0
0.054983549765567755
0.0
0.03887924088300609
0.0
0.06598025971868131
0.0
0.03110339218204088
0.0
0.032990129859340654
0.0
0.046655086962151336
0.0
0.0
0.0
0.0
0.0
0.14295722939047617
0.0
0.03110339218204088
0.0
0.06598025971868131
0.0
0.16707835058123344
0.0
0.09897038957802196
0.0
0.046655086962151336
0.0
0.017838940991960147
0.0
0.008409357285814443
0.0
0.008919470495980074
0.0
0.01261403557429375
0.0
0.2659844144150569
0.034766455009102595
0.03313887949820337
0.017399953666652975
0.01965188939026443
0.05286592320099298
0.05739662909441529
0.03915425556773519
0.017838940991960147
0.0
0.045172614502588415
0.0
0.026758411487940222
0.0
0.01261403557429375
0.0
0.0644943174307709
0.026089189207627934
0.02910149756467638
0.012706443437656138
0.03294596296708387
0.024053343929843055
0.0420938097980898
0.09798932609662483
0.04396183017344755
0.028822380909578053
0.016962430423385747
0.029581310148765205
0.06646325254815343
0.025334891569199772
0.006854757000124985
0.0446432797630481
0.059342309959021865
0.022168980487480106
0.002375806785158882
0.013094712922760484
0.010721576354145784
0.013888512065648062
0.05466762165903969
0.15610330122647767
0.06941952414427156
0.044137862266337875
0.0482320043825822
0.0
0.002737717947447491
0.0019477720449584234
0.012151947926710111
0.032894364101327754
0.031480015278523676
0.04208053562722056
0.04011334855946594
0.03340611039852989
0.008288680545242623
0.005755080918611089
0.0045365057179545575
0.02783118678105057
0.06524243124730142
0.024373135900438544
0.0026120218600293177
0.014396657429687158
0.011787571273027314
0.015269380214488964
0.06010296110829339
0.17162390383485376
0.002006610742365628
0.003739098328755049
0.0024116459520030485
0.003361031275824236
0.04936936746551008
0.041739872288623796
0.0996910299644225
0.05997060265180958
0.03460992222735059
0.04626440147686169
0.0441016264330997
0.03672751974806631
0.009112784301407573
0.006327281014413165
0.004987548725538666
0.030598308211246872
0.013924990412843057
0.015529380610380391
0.014227450944338967
0.018782680231825295
0.007998604419524843
0.02234095875228258
0.04891524992361867
0.017853542952809488
