0.02527100757844086
0.022603076653985466
0.07828787883924693
0.0
0.07075882121963441
0.0056507691634963665
0.0071477202081248435
0.0
0.017689705304908602
0.03171466672716718
0.14009041238899272
0.0
0.05559621667256989
0.0
0.01279848937162121
0.0
0.0
0.0
0.04047237506552037
0.015982788736870746
0.1805554416797577
0.033904613775962655
0.014295440416249687
0.0
0.03285230985197312
0.02825384521497406
0.03274469714384395
0.0
0.11908484171172451
0.0056507691634963665
0.028590878422468286
0.0
0.018927059378069263
0.03393303449403462
0.1498894135251042
0.0
0.05948504375964626
0.0
0.013693714175048808
0.0
0.08513616179306654
0.012092054858548827
0.07451459508125945
0.0
0.04326185000701546
0.0
0.0076476867457743935
0.0
0.03515025313070006
0.030230136501720267
0.035035113161916605
0.0
0.12741455164209897
0.006046027429274414
0.030590744404490375
0.0
0.09777793831727614
0.006046027429274414
0.08092123234725937
0.0
0.02703865625438466
0.006046027429274414
0.019119217186761885
0.0
0.091155990263534
0.012947062819571035
0.0797833912248513
0.0
0.046320819437541676
0.0
0.008188441243461636
0.0
0.037635665793002614
0.019420593539122556
0.022850414586942785
0.0
0.049685671520153706
0.06870004440591669
0.049795048760265394
0.0
0.10469164460223444
0.006473531409785517
0.08664303055955576
0.0
0.028950512148463548
0.006473531409785517
0.020471103453771084
0.0
0.06995103002407818
0.019420593539122556
0.04979504323839341
0.0
0.057901024296927096
0.012947062819571035
0.04979504323839341
0.0
0.028296293029639253
0.014601330785935023
0.017180034240847457
0.0
0.037356063486196266
0.051651978162173935
0.03743829852500217
0.0
0.008706551701427463
0.0
0.042804936067309896
0.036507039020778204
0.15684330916830025
0.019468441739847926
0.026414724370769225
0.0
0.052592528963694325
0.014601330785935023
0.0374382943733948
0.0
0.043532758507137316
0.009734220869923963
0.0374382943733948
0.0
0.08159525950359268
0.032183532270718636
0.07825962565167251
0.01585764142717776
0.03482620680570985
0.038785349810652264
0.04588317026222452
0.0
0.005576624725769679
0.0
0.027416946805566434
0.023383087064713776
0.10045955114882958
0.012469712154910004
0.016918868698186394
0.0
0.020912342721636296
0.01558713986124477
0.06227576277669148
0.004408709000824769
0.034138467729754186
0.006234856077455002
0.03747034858138863
0.013226126337688836
0.052262498088505645
0.02061384207872681
0.05012599458486452
0.010156962056595885
0.022306498903078717
0.02484236563095906
0.029388583512238286
0.0
0.08399931927710569
0.06703256874053821
0.05622792215376474
0.04238000468001909
0.06976648037870696
0.01819753435878089
0.025035443264203296
0.04718365408734018
0.006692221154382511
0.004988087107419935
0.019929052550783363
0.0014108441140030985
0.010924752858171863
0.0019952348855159703
0.011990997985080597
0.004232532129269314
0.06039247608128912
0.04765447398886044
0.03640666951258548
0.02093120422712969
0.009540949910433374
0.0067975423368528375
0.009532896425706778
0.03069157500508609
0.026880872645529803
0.0214512922119387
0.017993665038545926
0.013562151673662981
0.022326179427718505
0.0058234472347011715
0.008011666853981962
0.015099381844850416
0.2019279430444431
0.12770788557172355
0.0508266449536198
0.036562681101325496
0.03151976664596234
0.014419173836785327
0.026030384152708683
0.09574478242039333
0.0352602384749319
0.02782313669310296
0.021256089042679883
0.012220715236492112
0.005570498031351455
0.003968755371418458
0.00556579599211677
0.0179193224731165
0.06907255889014545
0.03333007720447373
0.02806325270597382
0.04261236769059115
0.0510492728589207
0.014788867314825493
0.019147341698803565
0.03260675213510309
0.11789593486638753
0.07456244208843452
0.029675213507276237
0.021347176644659002
0.018402863414887703
0.008418656446743535
0.015197879146123666
0.05590073598455235
0.030122388170114426
0.03438099688478472
0.037409348632357016
0.0453513631775674
0.02199641379236054
0.02288331656646787
0.013168693843558014
0.03303120159986493
0.050663141357680415
0.024446848936902018
0.020583753688064144
0.031255196601698204
0.03744347348085994
0.010847295761586136
0.014044136987209436
0.02391630655037539
0.0423577442880596
0.11873894485087091
0.12088202899132769
0.023317866073185572
0.003724206993127219
0.008393620128664472
0.011784590420804361
0.009427794197536135
0.02209408243178833
0.025217674474201753
0.02743890118323458
0.033264187114926805
0.01613386617248062
0.016784389062280917
0.009658935594861535
0.024227630520095716
0.018874204249856717
0.028264759449493054
0.0513174935365355
0.09399207614547427
0.05333658859172368
0.013354590916105056
0.0039202073386023495
0.010293219354583827
0.03924045776399335
0.11000044097426558
0.11198580643958343
0.02160180515205636
0.003450126763699576
0.007775897930398289
0.010917312298990652
0.008733962731823875
0.012970449128465318
0.03891070324920987
0.018812180967606975
0.016132284099585836
0.028297437409148325
0.015290245510269793
0.043853239878045756
0.030564853500550427
0.017485171298516625
0.02618463560865112
0.04754082096487086
0.08707479957038783
0.04941132222895574
0.012371769781578137
0.003631702610280081
0.009535697571433839
0.0
0.0007915607456865332
0.014851711653067782
0.0908712761331996
0.09964290395203018
0.01579598964444766
0.006273207881298475
0.0
0.01420412066843167
0.04261165660272773
0.020601483098517795
0.017666690469881324
0.030988920397893218
0.016744562206498958
0.04802429775252845
0.03347199954564127
0.04237509682018562
0.004668126080527601
0.01179839031707582
0.0045305078810349625
0.021375359995092234
0.03306362913360914
0.08734792066952611
0.033283608258741694
0.0
0.0008668492691937807
0.016264317631835782
0.09951440838371839
0.10912034097427192
0.01729840969767399
0.006869877892552453
0.0
0.003555363143045306
0.007704299624571468
0.012066863280754053
0.13545650589527208
0.11635591981769287
0.010436527846382104
0.0017336985383875614
0.0
0.0432695904114742
0.00476666529756061
0.012047441890242216
0.004626142123053679
0.021826571295168563
0.03376156746494217
0.0891917431292793
0.0339861901173446
0.024665884251359054
0.035055047356575095
0.019379934227544502
0.033145679308756996
0.0317680957865967
0.0037495449436220707
0.009145611438945015
0.008668812289227897
0.003630413108350464
0.007866929262181249
0.012321582034964623
0.13831584983815004
0.11881207053817537
0.010656831939456095
0.0017702950856094979
0.0
0.008529245352584215
0.0
0.006346615252925632
0.08312995161031014
0.17684306822594356
0.020066930541614143
0.0026554425340362497
0.0
0.02374933954108845
0.033752458002974925
0.018659806944831357
0.03191403901039254
0.030587644283141247
0.0036102178654205527
0.008805775181662104
0.00834669312386358
0.021633685297631277
0.0036689947220847063
0.001962042711092155
0.013455900395438026
0.05648911007702295
0.037443428255659994
0.07438605663953382
0.03230315035065872
0.0082123122708083
0.0
0.006110785206091969
0.08004097589644403
0.17027186335533037
0.019321275577378644
0.002556770547125244
0.0
0.0015364279201025345
0.0
0.004285654470608529
0.04870771783153021
0.2392248133647952
0.0064623166370374584
0.009484892428334406
0.0030156081617677133
0.022305188500348808
0.0037828792347203485
0.002022943937408469
0.013873567569877975
0.058242515371290465
0.03860566121081686
0.07669497786972494
0.033305830597685715
0.026320758124662856
0.014454547383381242
0.013646869699666974
0.009218301186044135
0.01729257608076035
0.04809091920404306
0.027267760572341523
0.022199570252537014
0.0015841181890002914
0.0
0.004418679919724655
0.05021959100852033
0.246650280923092
0.00666290503698153
0.009779300688204727
0.003109211748531077
0.001623226592231215
0.0
0.018709141703893522
0.13681876806142643
0.08958038011769547
0.0019351595247189368
0.0015841181890002914
0.0
0.03249320264956237
0.017844263265951205
0.016847178207528596
0.011380072226801406
0.021347834141548623
0.059368654044827884
0.033662285329336
0.027405560718746252
0.013027007606682886
0.010479220782261526
0.024823099924468277
0.027854108071021556
0.014100126861755286
0.030084882483979055
0.013272880687147999
0.00939859730026475
0.0020038872116721375
0.0
0.023096596606553013
0.16890394782047508
0.11058775096077861
0.0023889711040277505
0.0019556075509775434
0.0
0.007276897889754286
0.0032992171744570483
0.004453603228307149
0.021788397958694024
0.23015465087427142
0.041932150668411355
0.014470804211435304
0.004298231957324883
0.015160287908046167
0.012195279906765838
0.028888087962125886
0.03241544877596376
0.016409139321798293
0.03501153095994813
0.015446424740174608
0.010937695386828799
0.02573194338689782
0.02350953907909893
0.006675293469489345
0.015485700027706344
0.014447664289693482
0.034018446490071276
0.02213841125677598
0.024888519159165456
0.008468550139598768
0.003839491289640497
0.005182917612998353
0.025356428435601184
0.26784437961330665
0.04879888735234709
0.016840518155050662
0.005002103010608634
0.0096408409635192
0.0026637834090984533
0.07293243325073812
0.14481723834547383
0.0552526549766625
0.0
0.0
0.0
0.02173929379780545
0.019861724760040944
0.005639533856338699
0.01308288991255929
0.012205919077438706
0.028740036913385263
0.018703345460209235
0.021026737936509835
0.03567984152201704
0.021801391322695863
0.03506163918260141
0.025310541031291062
0.009736839683326998
0.02099880141926153
0.07561540042302496
0.07808136848168698
0.00814493763695198
0.0022504623639735283
0.061616006610442614
0.12234693835764013
0.04667947856041244
0.0
0.0
0.0
0.0
0.0057745207823686456
0.22316898122237494
0.08673306442513426
0.0
0.0
0.0
0.0
0.028405214441912064
0.017356388628326187
0.02791305502442259
0.02015007115967687
0.007751632501527636
0.016717435725413263
0.060198464244906484
0.06216165546227712
0.014421721195295372
0.008562768629478195
0.010419750400085852
0.01572699397684753
0.06376306896358877
0.031007433885476086
0.05191928849063004
0.08594117454544169
0.0
0.004597175719551417
0.17766790708677577
0.0690493900506775
0.0
0.0
0.0
0.0
0.0029210429725460923
0.003501112263088999
0.04498829516285048
0.0626398192348469
0.11134999992008283
0.0
0.00026850402422148466
0.0006003932679476617
0.015313305325666656
0.009092138773214875
0.011063923448041942
0.01669927308683173
0.06770504923223042
0.03292438510103875
0.05512905888152589
0.09125425655088085
0.018790505494515636
0.015884840436823616
0.025748920209957185
0.013659715457746874
0.035445457390136874
0.012419229668855088
0.0031606701366965685
0.061724733808826024
0.0031016285991288784
0.0037175591136519364
0.047769575529908306
0.06651235760962386
0.11823391422553868
0.0
0.0002851035634647476
0.0006375109671761363
0.0
0.0010079933325829325
0.017994417474142706
0.11240834768088463
0.14186508252549201
0.0004507883291229651
0.0
0.0
0.020087134109793806
0.01698096521460167
0.0275257104493943
0.014602296696140998
0.03789135190569893
0.013276211859837078
0.003378770461027496
0.06598401550565484
0.03017489423692242
0.003586936676168733
0.014730809781887814
0.030376615766047353
0.03745153234882363
0.02717912416760744
0.021789683809199965
0.025826613590664033
0.0
0.0010775493644532889
0.01923611246840696
0.12016502459634669
0.15165440541332173
0.00048189473268112743
0.0
0.0
0.0
0.0
0.0
0.2557401100133917
0.05550111886841664
0.0033732631801494497
0.0019275789307245097
0.0
0.031213333081060946
0.003710377518968474
0.015237755886255942
0.0314219966551156
0.03874038942511261
0.02811446657721803
0.022539554012267073
0.0267154106997616
0.017147896864508516
0.0004984786585525068
0.010648560411843746
0.010866227987667515
0.01233638044275002
0.020286376554071946
0.07745868894184267
0.04379672999546545
0.0
0.0
0.0
0.26454115044644183
0.05741113443545021
0.0034893506630173502
0.0019939146342100272
0.0
0.0
0.0020552801207665947
0.01546084048996687
0.10590412997018826
0.1540318630531064
0.0014954359225077178
0.0012610623007116959
0.001622928905340024
0.013648277900544677
0.00039674691964683266
0.00847535490153226
0.008648599911591155
0.009818717123146308
0.016146242713771037
0.061650575627042986
0.03485849879062505
0.00984412246559263
0.016570254393453155
0.0178152373284128
0.034709547068193264
0.062283062051014214
0.1767692342897716
0.011814138745762695
0.002762522857771289
0.0
0.0016358294240587322
0.012305523484912161
0.08429074469418668
0.12259635622363478
0.0011902407166377432
0.0010036991046777424
0.001291714365203133
0.0034282619544225576
0.0
0.0042796187708681365
0.0011221697463210554
0.05613413936816532
0.17397253622084272
0.04134077530373699
0.009197030423274547
0.008765822416740388
0.01475519102092745
0.015863801702872223
0.03090755187460555
0.05546073440454149
0.157406383549499
0.010520048141828282
0.0024599231549636614
0.0
0.0
0.0022491735819301813
0.006322913604300025
0.02204100009011538
0.1983670745680804
0.053003446272798224
0.0061458595715086885
0.003052738890192822
0.0
0.003810840253958628
0.0009992501365226358
0.04998534901792994
0.15491602864877954
0.036812412294701065
0.008189611185107292
0.0036229616518538496
0.001203256503118415
0.0019090646799101814
0.0038531916827496196
0.024652050144088326
0.05301619467425245
0.0550341451192687
0.01467377892884944
0.0
0.0
0.002680648177680986
0.007535882053378718
0.026269278280927424
0.2364212087608184
0.06317146564564229
0.007324862515284259
0.005667785630355808
0.0028325382333203655
0.0038460509970496236
0.0007763999708036626
0.0038849842260983212
0.00719025769993835
0.04912798271078064
0.004114622036586013
0.004317979558303204
0.001434085558482832
0.002275293821868846
0.004592376215691713
0.029381224208644485
0.0631866596615249
0.06559172756137154
0.017488751895955248
0.004486492917509699
0.0008421240383008377
0.0
0.0
0.0171417591328961
0.22671846192847148
0.13959327395454882
0.0021055815778047438
0.009314116179245172
0.004654832046928269
0.006320381213072287
0.001275891503534847
0.006384361864819338
0.011816060088308898
0.08073412942250485
0.006761735566918154
0.012454156126731775
0.0006919493468542415
0.00799164023922554
0.004806238954014142
0.005399163707939737
0.0006919493468542415
0.0038263563852307947
0.004311433605498414
0.007372846998171073
0.001383898693708483
0.0
0.0
0.02816979090128506
0.3725762109053145
0.22939963792742185
0.003460192872418249
0.013364605522911622
0.0
0.010968070918055989
0.0063542472816695405
0.02144885952622326
0.06687416845912707
0.05119000815168691
0.020002670149412698
0.03218334578893358
0.0017880974729743248
0.020651557489928894
0.012420018556638327
0.013952222118905164
0.0017880974729743248
0.009887859876210846
0.011141369769241571
0.00399830744126221
0.0017880974729743248
0.030794477546223952
0.012420018556638327
0.020791198694563494
0.0035761949459486497
0.0119661259200959
0.0
0.034536079080729164
0.0
0.02834308606712269
0.016420296599254796
0.05542696396980636
0.1728125507635074
0.13228240569009125
0.05168980086404798
0.06853827161684557
0.029161367602846343
0.023994887068685633
0.025171950746176997
0.07126102649420107
0.034565174430136174
0.03509720324065489
0.03155092307567485
0.006498114261957621
0.0029060450857267745
0.05004768559505291
0.020185216095136453
0.033790194162179626
0.005812090171453549
0.019447542402394408
0.0
0.03941048394318078
0.005812090171453549
0.01316386586150471
0.0
0.030894916201224386
0.03217986435710148
0.05426088516003304
0.016439072210985332
0.1113895133943858
0.04739352876236654
0.03899688059652219
0.040909863623041116
0.11581457889029301
0.05617588347848883
0.05704054535159198
0.05127707316855256
0.03400109334789715
0.01631003651384704
0.06552109212862339
0.0
0.014295851376306765
0.005812090171453549
0.0047439894730209155
0.00946825052697355
0.059870963006741384
0.008829514404051135
0.019998062626080122
0.0
0.04693442454669316
0.04888647069809317
0.08243114834146809
0.024973636092062098
0.06667781867258846
0.04171860353385833
0.029543995644142364
0.0
0.02006378444042304
0.039014773635145515
0.0962919834860509
0.024973636092062098
0.05165321504185553
0.02477760978949109
0.09953724213713624
0.0
0.021717733538484836
0.008829514404051135
0.007206894963611611
0.014383819235923884
0.025666412363663897
0.0
0.03837350722387831
0.0
0.049358485314738264
0.004414757202025567
0.04386946641123162
0.0
0.08559181503834212
0.05355260667511741
0.03792451914307431
0.0
0.025755127581878187
0.050081801642904995
0.12360640771233576
0.03205772000015045
0.09377226184073581
0.022668232968473156
0.03075619167860938
0.0
0.020275083641240175
0.0
0.027753661693340207
0.0
0.03294701091701529
0.0
0.04925863200184341
0.0
0.06335963637887555
0.005667058242118289
0.05631358868139671
0.0
0.007603156365465066
0.005667058242118289
0.05759022212627829
0.0
0.10137541820620088
0.0
0.01641954520910363
0.0
0.1082836910302837
0.02617618351927531
0.035515768646501356
0.0
0.023412689952493772
0.0
0.03204859164925406
0.0
0.014632931220308606
0.0
0.029643363307532738
0.009254678412382561
0.13754955347090092
0.02617618351927531
0.033110540304780035
0.0
0.008779758732185164
0.006544045879818827
0.06650241443123958
0.0
0.11706344976246885
0.0
0.018960499889616407
0.0
0.0409722074168641
0.013088091759637654
0.07998080523477005
0.018509356824765122
0.11413686351840714
0.0
0.039654585486846326
0.0
0.013574220700874188
0.0
0.027498629617980188
0.008585091079424031
0.12759767458821736
0.02428230453950941
0.030714952107373836
0.0
0.04072266210262256
0.0
0.054997259235960376
0.0
0.0434375062427974
0.012141152269754705
0.029106790862677014
0.0
0.038007817962447725
0.012141152269754705
0.07419409588856835
0.017170182158848062
0.10587892146681867
0.0
0.03678552759498191
0.0
0.054737440167857705
0.02428230453950941
0.03294615922882946
0.03434036172861899
0.10631947883117962
0.0
0.05053483981489487
0.0
0.045138016581912514
0.0
0.06096033685363238
0.0
0.04814721768737335
0.013457556657142494
0.03226269454818288
0.0
0.03310121216006918
0.0
0.019495737514551244
0.0
0.04814721768737335
0.0
0.017022611769673693
0.0
0.06067234690408632
0.026915113314284988
0.03651834641442713
0.03806371531480634
0.11784716790784218
0.0
0.05601407962428166
0.0
0.08873180644297309
0.06055900710948958
0.055879480367529336
0.009515929546151035
0.1053220386911292
0.013457556657142494
0.012766958468530544
0.0
0.0
0.0
0.03693747204096996
0.01458683388729122
0.164785525141389
0.030943346452539197
0.013046860477887438
0.0
0.029982951943740514
0.025786122410372037
0.029884738251281413
0.0
0.10868383691614718
0.00515722459205122
0.026093718756238633
0.0
0.048433999293734674
0.02062889836820488
0.061135678850150955
0.0
0.05765952296873175
0.0
0.00841893943658105
0.0
0.023063809187492703
0.00515722459205122
0.035041962293448574
0.00729341694364561
0.15705709381691063
0.018630223772134507
0.06429423049578399
0.00729341694364561
0.03442473930518873
0.029606175647226812
0.0343119758666371
0.0
0.12478466961980045
0.005921235255714554
0.029959340473610655
0.0
0.09575976661832983
0.005921235255714554
0.0792509891024369
0.0
0.02648056869629902
0.005921235255714554
0.01872458969004453
0.0
0.02648056869629902
0.005921235255714554
0.04023321049100569
0.00837389118323497
0.18032412288231858
0.021390175248803402
0.07381901981493014
0.00837389118323497
0.06090530800148775
0.0
0.01123475330894995
0.0
0.03442473930518873
0.0
0.037449174329321405
0.0
0.0947143796157841
0.005856594513637446
0.07838582456755673
0.0
0.026191486513742496
0.005856594513637446
0.018520177718490835
0.0
0.0632845957992931
0.017569782916458637
0.04504950367514732
0.0
0.05238297302748499
0.011713189027274891
0.04504950367514732
0.0
0.06024041898160774
0.0
0.011112106131531541
0.0
0.034048932467865244
0.0
0.03704035044135207
0.0
0.031429783816490996
0.03286985148075706
0.10594840158987252
0.06758173646804597
0.12619524874055785
0.005856594513637446
0.014816141925011187
0.008282475369341262
0.03556537077420257
0.00987405917591531
0.025317413837670624
0.0
0.029438757322336667
0.006582706351235096
0.025317413837670624
0.0
0.05517828700851853
0.021763913631568762
0.052922585351874156
0.010723631437295218
0.023551005857869334
0.026228351703247298
0.03102820866055672
0.0
0.017663254393401998
0.01847255940313921
0.05954204396640895
0.03798032498577403
0.07092058904247268
0.003291353175617548
0.008326537830429127
0.004654676287623736
0.020752880015678012
0.00987405917591531
0.007454622090832112
0.03220245059700977
0.043188268720708106
0.06921049667862378
0.16441949795134658
0.07855279665458959
0.02208062466227041
0.008709237530453788
0.021177963410341064
0.004291261900661827
0.009424375944948464
0.010495766013541083
0.012416518643838841
0.0
0.035489261108471816
0.028320900160591345
0.02375599502561279
0.017905324290852734
0.029475963139785094
0.00768836050038303
0.010577340276277734
0.019934840357853038
0.008304653499239206
0.003951289653532988
0.0029831066042576063
0.01288641354031351
0.01728259435252143
0.02769587609006557
0.06579554056946604
0.03143437234348845
0.05104059455484456
0.2063168761816312
0.11595048325603663
0.03989090537066098
0.018631175583672763
0.03628145573838676
0.03237761344598794
0.06743256229993574
0.015151358934696556
0.012090984998963312
0.010142099222178602
0.007644284121432156
0.012584113715744817
0.003282376299822112
0.004515762630573609
0.008510741337908686
0.11381634757010396
0.0719823362360267
0.028648353470278456
0.020608494087454896
0.017766063784029337
0.008127343231145103
0.014671982517327726
0.05396638657179326
0.021790658474886142
0.08808244938542896
0.0495025068314076
0.01703054407510951
0.007954170355386586
0.015489568996249939
0.01382290945054124
0.028788848327099145
0.10274378960297402
0.12812393444293552
0.05624069610998685
0.011544664928238354
0.0121357020355929
0.001468995542774353
0.0102638813205839
0.03150732950893489
0.08660007488669376
0.05476959893410318
0.021797831408870972
0.01568049906166875
0.013517763370425059
0.006183896667510912
0.01116355261667691
0.041061703509708676
0.02212630210069853
0.025254449258796337
0.027478915169518597
0.03331269608101394
0.016157394093494027
0.01680886563695272
0.009673021163151243
0.024262961529484595
0.0781752363673405
0.09748636777069196
0.0427921700070787
0.008784053158193568
0.009233758836248229
0.0011177227764589928
0.0078095362394512225
0.023973156345338566
0.008997718517155421
0.11386318318255391
0.1634319698864668
0.008896997256404767
0.006280755318931504
0.0015426150032743127
0.0017649889332054186
0.0
0.023893200559794783
0.0272711462774673
0.029673247175368154
0.03597288534833969
0.017447644700978242
0.01815113958123508
0.010445461406902494
0.026200483178807306
0.02041112813535637
0.030566354967945582
0.05549627005692174
0.10164583812469932
0.05767977974789179
0.014442053438409505
0.004239429289104167
0.011131394806927323
0.009716232388609875
0.12295574108027409
0.17648284908197173
0.009607468019724449
0.006782305774334097
0.001665800705966951
0.0019059323322519381
0.0
0.0
0.0
0.11747420731318826
0.06130352471062665
0.007438217326953634
0.0
0.0
0.0
0.02360520171218568
0.03534958821677236
0.0641807077139637
0.11755207728971563
0.06670590800441596
0.01670204519275431
0.004902844313661676
0.012873311950863808
0.0
0.0010686169869530467
0.0200499979872445
0.12267736851682304
0.13451917666801233
0.021324785181396296
0.008468909734563827
0.0
0.0
0.0
0.13585737844658882
0.07089672147791042
0.008602200682757584
0.0
0.0
0.0
0.0016726501327584192
0.0008615465378548793
0.011529524365569548
0.0775259875176868
0.03637502492612159
0.0008615465378548793
0.004618163236760478
0.0012184108127860616
0.0
0.0011784317982448532
0.02211040575939523
0.13528412307709117
0.14834283676445809
0.023516194534910755
0.00933920445727848
0.0
0.004833312008175381
0.01047355288105034
0.016404207629244674
0.18414534048646264
0.15817919066220693
0.014187860236512716
0.0023568635964897064
0.0
0.0018445374983240871
0.0009500820670751347
0.012714338529996578
0.08549282857805617
0.04011304944450996
0.0009500820670751347
0.00509274180939353
0.0013436189604344546
0.012674348930334981
0.0009500820670751347
0.0
0.0
0.05804703843649227
0.011006583696719155
0.010741540394274095
0.0277272663418615
0.004922648560622864
0.010667140860615239
0.01670741490259069
0.18754899202820097
0.16110289671279757
0.01445010163909398
0.0024004266993771723
0.0
0.011565206521958367
0.0
0.008605675306697216
0.11271982675962654
0.23978986668382596
0.027209698675773906
0.003600639921094176
0.0
0.012908615337311679
0.0009676429148480707
0.0
0.0
0.05911995123105867
0.011210023954667817
0.01094008172269996
0.02823976344107322
0.011210654598625478
0.0024004266993771723
0.0007590815484950956
0.004661665875076219
0.0355582985252758
0.0024004266993771723
0.006783936870389233
0.011548551788349239
0.011562909457889896
0.0
0.00860396606030422
0.11269743851577095
0.23974223997818117
0.02720429432600952
0.003599924767363843
0.0
0.0021632856061586554
0.0
0.00603418781182928
0.06858031119790815
0.33682777344577003
0.009098921192742832
0.013354698256726366
0.00424596666385189
0.011208427955131162
0.002399949930206672
0.0007589307808501965
0.004660739981953556
0.035551235989062256
0.002399949930206672
0.006782589454967109
0.011546258032219116
0.007293485144184915
0.001941600195515249
0.0023383709764459248
0.0
0.045723353234977136
0.009103108614824168
0.013469416835218134
0.0011063222108600261
0.0023025197347713595
0.0
0.006422562273099482
0.07299430066025403
0.35850679788653994
0.009684549072843609
0.014214237916846735
0.004519247023540397
0.0023593638963117463
0.0
0.027193784083140004
0.1988664202810197
0.13020530570353533
0.002812759190908638
0.0023025197347713595
0.0
0.007762910931380677
0.002066566131851718
0.002488874009587638
0.0
0.048666215345647516
0.009689006007218174
0.01433634005175219
0.0011775276996569958
0.005140663623649827
0.0
0.007257912267912391
0.009095489097257426
0.057679603048885274
0.0006386040822617503
0.0016155546870539822
0.0
0.002515517199624775
0.0
0.028993590895815963
0.21202829348483646
0.13882287784926223
0.002998920231929514
0.002454910836072029
0.0
0.0091348263988947
0.004141569195762712
0.005590691659618233
0.02735138459795294
0.28891744978239337
0.052638215169619224
0.01816547192588398
0.005395651189173134
0.005480895839336821
0.0
0.0077382735117045715
0.009697469431874158
0.061497098333926956
0.0006808697696829421
0.00172247935495311
0.0
0.0024359537063719204
0.0017787391862710705
0.00606529882999141
0.0037202076260422724
0.042233509072434575
0.05233854837160007
0.005460896796377865
0.0
0.009010416027529753
0.004085163727374082
0.005514550089413442
0.026978876597627
0.2849825827524528
0.05192131704684452
0.01791807005860906
0.005322165942832604
0.010257716669866053
0.0028342273857453635
0.07759906414397516
0.15408346693835326
0.05878803334201892
0.0
0.0
0.0
0.0024027776073412676
0.0017545139199045257
0.005982693420000266
0.0036695408271235066
0.04165831625340276
0.05162573151495997
0.005386522947466491
0.0
0.0
0.0010829172235486853
0.037333089246633096
0.058126124682940906
0.07839268176007179
0.0020147902322842273
0.001274265197263351
0.0
0.010625362832228629
0.0029358087468969386
0.08038028720302777
0.15960596255083406
0.06089505145790519
0.0
0.0
0.0
0.0
0.00753306915654575
0.29113192808606053
0.11314638860918094
0.0
0.0
0.0
0.0
0.0
0.0011217299899963678
0.03867114209332412
0.06020941937321732
0.08120234881697808
0.0020870021992067424
0.0013199360541103046
0.0
0.008759273402971064
0.013766832068645648
0.055614584481596535
0.0026592112752646412
0.002519701708980922
0.0006956674244605352
0.0031512496371847187
0.0019676446081184663
0.0
0.007933659321965374
0.3066136108912143
0.11916323640224812
0.0
0.0
0.0
0.0
0.005041042853863997
0.006042107945791924
0.07763936579150515
0.1081018033931628
0.19216428058421275
0.0
0.00046337568644381957
0.0010361395643068902
0.00922507010661647
0.014498918476068427
0.058572031855867304
0.0028006216171195743
0.002653693273830914
0.0007326613140492875
0.0033188253738738534
0.0020722791286137804
0.015464725515260562
0.0
0.00046337568644381957
0.0010361395643068902
0.013073007503927992
0.007088284746578534
0.031798240147691455
0.013003083855233508
0.004882947164867781
0.005852617150658672
0.07520446305731619
0.10471154673702754
0.18613768148158136
0.0
0.00044884343576948195
0.001003644462982811
0.0
0.0015869012127770039
0.028328920430218604
0.17696639203352932
0.22334063553132763
0.0007096838074889713
0.0
0.0
0.014979725386051497
0.0
0.00044884343576948195
0.001003644462982811
0.012663015724746431
0.006865984065291381
0.030800993182976
0.012595285000757796
0.020918162471987335
0.013105376302761547
0.0
0.0
0.0
0.00944151194853568
0.0459063284734498
0.022096446792434426
0.0
0.0014455750633018546
0.025806005197086646
0.16120613010213783
0.2034503791077788
0.0006464808311160662
0.0
0.0
0.0
0.0
0.0
0.34308546588860983
0.07445694468228989
0.0045253658867428544
0.002585923324464265
0.0
0.019055234060023882
0.011938238515368335
0.0
0.0
0.0
0.008600670364846207
0.0418180055284186
0.020128582808769994
0.003469380151924451
0.0012929616622321324
0.0035619917159622192
0.005686830559457319
0.009948010798573608
0.010695454455190337
0.04540394752214774
0.0011920517063409946
0.0
0.0
0.0
0.36083897414745375
0.07830983882609048
0.004759538210063203
0.002719736078609085
0.0
0.0
0.002803439726150355
0.02108886958585501
0.14445517286036788
0.2101022822207643
0.0020398019864595095
0.0017201120738943871
0.00221370475001282
0.003648908798003145
0.0013598680393045424
0.003746312696110648
0.005981104737008026
0.010462786588956073
0.011248907917611156
0.0477534476830793
0.0012537363357340828
0.004002329096328617
0.007378660209932996
0.017316115672941612
0.0063537600200947
0.03567810413587077
0.009614334398028378
0.0031497639883367253
0.0
0.0
0.002604171900450373
0.019589877776027727
0.13418733369889316
0.19516826221590888
0.0018948133487838757
0.0015978469187965462
0.0020563551454673644
0.00545764938433444
0.0
0.006812973763537476
0.0017864472162715502
0.08936319780569778
0.27695698806560715
0.06581278206972713
0.014641287070416982
0.00371784450073635
0.00685418680574415
0.016085290309538952
0.005902136276443775
0.033142113021121467
0.008930949806885963
0.002925879516853602
0.0
0.008219369839003423
0.002526417888170785
0.003994616825581873
0.0011646210566387636
0.011349172212780628
0.05654823111963617
0.014524555305054681
0.006184267584397522
0.0037830810169706733
0.0
0.00472255176155861
0.001238312334811368
0.0619439237348073
0.1919783867164169
0.045619472595045625
0.010148906842403793
0.004489724782677137
0.001491125510313877
0.002365792362373064
0.0047750354138013556
0.030549845985556604
0.06569987374567689
0.06820060187747144
0.018184357231236452
0.005697423894368972
0.0017512381028191662
0.0027689501502803737
0.0008072808458493029
0.007866910263554305
0.03919756008988368
0.010067991837697339
0.00428675124670993
0.002349532431118534
0.0007059466314237492
0.006603181236248273
0.0
0.00436880041336448
0.28298094223253784
0.1095950736197621
0.005761174476468152
0.00341629819215571
0.0011346195216280109
0.0018001665050327634
0.003633395283958133
0.023245831017031766
0.04999200858997394
0.051894849723730145
0.013836747181982908
0.003549622557553461
0.0006662715260163355
0.0
0.0
0.013562213518003288
0.17937506677750997
0.11044337820705706
0.001665893606156254
0.001787794082125294
0.0005371652645606715
0.005024458560780716
0.0
0.0033242850456340492
0.2153243969638347
0.08339251735896203
0.004383763126103207
0.0002979656803542157
0.002482337688509731
0.0010534677654274514
0.004582694295727662
0.026157586690611002
0.13686196221030134
0.05328180230992848
0.0032912500513142297
0.0035713325599266424
0.0006703465385497716
0.0
0.0
0.01364516196756024
0.18047215049902918
0.11111886580161132
0.0016760824511832158
0.0064736798235999725
0.0
0.005312822685585991
0.0030779331534319244
0.010389610745794088
0.03239317122616874
0.024795922511396156
0.009689091229994454
0.00029978808133424413
0.0024975200230353844
0.0010599109258809007
0.004610722713516506
0.026317570255038555
0.13769902966640624
0.053607681480415045
0.0033113798102579564
0.007230526251928739
0.0
0.0008479287264097109
0.0019543791290693776
0.010505715957988685
0.2944706853891624
0.04436902486173134
0.007931773669621108
0.010403748003117158
0.0
0.008538152938083316
0.004946497474590615
0.016696978379386572
0.052058550877092324
0.03984913315807605
0.015571184594053485
0.02064666648475267
0.008784654426378288
0.007228288939295228
0.0075828709940680755
0.021466877011606336
0.010412512770031945
0.010572782662340695
0.009504491004255744
0.01162006387476202
0.0
0.0013626927859501474
0.003140851650905776
0.016883569221447913
0.4732391605042943
0.0713047550054457
0.012747027459663414
0.014081312058237669
0.01340682841664794
0.005479743669872388
0.002059013337057977
0.01768349525837948
0.013297703484726715
0.06966776340341858
0.02976232180987699
0.06265938826475971
0.026660045721214692
0.02193672104267506
0.023012821858181324
0.06514859832193388
0.03160033998471478
0.032086733922290195
0.02884463661649111
0.019126465720063074
0.009174803618318517
0.03685725366877694
0.0
0.008041774083272486
0.003269446140710559
0.002668612773820884
0.005326127818308195
0.04273456929165514
0.040687617431033454
0.016630160924789424
0.006248781914713041
0.05366662923969399
0.040356440411069144
0.21143071400199043
0.09032396969859555
0.00959391397685599
0.005905357826209476
0.018046753392827714
0.0046236950618260605
0.038996094100797886
0.022638493547881625
0.021702103854454587
0.0
0.053281367979055236
0.025558620964165474
0.10267474002599013
0.0
0.022402294830968797
0.009107828150820896
0.007434062376009577
0.014837209359232613
0.026475439345690396
0.0
0.03958307256161353
0.0
0.05091430643401999
0.004553914075410448
0.04525226902154257
0.0
0.02672615361572297
0.016450793784457907
0.050273569744873174
0.012880414061740335
0.10863299419458167
0.06306496573231883
0.060456427147223865
0.0
0.022402294830968797
0.025558622906392128
0.045343367220585136
0.0
0.06445030939214061
0.04940322302053082
0.03744192305222204
0.014837209359232613
0.037908186714386304
0.0
0.05667601907573248
0.0
0.0729003590661275
0.0065204064339741165
0.06479331432124123
0.0
0.008748043087935302
0.0065204064339741165
0.06626218380734712
0.0
0.11664057450580402
0.0
0.018892007749041494
0.0
0.032076157989096105
0.036595466335700884
0.0649237509683374
0.0
0.09228154178430767
0.07073675258422472
0.05361026842564397
0.021244282119978655
0.046656229802321605
0.0
0.03299093313227567
0.0
0.06415231597819221
0.0
0.028867067185973212
0.0
0.009832173657229654
0.007328469662314174
0.0744739470933349
0.0
0.13109564876306207
0.0
0.0212332631487009
0.0
0.04588347706707172
0.014656939324628348
0.08956796995235894
0.020728042322801433
0.12781825754398551
0.0
0.04440791401053605
0.0
0.05243825950522482
0.0
0.03707944512961284
0.0
0.07210260681968413
0.0
0.03244451526980219
0.0
0.01638695609538276
0.0
0.0490428438703467
0.0
0.14420521363936825
0.0
0.009269862063794166
0.0
0.03736017080862478
0.011934268972234008
0.07292984033250952
0.016877604994413462
0.10407476153831191
0.0
0.03615870807400062
0.0
0.053804722920914136
0.023868537944468016
0.0323847619322251
0.03375520744386726
0.10450781187547635
0.0
0.04967373420742876
0.0
0.013342918145937424
0.0
0.03993265421577615
0.0
0.11741767968424933
0.0
0.007547894192270801
0.0
0.01601150177512491
0.023868537944468016
0.0944858319604309
0.0
0.09873759427993693
0.0
0.011321840970286243
0.0
0.04623960283075566
0.020512543412318552
0.027831358442561464
0.029009114831209146
0.08981367157928401
0.0
0.04268944464686044
0.0
0.06762427527098391
0.04615322431806425
0.042586863875040605
0.007252279254584789
0.08026802137886799
0.010256271706159276
0.009729953085131858
0.0
0.01376023223637737
0.020512543412318552
0.08120081483191877
0.0
0.08485476545766045
0.0
0.009729953085131858
0.0
0.022933720393962284
0.0
0.08318822487968519
0.047920744688690606
0.08485476545766045
0.0
0.03107467540856208
0.0
0.05838931516292126
0.024869043767789777
0.0737017481961761
0.0
0.06951108947966816
0.0
0.010149401562296073
0.0
0.027804435791867265
0.006217260941947444
0.0422446258850247
0.008792534722446543
0.189339230358257
0.02245955368644575
0.07750952104550773
0.008792534722446543
0.04726754084617435
0.0
0.003932140951803332
0.0
0.06395020232129471
0.012434521883894888
0.055049964707424355
0.0
0.0954374870104838
0.018651782162932926
0.01572856380721333
0.0
0.027804435791867265
0.006217260941947444
0.033742245284387844
0.0
0.027007511413148784
0.006039063230956977
0.04103382008088516
0.008540525103423959
0.1839124326469212
0.021815823096051953
0.07528796088272156
0.008540525103423959
0.06211727625024221
0.0
0.011458316159870988
0.0
0.035109764837093424
0.0
0.038194383765387294
0.0
0.09270207958802752
0.018117189048961684
0.015277755309100817
0.0
0.027007511413148784
0.006039063230956977
0.032775132768201036
0.0
0.10306681376162621
0.012078126461913955
0.025136257045378373
0.0
0.06761134177532323
0.012078126461913955
0.06050921850043515
0.008540525103423959
