0.05112097236748631
0.009525830913992521
0.009036996146892696
0.0
0.009585182318903684
0.0
0.004518498073446348
0.0
0.23851004838199055
0.1172972759237862
0.045092673480572214
0.009103199345720701
0.015618814554447686
0.005325101288279824
0.033006555911547
0.054969137279856535
0.05129380089593131
0.007144372931573775
0.01141845362147021
0.0
0.015041393994012673
0.004762915456996261
0.020021354192095324
0.004391190909611791
0.10549577695816349
0.034654858233150294
0.031126704395399045
0.015534227502981843
0.020926701040608245
0.007144372931573775
0.05618195558726099
0.012150272136318937
0.12677988833283435
0.06234930412469007
0.02396898641075272
0.004838800731253154
0.00830217250190136
0.0028305547345657454
0.017544617097286837
0.02921881544768773
0.19070707037121262
0.09589367116277202
0.004803610456413042
0.0017902000223097053
0.0011322218938262982
0.004096417178284609
0.011259033982131015
0.008119513050732228
0.056076223677255635
0.01842077131254629
0.016545383031819502
0.008257210300048683
0.011123576717630866
0.003797587601099325
0.029863488368698142
0.006458470639312389
0.07198555143994177
0.08004133802941531
0.014515429860027438
0.0
0.0057308011249516035
0.019074648201054506
0.048742488553938854
0.015731429021594173
0.19696042840333705
0.0990380614448333
0.004961122686936728
0.001848901368132013
0.0011693478842792174
0.004230740269792942
0.011628222027697829
0.00838575499998929
0.14991642607348404
0.017844445252903123
0.011672424300198034
0.0
0.00409271759497726
0.0013073706984920294
0.00637652100388997
0.014678439781640337
0.07434598530019479
0.08266592422380208
0.01499139637625705
0.0
0.0059187162933586656
0.019700113236544966
0.050340773461316456
0.01624726861704019
0.09019601893268132
0.03015377838799021
0.04477012065110236
0.003697802736264026
0.0011693478842792174
0.0060239471871902026
0.011331406505618593
0.014335728033130785
0.17152203847287406
0.020416145884476218
0.013354627390256257
0.0
0.004682550692878748
0.001495785973013669
0.007295490624997976
0.01679386294677408
0.08002070154024707
0.029113370448826687
0.041521039661285064
0.0
0.016394459700630908
0.016267850206188445
0.0398058122336225
0.0949524561640807
0.10319486286238086
0.034499471954008654
0.05122228802992924
0.004230721608075734
0.0013378716265367852
0.006892104676330396
0.012964462891183163
0.0164017603650053
0.0026757432530735703
0.003907668166429202
0.0009460180832908268
0.002115360804037867
0.03067754480845633
0.09731852467901415
0.06885224163787265
0.009126306376381925
0.03951242895598205
0.014375529823990343
0.020502158794120134
0.0
0.008095216759216747
0.008032699828497332
0.019655217932888346
0.04688539473116514
0.11436646912939173
0.04751518073527471
0.014623837305167439
0.0
0.0
0.009196446395364048
0.004927913822164429
0.0
0.0013212220482513818
0.0019295189599397473
0.00046712252689140436
0.0010445177544935232
0.015147884065705532
0.0480537063343104
0.033997693769383476
0.004506365545245174
0.08946310883650678
0.40810298380338295
0.022771237607711835
0.0024064022365383434
0.0020890355089870465
0.0
0.005574955109000078
0.01543532888937448
0.07226104953369056
0.03002188364169363
0.009239892076109918
0.0
0.0
0.005810661757490124
0.0031136418524760324
0.0
0.0794945234232692
0.09859237311944082
0.10640549632048885
0.01571494113472752
0.0
0.0
0.0
0.0
0.05652616705127748
0.25785486036207766
0.014387726938152207
0.0015204557116802004
0.001319931440934521
0.0
0.003522466946354511
0.009752623071557673
0.011221637542019864
0.10865676683804189
0.10438183485507216
0.008931329814213958
0.001269469433893021
0.0
0.0
0.0
0.10443701047660184
0.12952707005441444
0.13979166684000865
0.02064571748154301
0.0
0.0
0.0
0.0
0.11836265531710256
0.08292112061381268
0.012814349086414106
0.0
0.0024676360369443313
0.0012261782229664915
0.0
0.0
0.014742578822700496
0.14274930407717373
0.13713305408829105
0.011733655920050672
0.0016677827208459405
0.0
0.0
0.0
0.0022379477128607393
0.03432918361542519
0.029710053561782763
0.005471552641151385
0.00388303840415696
0.0025970870016399474
0.0015510063514322207
0.0
0.30598413286751075
0.21436277447007893
0.03312689701801108
0.0
0.006379186669766537
0.0031698433875977324
0.0
0.0
0.014521035940374242
0.0031698433875977324
0.051040626119106265
0.029433519317156962
0.010631977782944228
0.0031698433875977324
0.004592099161926416
0.002241417748942074
0.005785410005275345
0.08874577418421309
0.07680467248892346
0.014144734129665418
0.010038201118453036
0.006713835643931004
0.004009569844842909
0.0
0.005670388150903588
0.0
0.0338336000517509
0.020682409774886935
0.03247104262069147
0.01267937355039093
0.006596883915357135
0.0
0.03445278560599731
0.007520808782922019
0.12109960722486264
0.06983432413692202
0.02522555915621979
0.007520808782922019
0.010895270045261885
0.005318014876822084
0.1924227946509723
0.030083235131688077
0.020408422379232218
0.0
0.005045111831243958
0.0
0.0037604043914610096
0.005318014876822084
0.013453631549983887
0.0
0.08027400893768405
0.049071335730830654
0.07704118868705535
0.030083235131688077
0.015651846613196515
0.0
0.05213282225618756
0.007520808782922019
0.037442386703720285
0.005318014876822084
0.040567922500372285
0.00606346974444992
0.0358359842770458
0.010636029753644168
0.14788361417034143
0.023120013121520996
0.015684582829337306
0.0
0.0038773440166026407
0.0
0.0028900016401901246
0.004087079504393421
0.28677754013275575
0.013329992125071688
0.022230180635716138
0.0
0.0012924480055342136
0.0
0.0028900016401901246
0.016035813552063186
0.04006588817156062
0.005780003280380249
0.028775777209520504
0.004087079504393421
0.03117786024061912
0.004659987512644931
0.027541201040415735
0.008174159008786841
0.04006588817156062
0.0
0.0
0.0
0.020888902960050963
0.02981292453061192
0.15561273367877904
0.06325732898351198
0.24286032551264322
0.011288632384102498
0.018825842856785926
0.0
0.0010945220577137998
0.0
0.0024474257598546124
0.013580083354196032
0.08240151465027297
0.03349516028885988
0.06187386084580279
0.0034611826936431166
0.006567132346282798
0.0
0.010186865188599362
0.0034611826936431166
0.033930183789127794
0.0
0.0
0.0
0.017689968922013726
0.025247362651330867
0.1317821442280511
0.053570079096446475
0.015990900083099474
0.03496676770851355
0.06836234780070109
0.020242793900567924
0.0580464865923432
0.03539215050965708
0.013233683097513785
0.0
0.09828443086332644
0.03995136229762958
0.07380006574340608
0.004128326677033745
0.007832949039807587
0.0
0.01215038645335877
0.004128326677033745
0.05697369037522613
0.08264016116205795
0.06444443006345386
0.0
0.009138440546442184
0.0029191677957434003
0.014769950101187335
0.0
0.019073150782848443
0.041706622480755705
0.08153921046948165
0.024144598385660177
0.0692349639755713
0.04221399794207923
0.015784479411392185
0.0
0.0026109830132691955
0.0
0.08536672626905228
0.03015263868480822
0.10563220303644102
0.0058383355914868006
0.005538731132318535
0.0
0.06433638337491844
0.09331972451970737
0.07277256452292839
0.0
0.010319398490297811
0.0032964109785721
0.0166786663437129
0.0
0.12276816201979371
0.060392416444739305
0.019035880835169657
0.0
0.0014741997843282588
0.005315302864562067
0.03934928076292145
0.016818392358389438
0.0029483995686565177
0.0
0.09639864282155815
0.03404925518103265
0.1192830211020488
0.0065928219571442
0.006254499703154029
0.0
0.0557415372461535
0.032964111894580705
0.05804684145296064
0.013985486600465554
0.03709422365340805
0.0032964109785721
0.007466077564500326
0.0
0.13243482264529033
0.0651476639333417
0.020534749896281054
0.0
0.0015902770210876069
0.005733825289823817
0.0424476096515727
0.018142658263492623
0.07947478327477904
0.005733825289823817
0.01160991735500788
0.015086691916444251
0.06941417485349968
0.03671370928973451
0.09624334765287847
0.020115588716390218
0.060130578463657186
0.03555967801908155
0.06261740036234067
0.015086691916444251
0.04001499126387332
0.0035559675744172028
0.008053950159742264
0.0
0.06361108084350427
0.0
0.008995965170650122
0.0
0.019599455726417574
0.014223870297668811
0.04309579203991902
0.005028897558249142
0.0471906566512176
0.0034046394265036303
0.006893754233401683
0.008958198675045083
0.041216853412654915
0.02179992166187252
0.05714752009260367
0.01194426459988251
0.0
0.0
0.0
0.0
0.0
0.12813285061348514
0.4311122575005951
0.002986066375103829
0.037771083501038985
0.0
0.0053416377638513595
0.0
0.0116377943748307
0.008445871153218409
0.025589484380682627
0.002986066375103829
0.021718373013097415
0.0
0.0040062282103219184
0.0
0.001888554175051949
0.0645836985547395
0.04329875198114313
0.01194426459988251
0.0
0.0
0.0
0.0
0.0
0.06526115951297567
0.21957589853061743
0.0015208758182538615
0.0
0.0
0.0
0.0
0.07261259758061477
0.3025031769050418
0.07117941104469803
0.0
0.011061692600951842
0.0
0.002040468911972257
0.0
0.0009618863131262472
0.03289403953114901
0.022053101497585537
0.00608350281435231
0.0038475452525049887
0.0
0.0
0.0
0.0
0.10307863958816146
0.08182153328599742
0.003503855204756952
0.0
0.0
0.0
0.0
0.05572426240130019
0.23214658294477125
0.05462440830905718
0.0
0.0
0.0
0.0
0.0
0.20599475205908732
0.11471027526547277
0.0031317878401527608
0.0
0.0029526780255097656
0.0
0.0
0.0
0.0
0.07910447156229015
0.06279137150883118
0.002688923869295143
0.0
0.0
0.0
0.0
0.02072654661028778
0.14216158454396013
0.023241882631500316
0.0
0.0
0.0
0.0
0.0
0.20115286854597178
0.11201402312777985
0.0030581755186822514
0.0
0.0
0.0
0.0
0.0
0.146638804325059
0.12981847910454114
0.0020387837364070414
0.0
0.0
0.0
0.0
0.0
0.020239371459886923
0.138820092464568
0.02269558479040314
0.0
0.0
0.0
0.0
0.0
0.07563753625935309
0.13177842550625293
0.016107393836989264
0.0
0.0
0.0
0.0
0.0
0.14653199358530886
0.1297239201789538
0.002037298699754714
0.0
0.0
0.0
0.0
0.0
0.05038105929914006
0.14918113105701494
0.025098981678468368
0.0
0.0
0.0
0.0
0.0
0.07558244237586212
0.13168243896860884
0.016095661317353044
0.0
0.0
0.0
0.0
0.0
0.05566415043535169
0.20807884991303066
0.009941611503072757
0.0
0.0
0.0
0.0
0.0
0.051795675596050424
0.15336988893786355
0.025803719312256508
0.0
0.0011107777927854712
0.0
0.0
0.0
0.005710721327267628
0.08633474179813538
0.06390612980359268
0.006329539495508928
0.0
0.0
0.0
0.0
0.05722710713882185
0.21392135771703716
0.010220755408449878
0.0
0.0
0.0
0.0
0.0
0.0
0.3206037319588941
0.003665379781478214
0.0
0.001251877220990507
0.0
0.0
0.0
0.006436140505747178
0.09730163615006363
0.07202397158315482
0.00713356565575283
0.014792040345909651
0.0024376634583998594
0.009349264746122033
0.005679324046453692
0.012101479802908233
0.0457042348613344
0.02162518122466398
0.0075255660461154145
0.0
0.0
0.0
0.0
0.0
0.36132925199864996
0.004130984148688282
0.0
0.0
0.0
0.0
0.0
0.17653868043550322
0.148737197822267
0.005901405812994388
0.0
0.01625100772868699
0.002678094892659505
0.010271400705635826
0.006239486697868459
0.013295072025678508
0.05021213142990487
0.023758114431688265
0.008267827096076324
0.0028251008911728912
0.004728348829339744
0.010773898897294928
0.0699802880975644
0.059521460422124146
0.008219805400346955
0.003346948805945495
0.0
0.0
0.0
0.0
0.0
0.19395102995124625
0.16340743364868526
0.006483472816081779
0.0
0.0
0.0
0.0
0.0
0.3388055763985874
0.006982914016439852
0.0
0.0
0.0029989439961158795
0.0050193086475587316
0.011436872755148899
0.07428653804626435
0.06318412447877925
0.008725612643298268
0.0035529039186739573
0.0
0.013275447776339534
0.013976676098448023
0.03384387097230637
0.040367120017286984
0.06824563989719892
0.005685783912683855
0.001088208461637572
0.0
0.0
0.0
0.0
0.0
0.359654040096702
0.007412608919712432
0.0
0.0
0.0
0.0
0.05081368844808109
0.1416329351681518
0.07144815637581671
0.023350896442932503
0.0
0.0
0.013554376922627506
0.01427033868503375
0.03455496126443275
0.041215269662724444
0.06967954242125003
0.005805247367285315
0.0011110727041325705
0.0
0.006669997107311931
0.01401070156485012
0.04487065855564634
0.034359132391554706
0.0748916679293814
0.03567422655724151
0.024064281509771707
0.0026758173363580842
0.0
0.0
0.05188132993011284
0.14460877103887262
0.0729493466631436
0.023841519864426005
0.0
0.0
0.05620696178243443
0.03834406438783946
0.03363390934923594
0.045680108825593584
0.0395106065622647
0.01704338785070263
0.030262384561598347
0.02862968118905487
0.007260653718696504
0.01525140877600362
0.04884414620589111
0.03740177969439416
0.08152364363917812
0.03883333104155481
0.02619527598297538
0.002912772341757526
0.055223909767995405
0.04196970049039313
0.0193700364405499
0.002230139340792113
0.009956935560283875
0.00828303019279658
0.02438147512150583
0.01014344569121908
0.06118432729676738
0.04173959436688626
0.03661233506730073
0.04972527673983835
0.04300943881216674
0.018552652330498787
0.03294224742060552
0.03116496122052745
0.10644602558261769
0.0421542112594654
0.019801533394430026
0.01835030618068018
0.015685759308270167
0.0027044412600465803
0.015227554676419118
0.034916958740529955
0.056873747984614885
0.043223563465688175
0.019948724666559062
0.002296765719262653
0.010254403321563143
0.0085304893064106
0.02510988224809305
0.010446485523420097
0.08347545315486635
0.013758468621038897
0.0043967326053219345
0.0
0.0
0.016297566980562887
0.11785157351260644
0.08581142160565947
0.10962614668869765
0.04341358657388081
0.020393112778777256
0.01889852952362611
0.016154378159637276
0.0027852376137305645
0.015682484466004187
0.03596011800216626
0.10059783058330883
0.013741275507686926
0.014023843082520469
0.026887430447030503
0.024378366380439
0.013004353722301146
0.00842756596646733
0.037749748767228954
0.07065634979334845
0.011645617181681165
0.0037215380709956234
0.0
0.0
0.013794792958150559
0.09975342076136792
0.07263358978100394
0.030670951091587722
0.042365797105596244
0.09684552022061967
0.026661619728967453
0.012196266942183124
0.01484832414415448
0.04313242870023356
0.04870382310829308
0.08514928925224899
0.01163106436902641
0.011870238792801708
0.022758399252834294
0.020634645482799495
0.01100730970258623
0.007133367071736836
0.031952620233878425
0.012002695288405186
0.018625947246060863
0.013150310740970868
0.02700997352253094
0.059965617275603476
0.059987639848603704
0.015007058799798243
0.004483180007814889
0.024100366979692516
0.03328984662337738
0.07609847411273553
0.02094994764989086
0.009583482044987006
0.011667393679412216
0.03389224407475781
0.038270088420760795
0.002593457357242368
0.0
0.0
0.008595608764524419
0.018301068279879665
0.24008647463462318
0.11636381717934648
0.005507787943777024
0.009431378907429141
0.014635743203202456
0.01033314271239914
0.0212236742206313
0.047119288156088956
0.04713659287186245
0.011792122887906147
0.003522756209995522
0.07002828396631175
0.015384969274069316
0.009587385640622939
0.009303454177670603
0.02826330439404857
0.0154656840991121
0.014737609806770725
0.032734077494669195
0.002240381669147628
0.0
0.0
0.007425394621364318
0.0158095438837901
0.20740087947835859
0.10052193926868966
0.004757952588783273
0.008040763737248989
0.0014313273660889114
0.005252670962741704
0.014433756527536604
0.0252148302408607
0.0576105371288924
0.10504496566625181
0.008203386045912652
0.06049456848861064
0.013290445299117831
0.008282150074424182
0.008036873303970911
0.024415511940900015
0.013360171533077041
0.01273121794963595
0.028277629848324964
0.051364853980024244
0.016767992076160896
0.002263127243279305
0.0
0.013497245666137248
0.02441314093150851
0.0818134200730948
0.07760291273627522
0.010517022873363398
0.0018721234873117039
0.006870300193686142
0.018878822026002787
0.03298006943825906
0.07535246110074216
0.13739494689115414
0.010729726864653665
0.022662547330900264
0.013688854219960961
0.010776323806141713
0.006334862938364855
0.02706613915121409
0.007475107878134439
0.06624946005991876
0.03947982817263088
0.06718333753451486
0.021931916167169375
0.0029600870962841566
0.0
0.017653900305586705
0.03193148934322041
0.10700894073915533
0.101501752191299
0.03823519263797295
0.007929608308496098
0.022085779732662788
0.030823360594226436
0.012295898781708411
0.03084679679818053
0.006925308043202689
0.012357499460880482
0.029145907073856427
0.01760499679127203
0.013859242196632458
0.008147156797128885
0.03480928975154249
0.009613605937673896
0.08520227573741378
0.05077431880935904
0.0316287539233785
0.0050861607460901915
0.01943247637036226
0.0022197945952522977
0.005922172108856722
0.0
0.09102343601065135
0.0857277410150279
0.04917361474444143
0.010198131018413017
0.028404136319845914
0.039641386754363774
0.015813541083820493
0.03967152764773452
0.008906517953954907
0.01589276464349455
0.030610258304713634
0.01571732579061531
0.018499137606611843
0.02868098851724686
0.010854952346660786
0.018096176699989232
0.02409297401336485
0.15554854956474892
0.06436128451763047
0.008964455956032517
0.014327391018923418
0.0
0.018873302845202437
0.0059763041830942195
0.025121945558296777
0.005509879996574304
0.1323716238145149
0.04348344540088188
0.039056467695833506
0.019491689417001665
0.026257936361990603
0.008964455956032517
0.07049473357696533
0.015245645833867047
0.02448787578625898
0.008964455956032517
0.02103551479527262
0.0
0.013363422211410509
0.014940760139126735
0.017315542791861715
0.0
0.043409986952827974
0.035047010273294425
0.1112023672347927
0.019546365238278705
0.02566561199114041
0.011499960824766765
0.10331871075211663
0.05170014240193474
0.06289632164980791
0.020661140881735058
0.01855766427814353
0.009261468068018551
0.01247644747183991
0.004259457495333165
0.033495543152717154
0.007243962236722297
0.08074057239595761
0.08977611921504994
0.016280824304718812
0.0
0.006427792159125601
0.021394543532664085
0.05467064358230078
0.017644715618655823
0.020626237130889118
0.0166525722620284
0.05283775824658765
0.009287447261613145
0.01219500479495459
0.0054642015724476484
0.04909184216863881
0.02456530102259271
0.22365788722633037
0.03109117126828169
0.0
0.0
0.0012699248940676643
0.0
0.007673473963930303
0.08979914939291553
0.07469137517430924
0.08304996611989003
0.015061042053643503
0.0
0.005946212931774687
0.01979163424609695
0.0505746420870186
0.01632274871243047
0.0906150434637168
0.030293864092409216
0.044978109640330714
0.0037149816547546654
0.001174780335230219
0.006051932697803246
0.01138404893211563
0.014402327665655787
0.20690112380664227
0.02876177699632209
0.0
0.0
0.001174780335230219
0.0
0.007098566504080263
0.0830712708444448
0.027158043016806417
0.04350357980756272
0.03442084109510819
0.044955603892178835
0.017658274628484422
0.014757949408331668
0.012905293205093742
0.009579434793120074
0.08526205347966032
0.028504285399220525
0.04232107432695154
0.0034955229553079456
0.0011053814018128125
0.005694421032220959
0.010711548014141406
0.013551525052817833
0.002210762803625625
0.003228608507684836
0.0007816226716424292
0.0017477614776539728
0.025346518165070345
0.08040688291634511
0.056887361888852774
0.0075403716885843455
0.025553709710783672
0.040933650819185305
0.03238746550335348
0.04229989808259766
0.016615130315919543
0.0138861388088075
0.012142926354871571
0.009013539589184908
0.1669058618278588
0.20137301204964025
0.018590096566337685
0.0028181806765536703
0.006687015319355051
0.003228608507684836
0.02583649817182483
0.012931858470351316
0.000854658710290359
0.0012481476432863294
0.00030216747965185463
0.000675667044848593
0.009798709517721091
0.031084493885572294
0.021992083123532194
0.0029150320115331318
0.05787098793724276
0.26398951657267855
0.01473002709217539
0.0015566290576528342
0.001351334089697186
0.0
0.003606270384066512
0.009984648908152607
0.06452413093605444
0.07784878526243519
0.0071867447423590415
0.001089480363265803
0.0025851330043906735
0.0012481476432863294
0.009988130870366468
0.004999326686608905
0.12580822430629882
0.26890630803978843
0.01385494119625681
0.0
0.0
0.0
0.0
0.0
0.05355193767342115
0.24428734745754577
0.013630689934365833
0.0014404541074442999
0.0012504807940363785
0.0
0.00333712579868972
0.00923947067570757
0.010631190218484654
0.10293958902657933
0.0988895905382255
0.008461391290120118
0.0012026739393187975
0.0
0.0
0.0
0.1164188555785643
0.24883718701593402
0.012820913792165859
0.0
0.0
0.0
0.0
0.0
0.012184304140011856
0.03795167878725122
0.01982552969073182
0.0006252403970181893
0.0011863102294490508
0.0
0.00027961599782604026
0.0010081698375928273
0.02899199095301656
0.2807233783266107
0.26967875236084365
0.023074799217360054
0.0032797750065212696
0.0
0.0
0.0
0.004401031910691028
0.06750999216435194
0.058426250551941325
0.010760071665817099
0.0076361819487232
0.005107296610807608
0.0030501286545305583
0.0
0.033227440026595355
0.10349685269845652
0.054065590551947276
0.0017050738027708436
0.0032351500380321716
0.0
0.0007625321636326396
0.002749348869684851
0.009166258441091153
0.0060283461286652455
0.004255798034527583
0.0
0.007548683422075067
0.0
0.01111858628596487
0.0
0.013235256093679582
0.20302330301377094
0.1757056991043298
0.032358843783314876
0.02296434693503864
0.015359211194587049
0.00917267465462292
0.0
0.012972121121812076
0.0
0.07740097259273536
0.047315054551958675
0.07428385616953045
0.029006545066612693
0.015091661258305569
0.0
0.027565757383850663
0.018129090280033597
0.012798493174548842
0.0
0.022701211963171132
0.0
0.033437007474756725
0.0
0.04215939364588925
0.021754908026760847
0.024264333593332476
0.0
0.02594424224362415
0.0036258181333265866
0.03972812300102768
0.0
0.01793209043347706
0.0
0.10699570464526512
0.06540625308099979
0.10268673982234194
0.04009737377664627
0.020862049616565258
0.0
0.0694868504297236
0.010024343444161567
0.04990624738917689
0.007088281208196473
0.054072214797337446
0.00808188386861674
0.0477651040495023
0.014176562416392946
0.05827929390880045
0.030073029263648823
0.03354194893941237
0.0
0.03586418086695412
0.005012171722080783
0.054918412163824454
0.0
0.013449067825107797
0.0
0.04091073650488839
0.0
0.07245585418752164
0.02506085807598598
0.01584987842890241
0.0
0.05622917640734703
0.008111758878173052
0.04038443490992302
0.005735879695449132
0.043755560739516176
0.006539908931571797
0.03865180886894651
0.011471759390898263
0.05622917640734703
0.0
0.0
0.0
0.029315856033621735
0.04183998581218535
0.21838966394022047
0.08877645480466918
0.010883066401422005
0.0
0.03310521351394932
0.0
0.05863171206724347
0.020279396762978425
0.012825816750970893
0.0
0.005441533200711003
0.0
0.004055879439086526
0.0
0.12633264613567194
0.04304282777543837
0.039968161411827095
0.0
0.03731821676574218
0.0
0.0
0.0
0.019456366606021284
0.02776838929141233
0.14494099574351668
0.058919215890593714
0.01758764052942287
0.03845830677055717
0.07518853801962272
0.022264098992817637
0.06384260641219752
0.038926165349813656
0.0145551069664528
0.0
0.003611440332168598
0.0
0.002691808732659491
0.0
0.08384453364436613
0.028566692236389166
0.026526095642756868
0.0
0.0
0.002691808732659491
0.06952255003927531
0.07380190973636411
0.1354515325259393
0.014064440158042622
0.0
0.0
0.01792856168108161
0.03920378767876253
0.07664600259142267
0.022695669234236746
0.06508013994414175
0.03968071529063807
0.014837245086186251
0.0
0.0024542966463489664
0.0
0.08024382729690473
0.028343164098198242
0.09929316289736467
0.005487974218761616
0.005206349169639913
0.0
0.0
0.002743987109380808
0.07087018435019898
0.07523249572200805
0.13807714295875612
0.014337067127424549
0.0
0.0
0.0
0.0
0.027603534600435298
0.03610432813759275
0.1059007132336202
0.018144482001235505
0.01388359817580638
0.0
0.0031710917665667983
0.0
0.10367961853248689
0.036620990557092024
0.12829245063289685
0.007090776857041501
0.006726901171574822
0.0
0.05995168758541025
0.035453886553349086
0.06243111108938566
0.015041808403999667
0.03989594506286988
0.0035453884285207506
0.008029989335578497
0.0
0.0
0.0
0.035665346904905526
0.04664885879417344
0.1368297839253681
0.023443709450661213
0.017938403628230987
0.0
0.0
0.0
0.04405920965780912
0.015041808403999667
0.14822766108771082
0.017726941764580156
0.004484600907057747
0.0
0.07121299212670619
0.04211353250711842
0.07415814969572081
0.017867256562534697
0.04738998577149416
0.00421135298129299
0.009538339792644105
0.0
0.07533497124125665
0.0
0.010653973622702227
0.0
0.02321174886379451
0.01684541192517196
0.05103859596308069
0.005955752486865846
0.0
0.0
0.05233527656749427
0.017867256562534697
0.17607069437304798
0.02105676445743353
0.005326986811351114
0.0
0.0056501228430942485
0.00842270596258598
0.020624539385421352
0.0
0.10949173523875202
0.038849321949062716
0.09477012158975921
0.0
0.07447584437148333
0.0
0.010532474737678335
0.0
0.022947039966787656
0.016653305314140436
0.05045654716867731
0.005887832543353827
0.042823610513602915
0.0
0.00789935583130344
0.0
0.0037237922185741667
0.12734412245190857
0.0853751286731917
0.023551328397772808
0.0055856883278612495
0.008326652657070218
0.020389335260819392
0.0
0.10824308152306304
0.038406280745104104
0.09368935449623096
0.0
0.05980988253355905
0.06181923509855334
0.04502374521128595
0.0
0.04931572882447815
0.004163326328535109
0.03355492357794513
0.0
0.02777847298506369
0.0
0.005124090190610279
0.0
0.0024155193900055384
0.08260455442479148
0.05538044730467686
0.015277085042889655
0.009662077560022153
0.0
0.0
0.0
0.0
0.25885434611430724
0.20547282716805845
0.008798992221185077
0.03879699040487374
0.04010040095981591
0.029205638549342206
0.0
0.031989727733357266
0.0027006328181618513
0.021766136179240243
0.0
0.015700876035035997
0.0027006328181618513
0.061605189282233644
0.0
0.006038798475013846
0.007055271999564747
0.05951193234105913
0.011457814070119591
0.006355056963999561
0.0
0.0
0.0
0.0
0.17025676980091528
0.13514604008250727
0.005787378174522953
0.0
0.0
0.0
0.0
0.044609802774764215
0.30597476597988726
0.050023567350617665
0.0
0.010326967566499286
0.0017762924476281976
0.04051970031646821
0.0
0.003971910602499726
0.004640477700081954
0.039142898379326545
0.007536170212481581
0.02580695822639849
0.00710516979051279
0.003370277753175584
0.0
0.009141964135342127
0.10251262717686505
0.02097007402887701
0.005024113727514996
0.0
0.0
0.0
0.0
0.03388156936782285
0.23239074404102666
0.03799337503851739
0.0
0.0
0.0
0.0
0.0
0.12662045541590178
0.22060269380507377
0.026964462938210386
0.0
0.01960063015151603
0.005396444013502833
0.002559757998922295
0.0
0.0069434086847154864
0.07785931505475195
0.015926970613277542
0.0038158621464905156
0.011463474700106826
0.0026982220067514164
0.0
0.0
0.026590792774817695
0.10789879194480624
0.03888432595435277
0.0019079310732452578
0.0
0.0
0.0
0.0
0.09845028649842984
0.17152361627588472
0.02096548375871437
0.0
0.0
0.0
0.0
0.0
0.07250561619588788
0.271034141584499
0.012949495543771578
0.0
0.008913112536090947
0.002097929033097479
0.0
0.0
0.020674946700376593
0.08389376696608049
0.030233448599834963
0.001483459841960596
0.0
0.0
0.0
0.0
0.07922169556755099
0.10906031225950868
0.016992088175993687
0.0
0.0
0.0
0.0
0.0
0.05672775430960457
0.21205472072371728
0.010131571044865562
0.0
0.0
0.0
0.0
0.0
0.0
0.3178062049019535
0.003633396376138556
0.0
0.0
0.0
0.0
0.0
0.06198235554615147
0.08532782594484097
0.013294459847781766
0.0
0.0
0.0
0.0
0.016080792501139148
0.14074807499489222
0.08221237401249577
0.0
0.0
0.0
0.0
0.0
0.0
0.0
0.2590351872739461
0.0029614824890655954
0.0
0.0
0.0
0.0
0.0
0.12655972328494663
0.10662897531649844
0.0042306891885804665
0.0
0.0
0.0
0.0
0.013107016265875437
0.11471992491775673
0.06700906832556194
0.0
0.0
0.0002991549015102295
0.0
0.013042662539656394
0.03536232462757809
0.25704340795075004
0.0
0.0
0.0
0.0
0.0
0.0
0.0
0.10625166136953416
0.08951904668755364
0.0035518231500294996
0.0
0.0
0.0
0.0
0.0
0.18560693069101813
0.0038254306544999784
0.0
0.0
0.00025115182356029957
0.0
0.010949807154686715
0.029688005346767927
0.21579763632513094
0.0
0.0
0.0
0.0
0.0
0.0164628246001517
0.21064865604396577
0.1274467046787671
0.0
0.0
0.0
0.0
0.0
0.0
0.0
0.16057700911394132
0.0033095542864990633
0.0
0.0
0.0
0.0
0.022687108174418404
0.06323575043176367
0.031899909297415485
0.010425622105975215
0.0
0.0
0.0
0.0
0.014242739352554273
0.1822417462294055
0.11025994871286621
0.0
0.0
0.0
0.0
0.0
0.009438711695447416
0.07496789875249453
0.20222613498944114
0.11448758873568979
0.0
0.0
0.0
0.0
0.021897553773123073
0.061035026360244056
0.030789731940607343
0.010062790679566431
0.0
0.0
0.02372327327986163
0.01618387988403253
0.014195864669763662
0.01928020427999799
0.0166762423586935
0.007193502989219568
0.012772845147439113
0.012083730008255316
0.0
0.0
0.009110226623467136
0.07235887366384802
0.19518828187434487
0.11050320346785382
0.0
0.0
0.001482951586851613
0.005370715163904252
0.0
0.0
0.018548399955183342
0.30398000100817807
0.03027044711821681
0.007291985724436171
0.03198470605187963
0.021819781560629872
0.019139456569009446
0.02599437519608272
0.022483605175408
0.009698580624994058
0.017220882323765056
0.016291788564119152
0.05564570191541138
0.022036526600073787
0.010351445426953071
0.00959280219433017
0.008199884232478324
0.0014137731435307453
0.007960353275632456
0.01825318199748296
0.0019993771531891203
0.007241022087439862
0.0
0.0
0.025007726096670277
0.40983851019202
0.04081187877041471
0.00983135915432804
0.004406222867593043
0.03498674338887951
0.01904418177212829
0.006107125266315285
0.023098321228175425
0.09702178696628115
0.02018688393463563
0.0023316543442240974
0.0736845024965679
0.029180160252936183
0.013707098305002503
0.012702523877076658
0.01085806036049442
0.0018720793724990381
0.010540880079175578
0.02417035976126923
0.06761617846346647
0.009236109085612641
0.009426035045816239
0.018072211746404228
0.01638576062992189
0.008740791893727505
0.0056645337289792305
0.025373248456706632
0.005834598696969171
0.04632847986181458
0.025217779829008483
0.008086886703607766
0.030586159390913255
0.12847357222316694
0.026730914490767255
0.003087512322322437
0.020745965061921702
0.04300255957684717
0.11101843167111113
0.08214062469146315
0.0482634608269992
0.029823878927183224
0.036419268031420815
0.01700889488650806
0.07186400128741352
0.009816345293423887
0.010018202892577602
0.019207554726147723
0.017415156398408314
0.009289910997310212
0.006020394355944073
0.02696726140392329
0.01012999306550994
0.015719862239893686
0.011098553567715864
0.022795783605967103
0.05060957331456169
0.05062815984920382
0.012665605343035867
0.003783698685950056
0.022049280124935115
0.0457040913434993
0.11799289604706152
0.08730091070978921
0.05129549598666698
0.03169749196602084
0.03870722043409766
0.0180774375570771
0.044237965331732854
0.0824209525866093
0.05543440939870818
0.005033557372975517
0.007778662848254469
0.0017796312805088573
0.0037551399532764055
0.03870429067161323
0.012803322142112434
0.019868370983613926
0.014027488046637107
0.02881164469725034
0.06396555915002214
0.06398905071502024
0.01600808848368007
0.004782225698637971
0.09506506816026279
0.020885463270619957
0.013015105008756186
0.012629661265890919
0.03836811080430069
0.02099503557354726
0.020006657331115035
0.044437292076028395
0.05591246878363637
0.1041720364862868
0.07006368086330746
0.006361925042815074
0.009831470331423208
0.002249280175335239
0.004746130249013611
0.04891844432133142
0.0081786898490102
0.00615854668454066
0.010403758737579942
0.004638307726164571
0.02442409417442344
0.010649346703005479
0.13456261595823926
0.009070416724849631
0.07828431210652675
0.01719878980584422
0.01071769644015866
0.010400290700596108
0.0315954242632857
0.017289020555441237
0.016475109491080296
0.03659328194226036
0.06646980647585642
0.021698984849145335
0.0029286490320699792
0.0
0.017466404318683338
0.031592356007013295
0.1058724356833846
0.10042373708584913
0.006734998681987236
0.005071448431114909
0.008567301447895595
0.0038195599783197786
0.020112786413264177
0.008769538560928204
0.11080980668721353
0.007469319147042894
0.04034999678016632
0.026918321020665246
0.0032690394395969843
0.005046854587551355
0.0030336368777784226
0.01595880822551714
0.11482572756222134
0.05423602725943822
0.057402780598252795
0.01873906563806124
0.0025291573234572508
0.0
0.015083843749566698
0.027282899960167403
0.09143056854157412
0.08672511704828682
0.03266890950456174
0.00677521514510705
0.018870529730441968
0.02633609270426949
0.010505860618522019
0.02635611706332938
0.005917121011962985
0.010558493464715484
0.03484592682172769
0.023246441618328405
0.002823115692180947
0.004358422296681787
0.0026198239673397485
0.013781896108147946
0.09916255809595415
0.04683778904073119
0.031213874300989763
0.0036889915046523706
0.016688637308688865
0.00913042688127149
0.02387869888511273
0.10164822015380012
0.06355921494117313
0.08533373245456384
0.04156050863295052
0.008619246610879372
0.024006580741878485
0.033504069306051994
0.013365273514002369
0.033529543757455454
0.007527602317596846
0.013432231606322372
0.025871148809000318
0.013283954364603699
0.015635083412057677
0.024240570417031135
0.009174378232274627
0.015294509298776253
0.020362876711012806
0.1314663742054766
0.039709451953790297
0.00469303584359244
0.021230835845411192
0.011615483680856272
0.030377838936429077
0.12931413369142816
0.08085832497400408
0.1085592809231839
0.04873155975986453
0.05242809081812274
0.019862136063638222
0.0
0.00045502688666584673
0.0
0.0034653815691991097
0.017824884682028683
0.01898551882062027
0.006950167860839085
0.016308893655495645
0.0
0.0103606987440289
0.011583613266077347
0.013424788921406427
0.0
0.03365588471166054
0.027172045421901186
0.08621550739890524
0.015154351824762784
0.019898621005500237
0.008915951901288209
0.08010328640294856
0.04008326549710224
0.0376181097406418
0.0
0.02094233856669729
0.0032763406579294084
0.0103606987440289
0.004633445405238261
0.01574151137700725
0.06256028730801032
0.08007701946422296
0.06997535399796645
0.15380230898172625
0.02868524795410872
0.018174122965516862
0.011583613266077347
0.047877997349239816
0.04587768261961252
0.01877842726431106
0.015160744783539898
0.0481042661221469
0.008455427510437503
0.01110251031619493
0.004974688845794298
0.04469392946395764
0.022364608510577057
0.20362140417165303
0.028305856008477792
0.0
0.0
0.0011561581544447027
0.0
0.006986042668948916
0.08175445596650024
0.04467927372685429
0.03904301154472307
0.0858145758770025
0.01600504181898183
0.010140320158702053
0.0064631205222657135
0.026713708419380262
0.02559762530411388
0.06615075773720724
0.13766942286274786
0.02340873164793847
0.004775683077037988
0.005922443234552178
0.0
0.006672884894301131
0.005484139445988733
