0.04145260287480185
0.03779116576860249
0.11831206559788385
0.007404897083313147
0.023670924130344224
0.0020079347209876097
0.03462420379533915
0.01732636398948729
0.032327124945041155
0.01003967339084396
0.026142578726133313
0.009381745128516798
0.03531249402495977
0.01003967339084396
0.015445233985868717
0.0056792970150484024
0.029228289423578156
0.02753007113289115
0.011063354856173135
0.01396054029367878
0.018361503770447606
0.020761202199376376
0.0558471350085855
0.06373910556399759
0.12714874601666387
0.06604880740176966
0.06753775128980992
0.004578795593350159
0.010023453622678502
0.0
0.012333284773280185
0.044878831076816825
0.03988464673114338
0.012386775105136463
0.032254260745599506
0.011575034612841952
0.04356794338425009
0.012386775105136463
0.019056062122861917
0.007007018270617639
0.03581259540874999
0.03180268803157741
0.07253993751932211
0.03051457472525022
0.006647441121857229
0.004954710147712816
0.010311439299048236
0.0
0.15687392014613494
0.08148987436128328
0.08332690753630094
0.005649238681304408
0.012366763436160636
0.0
0.015216593094905789
0.05537072431429053
0.05566184655168479
0.06480268245932054
0.07027303594412089
0.011575035669424263
0.011079068536428715
0.002477355073856408
0.003133633742905847
0.0
0.04033547956150605
0.03581914849950324
0.08170123203325996
0.03436835535403995
0.007486967153502542
0.005580455915446664
0.011613703065900961
0.0
0.10274139076820078
0.06743087644699926
0.10865302665874413
0.00789195641968308
0.0012478278589170904
0.0
0.009054030147911098
0.00394597820984154
0.06269155441866181
0.07298681494695736
0.07914803640164332
0.013036882955254712
0.012478278589170904
0.002790227957723332
0.0035293901027721205
0.0
0.06490200009231135
0.05944501901025727
0.07522713491733911
0.00909090415040248
0.018717417883756356
0.0
0.008084313260634185
0.0
0.06414550831359822
0.04209975953589043
0.06783637609656754
0.004927260107578949
0.0007790682187541445
0.0
0.005652788635445984
0.0024636300537894747
0.0094752436510881
0.08090609662102156
0.10687160964398065
0.021979036841365616
0.008696175432333956
0.001742049521821073
0.0022035376442399797
0.0
0.040520882142652905
0.03711387331447974
0.046967271633837696
0.00567581053164265
0.011686023281312167
0.0
0.005047356081053211
0.0
0.004195410699898672
0.13616492416568238
0.27460932661936743
0.018239984005277512
0.0
0.0
0.0
0.0
0.006603421465162956
0.05638451893830191
0.07448022521917273
0.015317478790660352
0.006060478614510602
0.0012140571397812152
0.0015356742596901905
0.0
0.0029238366939201405
0.025653790797997733
0.19136669293677946
0.04278273429494998
0.0
0.0
0.0
0.0
0.0029238366939201405
0.09489511997242389
0.19137883823431145
0.012711683872197515
0.0
0.0
0.0
0.0
0.004640772762107241
0.08660416492234912
0.11875552627811431
0.02961382263662284
0.019519943319269338
0.014632687190908064
0.0
0.0
0.002553123245655577
0.02240114496194297
0.16710329725223338
0.037358308577314224
0.0
0.0
0.0
0.0
0.0
0.06818884494996728
0.170497081351012
0.023825465352267414
0.0
0.0
0.0
0.0
0.004052368875929038
0.07562361711022365
0.10369850522814346
0.02585908410120945
0.017045008411699973
0.012777407811865427
0.0
0.0
0.028459011743192538
0.06935101098546417
0.08970491874344654
0.03694816339416537
0.010957603328114317
0.007420887394812641
0.026174540329384575
0.0
0.0
0.061070573767525005
0.15269879686970245
0.02133831186624252
0.0
0.0
0.0
0.0
0.004969946591097724
0.08585299624796146
0.19422478293099385
0.0
0.0
0.0
0.0
0.0
0.025488159790486877
0.06211142064875611
0.08034057273519071
0.03309112421237788
0.00981373306522336
0.0066462168613932405
0.023442165609193325
0.0
0.03846937625933534
0.08641879897469414
0.03610343996956814
0.0026854771019053274
0.0
0.0
0.037297542366763595
0.0379360206292438
0.006057229385450728
0.10463518715344639
0.23671563486410754
0.0
0.0
0.0
0.0
0.0
0.001035008096878913
0.04871808743999723
0.18932865397155624
0.01940373477863232
0.005743787785921512
0.0
0.004486783828907856
0.0016364915112722746
0.04688538036513173
0.10532477140549291
0.04400184458546115
0.0032729830225445493
0.0
0.0
0.04545718258496506
0.046235341710536754
0.008343772629871444
0.016830714457225854
0.042607195022301855
0.005406706577612197
0.012937601210986412
0.0023143484958636777
0.0026208967106534204
0.0
0.0015724326893663996
0.07401479610166228
0.287636942586589
0.02947906103703331
0.008726230937324808
0.0
0.006816531758514972
0.0024862344130011163
0.044788661688087164
0.04871061691485678
0.12081967575097571
0.011502505668678237
0.004717298068099199
0.0
0.0
0.0
0.012676249466467162
0.025570008271181468
0.06473084264491011
0.008214121406476661
0.019655408617079994
0.003516066435089691
0.003981788814707651
0.0
0.03540747490196399
0.042663801526887604
0.061220413538528584
0.0
0.0007862163446831998
0.0
0.02082885624610657
0.05947675781480716
0.05003891957835046
0.05442061786504908
0.13498251143309953
0.012850863017807043
0.005270273541562589
0.0
0.0
0.0
0.04841003974187472
0.01199151383932215
0.05406218817199174
0.1218192253530017
0.04740985771673541
0.016608949093493055
0.004968861461557488
0.0
0.039558042645491384
0.04766497709572017
0.06839684942902836
0.0
0.0008783789235937648
0.0
0.023270475681240695
0.06644879728272292
0.005270273541562589
0.012690090697506168
0.04925892536680259
0.04868784034542997
0.018731039178074643
0.018118771767784373
0.03456894391240981
0.0036216489937654353
0.055961041144914625
0.013861951011200154
0.062494812084609656
0.14082059668966004
0.05480485065716317
0.019199614141005936
0.0057439048217321495
0.0
0.033666847789617815
0.06956269000280194
0.10951923418746685
0.0167848011065118
0.018276993537513518
0.004540955619360642
0.007179881148208932
0.0
0.006092331179171172
0.014669491936846317
0.05694233600931077
0.05628217310614684
0.021652707986201915
0.020944939062201084
0.03996101021469014
0.004186554058480464
0.003046165589585586
0.008201990995157749
0.050621083025698656
0.028629681083351836
0.043826481213611476
0.011352388806314114
0.02117119209414647
0.0
0.04381892208608696
0.09053898102902853
0.14254422688388552
0.021846176289290677
0.023788332094316078
0.005910258712801266
0.00934493940706123
0.0
0.03500430820967756
0.05995118536261841
0.04299553465625531
0.01380735646122616
0.010572592041918256
0.017730775508228203
0.013082914161604774
0.0
0.003964722015719346
0.010675261509883228
0.06588562454309921
0.03726282224520531
0.05704214358312504
0.01477564646691537
0.02755526215700741
0.0
0.003964722015719346
0.007720132468570391
0.16008631899710712
0.04691933054826198
0.019823610078596732
0.0
0.013386208852063946
0.0
0.039219465569760636
0.06717040188628853
0.04817298147998419
0.015470014093601185
0.0118457250201134
0.0198658843764225
0.0146583357236963
0.0
0.03725817710598507
0.039193259438192296
0.03729668563103458
0.0
0.007403578137570876
0.010714558631621214
0.08107423034917986
0.012656331590586213
0.004442146882542525
0.008649777271169693
0.17936363257026058
0.0525692739868242
0.022210734412712627
0.0
0.014998152628481356
0.0
0.018249161778551955
0.011960757765220034
0.11966395797384047
0.06798520104241855
0.03997932194288273
0.0
0.013243923388321822
0.004682434006733452
0.03851571413155419
0.04051610931235712
0.03855552239534057
0.0
0.007653463514496465
0.011076196136149864
0.08381064566530212
0.013083507765571049
0.006122770811597172
0.0
0.09032299734254846
0.04757128688333355
0.09905808364530999
0.0068454659731979565
0.012081638724416545
0.0
0.01886510701271757
0.012364456950524818
0.12370285277403933
0.07027983578148281
0.04132870297828091
0.0
0.013690931946395913
0.004840475397660906
0.0155553235880648
0.013690931946395913
0.10672612162646004
0.03051358161062663
0.03520593216668374
0.013690931946395913
0.004329452686435993
0.0
0.006607803222074011
0.0
0.09747818614033417
0.051339779393751325
0.10690524672982332
0.007387748701718259
0.013038719518934387
0.0
0.0603086061317158
0.027518648652140675
0.045146239965731645
0.006811167494864689
0.074809228446752
0.01703781593865019
0.031055079555277556
0.0
0.01678758204225609
0.014775497403436519
0.11518072978119885
0.03293080030070908
0.03799486852692556
0.014775497403436519
0.004672422387109747
0.0
0.03634291772140706
0.011081622658721625
0.037758492051724914
0.0052239271913381005
0.018439532847774595
0.014775497403436519
0.05246009738760388
0.04135413050412193
0.06545047692821389
0.029864869945242675
0.04899537772136967
0.0073918830092543335
0.08118741245284228
0.01849044855330091
0.033702814545196864
0.0
0.04360893980641678
0.004008811569091859
0.032309596629542706
0.005669315675520754
0.025680989714684656
0.024954463681633163
0.0796711717213979
0.011338631351041508
0.03944149020181068
0.012026434279839938
0.04097775543805723
0.005669315675520754
0.02001167489403518
0.016035246276367435
0.056932809659375486
0.044879955582707035
0.05465664307407101
0.026508070836613353
0.039265236261318386
0.011338631351041508
0.060325961314205596
0.02249925969495713
0.025765386026676166
0.011338631351041508
0.04279550647053271
0.003934035594668898
0.031706928848943036
0.005563566478622366
0.02520196469767778
0.024488990484443397
0.07818507306193005
0.011127132957244733
0.07292111790037636
0.022079583180237134
0.03411633279744752
0.011127132957244733
0.01935289595014042
0.03872565765484613
0.05290028628850463
0.016690698596941653
0.05363713799778789
0.02601361835544331
0.03853282560749137
0.011127132957244733
0.059200706993186594
0.022079583180237134
0.025284786773425428
0.011127132957244733
0.048930081681612295
0.02360421272908794
0.029218823626482496
0.005563566478622366
0.04075064918540677
0.015736142378675592
0.07432974083853083
0.023944702366372122
0.07998987992807469
0.02421991404276031
0.03742347131570754
0.012205765007740437
0.021228909647643582
0.04247961077857915
0.058028286869645215
0.018308646591362207
0.05982692718881373
0.00863077922859745
0.021834335581296237
0.0
0.07195709746739441
0.00863077922859745
0.03909589403849113
0.0
0.05367322212380473
0.0258923367655439
0.03205121178634404
0.0061028825038702186
0.044700899124791915
0.0172615584571949
0.08153505069521574
0.026265832482385825
0.025088711401760597
0.004315389614298725
0.03750979798228923
0.0
0.044700899124791915
0.0388385079090612
0.05820093284082098
0.0
0.058950209853479034
0.008504301835846233
0.021514370284579195
0.0
0.07090262187062953
0.008504301835846233
0.03852297395627166
0.0
0.054096630746518035
0.060822036923649056
0.04381650355120611
0.0
0.026622675417700206
0.0
0.030018673027188348
0.0
0.024721055745007336
0.0042521509179231165
0.03696012091075605
0.0
0.04404584202911209
0.038269359621452434
0.05734804319477312
0.0
0.15090383346152403
0.07464626875686621
0.044252921290840484
0.01986747663804634
0.01361992817278906
0.0
0.0411272079457059
0.02770805793910922
0.0420261278328385
0.04725090386468153
0.03403979053814799
0.0
0.02068239638803109
0.0
0.023320649966615533
0.0
0.0238188906683079
0.06378648094909758
0.07374516355265412
0.041654035110323305
0.06370637223440646
0.0033033746385889426
0.0033033746385889426
0.0
0.11723287953432446
0.057990554859507576
0.03437883101925176
0.01543447533394139
0.01058093331442003
0.0
0.031950553568351726
0.021525599078527663
0.01787405197393433
0.01321349855435577
0.07003666825325724
0.05178787486909017
0.07482463904969036
0.013993318711322193
0.022445548904516395
0.006091121631271603
0.02433701831511927
0.06517401573116482
0.07534932759989481
0.04256012714846452
0.06509216442734939
0.0033752322977831954
0.0033752322977831954
0.0
0.01835834630411989
0.04594518959206076
0.10710919392371619
0.04449750115712078
0.015094497493771555
0.0033752322977831954
0.016183337202559128
0.0
0.018262862713158256
0.013500929191132782
0.07156016213120057
0.05291440633157282
0.07645228471523388
0.01429771262269044
0.022933802517887247
0.006223620602831674
0.010566148245640089
0.0
0.06067535521482882
0.03341309279712536
0.045773391104502716
0.024385726030840327
0.019212157896985195
0.0
0.021577439158607648
0.05400157054619369
0.12589053920928808
0.05230003334844908
0.01774128213435647
0.00396707134428772
0.01902104732565627
0.0
0.028386051414970352
0.00396707134428772
0.011494059123479429
0.04782192702321361
0.06991571258701869
0.03173657075430176
0.06960812456985088
0.0
0.012418897494049529
0.0
0.07131463607269832
0.0392720000476888
0.05379964759782918
0.028661705746930423
0.022580964606530512
0.0
0.015967153920920824
0.0
0.05674717716233022
0.028051427880374638
0.06089616045157177
0.023802427219756065
0.029057031031245212
0.0
0.025599936799871652
0.0035776999840417423
0.010365907636589436
0.04312816501123855
0.06305342709982331
0.02862159987233394
0.06277602910301207
0.0
0.06317877469076068
0.024501947567185392
0.05946232878765278
0.005059631826604677
0.037059552063506675
0.023657366522371416
0.031026156313988203
0.0
0.014399964449927805
0.0
0.05117739440719219
0.025298156844210676
0.054919151527109605
0.021466199141312887
0.026205059207336175
0.0
0.04789506913644572
0.027235067650819515
0.13779819496542547
0.029510727315962562
0.03865954811349865
0.0
0.032708311584976814
0.01165658438185751
0.054541396443994875
0.021152205664844374
0.05133303809332697
0.0043679129053425
0.03199301871595461
0.020423090074683698
0.02678446835883406
0.0
0.08867387924857742
0.02540327889875808
0.025532892773963495
0.0
0.016799210157869327
0.011157348533957473
0.030691249961637863
0.06284277550310843
0.04134717658374355
0.023511671905526832
0.11895935015617316
0.02547621864730349
0.03337427403941691
0.0
0.028236650645755854
0.010062974362286018
0.07035354101098729
0.02540327889875808
0.04865053828810302
0.058198842977013
0.009668787264236093
0.0030885808428923398
0.02760266813079473
0.0043679129053425
0.06074458906411621
0.01740210026517984
0.017490890128136996
0.0
0.011508023854249844
0.007643158926660346
0.021024538258414736
0.04304941439275165
0.12810739598764648
0.08682348458641923
0.020411626876880053
0.0
0.006623444402019936
0.004731031715728525
0.029091903487831524
0.06659817240306828
0.04819454132527342
0.01740210026517984
0.03332725466734648
0.039868164453878856
0.006623444402019936
0.0021157817350796315
0.01890875584655559
0.002992167217124841
0.11690568073741592
0.08718288879936976
0.011404521706996032
0.005984334434249682
0.006776992589707661
0.013150348462069958
0.02251880065330065
0.04539323721120892
0.0845767307038312
0.05732101896241756
0.013475792371577366
0.0
0.004372809775756101
0.0031234355541115005
0.01920652643028856
0.04396823188291792
0.0375183846469235
0.15599892498237478
0.08718468691428183
0.06433516590355134
0.04418431685085594
0.007833048513106426
0.01798173992230311
0.01781908163979232
0.0771813383704244
0.057558298263102665
0.007529285516908126
0.003950868238208562
0.004474182562393481
0.008681883446021207
0.014866952246934491
0.029968695950683175
0.03759478576028133
0.006984214175939696
0.01427841751098358
0.001975434119104281
0.02535345961106075
0.01323650539995236
0.0196523687839897
0.017812615390420918
0.027201947758306456
0.11310387287877252
0.06321149807181448
0.04664491391086277
0.032034947400433944
0.00567919377251955
0.013037297702795742
0.012919365597110663
0.02265429308547808
0.0016330146771696744
0.012089235565221835
0.01333023349963635
0.01691298574900327
0.037075827042325905
0.13031693603964833
0.09526581689785335
0.027257340843957503
0.005063763563773624
0.010352278512526849
0.0014322486485903942
0.018382014319717237
0.009596861159681353
0.014248553449725775
0.012914677373477148
0.11098217999742578
0.007500322451130021
0.005228110983944962
0.0
0.010183464451431043
0.00101275273435148
0.035331686908828874
0.08740178521900022
0.015426536716519773
0.0011120082529576774
0.008232216102170009
0.009077278895704831
0.011516969196899072
0.02524694127535639
0.08873986890761414
0.06487166104273834
0.021212445813168192
0.012596940288712737
0.013483652788842953
0.014816396339409585
0.04607706299445759
0.06783919175492276
0.11169171028363802
0.09303262290470722
0.07557378498414377
0.00510737630353444
0.0035601042922662122
0.0
0.006934473199787319
0.0006896382589507406
0.024059261672791567
0.059516615401898273
0.02381173528171208
0.017946459851987798
0.016436807699075764
0.009587255146220892
0.014976333754002138
0.01409066834968475
0.07092962092621723
0.051805966547938676
0.017026625292465607
0.01011120471522096
0.010822943550753552
0.011892698790027351
0.036984744385154325
0.054452584502903016
0.08965175048761141
0.07467463319059481
0.04163344544679393
0.018828729866019474
0.012355189882745967
0.012761762071783802
0.0007426692211214165
0.014140633240748782
0.05824870123825666
0.15592508921071005
0.01911300081923655
0.014405111504699036
0.01319335677561256
0.007695416285124037
0.01202107599143534
0.011310177629849379
0.05693318386216554
0.04158317188384683
0.010002684419066724
0.0019970423536832143
0.005101985187231603
0.013251035008464775
0.020830801134179438
0.048397168031493416
0.08394797320582886
0.019963093942970585
0.029257633169755777
0.013231767526337278
0.008682529381192402
0.008968245344313817
0.0005219059677827338
0.009937238095622039
0.04093389617781079
0.1095753429275622
0.02046385420968659
0.0006272529035928595
0.006410375722883769
0.0017483632911175345
0.011315306450701251
0.022284701011978877
0.09452248836206494
0.14280267664466736
0.007029321457910285
0.0014034085332476026
0.0035853869273518163
0.009312078720285426
0.0146387100965454
0.03401079525186178
0.058993892507394334
0.014028934508032278
0.023308773706127755
0.008147949923181972
0.007423023229424124
0.0
0.0026388377413161714
0.003433527695086635
0.021208765027193016
0.2695527948080915
0.02238466387332333
0.000686129077475835
0.007012076238822211
0.0019124708473342248
0.01237740109596265
0.024376421790306295
0.10339470310795107
0.15620664045723356
0.043499819961549446
0.009902360935015257
0.008584476506047914
0.0009703330583220313
0.0013478353579041346
0.0026054990646228065
0.02012686599297226
0.056822637777712015
0.02549661756601312
0.008912745293150347
0.008119774418441522
0.0
0.0028865283758541254
0.003755810736663669
0.023199494652248197
0.2948539725736461
0.028156976547662287
0.015396260183781667
0.015772570235491196
0.0031526561766482635
0.0082911662885776
0.009160008373363265
0.012354212015489856
0.06828062783901374
0.025330285355072688
0.023858548392470803
0.009587900661241901
0.012098705614452024
0.015912738625014706
0.01799240346923411
0.04839913296087653
0.05523859808609723
0.11019166987390104
0.05724026865217239
0.058530640901303284
0.003968148709672597
0.008686684904008358
0.0
0.010688467537225962
0.038893606844498906
0.08660546393390622
0.03950297007613956
0.02759912695740811
0.008878291515265917
0.020532817155212
0.008026349676716863
0.025761543468537904
0.04607147614725197
0.10508681115047214
0.04298040905327867
0.04880826560645673
0.002460941383236401
0.010116833824264718
0.007351957815796554
0.011293238984692302
0.012304706545098751
0.11878267615477581
0.0617029608690388
0.0630939359687267
0.004277522281443078
0.009363935413558821
0.0
0.011521785444562466
0.04192591610226162
0.04214634967346099
0.04906765915810444
0.053209732141503395
0.008764450535311469
0.008388911355267117
0.0018758176323008563
0.0023727424018251263
0.0
0.11327982116351519
0.04633134260890799
0.052613563383171774
0.002652806729359593
0.010905584761847251
0.007925147384885697
0.01217370741901168
0.0132640332467835
0.091428272579655
0.05962199601831539
0.023669961540324268
0.01410070190194208
0.006711129084213693
0.004900482808604126
0.012515634983611006
0.05141034547305764
0.04108851859703916
0.04783611016022287
0.05187422126894954
0.008544471623357145
0.00817835809982024
0.0018287364924032925
0.002313188948953385
0.0
0.04253726139838942
0.038960714752627426
0.049304432801445294
0.005958247290428026
0.012267537149730362
0.0
0.005298520013326995
0.0
0.08913351470032137
0.05812554375815235
0.023075869262130337
0.013746788436439105
0.006542686479856194
0.004777485608500777
0.012201505106898276
0.05011999739991888
0.12545986432745956
0.2790538994858327
0.01040935075775836
0.0
0.004907014859892145
0.0018287364924032925
0.00462637789790677
0.0
0.02690926185943364
0.024646722450939126
0.0311902047632802
0.0037692138913169274
0.00776049888216178
0.0
0.0033518674644029715
0.0
0.002786104328479258
0.09042492183523777
0.18236360830024878
0.012112878100283123
0.0
0.0
0.0
0.0
0.07936647144295125
0.17653074521728998
0.006585001857637675
0.0
0.0031041995528647117
0.0011568668863070155
0.002926667355228069
0.0
0.026714546786874516
0.15622658531337033
0.08092571564024985
0.07286939036789922
0.008277865474305897
0.0
0.0
0.0
0.0025211338852944277
0.08182512484676151
0.16502004882971136
0.010960891562784104
0.0
0.0
0.0
0.0
0.004001594715884479
0.07467609092100855
0.10239921469906293
0.02553508268007537
0.016831442961082375
0.012617313267400858
0.0
0.0
0.024173879077756918
0.14136876856738675
0.07322933380735892
0.06593919954086379
0.007490605047289348
0.0
0.0
0.0
0.0014804608305900517
0.041436956067722124
0.08519415265149609
0.028818358738644044
0.03133921647924189
0.0031405315741803454
0.0
0.0
0.0039250546907427415
0.07324773290816633
0.10044058594626878
0.025046663434975153
0.01650950154550146
0.012375977114373032
0.0
0.0
0.02756490856497159
0.06717219466202766
0.08688663911819733
0.035787354627569594
0.010613345837736248
0.007187743705045942
0.025352208903818712
0.0
0.0014521434928184591
0.040644375638067214
0.08356461166874984
0.02826713902275338
0.030739779357905797
0.0030804614314714897
0.0
0.0
0.07869020639213746
0.020085356096927066
0.006947354637271062
0.0037022539667733233
0.03789886678893873
0.013714740779194117
0.07706727549140961
0.0820349363898364
0.02320227018435997
0.05654099688925976
0.07313527891738437
0.030123367516174115
0.008933594577568755
0.006050155075512778
0.021339769706482412
0.0
0.03501927440544547
0.07866838325327534
0.0328655256261927
0.0024446317743023363
0.0
0.0
0.03395253569970385
0.03453375244013073
0.06623607784767216
0.01690649028679134
0.005847811864878408
0.0031163062495100148
0.03190069522071457
0.011544138458405564
0.06487000470578314
0.06905144467239518
0.043725225268181775
0.012245281837337396
0.003118146788847977
0.00798036992825253
0.009296386150682465
0.02632758486574283
0.08052656640755461
0.11049743862277883
0.05338381987124961
0.11992306729525619
0.05010061829635704
0.003726627250466275
0.0
0.0
0.05175767004707891
0.05264368411515676
0.009500241901652074
0.019163496635662997
0.048512666562076534
0.006156090614775138
0.014730787448767218
0.00263512340649296
0.002984160026282421
0.0
0.06665528024713895
0.018666860778116353
0.0047533419619365845
0.012165375724904339
0.014171527313097088
0.04013409963455164
0.12275570493495584
0.16844367736972957
0.023337861850478685
0.020171198840169897
0.01876177383823776
0.0042927772705094736
0.02079126033699865
0.00527024681298592
0.021980741753321455
0.002429463645276336
0.019684627805081616
0.03970702037085612
0.100518891517956
0.012755501779921163
0.030522387872494616
0.005460010809646054
0.006183219336547304
0.0
0.05498337397087982
0.06625154041250587
0.09506763477375563
0.0
0.0012208955148997848
0.0
0.032344605073824376
0.09235995581615443
0.048356360716793736
0.0417949927656042
0.038874645381882754
0.008894691703102682
0.04307976844897004
0.010920021619292107
0.045544389792696455
0.005033881044115851
0.1275522653072633
0.009862012150756553
0.005179820752044329
0.0038608106589868305
0.014848869710916545
0.008190015923384907
0.018190724443486763
0.012755501779921163
0.050971109864467776
0.061417012110688916
0.08813032934600497
0.0
0.0011318039423326624
0.0
0.02998434435132834
0.08562023599126299
0.006790823653995975
0.01635136533243941
0.06347083750270134
0.06273498619612379
0.024135214787481638
0.023346299377383726
0.04454258401632242
0.004666547088946951
0.11824448117501046
0.009142358289746926
0.0048018372384810715
0.0035790783659320246
0.013765313307239811
0.007592371498403932
0.016863305162289344
0.011824703281124825
0.011501705422574487
0.01322313594034868
0.0458636710116176
0.0035790783659320246
0.04572894375476453
0.10164770650672837
0.025768290043346853
0.0035790783659320246
0.007306852848659762
0.017593892353323978
0.06829393508702487
0.06750216703507549
0.025969230230143442
0.02512036577638407
0.04792733893403576
0.005021154226293676
0.003653426424329881
0.009837078698634266
0.06071252429170943
0.03433708060640416
0.05256340137864544
0.013615516302216912
0.02539172292397974
0.0
0.01237571071101674
0.01422795134093896
0.04934881426114424
0.0038510496349435084
0.04920384918905763
0.1093718334758071
0.02772640155329699
0.0038510496349435084
0.014811328327236662
0.0
0.025562261869542927
0.05178523091573618
0.1013963434592119
0.00816930966519085
0.054599416188560415
0.008872203861237184
0.0038708788078935536
0.010422582815010116
0.06432614109578155
0.0363808278056789
0.05569198139927552
0.014425913482696652
0.026903041349838144
0.0
0.0038708788078935536
0.007537400364574633
0.156297146983496
0.04580877084944064
0.01935439403946777
0.0
0.013069363238595184
0.0
0.015692900384375465
0.0
0.027083730794110212
0.05486749413610129
0.10743146611092663
0.008655547966566068
0.057849180057437326
0.009400278510350371
0.01935439403946777
0.01795998317958475
0.06651646533171375
0.05328809808930146
0.0672229950211484
0.030181811529759073
0.006534682234557209
0.0
0.004498821971602377
0.008760135372815994
0.18165204178292482
0.05323997857264593
0.022494109858011885
0.0
0.015189506417184964
0.0
0.018481993536801942
0.012113358980238652
0.12119068945182798
0.06885258958802776
0.040489397744421396
0.0
0.01341289585982762
0.004742174796798594
0.022494109858011885
0.020873494353054647
0.07730692448893395
0.06193262006038102
0.07812806910445026
0.03507797675710027
0.007594753923660976
0.0
0.02849253915348172
0.010059671537336468
0.06273464660462212
0.0
0.01499607323867459
0.003353223964956905
0.0118362835248308
0.0
0.02619791640992325
0.017170483550693717
0.17178577330404898
0.09759739299995585
0.05739304342274069
0.0
0.019012555320456676
0.00672195338021266
0.021601630291029295
0.019012555320456676
0.1482102386824749
0.0423741174573604
0.0488903703230754
0.019012555320456676
0.006012297704089672
0.0
0.04038769722341012
0.014259415983543697
0.08892531124855886
0.0
0.02125668274916322
0.004753138830114169
0.0167777337314947
0.0
0.014879677924414253
0.009506277660228338
0.05285151387444702
0.0
0.02338235102407954
0.0
0.012024595408179344
0.0
0.02057403604955878
0.018108123937282127
0.14115984546005556
0.040358371492822655
0.04656464479539537
0.018108123937282127
0.00572629139736686
0.0
0.044540095021682526
0.013581092470271316
0.04627495339672911
0.006402188598949447
0.022598585823271625
0.018108123937282127
0.06429251884513064
0.05068159128862972
0.014171848415989894
0.009054061968641064
0.05033735588828176
0.0
0.022270047510841263
0.0
0.01145258279473372
0.0
0.02057403604955878
0.0
0.004527030984320532
0.032010940098605556
0.14675319864461572
0.04979734517173837
0.0465584624982844
0.03541191209896856
0.03362804458800483
0.010253808011001592
0.03493787328867418
0.004833691611153535
0.017062070732468872
0.013671744500580948
0.048541245575401154
0.03826491189153048
0.04660057266906072
0.022600935803249674
0.03347776945034245
0.00966738322230707
0.05143426646681897
0.019183000042538555
0.02196771840259844
0.00966738322230707
0.015533523251195924
0.0
0.003417936125145237
0.024168455869162962
0.11079956396705154
0.03759730065650467
0.03515192439708707
0.02673621056333431
0.017529272357008262
0.023369641062768013
0.11094452128205567
0.027105799238081794
0.10158802222893966
0.03627268467704004
0.004323385083503286
0.00966738322230707
0.040804425988465634
0.019789847193574257
0.029313827868522376
0.008464960849261474
0.045036908327732716
0.01679703189553689
0.019235388930947873
0.008464960849261474
0.037223535242862316
0.017956893064648417
0.02222820550540947
0.004232480424630737
0.03100103604961987
0.011971262468573687
0.05654631328227747
0.018215920386445022
0.0153489937044934
0.020462941429812802
0.09714531921374858
0.023734398860785717
0.08895257497784997
0.031761113491420634
0.0037856454664680827
0.008464960849261474
0.038370869584582835
0.024195678154638557
0.15512378558753
0.046636303627518645
0.0459686112186205
0.005985631234286843
0.006778461083611504
0.0
0.04031105592019891
0.019446334577285375
0.024071932697635218
0.0045835451674664015
0.03357242909967715
0.012964223512289494
0.061236569335258416
0.01972684702151391
0.018842775005183752
0.0032410558780723736
0.028171581734587316
0.0
0.03357242909967715
0.029169503939374664
0.043711574701857395
0.0
0.04155355635726121
0.026202598134624944
0.16799058860404537
0.05050457005694441
0.04978149564026212
0.006482111756144747
0.007340703187152302
0.0
0.008696665387007885
0.0
0.05384188465690703
0.08627626250107431
0.12222373898373758
0.006482111756144747
0.0
0.0
0.018941568313696013
0.0032580488439799852
0.028319286293221477
0.0
0.033748450484246996
0.029322440637978748
0.04394075597074637
0.0
0.11562432040902369
0.057194863099900115
0.03390711708905695
0.015222698004567065
0.0104357517160091
0.0
0.03151215817360468
0.021230245087711513
0.00874226229862893
0.0
0.05412417948451752
0.0867286118719185
0.12286456219314387
0.0065160976879599704
0.0
0.0
0.008978707999570944
0.0065160976879599704
0.014758381485928637
0.015222698004567065
0.10165016486809904
0.07792331980436712
0.05331534747363877
0.0
0.09848398438705996
0.04871620420880757
0.02888067128261615
0.012966060663598157
0.008888739025068164
0.0
0.026840744945296514
0.018083039263324927
0.015015479126050543
0.01110028168287551
0.058835799053762704
0.043505510402081254
0.06285803618582562
0.01175538626162903
0.018855862763519055
0.005116976824391644
0.007647689822674235
0.005550140841437755
0.012570575175679369
0.012966060663598157
0.08658138023556032
0.06637184100934401
0.045411794245449555
0.0
0.0549345877006991
0.018974141507302276
0.03640694416078528
0.05711065620382548
0.08612051270567352
0.015574947585199726
0.016025279092900517
0.00784908443098489
0.01714417438807849
0.012673932235558724
0.06717675744956152
0.04967314402120086
0.0717692139568371
0.013421908843317705
0.021528996626861162
0.005842393857744366
0.009918920761695678
0.0
0.05695869739589927
0.0313663798910474
0.042969550379629746
0.022891982829801
0.018035320668533535
0.0
0.06272248414930846
0.021664043360488487
0.04156823730963494
0.06520704675199487
0.0983295355294563
0.017782956857007006
0.018297130386579846
0.008961823405161705
0.018650797829330393
0.04217089425367168
0.060840956867457885
0.0
0.06411337023579732
0.01584241495661198
0.013513297651060227
0.008961823405161705
0.013399046542653283
0.0
0.07694307231123479
0.04237150332500889
0.05804573091025653
0.030923802171566758
0.024363144625831803
0.0
0.017227345554839936
0.0
0.061225891294020014
0.03026535873551697
0.06570232893462984
0.025681009952650224
0.03135032810807276
0.0
0.025194566442941612
0.05696686045041651
0.082187450868119
0.0
0.08660801436314232
0.02140084193145439
0.018254536811152976
0.012106144589491922
0.03285116446731492
0.015461901085783379
0.05073872964559538
0.0
0.05644220426789157
0.035203972018237814
0.029082600480808702
0.0
0.014415938994799813
0.0
0.051234167851754005
0.02532622125666754
0.05498007587546151
0.02149001258631178
0.026234129688422213
0.0
0.047948201346162525
0.027265280767788867
0.1379510608600887
0.02954346492718054
0.038702434933686164
0.0
0.03274459642393727
0.011669515568660771
0.027490037937730756
0.012938605201058394
0.04245845240151043
0.0
0.04723115182590384
0.029458880439475303
0.024336482542064466
0.0
0.09017685254864773
0.03304055047683382
0.02645843469827668
0.005065244709603867
0.003203541998844403
0.00935693669126774
0.08215145093644564
0.047126226244536044
0.04212676548317605
0.02395497759019731
0.12120229384732518
0.025956565285162235
0.034003536197500454
0.0
0.028769044420116727
0.010252708795354814
0.0716800364125983
0.02588225027902993
0.04956782993252773
0.059296165108617335
0.009851089415071134
0.003146815129706144
0.028123108350597965
0.004450268623339258
0.07922839674218282
0.02902906641531439
0.023246091454803566
0.004450268623339258
0.00281459697573461
0.008220902277192696
0.07217736662773207
0.041404587145572984
0.03236786522094801
0.01888089010718465
0.04834828111665819
0.014702976747641861
0.018294880342274965
0.008220902277192696
0.03364606131591113
0.026701610397931126
0.06026062864478339
0.0217589269009054
0.04167113664812322
0.049849642445802804
0.008281703954098754
0.0026454933261121933
0.023642791960894312
0.0037412925313950384
0.14617443427537508
0.10901018127053334
0.01425978188729572
0.007482585062790077
0.00847369479088004
0.0164426975219854
0.028156655222338244
0.056757984106692916
0.027211312992038765
0.01587295939252685
0.04064587519479082
0.012360632975443191
0.015380307343326257
0.006911223320247832
0.028285878576386692
0.02244775406007761
0.06851906269183687
0.03396113630923131
0.02321348790098081
0.0
0.013014106213583758
0.0026454933261121933
0.048073294646391776
0.04284633013829638
0.12486810059493424
0.09312089592300252
0.012181281138466676
0.006391926118697655
0.007238572044445589
0.01404601576469539
0.02405255114650445
0.04848496047981044
0.06082285678475202
0.011299435546352111
0.02310038814746928
0.0031959630593488275
0.041018184084206974
0.021414726962547655
0.03179465417495684
0.028818202656126373
0.05853174842296093
0.02901097312947673
0.01982989814017888
0.0
0.011117174709016095
0.0022598871574620767
0.04106614827410221
0.03660106425829249
0.08939208014938017
0.015466099488474353
0.02241130724570653
0.0031959630593488275
0.005217267551897209
0.014067578638586884
0.024484460175503212
0.07549834133842119
0.041680965350387844
0.0077433288468047295
0.015830339593594325
0.0021901441757210143
0.028109128704692288
0.014675181990756672
0.021788385962925854
0.019748669659192752
0.1697100397821339
0.011469228858089039
0.007994643131818916
0.0
0.015572195078636903
0.0015486658023859431
0.05402797089592517
0.1336517308174168
0.061259013342488775
0.010598679361051636
0.015358123083086922
0.0021901441757210143
0.003575312958809371
0.009640294599674101
0.016778822800278984
0.05173784849460385
0.08071025591292622
0.0030973316047718863
0.0
0.0
0.002077753174632535
0.011577849395234867
0.08740392617129357
0.09825313976692297
0.11242807406068911
0.007598037883507553
0.0052962236722517075
0.0
0.010316136298335823
0.0010259470432593288
0.03579199392701629
0.08854047002740549
0.03542375889109612
0.02669822502326436
0.024452376359086914
0.01426257308462446
0.022279688132674873
0.02096211940576147
0.10551913836606822
0.07706964849066732
0.05346824879002184
0.0020518940865186575
0.0
0.0
0.0013764523778163086
0.007669995899724036
0.05790261493896421
0.0650899103470351
0.029706260178231605
0.009706454315292747
0.004235596853119992
0.0037904274035030364
0.009912597850694429
0.010361687422093323
0.021990252839077046
0.1350726087458508
0.03126481036547604
0.023563703248244944
0.021581529848439127
0.012588066788321807
0.019663927439533022
0.018501048691485104
0.09313059805668375
0.06802123829948106
0.016362267467339268
0.003266737184298599
0.008345764271914859
0.02167587918841955
0.034074766876250134
0.07916748892763148
0.1373210563672827
0.03265538218399393
0.026218578158100286
0.008566861987225827
0.003738313960540453
0.003345409908049405
0.008748803112170148
0.00914516704209822
0.01940847347725782
0.11921432479799979
0.026761768488579453
0.004731124227024613
0.007687484646339969
0.018117805957650383
0.012566248590344116
0.03347913810421399
0.040634654333074574
0.03645105966890801
0.009993217117094255
0.001995152200778051
0.00509715628006999
0.013238493220219034
0.020811085278274813
0.04835136126751183
0.08386851845358241
0.019944199351204537
0.03313685933603597
0.011583512452676355
0.010552922247337658
0.0
0.003751497017692895
0.004881265985630055
0.030151387295521845
0.3832090507122167
0.016344688379994723
0.0028895232096025586
0.004695113517032385
0.011065408201008107
0.00767480734325809
0.020447306379535582
0.024817521412545507
0.022262400620614586
0.03040713637160109
0.008500749039176634
0.017687949369742027
0.011791108327830369
0.011319307154102686
0.02674192669352732
0.06969344033351635
0.03309561885877654
0.030630959036178736
0.01070753543161344
0.00975488128769803
0.0
0.003467798511258799
0.004512131247390963
0.027871256589749344
0.35422972997002883
0.0338270436453408
0.01849665798919185
0.018948746888786987
0.0037875173815523954
0.009960786927521812
0.011004590727734648
0.014842022130620608
0.08203053243773624
0.02810766521838497
0.007857899052994688
0.01635033806566488
0.010899432336610922
0.010463310063249983
0.02471962876117032
0.06442303099089297
0.030592837277059814
0.01595992143725051
0.017461773278256768
0.01414724016342089
0.010264698768074596
0.03147426341876714
0.032618872027071096
0.04142752401985236
0.009159082286651295
0.08237042447228107
0.03757126011784498
0.026249519363824563
0.008444139751496627
0.01952875474435743
0.007633858186345777
0.024501794392372326
0.04381856379419492
0.09994802692251348
0.04087865103306485
0.046421523228925274
0.002340600432477147
0.00962211688001784
0.006992444338750077
0.01074099538968962
0.01170300180944859
0.09447505604559889
0.035186921243952264
0.015041908599858248
0.004681200864954294
0.005392369915518315
0.022725199162559977
0.03702529741490667
0.07154907235369866
0.08004299883044358
0.05522540192882319
0.048104655056073926
0.0
0.017928317501741873
0.0
0.015472767206225658
0.018382211609608644
0.11427545814414507
0.04673855721774001
0.05307599357461236
0.002676122730877654
0.0110014359326274
0.007994802948712415
0.012280704350797445
0.013380613250858004
0.09223185231981026
0.06014602460067972
0.023878001143473146
0.014224635539214922
0.006770114420078399
0.004943554044567188
0.012625637179039625
0.05186220036313598
0.09151706786239559
0.06314189785360615
0.05500040035468336
0.0
0.020498320570686106
0.0
0.017690770050117516
0.021017279861054245
0.07263174815208367
0.026166435803930743
0.02654985089237368
0.027606163996714166
0.011985029654955189
0.0037846090702531258
0.019452466970816953
0.014851167927652759
