0.056225450885767844
0.022708580425194014
0.07118837993919307
0.0
0.04824783875077417
0.01885858914354899
0.014237675987838613
0.0
0.030923997987172314
0.0
0.050664499973895924
0.0
0.03935781562003749
0.01257239320920573
0.10003866977609699
0.0
0.05060290579719106
0.02514478641841146
0.09414614411843428
0.008890024471255894
0.03935781562003749
0.01257239320920573
0.06425700551381026
0.008890024471255894
0.10963962922724729
0.01885858914354899
0.04668876664974431
0.0
0.03373527053146071
0.0
0.022189154700814756
0.0
0.020397449817399032
0.0
0.03341827263634656
0.0
0.025960390676689676
0.008292742732545738
0.06598544429487196
0.0
0.04162500249715494
0.025810760093585492
0.028090541086929755
0.007645530732529371
0.07632777127264351
0.013371645552664067
0.035957728909536725
0.045971623008728445
0.07231823117077839
0.012439113656715788
0.030795881411240966
0.0
0.022251763437162578
0.0
0.01463595262449953
0.0
0.08820244784003808
0.0595684173795301
0.06909052691396493
0.05910658262810511
0.016989735440209968
0.004146371366272869
0.05398424851130959
0.06761345078711363
0.015616581847172045
0.009683503263855659
0.010538815800560522
0.0028683975804632065
0.02863612770648929
0.0050166819141650556
0.013490373161961628
0.0172473170040582
0.040958492163139064
0.012232615519085952
0.05669355874325146
0.0
0.011131017869499982
0.0015556070612751706
0.00844257296624538
0.00997899855901114
0.033091187103448806
0.02234846870165402
0.025920908196700357
0.022175200719364054
0.006374091967489328
0.0015556070612751706
0.020253438672888105
0.025366748945153075
0.07130953222392382
0.08798078914974977
0.06917219730837391
0.14346801771694345
0.07553900713488493
0.010068099959257648
0.04707150982272655
0.09421364367450373
0.015027073958645528
0.004487968389578812
0.020800040607460726
0.0
0.00408380826358921
0.0005707295636583721
0.0030974570025604073
0.003661149164920454
0.01131479520861492
0.03660865052168656
0.08199094428550979
0.01720451876196936
0.03243493683220469
0.015016926518278037
0.008295930725630741
0.0
0.02616242830466526
0.03227886954986876
0.025378271267769533
0.05263632519346013
0.027714161020803832
0.00369383917035303
0.0172698510637021
0.03456561305458321
0.03366889167486599
0.22214822409062174
0.1938148257934601
0.015595192360106572
0.01553024562605619
0.018276727961881838
0.011000902221634131
0.015670375137198926
0.007203197087122362
0.023305709024279676
0.05219687322295716
0.010952698404757967
0.020648649684162922
0.009560038812866179
0.005281335007489485
0.0
0.011499055759711451
0.22768715316025764
0.1089024987809728
0.009987882787949908
0.007976999617143826
0.0
0.0
0.009809190386796382
0.021434206980112117
0.14142345585367913
0.12338591754039172
0.00992817299034296
0.00988682676030482
0.01163528558757458
0.007003367306043634
0.009976035664918023
0.008319915346415076
0.05023545131042829
0.04795800694163526
0.018094493513774398
0.009399440965971367
0.014963128996565959
0.005941778799776557
0.005403025719680771
0.012463924468120089
0.24679204437755967
0.11804034588224707
0.010825951214325459
0.008646337820071447
0.0
0.0
0.01063226499890524
0.021555359304967676
0.020493157856879593
0.045816323257854195
0.018583882139728083
0.011069381029667622
0.004665656944704071
0.0031960227677370924
0.010286084103758348
0.009018027099424453
0.054450633498868625
0.0519820921519838
0.019612775618911532
0.010188134112096925
0.01621866295086263
0.0064403446434414535
0.005856385591707155
0.005494542708559609
0.17354560094165372
0.07259352769753907
0.015194531592132549
0.005958405019540424
0.003919343715831539
0.003841332752070052
0.0026186983011434522
0.026262641118234852
0.024968475011712205
0.055821739645080144
0.02264224967508538
0.013486723986835146
0.005684547967211297
0.003893973548167342
0.012532369862502321
0.005307093289671907
0.00707208634345139
0.10723043633941695
0.06795461012884135
0.0399793182575248
0.007737119164000779
0.007597433007539997
0.0015622036792072086
0.006694446667398359
0.21144467000968353
0.0884465778767017
0.018512729225158103
0.007259607712928074
0.004775254078189771
0.004680206998919635
0.0031905723633199675
0.014410419928285814
0.06327960928278346
0.10289361932491334
0.05916441066469091
0.0
0.0031154449580771677
0.0
0.0023991352154384233
0.005999141431653474
0.007994290636231274
0.12121334942989964
0.07681593196960623
0.045192645291299294
0.008746044134691794
0.008588142819807593
0.0017659159741646151
0.0
0.0
0.015521855169619212
0.20221462441330376
0.083382901871397
0.023603857860344832
0.006457227817088892
0.0
0.016289547313506673
0.07153130821460629
0.11631100888053712
0.06687948523321521
0.0
0.0035217008456228023
0.0
0.002711983883736348
0.02655401831268781
0.01619721698445059
0.004150469997860117
0.01316064640354161
0.019845378142714382
0.003841874920712433
0.013818396593501524
0.017690724968165043
0.0
0.0
0.020011219763450567
0.26070087913450807
0.10749962266937539
0.030430768857650555
0.008324842842455282
0.0
0.0
0.0
0.030367654663571258
0.27779705008419125
0.04779281249539275
0.006159960134714875
0.0
0.0
0.034234200116616764
0.020881915537167485
0.005350904665787097
0.016967081868268546
0.025585229275939605
0.004953055063452946
0.017815072231334283
0.022807388758891343
0.007344909862416832
0.004623911606673286
0.012839173076833575
0.02245036756002401
0.010358410424737848
0.0006992734574138548
0.002026051552143785
0.001977844009510301
0.0
0.0
0.039923711364333
0.3652138885367625
0.06283219670713149
0.00809836891122079
0.0
0.0
0.0
0.0
0.01985944898819859
0.216209589273442
0.11353962654058082
0.004596599802072037
0.0
0.0
0.009656197180611894
0.006078958497261309
0.016879388472864642
0.029515021967263695
0.013617982441252462
0.0009193199800187275
0.0026636069947831437
0.002600229561161582
0.004522456264070736
0.011238599072957486
0.015664544838324527
0.00589730722124452
0.04897168216638463
0.0009193199800187275
0.0005814289885845387
0.0
0.0
0.0
0.022896058776518274
0.2492691245861519
0.13090040737192063
0.005299443066266065
0.0
0.0
0.0
0.0
0.0
0.12406782911377735
0.20167597762140194
0.0330761186890496
0.0
0.0
0.00521396260782104
0.012957037483420093
0.018059732651133205
0.0067990352018849265
0.056459699054733005
0.0010598886358551322
0.0006703324097719951
0.0
0.003868891657137027
0.0031796657945558004
0.003460442204263851
0.05949060557161768
0.03293652200340624
0.011248016868495766
0.017410601915169566
0.0
0.0
0.0
0.0
0.13679462509196455
0.2223637662223875
0.03646904510126078
0.0
0.0
0.009553529919770924
0.0026130942949628448
0.00493726934071891
0.10684715138480964
0.15059997354641333
0.030585410264285542
0.0011686113121885532
0.004467054613321052
0.004265760008375274
0.003505833811963614
0.0038154120803595053
0.06559311260456058
0.03631512867979143
0.012401831010865226
0.019196569961959484
0.0
0.005748807448918258
0.0018843290765662012
0.00824998019910261
0.007518819880182124
0.07049784386545459
0.028417894878638564
0.023374087798334907
0.002814388650704531
0.011037831901298636
0.003019082560295572
0.0057043573937535326
0.12344765819777904
0.17399821911953464
0.03533736953403843
0.0013501747867245453
0.005161086878863371
0.0
0.017326619432928597
0.08230090187653588
0.1455497878043755
0.08709693859609917
0.0
0.0
0.0
0.0066419816326502585
0.002177091375495031
0.009531753748767278
0.008686995344186101
0.08145087276908254
0.03283309408075932
0.027005646512949063
0.0032516513887826046
0.0024152660482364575
0.0
0.01620209801653884
0.0320092198213835
0.045407128853266705
0.012151573512404132
0.024505791240511943
0.004399034687623909
0.0
0.021679978760022818
0.1029792228957865
0.18211956004110919
0.10898027662787317
0.0
0.0
0.0
0.0
0.011551093767012337
0.14117539313693667
0.08259896913245458
0.06930198293427442
0.0
0.0
0.0
0.0030221080822065535
0.0
0.02027291833967399
0.04005162164141794
0.056815791037781845
0.015204688754755493
0.030662936624680785
0.005504303881173782
0.006799743184964745
0.0033788196031912126
0.016479728506195595
0.027371916444064386
0.04025854826760258
0.0050682292246551405
0.008721202037580023
0.0
0.0
0.014595582506133534
0.17838458763537074
0.10436934312984443
0.08756770831906106
0.0
0.0
0.0
0.0009546591159675855
0.00611280101462623
0.09252606961451804
0.08960547056276143
0.09258282970432162
0.002134682709985227
0.0
0.0
0.00859193204370827
0.004269365419970454
0.02082324340382109
0.034586254156403325
0.050869378663950825
0.00640404790234721
0.011019824309250902
0.0
0.020437809399930947
0.03182977719929436
0.04157855751500095
0.003018897232110103
0.02524850014094866
0.0249592826103458
0.04752817372665881
0.0
0.001151740341272466
0.007374736603840632
0.11162728686293015
0.10810375506783397
0.11169576458875669
0.002575369733326149
0.0
0.0
0.0
0.039398848037197474
0.15490325885321943
0.03832960081668204
0.019579585801631924
0.0
0.0
0.0
0.02465702068877257
0.038400762995894955
0.05016209578998042
0.0036421227956881007
0.030460837468126674
0.030111913447157263
0.05733995948126234
0.0
0.03704259214339703
0.01287684839203445
0.05638519035802243
0.0
0.023221708048127433
0.010301478933304596
0.025907301558320446
0.004748746965583608
0.0
0.05288396745965039
0.20792229490703062
0.051448746938414
0.0262811282560684
0.0
0.0
0.0
0.03990308228876445
0.09912407781163396
0.044996573578043486
0.0
0.0139135384885068
0.0034568464805164512
0.0021863016104770824
0.0
0.04972123133354065
0.01728423203399936
0.07568425780582692
0.0
0.031169846682198254
0.013827385922065805
0.034774643443484424
0.006374109714196117
0.049972103596834905
0.013827385922065805
0.02659040763961809
0.004888719163295648
0.0653029052478162
0.02233458438096534
0.029978103177002453
0.01615154730362162
0.03703979802481432
0.09201133373530644
0.04176780092019889
0.0
0.012915159077069123
0.0032087971178399975
0.0020294214238231684
0.0
0.0616117523195205
0.029600841547581937
0.04851472529115681
0.00453792439135701
0.03967316089114431
0.035568191077500234
0.09707982378424639
0.007317183148212084
0.04638630697015198
0.01283518847135999
0.024682387221155948
0.00453792439135701
0.06061703212069323
0.020731944676666336
0.027826995388671196
0.014992577405049962
0.07107871190045127
0.018009217549496092
0.01650051223340365
0.0
0.01601806510892648
0.011591623998085847
0.06481483544281122
0.07649892754932436
0.04811764319745331
0.023117711772655265
0.03788910643664217
0.003544035326051841
0.030984007570101484
0.027778101790877915
0.07581755341573061
0.0057145851997547495
0.011207223602512978
0.00404082189886961
0.02203970096307875
0.11371331208928284
0.05775129640471416
0.03991659367102593
0.05891986698829283
0.0
0.05551116417568418
0.014064867037346284
0.012886595987476523
0.0
0.012509813673660157
0.00905284473530898
0.050619192091225895
0.059744252715240226
0.017931557764020764
0.0
0.0025060114182196853
0.0057145851997547495
0.10911064818216437
0.029312910935522674
0.04060874267569499
0.01987381855701502
0.008538408199949558
0.0030785668297104067
0.016791309792854637
0.0866343628736778
0.043998777955064704
0.030411115437932373
0.04488907273340844
0.0
0.024808954371498104
0.0
0.0012075132470789217
0.006883884782550008
0.04622036204201638
0.1647463817828042
0.12214731270828047
0.016012342576106883
0.013661453119919292
0.0
0.0019092461435048275
0.004353751014475651
0.08312774744063332
0.02233252480481756
0.03093844057631259
0.015141196548757827
0.02291096105063247
0.049902553835388865
0.02182105218745982
0.014107665595258072
0.07885477156762712
0.021452418373660652
0.0031167594923695065
0.0
0.01804817392173509
0.0
0.0008784493199405826
0.005007931731108492
0.033624679233488435
0.11985073239558185
0.08886049411112228
0.011648759531759726
0.0
0.0
0.0
0.008893621947885844
0.07791318113922864
0.2750621548331577
0.09968198515965432
0.0
0.016667409821631424
0.03630342324280152
0.01587451607742834
0.010263133160719374
0.057365764413120864
0.015606340035614848
0.0022673997681711576
0.0
0.022119380389638406
0.013663597409301224
0.012808791459362666
0.001964272451613132
0.01707365113667487
0.013679105968404836
0.020346885962413446
0.004525370296864404
0.0
0.0
0.0
0.005574953261156596
0.04883975795513572
0.17242228937698442
0.06248549932758073
0.0
0.0
0.007346648763173737
0.010447936539197063
0.004925204679978039
0.0844338167968014
0.39692056047038643
0.011842275301091061
0.0
0.013865499631147657
0.008565005054461802
0.008029171257366472
0.0012313011699945098
0.010702591997052735
0.008574726570921254
0.012754414221250208
0.002836721421517436
0.007835366254140684
0.0008706614092108976
0.008929245545372541
0.005589994504308107
0.01803217871903935
0.062352098435868544
0.016552733242081386
0.008038849699115867
0.0
0.005176766530548174
0.007362068057550831
0.003470512279178983
0.05949571987585996
0.27968739747425536
0.008344579467515201
0.0
0.012726608070749825
0.0027436808291747307
0.022391099870386615
0.010605141102467483
0.06788668342050337
0.12652996406901895
0.028550913686061108
0.005279554608364949
0.00552113801633542
0.0006135056932673854
0.006291932685558526
0.003938951947846931
0.012706253187645199
0.04393598587566179
0.011663771904576714
0.00566452125424771
0.0
0.0
0.00038801505730360134
0.0014775173252779142
0.03288217073427908
0.2221635265468519
0.012501669238366195
0.0
0.009356594913643407
0.00201715256321276
0.016461923710816166
0.0077968936221017434
0.049910250497639315
0.09302475660837362
0.020990615275475515
0.003881525503128001
0.007052437638654925
0.0
0.006780024626119392
0.010972409956985502
0.07684050532391498
0.0811962387373527
0.10483995319598757
0.009765908890526347
0.0
0.0
0.00028526844634495214
0.0010862698853977381
0.024174952959306675
0.16333449658616572
0.009191220013806676
0.0
0.019492768076204245
0.007123323148632541
0.00493465675310727
0.013374882489502887
0.11602234573074331
0.10620585259064402
0.02398923370803761
0.00989728035264626
0.00514711909728107
0.0
0.004948302419841164
0.008008053913620777
0.05608092586734075
0.05925989458477934
0.07651591590053972
0.007127506647803861
0.0041361196046824115
0.0
0.0015157118817023104
0.0015370109608772347
0.004287080464666956
0.10795820445695974
0.1366956862992196
0.04209114075072413
0.014226513436145375
0.005198853856355931
0.003601487501744106
0.009761463569458857
0.0846772225462674
0.07751279771919863
0.017508193517515314
0.00722338619983406
0.0034368610523722535
0.014349807283116349
0.017163074978161715
0.03876101293001278
0.03098229448989801
0.05268196438274943
0.06453368271929245
0.04307252252758512
0.004011043933698743
0.0
0.0014698769690931063
0.0014905319671306954
0.004157439758660253
0.1046935636459542
0.13256202810783355
0.040818310616434754
0.0021878418362145744
0.0021425489480759465
0.0
0.003368425205598115
0.01272074701163275
0.020986750222491107
0.04583175343389515
0.007255544869509319
0.003332930860963753
0.013915871143457758
0.016644066021891116
0.03758888538932474
0.030045394293020087
0.05108886924196806
0.06258219329475431
0.04177001554737159
0.006669156631438855
0.01471947288723175
0.005959063874983798
0.008838133476861531
0.0208080735427418
0.10239089571095526
0.18122437131551195
0.01872601749945479
0.0039022758123422
0.0038214905659277264
0.0
0.006007986495144508
0.022688963414424047
0.03743236207357281
0.08174637668130774
0.012941126173287474
0.007519686498921025
0.003476339515899408
0.00993145082533193
0.0036522332826281275
0.013111394908339206
0.002846984365718592
0.006071625145193352
0.0
0.011895233092632485
0.026253928445601697
0.0106286983083684
0.015763860952892984
0.037113670989933185
0.18262632568916948
0.3232351941925686
0.03340007670575159
0.015622988187035055
0.02178897583098622
0.012822549543868158
0.0166417554187793
0.02277334738917342
0.0038324887984372935
0.032311267957956885
0.01813901679701565
0.03133241467797649
0.014484927169400636
0.041381557018086004
0.015217826930475287
0.054631487939522425
0.011862581603795615
0.025298751064386
0.0
0.024575675539549875
0.010453015690125031
0.003873027301060379
0.0
0.02546451746968706
0.007117548861090468
0.00450153304209067
0.006710489641490334
0.06509658939312804
0.09078852239954766
0.05342795069914455
0.0693415053706658
0.09489012129768692
0.01596890087087636
0.1346319486291329
0.07558017162237074
0.00980918671070993
0.019190020936263496
0.009581010248480263
0.014018379664644346
0.05729516430679588
0.007117548861090468
0.003001022112382864
0.003355244820745167
0.07055945055000616
0.030011750541662816
0.011119884696076963
0.0
0.07311141288021177
0.02043526071513898
0.01292439337309191
0.01926654920484591
0.033509397570097056
0.006811753813811871
0.04628404891391606
0.0
0.08834295723025588
0.006811753813811871
0.02154065659021536
0.0
0.028163247172443413
0.055096647541867216
0.027508127610116038
0.04024830020020688
0.16450067898047646
0.02043526071513898
0.008616262490826818
0.009633274602422954
0.006092617740017647
0.0
0.07102744123761677
0.0
0.12794497254037057
0.0
0.0
0.0
0.03898942550079154
0.0079257279184975
0.05385320560386593
0.0
0.10279030359299589
0.0079257279184975
0.025063351962847705
0.0
0.12166315075611124
0.0079257279184975
0.0
0.0
0.07855404151477906
0.03962863874741447
0.05288121273540119
0.0
0.0070889864546893715
0.0
0.08264305924488415
0.0
0.1488687155484768
0.0
0.0
0.0
0.046078411955480916
0.0
0.017951068534621976
0.0
0.11342378327502994
0.015851455836995
0.03088946802879127
0.0
0.12571336852078324
0.008189578754300741
0.0
0.0
0.0811691387932289
0.040947892898297825
0.054641650681543745
0.0
0.15748710898240056
0.008189578754300741
0.03625680738142722
0.0
0.04761238178537692
0.0
0.0392668423488392
0.0
0.04761238178537692
0.0
0.018548667201284143
0.0
0.11719970901015857
0.016379157508601482
0.031917791488885405
0.0
0.018312454532837277
0.0
0.04962593166902848
0.0
0.04394989087880946
0.0
0.05697497903615876
0.0
0.05050512476317483
0.025096198631260194
0.09396422359083777
0.008872846094411036
0.03928176370469153
0.012548099315630097
0.06413284038252098
0.008872846094411036
0.10942777032021213
0.018822148304480694
0.04659854898718059
0.0
0.03367008317544989
0.0
0.022146278141526095
0.0
0.025707886344207082
0.006274049657815048
0.019840286775326593
0.0
0.09539856899710801
0.01639064984213209
0.0515847370531042
0.0
0.08171478345349803
0.010116600853281492
0.082954984673215
0.0
0.03647592344007071
0.018822148304480694
0.011904171530024397
0.008872846094411036
0.03837532410275968
0.006600756274033667
0.01634168744248898
0.0
0.011807792031618363
0.0
0.007766498383947687
0.0
0.046804207842488156
0.031609696285708054
0.03666255824886911
0.03136462587979618
0.009015521997468986
0.002200252169544472
0.028646483736213445
0.03587875485414129
0.028656631582994058
0.0035477999362217086
0.029091558874485123
0.0
0.012791774700919892
0.006600756274033667
0.004174684719452349
0.0031116264508593053
0.06349655809990894
0.07870439492248196
0.23887125203486143
0.05760416685583365
0.03951898474581642
0.023012298607245053
0.06266941943938413
0.04507267400860756
0.01382959821250502
0.009339959362666898
0.010832967235141381
0.009267546530492863
0.002663885420742304
0.0006501253813203071
0.008464396227068606
0.010601370835450943
0.029801958336990723
0.03676927517155619
0.02890871497780845
0.059958714541343654
0.03156955701773936
0.0042076996743752315
0.01967230930909836
0.03937413408836904
0.01876181494950048
0.023255391117808152
0.07058112063935615
0.01702074492240627
0.01167697747689734
0.006799620340876374
0.01851741394650554
0.013317968632222094
0.11238035010156762
0.14680594699060895
0.11209189438676166
0.04674633813585218
0.04329239815473611
0.018049355508779334
0.00977352689059983
0.015016553329374144
0.017813036088194564
0.021977496182011745
0.017279132375803138
0.03583813969033813
0.018869553875837372
0.0025149993601225485
0.011758407004621002
0.023534455807455206
0.022923911170239324
0.15125256289566
0.1319613931123669
0.010618193429062466
0.010573973584330256
0.012443952486668127
0.007490110092025563
0.010669382619376194
0.0671712646976776
0.08774791247390736
0.06699885079119594
0.02794092249875156
0.025876455565593263
0.010788345430557525
0.00584177003546453
0.008975598292962714
0.013144412487586462
0.03700906929920535
0.04896775565995831
0.03966783386857964
0.03519500558971623
0.008610216445969614
0.0
0.008545664647562411
0.02258435876217903
0.14901218726450732
0.13000676117938043
0.010460915156549839
0.010417350302785417
0.012259630797351794
0.007379165458734287
0.010511346124904468
0.008766358990035947
0.05293106743008388
0.050531416221459735
0.01906543748104017
0.009903811563282272
0.015766045078167003
0.006260612497778602
0.005692950122566783
0.012949715479752473
0.036460885417873186
0.04824243792389795
0.03908026796795364
0.034673691891938585
0.0084826806294836
0.0
0.008419084981989346
0.0006848323953718116
0.1717432181992547
0.0935991666857061
0.024114384849605024
0.0
0.0
0.0
0.0
0.009506167888252388
0.057398015991211644
0.05479585387483505
0.020674404249671777
0.010739612142417015
0.017096570151548883
0.0067889569152734955
0.006173388485011716
0.0057919592479461724
0.18293952775150812
0.07652297495727739
0.016017003132246677
0.006280930167705084
0.0041314956102581945
0.00404926195643735
0.0027604469830146924
0.0007426266404465127
0.18623693915872633
0.10149816973342926
0.026149441422924795
0.0
0.0
0.0
0.0
0.00437111858152772
0.10410910249524814
0.08864940079214667
0.0028945792881606867
0.002436392030772121
0.0
0.0012454227114770788
0.0
0.007271006941616745
0.2296553755361758
0.0960640533347722
0.02010714094712585
0.00788484257125735
0.005186523588213895
0.005083290564262995
0.00346536091091837
0.015651519615570864
0.06872957560459937
0.11175534850444374
0.06425995485700278
0.0
0.0033837631460595843
0.0
0.002605761113951665
0.005487337218435719
0.13069463622294347
0.11128711044685403
0.003633745542104685
0.0030585545598452806
0.0
0.0015634566461440588
0.0
0.03568656881564034
0.03885252795158102
0.02611897349797972
0.001992121303654585
0.0
0.0
0.0005211522339038031
0.0
0.029671976290112693
0.130296762733527
0.21186454303250032
0.12182330558010512
0.0
0.006414900425473804
0.0
0.004939972851834259
0.04836906677744113
0.02950379338840991
0.007560225278158344
0.023972574592337124
0.03614904566627757
0.006998108625304568
0.025170689411962908
0.032224270061517
0.06765419906701717
0.07365618907977231
0.04951605859300258
0.003776641344797068
0.0
0.0
0.0009879945914356445
0.0
0.019040906215825968
0.018327125858858786
0.04469216130481272
0.0027944706943782392
0.002209223035415965
0.0
0.0009879945914356445
0.0013972353471891196
0.11047313426721525
0.06738555745528933
0.01726727096239764
0.054752461192930146
0.08256306440431278
0.015983417611447417
0.05748891050143305
0.07359902413559244
0.023701889065534772
0.01492127772881159
0.04143177542823875
0.07244692329186428
0.03342639996696017
0.002256542588616936
0.006538031103102634
0.006382466249479651
0.04348871560059645
0.041858468038133395
0.10207522008304117
0.006382466249479651
0.005045782548187593
0.0
0.002256542588616936
0.0031912331247398256
0.036493397461574616
0.009026170354467743
0.002854325596123245
0.0
0.011100721606012704
0.009026170354467743
0.04019888247152015
0.006382466249479651
0.037139259610885496
0.023380634588416688
0.06492079426727111
0.11351943656081523
0.05237691151104957
0.0035358498552559613
0.010244653234634244
0.010000893614080008
0.017394081140703788
0.04322542723871508
0.06024831375699243
0.022681975087947722
0.1883528249827929
0.0035358498552559613
0.0022362677302916684
0.0
0.05718268947513825
0.014143399421023845
0.004472535460583337
0.0
0.017394081140703788
0.014143399421023845
0.06298893425959828
0.010000893614080008
0.02688176176290585
0.010607549188761329
0.06883179995283199
0.025002231773160685
0.022137921451804817
0.0
0.013417606004743454
0.0
0.014446488593885903
0.03590046732095882
0.05003866375295256
0.018838298599634037
0.1564346466898227
0.0029366664551262163
0.0018573108862263562
0.0
0.01071965861664821
0.008809999052259442
0.009587954995824353
0.1648324737781162
0.09125824737038696
0.031165230673272534
0.04824009700470377
0.0
0.022326391463278212
0.008809999052259442
0.05716759654456745
0.020765365713249925
0.018386440028582057
0.0
0.01114386500423893
0.0
0.02495302575307565
0.02235523099477468
0.059501461870308525
0.04476530043509097
0.033358310088417255
0.0
0.031399128216393436
0.0
0.009865446611597942
0.008107961121384122
0.008823924483826974
0.15169755195283274
0.08398619764834031
0.028681782726532393
0.04439601283562302
0.0
0.013295298576644694
0.004357898209708684
0.019079774539868304
0.01738881605259599
0.1630407508912594
0.06572222164134169
0.05405738129114871
0.006508852097468985
0.02296460663238629
0.0205738210288126
0.05475999902477336
0.04119811061974094
0.030700103333450156
0.0
0.028897041794639238
0.0
0.02659059715328939
0.002702653803183986
0.027849630092637263
0.0038221296530951162
0.029204062723081136
0.008107961121384122
0.01979573559696847
0.0038221296530951162
0.015134451290013886
0.004960730878021362
0.021719099930959065
0.019794229367765072
0.18559435039583588
0.07481364606957212
0.06153519601686655
0.0074092284919493176
0.005503436832732323
0.0
0.0369181784577587
0.07293636222007668
0.1034649021718147
0.027688633843319023
0.05583901377107379
0.010023661594553401
0.030268902580027773
0.003076514762136426
0.03170209887744348
0.004350848890336402
0.0332438916061203
0.00922954395837888
0.02253410063829661
0.004350848890336402
0.05113006131250035
0.006153029524272852
0.03973935009411802
0.005672812704217
0.013758592081830806
0.00922954395837888
0.027872128799171125
0.004350848890336402
0.006931161462365293
0.0
0.04649564691380323
0.09185781873940874
0.13030620036836846
0.03487173518535242
0.07032500455799742
0.012624041861032248
0.015595113290321908
0.00774927421021426
0.0377960205344432
0.062777097061883
0.09233240198326845
0.011623910902191973
0.020001951559667892
0.0
0.06439443593316044
0.00774927421021426
0.050048698710155666
0.007144477531717956
0.017327903655913232
0.011623910902191973
0.03510283317106493
0.005479564329314293
0.058914872430104986
0.00387463710510713
0.03225462973538036
0.0
0.008663951827956616
0.00774927421021426
0.04838193964551754
0.0
0.013887537462036708
0.00690077294691612
0.03365757217126019
0.055903363507198926
0.08222253135526948
0.010351159052480075
0.01781185211210464
0.0
0.033034577349963054
0.051447942210760246
0.0672053470825414
0.004879583333723991
0.040810319469930065
0.04034284378803542
0.07682198715881444
0.0
0.05246403041213867
0.00345038647345806
0.028722932013081372
0.0
0.0077152985900203926
0.00690077294691612
0.043084393604892794
0.0
0.061560856719501414
0.05197061672423441
0.05893011366404834
0.03035165513774787
0.04335846294083078
0.023630037054932045
0.04133929821679497
0.011241781383929025
0.03150838017933768
0.04907104775242542
0.06410046066363324
0.004654146628454061
0.03892488308466949
0.03847900477499141
0.07327281205657167
0.0
0.047335486748963
0.016454892899232576
0.07205274459999392
0.0
0.02967424227076835
0.013163914600103983
0.03310607219030336
0.006068264558629969
0.058716745703603024
0.04956957470817026
0.0562075429531867
0.028949408948723148
0.041355302350582296
0.022538329559692954
0.03942942301828023
0.01072241118708403
0.031146012643951237
0.02377700159647905
0.05922659682027739
0.0
0.016370657872704985
0.02505241539834351
0.019070340364765473
0.0
0.06326583695377103
0.021992645322854304
0.09630147496127281
0.0
0.03966085282243895
0.01759411663347456
0.04424763553144175
0.008110486709361693
0.06358504955732316
0.01759411663347456
0.033833924646342654
0.006220459574362957
0.08309212875886551
0.02841876872271283
0.03814446539058602
0.02055140492010981
0.041627934833383284
0.03177894661208595
0.07915879766125972
0.0
0.02188006172394987
0.033483589939517534
0.025488299097222278
0.0
0.07081495239399625
0.00439852915836864
0.028270174280262402
0.0
0.029506230164165103
0.00879705831673728
0.04217954081568507
0.0
0.0633406682929602
0.017526495824838378
0.03370388814655224
0.006196552008256068
0.08277277445111435
0.028309544704166866
0.03799786186121081
0.02047241814013909
0.0970582356572245
0.024591651060999566
0.022531508548686
0.0
0.0218727252724044
0.01582840408295317
0.08850488992123476
0.1044595595374053
0.07054278389334506
0.004381623956209594
0.02816152136605584
0.0
0.02939282662222711
0.008763247912419189
0.04201742897356889
0.0
0.04506900082074824
0.013144871401442385
0.04040698887479389
0.0
0.017635695973336266
0.0
0.03531432450783606
0.0
0.08634516622649091
0.02187728000893056
0.020044531386709603
0.0
0.019458463124572042
0.014081300493338696
0.07873591952665447
0.09292954864806378
0.027891746801312938
0.0
0.0038979901734153464
0.008888785099635988
0.16971679831020287
0.045594939412542654
0.06316510721130922
0.03091284775490716
0.04009438602688735
0.011693970104626625
0.03594695645846874
0.0
0.015689107575738527
0.0
0.03141640891324381
0.0
0.09121395150160584
0.011693970104626625
0.017257136555161378
0.0
0.029634980976394994
0.0038979901734153464
0.027918486092000518
0.0
0.023645796270941283
0.0
0.003304600538764809
0.007535648557955404
0.14388087147021505
0.03865403827214381
0.05354950577998488
0.026206996118749767
0.03965521914977129
0.08637336094729105
0.03776876075429527
0.02441811889231961
0.13648503179804777
0.037130714421803324
0.005394613540387943
0.0
0.0773284846459657
0.009913801263944604
0.014630088897263008
0.0
0.025123658537875113
0.003304600538764809
0.023668465049075976
0.0
0.04481551477342144
0.03581313186060398
0.06749263655189432
0.004673410888204401
0.00886717360160298
0.003304600538764809
0.017059264676246
0.0
0.04140621446653057
0.09018721833489643
0.03943645859126345
0.025496312702396422
0.1425115941676445
0.03877023901539969
0.005632815301655979
0.0
0.05495033829980494
0.0339439571456149
0.031820395124329104
0.004879767598720396
0.04241542436752093
0.03398248447116716
0.050546997578011656
0.011242205901078264
0.04679436543088577
0.037394477961089766
0.07047280645265212
0.004879767598720396
0.009258707926269243
0.0034505167684868864
0.017812524731187242
0.0
0.024689887803384648
0.006901033536973773
0.030906314458569808
0.0
0.029319241766519268
0.006901033536973773
0.06399492377122873
0.0
0.05091214288841366
0.031449480564924394
0.029481975060768197
0.004521162797812765
0.039298395840441876
0.031485176590905585
0.046832395266275625
0.010416037661021926
0.028770350649156274
0.003196944881351082
0.032786919850367476
0.020525664889093145
0.06621159597240964
0.22894803861435897
0.06077928256703495
0.02951751292253954
0.022875475104204828
0.006393889762702164
0.028635068437322737
0.0
0.027164626686243233
0.006393889762702164
0.05929205904789676
0.0
0.012867454746115215
0.01598472406588427
0.027724211660685148
0.004521162797812765
0.03191779933634579
0.009590834303182106
0.03150389723401948
0.0
0.013150342992025605
0.0014612585793284461
0.014986235202421122
0.009381864570318255
0.030263975844595493
0.10464749880337787
0.02778097571046433
0.013491855693261303
0.0
0.0
0.000924181042842244
0.003519176580367599
0.07831932876858669
0.5291529691460622
0.029776694219734435
0.0
0.005881452242597021
0.007306292740836954
0.012672174106164998
0.0020665316957396056
0.014588977866208365
0.004383775582180062
0.014399791621067099
0.0
0.011762904485194042
0.0
0.002772543050624094
0.0
0.022427713326074676
0.021476176849748042
0.023404472806971572
0.0
0.0
0.0
0.000441595509193627
0.0016815456083911374
0.03742282330408155
0.2528417745215125
0.014228007107381353
0.0
0.03017480185591865
0.011026903091719383
0.007638847862441605
0.020704315948827216
0.17960257258474477
0.16440664277813719
0.037135329932900744
0.015320988398674483
0.005620593319854479
0.0
0.0013247864903571623
0.0
0.01071649063025331
0.01026182404946358
0.0111832093577873
0.0
0.007232541145821689
0.005643844147920753
0.003789392430557009
0.00456039629767009
0.06613363834015919
0.0514791617677946
0.03756566947346928
0.01186190435833126
0.014340507213460958
0.005240511075565522
0.0036303453920572444
0.0098396799300173
0.08535572163840031
0.07813388992439492
0.017648482641902104
0.007281265530678135
0.0034643998288424833
0.014464788985646293
0.017300598747136648
0.03907159600409502
0.031230548483728575
0.05310409283631252
0.06505077626369997
0.04341765273559204
0.0034372490321080682
0.0026822243307964536
0.001800900292386783
0.002167318158881331
0.03142986397053834
0.024465356697253016
0.017853000547776943
0.0056373435632906385
0.010703743428872729
0.005713314732318962
0.005238076298155417
0.0
0.0023974524592189975
0.037046646939656695
0.29613269808321213
0.06471976428382192
0.002789468687487266
0.011646772295348013
0.013930112245746024
0.031459704135821644
0.025146242175378752
0.04275840303161665
0.05237764474343568
0.03495906615103244
0.005581695022010557
0.012319340072772453
0.004987388811659065
0.007397002103550782
0.017415143612558043
0.0856952062266587
0.15167422616381834
0.015672584171447
0.008618450123787837
0.004600252088364843
0.004217599162408368
0.0
0.0019303830086393886
0.029829253758246542
0.23844040222119495
0.05211112020854634
0.003284320927246317
0.005139543468252359
0.010499876465063382
0.012439444033665729
0.011064942500644465
0.02349344254995731
0.037355788696506666
0.041165028192869685
0.007578119359920284
0.016725641429490144
0.006771245573261257
0.010042713660499818
0.023644078805040197
0.11634610970283416
0.20592407595908696
0.02127825204732192
0.009952967572640917
0.013881145353923444
0.00816888666117091
0.010601995601096719
0.014508260863502959
0.0024415711179382937
0.020584602533549542
0.011555858829241561
0.004459035455145937
0.006977821916878169
0.014255403923521223
0.01688870339322327
0.015022579100055314
0.03189642413584913
0.050716964006413796
0.05588866748718971
0.01903197163577223
0.010040468507615433
0.036538387877901
0.013377680339886615
0.005827820944579976
0.09507398169987383
0.1044536413147942
0.019544715542407862
0.02248260490601471
0.0313559050963947
0.018452572058002548
0.0239486843069777
0.03277248664651114
0.005515227332342051
0.04649824110562693
0.026103351237844227
0.003387828322838407
0.006627715259283739
0.003309022331664569
0.00484156995567545
0.019788203255251834
0.002458209261575303
0.0010364720348012611
0.001158810997181506
0.042991027122979954
0.02268025941815706
0.08253600070190872
0.030218635743110983
0.013164374826273351
0.2147611505613265
0.23594871896603317
0.0441492564236102
0.007058267860499248
0.00428130164457107
0.006149658895849783
0.002317621994363012
0.02712847634570125
0.008901638894700551
0.004948899871459525
0.0030273375677627636
0.019077759620777946
0.037322422065838606
0.01863398218785537
0.02726416423727456
0.11143261967728606
0.013842828183989
0.005836648864494488
0.006525572001718355
0.004127134062121706
0.0
0.04811392813169779
0.0
0.08666981530455582
0.0
0.0
0.0
0.03974697793093872
0.024109144813671254
0.034630359919331985
0.01305114400343671
0.15276764383610567
0.05012748902275615
0.027868567453235456
0.017047740589269337
0.008254268124243413
0.012054572406835627
0.09330783617824083
0.02808502063413252
0.08460624827349497
0.00461427622532724
0.030879194885570636
0.0
0.005401712283187834
0.0
0.06297289903100425
0.0
0.11343595794694451
0.0
0.0
0.0
0.03511112984072092
0.0
0.013678472658904674
0.0
0.08642739653100534
0.012078596037444022
0.023537358963619442
0.0
0.010803424566375668
0.015777372592812308
0.12212399142240861
0.03675848631265123
0.1107351018053506
0.006039298018722011
0.04041558228970829
0.0
0.02430770527434525
0.006039298018722011
0.06999223605237832
0.0
0.097230821097381
0.036235786824463496
0.06235305819252424
0.008540857143464699
0.04335970262254852
0.0
0.016891923145489686
0.0
0.10673157568627328
0.014916191380263268
0.029066933756118657
0.0
0.016676808700980202
0.0
0.04519340471635164
0.0
0.04002434088235248
0.0
0.051886044245165526
0.0
0.030018255661764363
0.007458095690131634
0.0864353427214016
0.0
0.12007302264705745
0.044748572550365386
0.07700151128998252
0.010547340047508276
0.05336578784313664
0.0
0.08095297163958654
0.0
0.07671332002450892
0.014916191380263268
0.033018394105722666
0.0
0.019507625876186072
0.004760866444426634
0.01505518137536526
0.0
0.07239022174759448
0.012437532230646831
0.03914346507837836
0.0
0.06200670886829245
0.0076766662938429564
0.06294779679288878
0.0
0.027678614197609655
0.014282598825657144
0.00903310841912095
0.006732881877150211
0.05322810422617241
0.004760866444426634
0.033121394152625085
0.0
0.051098980057125515
0.0
0.01505518137536526
0.0
0.06384764138355253
0.04808299831808406
0.11945052264534482
0.02693152547810981
0.03619511087379724
0.06946994517306553
0.07634382333254199
0.04875791323369294
0.013894153155910282
0.0017201489832338111
0.014105027430584218
0.0
0.006202085416624881
0.0032003733010506656
0.0020240937495295467
0.0015086704920991862
0.030786273695783562
0.03815978559549738
0.11581660428945811
0.02792935081695116
0.019160759527309633
0.01115750120151412
0.030385235939576156
0.02185346292387165
0.014306660105296177
0.010774197744406652
0.02676587560409339
0.006034681513414471
0.008110419390971
0.01556647781480364
0.017106742048560945
0.010925429302665877
0.08320049016134498
0.16988602807077732
0.19125166081973605
0.038490219202330055
0.027497179533656414
0.0061115585034093155
0.015405452308101055
0.020662790690566504
