0.011311269729303276
0.01017401499592549
0.0287393920074347
0.008748324333673244
0.019135159269326248
0.028733422042935094
0.010069476515917171
0.00802602273048607
0.08173360022741434
0.056114397131775025
0.0583053057284477
0.017952841346507983
0.01799296873852753
0.0037574353474452804
0.007988736092869613
0.011562735787646845
0.04671210047273915
0.035804073640827605
0.039317857141246644
0.035784223615701855
0.029891360117886318
0.019803833754041295
0.021606188258244417
0.026490405527775693
0.05194245175413487
0.05276154199436685
0.0703629972986811
0.029819466275539053
0.05656074278824631
0.03536419580201569
0.009063019345839729
0.058369723226562996
0.05995918792322162
0.04116512270915324
0.04277235767622909
0.013170076750026806
0.013199513919468433
0.0027564278519479853
0.005860479990219875
0.00848234075177248
0.1064610688154174
0.0999336602046048
0.017459541012520955
0.0
0.0022127857962163993
0.006844951495711897
0.020287898109919864
0.029280450215051265
0.03810461324661473
0.038705492022338514
0.051617794470500855
0.021875348414978023
0.04149255870879858
0.02594292256730245
0.0066485665454234
0.042819613894776815
0.0587548659836374
0.03927224374518246
0.02626559187726344
0.017835295978364783
0.012823343572905647
0.0255485444379796
0.037655312381399166
0.04479150297391664
0.12046142459018935
0.11307561728156608
0.01975558959215081
0.0
0.0025037822021805787
0.007745109246026967
0.02295589491496479
0.03313102888026235
0.01532010110961462
0.002977073037272695
0.033885784206404854
0.029558664944691306
0.01703202654554646
0.014730826954667252
0.038604993209334436
0.015067282160953169
0.06648153110566597
0.044436811324899385
0.029719696133479544
0.02018075889569091
0.014509700606894162
0.028908352071316888
0.042607242472048584
0.05068189074006665
0.010099673153629495
0.06680200078328175
0.06637145390036432
0.03964390181621599
0.005579288265003274
0.01433195050253851
0.00955232709118875
0.003287627137808526
0.020407013095750895
0.003965585345941561
0.045137276647992546
0.0393733734721025
0.022687369115600223
0.019622075365186464
0.05142345969830741
0.02007024772068752
0.030508542660695175
0.044644823585172314
0.06468033754077385
0.030150245280802956
0.01857430140824273
0.017793174422004492
0.04697139994104002
0.04938817730023944
0.013453185513219203
0.0889830488097271
0.0884095424199738
0.05280732925597077
0.00743184446853531
0.019090755309010762
0.012724097749096936
0.004379256349235171
0.009542791286029808
0.013086492919462674
0.018002442876001834
0.010234362236822904
0.09306052161355664
0.015863470668197686
0.016530874223401947
0.011001788971140748
0.02360141882421172
0.03453725048375312
0.05003673079271245
0.023324239851079433
0.014369085792742783
0.013764805694472013
0.0363370907321726
0.038206710506991384
0.04600242144270524
0.08726361466230122
0.03896512148006131
0.08871312805950883
0.016905453694186567
0.01656241732309011
0.010160256348541171
0.0
0.00738230653618823
0.010123715307130372
0.013926695840599827
0.00791730605543286
0.07199165070020785
0.012271986223979148
0.012788289837898958
0.00851098763422774
0.01932008848863416
0.11323381446907389
0.122979466568454
0.009090405349382408
0.012707373550260425
0.013101349158392976
0.0
0.025904205335354334
0.0446815968826459
0.08475809599978745
0.037846352340905005
0.0861659908726843
0.016420063192166195
0.016086876103992856
0.009868534397809377
0.0
0.16819610416332517
0.04858870468410575
0.012124640380749972
0.0019186884414232133
0.010854088679014984
0.004396243623448662
0.001974314076652389
0.008714994838796996
0.018765368833059282
0.10998263771599295
0.11944847200920197
0.008829401031135524
0.012342518602354332
0.012725182356828615
0.0
0.025160442082405355
0.02113095579761591
0.016860010813070283
0.010715271228701915
0.02548392431311974
0.03269259195897776
0.0058351001336914695
0.016921050052822646
0.010511188745115165
0.23093330738004245
0.06671230781372262
0.016647135305829154
0.0026343598730411985
0.014902667393575451
0.006036043968209772
0.002710733888851431
0.011965690834129497
0.014238713744324248
0.0
0.019373821996489463
0.01661810207178196
0.01551656601196474
0.011750773732734837
0.031014913133356716
0.0
0.029012809391271058
0.02314880049626368
0.014712070987776821
0.03498943662177075
0.044886939715213306
0.008011594438944935
0.02323260739289839
0.014431865669422617
0.00511140907056197
0.0014286822887994053
0.24633792409804828
0.07158498726638211
0.01288220583425982
0.0
0.004517890017861533
0.004654821737020553
0.011407887718354541
0.0
0.015522075236566832
0.013314225282646183
0.012431687722459428
0.009414579838734642
0.024848778686971537
0.0
0.00987218771219721
0.002990324785634994
0.00886081496796881
0.0595039034558943
0.018491419013349622
0.005723215973340692
0.014645404694340308
0.0016187699603611696
0.004095200016419548
0.0011446432190774327
0.19736300829864364
0.05735303846390257
0.010321069751159767
0.0
0.003619679626481961
0.0037293876875678887
0.0
0.0022892864381548654
0.07450957761655336
0.43692917860121605
0.0
0.0
0.0
0.0
0.006722795776025346
0.002036361485810577
0.00603406774419454
0.040521169417804016
0.01259234905775445
0.0038974149694619366
0.00997327721956164
0.0011023554422924036
0.005577526314324257
0.001558966021029422
0.016345667097440557
0.06493619011468083
0.019641279479702012
0.000779483010514711
0.0
0.0
0.0
0.001558966021029422
0.050739784156971994
0.2975415097398627
0.0
0.0
0.0
0.0
0.0
0.0
0.18711996104313997
0.27132042968629405
0.0
0.0
0.0
0.0
0.004759285781628166
0.0013302608360397632
0.01394770667567908
0.055409848185242805
0.01675984242703769
0.0006651304180198816
0.0
0.0
0.005402466733945579
0.0
0.005646833920339287
0.09253372606965221
0.016954955597050344
0.0
0.007492390095340028
0.002452879688237966
0.0
0.0
0.15966887825599216
0.23151687513421798
0.0
0.0
0.0
0.0
0.0
0.0
0.0
0.3337013065635082
0.05175723287520631
0.0
0.0
0.0
0.005201511382344113
0.0
0.005436788851710402
0.08909175254661672
0.01632428275236924
0.0
0.00721369594318839
0.0023616400148701003
0.005201511382344113
0.007035748770914384
0.0073923756331455565
0.05983862991848969
0.04489897055399069
0.027450106552531203
0.00495596555547741
0.005799290057837704
0.0
0.0
0.0
0.32128863163318744
0.0498320210335482
0.0
0.0
0.0
0.0
0.0
0.0
0.30745743922124386
0.03321927161580618
0.0
0.0
0.0
0.005048713796349272
0.006829069337026958
0.007175220066525863
0.05808083347651336
0.0435800357656155
0.02664374284240553
0.004810381028695262
0.005628932356741577
0.0011119120658113942
0.003635309300194794
0.007871198469386779
0.13915217439977795
0.021591574256407807
0.009144562038551402
0.010281827255285078
0.0014174153340908064
0.0
0.0
0.0
0.29842568843653444
0.03224343514476982
0.0
0.0
0.0
0.0
0.0
0.02200066249438113
0.2630754663648699
0.03225148995820433
0.0
0.0
0.0
0.0010264250573627548
0.003355816230180853
0.007266038015837459
0.12845375365741493
0.019931551717188373
0.008441501719048266
0.009491330703924605
0.0013084403527353968
0.0005132125286813774
0.0012830313217034434
0.016086166710267382
0.22988915746465807
0.004413124311136811
0.0
0.0003628960530097959
0.0008114602670242783
0.0
0.0
0.02030918807085253
0.24284946531023424
0.029771902336744087
0.0
0.0
0.0
0.0
0.013137004610621856
0.07558117934866773
0.15302908156319472
0.032687944193492705
0.0
0.0
0.0
0.0004912740776899337
0.001228185194224834
0.015398526482699028
0.22006201620709567
0.004224475153120772
0.0
0.0003473832258105081
0.0007767725298691547
0.0
0.0
0.022778716164856595
0.18964546714379696
0.08816734013324715
0.0
0.0
0.0
0.0
0.01257543310619074
0.07235028784397943
0.14648750118758375
0.03129062276889201
0.0
0.0
0.0
0.0
0.0015728445003737636
0.01983948998468571
0.12920701646431357
0.032184104259323255
0.005283402574516001
0.006088826582321453
0.0
0.0
0.0
0.0231498740209916
0.19273556249866206
0.0896039444048904
0.0
0.0
0.0
0.0
0.0
0.005919027657369172
0.2149190549398895
0.11421544880524356
0.005807928172735537
0.0
0.0
0.0
0.0015984725291251433
0.020162755901703834
0.13131232384342229
0.032708514109819814
0.005369490673531914
0.006188038311565391
0.0
0.0
0.0
0.010858145375630021
0.10340677917094579
0.04204432004595949
0.0
0.0
0.0
0.0
0.0
0.0060909468578064134
0.2211614167301731
0.1175328566250451
0.0059766204690809505
0.0
0.0
0.0
0.000926231092275755
0.008985110747605897
0.1596678339848713
0.16869284570980736
0.0
0.0
0.0
0.0
0.0
0.011173522119796027
0.10641024727819923
0.04326550472419455
0.0
0.0
0.0
0.0
0.0
0.0
0.0013098885880004733
0.14880664625357698
0.0
0.0
0.0
0.0
0.0009358586038400252
0.0090785045651426
0.16132746723509442
0.17044628751976693
0.0
0.0
0.0
0.0
0.0
0.0
0.0036714882775942754
0.28513225456204155
0.005516174536452798
0.0
0.0
0.0
0.0
0.0
0.0013235039455867697
0.1503533852041412
0.0
0.0
0.0
0.0
0.0
0.0
0.002902348620174652
0.15276984509316408
0.048228864443241565
0.008313685156347356
0.0
0.0
0.0
0.0
0.003725118315200805
0.28929722864852203
0.005596750211891966
0.0
0.0
0.0
0.0
0.0
0.035321304845492216
0.12998454638788595
0.07179534496197365
0.0033725501848027918
0.0
0.0
0.0
0.0
0.0029447437073650755
0.15500137953315923
0.0489333514572941
0.008435124532936053
0.0
0.0
0.0
0.0025937156408047495
0.009442583462393676
0.1670847063391429
0.05479055680329611
0.011680657877380004
0.0
0.0
0.0
0.0
0.036784120839014695
0.13536779805989296
0.07476871696310011
0.0035122228376356143
0.0
0.0016455511350209064
0.0
0.0007757202309657821
0.0
0.11068006998134162
0.05055013182377688
0.002152433601199874
0.0
0.0
0.0
0.002701133210416502
0.00983364382014043
0.17400444449080688
0.05705968313190886
0.012164407082927164
0.0
0.0
0.0
0.0
0.0
0.32050831199710667
0.007491259743836291
0.0
0.0
0.0017994058632409009
0.0
0.0008482480441525024
0.0
0.12102836711045693
0.055276436967210345
0.0023536805145751814
0.0
0.0023992078176545343
0.005930608635700765
0.02826148452280622
0.032369474897394966
0.022805767913024258
0.0006705989813989296
0.0006705989813989296
0.0
0.0
0.0
0.0
0.0
0.3504750010808449
0.008191672941204767
0.0
0.0
0.0
0.0
0.0
0.0
0.2445757999242343
0.12234326193145077
0.0
0.0
0.0029560220665166377
0.0073069993628746615
0.034820481688661656
0.03988186491147625
0.02809858850020798
0.0008262332975960031
0.0008262332975960031
0.0
0.010548077167162266
0.011398077002576069
0.04129170489598607
0.011136946816485216
0.018413084275622625
0.0008262332975960031
0.0032036058572721708
0.0
0.0
0.0
0.0
0.0
0.3013375732573144
0.15073699714455824
0.0
0.0
0.0034678440816247567
0.007405691206399259
0.00842916397736434
0.00603159859529343
0.2552826087323956
0.05460542727173101
0.0
0.0011684703321586554
0.013923192630419749
0.015045170717680493
0.05450399652886955
0.014700485537154986
0.024304801266316227
0.0010906068639608682
0.004228677962425382
0.0
0.011455331281628824
0.01059824832978465
0.022893889629675812
0.008659468379093127
0.016421905757874458
0.004607708119928584
0.0314822363050419
0.015333848440286174
0.0045774656741264805
0.009775323368803365
0.01112628130325029
0.007961556194628443
0.33696652766652446
0.07207777024399835
0.0
0.0015423510142893928
0.00634054472672217
0.004619884544091238
0.009880509105196302
0.07303210272056676
0.18850285686233514
0.009392799082707074
0.009389525430279206
0.005564310012552065
0.011799472971834445
0.01091664148697603
0.023581669116697096
0.008919616602745328
0.016915253550703085
0.004746133139806395
0.03242802737359398
0.015794508755545656
0.08751642916024419
0.022268787416015824
0.009234257997687291
0.003055899378472929
0.051500092023236604
0.03155931056767592
0.0161227924236766
0.13842689747927123
0.006531027718914451
0.004758675368771109
0.010177339901264803
0.07522613715323596
0.1941658700196437
0.00967497806754958
0.009671606067876051
0.005731473318917435
0.009832093704511855
0.007693427585912747
0.009239616401260572
0.015541451630856054
0.04657579963043202
0.05427924451801771
0.04265143977167691
0.01346338664193953
0.07380449860587036
0.0187797503345391
0.00778744960296158
0.002577106076908361
0.04343114208843659
0.026614649559449276
0.013596699755393182
0.11673839826482386
0.05426776364721535
0.037987531524245846
0.018880367646573977
0.037493702480830254
0.0057827681271433165
0.07370772781790774
0.03878254017014671
0.008523648451407986
0.008291617391961326
0.006488033972446386
0.0077919684606532
0.01310644248433041
0.039278379749674026
0.045774861529400135
0.03596888215586684
0.011353965308912601
0.08285262869546478
0.01409033000785882
0.014611414421843612
0.015137743361296682
0.010287135089842718
0.050213029489578516
0.0442241337334794
0.021773147691308416
0.03949062976588277
0.02764351140201759
0.01373923593796118
0.027284152205866784
0.004208118038832842
0.05363708386923392
0.028222038873686454
0.006202655547726169
0.018797443140321616
0.03217816314463278
0.036860996219917445
0.02165827409549823
0.022293814109688843
0.04695795560610554
0.05185813165230406
0.02721777556846183
0.060291824557444175
0.010253527476030666
0.010632720394375687
0.011015729751793301
0.00748594406479556
0.03654000135120825
0.032181884319740846
0.01584431081230794
0.005852997986678548
0.02658222144109128
0.07587849103745133
0.05065672368884131
0.06686268120854696
0.06485343953031461
0.044396258203927376
0.02242087036420056
0.014694913791159846
0.025155300635220614
0.02881610853478491
0.016931370310462955
0.017428204143109614
0.03670941331167798
0.04054012922462749
0.02127751431830319
0.07221495847293179
0.004646291846096027
0.020461472241418657
0.004213041122614238
0.005695617717300027
0.00969715876075246
0.0424647604074172
0.10424208941262648
0.004575585104421911
0.02078066945266865
0.059318061295626015
0.03960092774284575
0.05226994591077083
0.05069921988027706
0.03470680464819981
0.017527530455350045
0.04058552629209994
0.027510236733727576
0.03258678660534236
0.018466266712809418
0.03705780197003284
0.009823950776909863
0.04698436137307808
0.04231767229063491
0.06796585442855307
0.004372905585242459
0.019257526046704117
0.003965147189670359
0.005360489472548824
0.009126581177096572
0.03996614808378951
0.09810851967743507
0.026296460282577525
0.00396804081154614
0.009884203897786485
0.014792174261372219
0.02652013448455926
0.030644878246569168
0.13311067673967292
0.05978489313168244
0.03819748747635181
0.02589154358982841
0.030669390962028836
0.017379717745210337
0.03487733327550782
0.009245912793358414
0.04421981723770025
0.039827714582686795
0.017849934761294962
0.004540691955501665
0.006767783088721952
0.006241378841043677
0.02002304305937153
0.039741906233497215
0.04534732946217105
0.06605409106653129
0.02249062891625346
0.0033937546140444257
0.00845368386501
0.012651334004732787
0.022681931221615194
0.026209709497821393
0.11384584857327096
0.0511323513421079
0.023984092106617488
0.003043926383070533
0.009136057933056298
0.006192952175148728
0.004306597974916118
0.0063003969038837706
0.08631247880954464
0.07861483307034833
0.01526655126133457
0.0038835271628503503
0.005788296082381382
0.0053380772138625805
0.017125150167866966
0.03399014376525492
0.03878430588441196
0.05649422145086337
0.03558813169098561
0.008694791465951908
0.0004338151831780028
0.005305800019394206
0.016415119977102925
0.013072861005832536
0.14053648405020397
0.12453189789678504
0.0388669073428492
0.004932769777706698
0.014805243224738453
0.010035856154162694
0.006978965212019994
0.010209973410619955
0.13987184094813437
0.12739758583047361
0.005973516146962277
0.0007030099139691191
0.006369019016429354
0.0
0.008539700082735226
0.0
0.006999876625019686
0.001988412304554641
0.057671585432121156
0.014090158292016704
0.0007030099139691191
0.008598200708067811
0.02660117149048887
0.02118494521956278
0.22774339256152176
0.20180750287596014
0.015270434613330709
0.0035150494948878465
0.0038875193472260473
0.0
0.003143955866822251
0.009311335539990208
0.01673962808259297
0.006059032144715405
0.04380477231773848
0.005155286846289101
0.04670505963960799
0.0
0.06262301943826172
0.0
0.05133124181260932
0.014581353114630786
0.03495684744811111
0.0
0.014936755865579528
0.007290676557315393
0.09222057330050205
0.010310573692578201
0.016302448182258227
0.0
0.11198059818923073
0.02577643368176805
0.028507816116415646
0.0
0.023055143325125513
0.068281548633757
0.12275443454095292
0.04443187513606851
0.04408859497162977
0.005155286846289101
0.014936755865579528
0.0
0.06455440131035144
0.0
0.034499689506740774
0.011755862602263467
0.05038203406118938
0.0
0.021527803498308934
0.010507787213507067
0.1329141614404753
0.014860255225845529
0.0234961262115669
0.0
0.02990568632410694
0.0
0.026227029057514367
0.0
0.08639420493630894
0.0074301276129227645
0.04578650667364478
0.0
0.06354328996251234
0.0074301276129227645
0.021527803498308934
0.0
0.0930399130083327
0.0
0.04972314893124016
0.016943297616441796
0.10740977619440252
0.026840975725125435
0.038356379852952156
0.0
0.06313422668422576
0.0074301276129227645
0.05518495779205565
0.0
0.0339322249783709
0.026008504640713716
0.02856095873836425
0.02599408534653562
0.02171343926230739
0.014385740216682232
0.015694991950354363
0.019242945426128803
0.037731614314326894
0.03832661120009869
0.05111251753461015
0.021661214720734685
0.041086395812035756
0.02568897215044867
0.006583484971005167
0.04240046070300028
0.036899641217949766
0.029492094360731715
0.05148333087098393
0.030001556428035637
0.0495586981190921
0.0178678445476229
0.023138902125549216
0.030270795227315444
0.01665826909520192
0.06398478752538185
0.0877046599315912
0.016936325548973195
0.02107000192960295
0.026125426646142782
0.03993786565994035
0.008745117991528127
0.036382422237273754
0.03695614346074637
0.04928485643531414
0.020886661608930372
0.03961724479076022
0.024770396088362085
0.0063480753304771195
0.04088432187132115
0.05609935807184816
0.03749728005097388
0.02507848190994049
0.01702920496297824
0.012243774719443776
0.024393842427278944
0.03595342814975871
0.04276708868010663
0.016062609325825667
0.06169684490882662
0.08456855153944609
0.016330723147371447
0.02031658916994478
0.02519124401756585
0.038509783323628956
0.008432413536087306
0.04650762857293053
0.06796021845175519
0.07854569246009557
0.026453340312740055
0.00235399580123241
0.0
0.0008772824512645667
0.0
0.07254638336547825
0.0484906092910491
0.032430908755366736
0.02202177126646085
0.015833364322987813
0.03154554892089776
0.04649413596702933
0.055305403082132054
0.011021027167751092
0.07289608824896496
0.07242626424362887
0.04326046123533807
0.006088265096303498
0.015639398765946968
0.010423748846704314
0.0035875446117979125
0.06014258215842603
0.08788457178223566
0.10157346024564455
0.034208843622910226
0.003044132548151749
0.0
0.0011344812350211808
0.0
0.0187218765722458
0.023631720517543302
0.07719681885726265
0.015434560090406672
0.006170597325026627
0.0
0.001829295982053805
0.00901548646029061
0.0148969590790789
0.09853256208707321
0.09789750794236152
0.05847452428487335
0.008229417695984573
0.021139543519086514
0.014089626824832183
0.004849230880466923
0.010566907826290706
0.014490913644083246
0.019934435200030316
0.01133269702499917
0.10304762251235466
0.017565912040988507
0.018304940239279557
0.012182482724162435
0.02530608308419792
0.031942646375846644
0.10434579590881927
0.02086266611728993
0.008340704949296741
0.0
0.002472632266792579
0.012186099429092007
0.04321313607605714
0.006133845884545454
0.019481589734049048
0.06852680312234609
0.06269271929098794
0.017031843099670235
0.031011142765735748
0.020916130564773257
0.00904108111788944
0.012398473411731944
0.01705596837273164
0.009696292876953033
0.08816788501001709
0.015029452161696068
0.01566176712071682
0.0104233723182861
0.02366123465265026
0.1386769970719131
0.15061245799395717
0.011132982863198583
0.015562669268749786
0.01604516961117466
0.0
0.03172477606874484
0.03697330146572993
0.005248138728799213
0.01666851230146559
0.058631758312237756
0.05364009698283334
0.014572501017578935
0.026533235825705766
0.017895910158124556
0.04147863382213385
0.03678430521906905
0.04338036085016062
0.02889428884557883
0.03210242610051847
0.004733402234635054
0.010877755000792291
0.006694042161760275
0.016740155449201884
0.09811299039512779
0.10655724421898785
0.007876506297289526
0.011010477964817774
0.011351843529846768
0.0
0.022445053725141228
0.018850441362981474
0.015040429228803399
0.009558847877949611
0.02273362480921571
0.02916431199937109
0.00520535909358565
0.01509488093561747
0.009376790571744006
0.029345838803270963
0.026024634660775488
0.030691297167488276
0.020442504119917163
0.022712238440144195
0.0033488484592884525
0.007695934397539981
0.0047359872811551205
0.001660513390265286
0.03151632485183424
0.3766120432067188
0.04262421650049131
0.0025418746789703283
0.0
0.0009282552181742883
0.0
0.013194861747960926
0.010527943642411492
0.006690966741342435
0.015912998036040238
0.02041432650812133
0.0036436278740526254
0.01056605854537409
0.0065635309461091924
0.002324639958639452
0.0006497566308811248
0.11203309572396562
0.032556447652864626
0.005858754410835329
0.0
0.002054710847688921
0.0021169866197055906
0.001162319979319726
0.02206067970591032
0.2636194955354492
0.02983594033737694
0.001779251972079621
0.0
0.0006497566308811248
0.0
0.0
0.0
0.2754342929656184
0.1603491850449783
0.0
0.0
0.0
0.0
0.0019086813231970912
0.0005334926560894667
0.0919864930453304
0.026730971113924782
0.00481042024576777
0.0
0.0016870518830148743
0.00173818436161404
0.0
0.0010669853121789334
0.034727251080732
0.20364293793032387
0.0
0.0
0.0
0.0
0.0
0.0
0.22614955438482573
0.13165715987449098
0.0
0.0
0.0
0.0
0.0
0.0
0.07266608944237708
0.19639988897992772
0.004294532977193456
0.0
0.0
0.0
0.0
0.001061266106919316
0.03454110767766361
0.20255138048487353
0.0
0.0
0.0
0.0
0.0
0.0
0.1273819120522059
0.18470138043849962
0.0
0.0
0.0
0.0
0.0
0.0
0.07227658803482165
0.195347155390045
0.0042715136204034285
0.0
0.0
0.0
0.0
0.0
0.0030849820591802536
0.14331571866651022
0.03146669171679771
0.0
0.0
0.0
0.0
0.0
0.13789760592115358
0.19994893907984965
0.0
0.0
0.0
0.0
0.0
0.0
0.0
0.2882002539912112
0.04469999777384122
0.0
0.0
0.0
0.0
0.0
0.003339655006091585
0.15514678792764358
0.03406434543255276
0.0
0.0
0.0
0.0
0.0
0.0
0.07937764370980264
0.057324442330283984
0.0
0.0
0.0
0.0
0.0
0.0
0.31400946977932215
0.048703019534912705
0.0
0.0
0.0
0.0
0.0
0.0
0.30049163886942337
0.032466650978313354
0.0
0.0
0.0
0.0
0.0
0.0
0.08648615491646022
0.06245802178257878
0.0
0.0
0.0
0.0
0.0
0.007594084246848536
0.07310147582493731
0.06729637515824803
0.007392750633869323
0.0
0.0
0.0
0.0
0.0
0.3192560131336202
0.034494049784996476
0.0
0.0
0.0
0.0
0.0
0.023536324339411663
0.281438320490891
0.0345026668301212
0.0
0.0
0.0
0.0
0.0
0.00806830123184634
0.07766633978190193
0.0714987362450465
0.007854395224905957
0.0
0.0
0.0012377826336816733
0.0006649643179512262
0.05103549568533975
0.0751103490436458
0.006897508438322149
0.0033248215188549568
0.003413550651681886
0.0
0.0
0.0
0.02606032296674642
0.3116193260019735
0.038202678882249104
0.0
0.0
0.0
0.0
0.016857128004037988
0.09698417963151908
0.196363698781486
0.04194448245934454
0.0
0.0
0.0
0.0013705205082664453
0.0007362740518558127
0.05650846245778721
0.08316506545352068
0.007637186460229888
0.0036813701807745583
0.0037796144870937544
0.0
0.0037564930261346453
0.003292717611693247
0.03012846160847182
0.048963724787267196
0.02774593653745535
0.0007362740518558127
0.0004656605823826921
0.0
0.0
0.020652785044140413
0.11882174793548843
0.24057818511165815
0.051388966128337696
0.0
0.0
0.0
0.0
0.002583101440703975
0.032582633025766715
0.21219823720572417
0.05285634152662203
0.008676995595437583
0.009999753130874452
0.0
0.004602328639254993
0.004034126633496897
0.03691237565268258
0.05998870523790563
0.03399338624107037
0.0009020581514783476
0.0005705116499782917
0.0
0.001613650653398759
0.0
0.015944447548757977
0.05121866868818418
0.03603328063643765
0.0018041163029566952
0.002043081451434931
0.0
0.0
0.0034230749024327747
0.04317786038448539
0.2812009039495687
0.0700441776165344
0.011498582821109575
0.013251474926006463
0.0
0.0
0.0
0.023252351382371327
0.22144212307183211
0.09003649053508861
0.0
0.0
0.0
0.0021383779072331652
0.0
0.021129266306488814
0.06787396598515352
0.04775059030019796
0.0023907792161804607
0.0027074511011564687
0.0
0.0010691889536165826
0.0019275077802653165
0.012100055649395258
0.011170523140178645
0.052453045190957566
0.00983196398335355
0.00843902442370188
0.0016905361917611407
0.0
0.0
0.02692476067891408
0.2564160531506501
0.10425659410361737
0.0
0.0
0.0
0.0
0.0
0.0
0.0031564296709511736
0.35857836900962137
0.0
0.0
0.0
0.0012380535724438731
0.0022319327984065547
0.014011103531168329
0.012934763339057595
0.06073732782644581
0.01138479601061749
0.009771859595410591
0.0019575346008541853
0.0018570803586658098
0.0
0.018742733563177263
0.03632465021820107
0.0514318730261107
0.021915239939065218
0.006128052652335131
0.0
0.0
0.0
0.0
0.002676146447530665
0.30401698387826437
0.0
0.0
0.0
0.0
0.0
0.0
0.005868595991175839
0.3089031049730842
0.09751954626096518
0.016810406248682214
0.0
0.0015745064907861078
0.0
0.01589083397096431
0.030797481259875196
0.04360598481105949
0.018580610887502572
0.005195606443176543
0.0
0.0032341820781137502
0.005867839201709596
0.01509605487476805
0.012540987484265475
0.04313103335206977
0.04645719112722205
0.020572556842020934
0.0016596755873276425
0.0
0.0
0.0
0.004318536987960759
0.22731322560422246
0.07176192878336951
0.012370311617418958
0.0
0.0
0.0
0.0038037459433405956
0.013847774202645807
0.24503371299969448
0.08035166033437925
0.01712996379311968
0.0
0.0023799448711642507
0.004317980087586804
0.011108767999534589
0.009228564787521194
0.03173893093679508
0.03418655817189298
0.01513877387245255
0.0012213092233077467
0.0
0.0
0.011064179874223624
0.06965517761526259
0.1051077265049838
0.024517238413937194
0.00440349302397636
0.0
0.0
0.0
0.002996480678454495
0.010908874687194965
0.19303044880245387
0.06329870639631902
0.013494488405192635
0.0
0.0
0.0
0.0
0.0
0.35555335089723555
0.008310369511997569
0.0
0.0
0.0
0.0
0.008716039848586578
0.054872327696824076
0.08280081696304335
0.019313968990238337
0.0034689440253378168
0.0
0.0
0.0
0.0
0.0
0.1384881516948095
0.04474664196677413
0.0
0.0
0.0
0.0
0.0
0.0
0.29687331732643957
0.006938837614691161
0.0
0.0
0.0
0.0
0.0
0.0
0.20717035120152932
0.1036320705046497
0.0
0.0
0.0
0.0
0.0
0.0
0.11563225856343612
0.03736171802732966
0.0
0.0
0.0
0.0
0.0
0.020620235402243427
0.14410176786203613
0.06479505073995462
0.0028740675940550652
0.0
0.0
0.0
0.0
0.0
0.19333400952701865
0.09671076768490179
0.0
0.0
0.0022249206876785717
0.004751388812139772
0.005408034753478931
0.0038697900420464975
0.16378578275270939
0.03503408513668819
0.0
0.0007496743664843219
0.0
0.0
0.0
0.019243066223451327
0.13447760453713736
0.06046756635014851
0.0026821164726887605
0.0
0.0
0.0
0.0
0.08436491403873597
0.19289597516784732
0.0
0.0
0.0
0.0022563410177296947
0.004818487925157778
0.005484407020509962
0.003924439217193732
0.16609876558408443
0.03552883648855881
0.0
0.0007602612679214157
0.0031254043525696246
0.0022772502812918928
0.004870336460657453
0.035999249521605485
0.09291751335281866
0.004629932663700458
0.0046283190030470215
0.0027427799158933354
0.0
0.0
0.0
0.08555631535857244
0.19562005213781372
0.0
0.0
0.0
0.0
0.0
0.0
0.06459814398431052
0.21346996550765984
0.05539292851464055
0.015299962692142217
0.0
0.00339633923263364
0.0024746604280238816
0.005292535919026651
0.03911995047779112
0.10097234162340536
0.005031292010983893
0.00502953846540477
0.002980545869902961
0.005112997069489433
0.004000823617359332
0.004804890291187199
0.008082042241696064
0.02422087646604149
0.02822690939442218
0.02218008626809727
0.007001383277505864
0.0
0.0
0.0
0.07019802432566784
0.23197523809888018
0.060194827645282535
0.016626285013787198
0.0
0.002916221542578735
0.0
0.0005841881161785772
0.0013321538514610434
0.03004373609323428
0.18525913347518996
0.1239218292763969
0.009020815499585685
0.006646611690609015
0.005200848086905038
0.006246090022634737
0.010506205209504859
0.03148579169674035
0.03669341159811428
0.028832877993996763
0.009101408686579165
0.06641517866210929
0.011294895522503177
0.011712600005725384
0.012134508532940617
0.008246230996778939
0.040251074434511785
0.03545033862331545
0.017453489608277167
0.003790925739616197
0.0
0.00075941204536914
0.0017317258825839614
0.03905518521386583
0.2408265652441009
0.16109148274407328
0.011726558209109322
0.018865368228733796
0.018648506927041057
0.03328080576933569
0.031013443710424794
0.03954732135671436
0.03479641480285542
0.011102983829198032
0.016091304212917785
0.06187158314978712
0.010522189077350277
0.010911317559518555
0.011304362478602607
0.007682089803375624
0.037497417742609646
0.033025109892114414
0.016259461395811144
0.006006357483232046
0.02727872537065999
0.07786664944981159
0.051984024613880395
0.06861460853736169
0.0665527209684372
0.04555952322170284
0.023008339110844753
0.017574750569501592
0.01737272518419147
0.031003999129857514
0.028891751854693407
0.03684180982365206
0.0324159223111089
0.010343406447702395
0.014990465834070878
0.02039234994356798
0.006967729296109911
0.0017897457428146938
0.004001993260397278
0.03384111189438746
0.03309584231180188
0.10243717981421445
0.052094331753588886
0.004623277781040879
0.02099727251555868
0.059936350989834165
0.04001369992335343
0.05281477101407929
0.051227672841680234
0.0350685639364195
0.017710225088464454
0.04100856123444843
0.02779698406643153
0.03292644831857723
0.01865874607153504
0.037444066398566477
0.009926348720961002
0.04747409326571611
0.042758761902950124
0.015696617902032677
0.005363275184493048
0.0013776222526826923
0.003080457094390909
0.026048542922032285
0.02547488604069071
0.0788490426535024
0.04009860671578597
0.049499779297121495
0.024799812196721935
0.02101448686699392
0.03353771479535885
0.0033279250087599292
0.03459058651989271
0.05756864840327544
0.03928584035631125
0.04504424832050519
0.03053250870449146
0.03616676785842428
0.020494969003922416
0.04112896854254141
0.010903209067654341
0.052146058810163515
0.04696668771241634
0.021049470711663163
0.00535459449046652
0.007980883617448416
0.007360123321000416
0.02361210077644197
0.04686549852840886
0.053475673504190475
0.07789404689060117
0.05437109431180784
0.02724038262412015
0.023082540237225193
0.03683818958455454
0.003655428914698862
0.03799467530319278
0.06323402762969116
0.04315199302829696
0.027514104856733838
0.02257671880874165
0.041143376909269114
0.01773502594877993
0.0074168455505537224
0.030034920045325132
0.01705756230059622
0.01997696168907469
0.016118575017641676
0.0041002661855917034
0.0061113399503975275
0.00563599443965618
0.018080902028492083
0.03588712819039085
0.04094885172189219
0.05964715481126937
0.037574299563758656
0.009180046371156983
0.00045802633837521565
0.005601915860185833
0.017331245167639273
0.01380245526384156
0.14837980249121385
0.13148200297354853
0.021068851053380362
0.017288061099287905
0.03150542910438634
0.013580547943984117
0.005679429332853578
0.02299915843637816
0.013061781995682913
0.015297304147010651
0.02826744443313766
0.015046566816190012
0.024106621237717184
0.01016536216079344
0.007866018760402362
0.0061473809803376835
0.11792552171261045
0.09965425222122425
0.0481567907799432
0.01176553063073948
0.0005870256745946989
0.007179649206448943
0.022212447262727284
0.01768980282020868
0.19016974867126166
0.16851282344680557
0.01275108217127997
0.0029351283103824523
0.0032461472049817464
0.0
0.0026252585873182493
0.007775129366071003
0.013977884624938808
0.005059398681963346
0.03622873674971332
0.01928430811848287
0.03089605205776866
0.013028352476644594
0.010081417993515142
0.00787874007371411
0.15113827117637835
0.12772104950102564
0.016774573567419
0.006946030394654274
0.008875398770242127
0.008347616581152836
0.014424490238100314
0.008476391391408567
0.021485447800830396
0.003768939636185558
0.07238007485628731
0.016660923674132713
0.01842638723012177
0.0
0.014901983260306435
0.044134641905224724
0.0793438801425323
0.02871910402656818
0.02849722055389046
0.003332184805884736
0.00965456092522202
0.0
0.04172555312885801
0.0
0.022299310321568847
0.007598550364181651
0.09521896841248324
0.039428355426295254
0.0503801966562843
0.04738430079105802
0.08187898636156962
0.04811527642753441
0.1219597128506978
0.021393959299421197
0.025575196786620912
0.0
0.0054396436307608195
0.004712420932773839
0.024084998460590267
0.003332184805884736
0.03399467464384151
0.009424841865547678
0.0646347416251271
0.007557751239923328
0.021897575931158014
0.0
0.09463801357571575
0.0
0.050577218866924324
0.017234324259295067
0.1092547007942717
0.027302009889372727
0.039015208418282744
0.0
0.06421865206923569
0.007557751239923328
0.05613284251708323
0.0
0.05800727945341141
0.0
0.012337693072280852
0.0106882742772293
0.05462735039713585
0.007557751239923328
0.0771035549968745
0.0213765485544586
0.04055914867530675
0.007557751239923328
0.01911976571775433
0.0
0.07490692473478923
0.0226732529139321
0.033459587991475366
0.0
0.036749362811735
0.029371984116019892
0.05127365856375955
0.029879371335304314
0.049356864119584454
0.01779507551484965
0.023044666051207776
0.030147513625883453
0.016590426209816194
0.06372420147159041
0.0873474717292919
0.01686735024388551
0.020984191710196734
0.02601902757697911
0.0397752137045041
0.008709502404206705
0.038380544226917654
0.047802011683464984
0.023697600505144748
0.016971958261042218
0.04308192580801378
0.020714027500855905
0.041285664309957865
0.032234276002415345
0.042207535600531705
0.04051194339715177
0.026749676055247217
0.01724628533523414
0.012690733871920058
0.014734865915416904
0.016898883210873034
0.017155668439416908
0.019843688591910612
0.07622005569828107
0.10447567810290678
0.020174915422746083
0.025099039674081378
0.031121170376950086
0.04757484494050374
0.010417372725320085
0.057455353599720246
0.0839578043790545
0.09703506010745856
0.03268035950658757
0.0029081177708292372
0.0
0.001083791519604005
0.0
0.050484127538168375
0.04845604198827245
0.03199509372825778
0.020628156940123155
0.015179294839827006
0.01762426636731537
0.020212631776103492
0.020519770727555647
0.058704898475743734
0.023516847987842128
0.033154347884155014
0.006596550727523397
0.022966570848282426
0.011096357683396174
0.005286044269283353
0.00353112540373879
