0.16831463649645143
0.0005423760170071162
0.0
0.0
0.0
0.0
0.0005423760170071162
0.014215475353923177
0.25908695083463384
0.02275700282776559
0.0013721148059657492
0.004962395808861683
0.005838628263368372
0.0008745550283649603
0.0017151435363723445
0.003249214570766975
0.27165661518654355
0.04520052648161769
0.0006860574029828746
0.0
0.00024255792511741335
0.0
0.0
0.006083352743439026
0.12111230021483405
0.023943560622080234
0.013999641511726758
0.014696324714775388
0.005367351439039225
0.004173906748069886
0.0024295908245244545
0.006937034150616912
0.3733137719684103
0.032790159971241996
0.0019770557804577177
0.007150227718681174
0.008412775452788452
0.0012601307606620697
0.002471319767235483
0.004681735392076691
0.015488773772298651
0.020459252414545593
0.015612811856252757
0.004428323317406524
0.006382275111545804
0.010335261095777178
0.018239888505062106
0.008072261341365107
0.17450855583162125
0.034499849959206075
0.020171834058458595
0.02117567247470951
0.007733721072145791
0.00601410787747817
0.003500754137254757
0.009995448928237942
0.02983551617598284
0.09868674529701228
0.034869532405475585
0.002210415624841208
0.006397510560236477
0.0012601307606620697
0.004528583302266499
0.01353514995193998
0.022234734635707923
0.0293700492350129
0.022412796109261997
0.006357029632633033
0.009162003110349766
0.01483666759123031
0.026184066386216395
0.011588043797007435
0.015997983962891583
0.15105950258551004
0.049035296481250504
0.015730231457530847
0.00720287617812603
0.0076652946631372626
0.018233666377255067
0.004626897322955045
0.0428300390104993
0.14166864504568966
0.050056564277128394
0.0031731372396223492
0.009183874187019435
0.001808966512231246
0.00650095672400347
0.019430231977055793
0.08704273964082981
0.05501807471888957
0.06533315773811804
0.014635314928218218
0.011567279910699037
0.011864281571973508
0.05168371879218983
0.01650523600193967
0.011781491566349025
0.11124565819394591
0.03611135836161057
0.01158430897814957
0.005304457433067075
0.005644999059682072
0.013427928615601912
0.0034074138288425265
0.06453201085592968
0.13422604224825835
0.044423976073998346
0.01878544320246484
0.010079453280985902
0.006973245760625502
0.009161158665191628
0.011873890380865237
0.06410140836301952
0.04051729172881349
0.048113690367487
0.010777973011950657
0.008518561528103137
0.008737284248141693
0.03806175193575331
0.012155050236861543
0.09814654058940107
0.08760110092937679
0.051687820165533326
0.0
0.0067693421438852494
0.0023658423922646404
0.011935794034742106
0.011947238881497119
0.05939896627651741
0.12354935250250444
0.0408903770654123
0.017291200017984735
0.009277707258490002
0.006418575591856087
0.008432456193290017
0.010929410147758797
0.1734992099877244
0.03804706789705922
0.019507025697406997
0.007555729435892549
0.003442796461674576
0.012407620173683161
0.0012262223726347541
0.0
0.09033970857721997
0.08063308071255805
0.04757643603844243
0.0
0.006230891001003122
0.0021776571132645847
0.01098638982343068
0.010996924317202441
0.13703656627977845
0.056043553570414725
0.005632948204582522
0.0
0.0035113079700451947
0.0015209417014685831
0.006763905249419378
0.008675537042370476
0.26269542200509716
0.05760712430899091
0.029535617758761977
0.011440141617120694
0.00521274344385342
0.018786396882356234
0.0018566251896718693
0.0
0.007724027747621647
0.0
0.025691549929237823
0.015773483711525087
0.032171786769687766
0.017465217587841936
0.07344728987169566
0.009778531598308028
0.20748727680974974
0.08485563108262581
0.00852885558291797
0.0
0.005316476824569671
0.0023028601809812793
0.010241239392527685
0.013135644044878434
0.009930722343297132
0.0037261058835944072
0.017465241159703958
0.017775739547877076
0.010382265914366253
0.012737417079222069
0.024804774515619337
0.0021231320992645313
0.011476878507245845
0.0
0.03817422811453453
0.023437300085947625
0.04780299866613221
0.025950991750385136
0.10913290967960027
0.014529598131959363
0.10010431283674447
0.062280471357300526
0.0837137789697385
0.004120325429073573
0.003060500935265559
0.0034217441184664875
0.004957023542618835
0.06644628614981934
0.01475573334887453
0.005536498045895122
0.02595102677503878
0.026412386106490666
0.01542666707350854
0.018926108643170382
0.03685659772559065
0.0031546920796077962
0.11905387632297419
0.049049026988135846
0.07410425154659904
0.0063093841592155924
0.003060500935265559
0.0
0.0027929226145017977
0.0
0.08804225496349558
0.05477599299271571
0.0736266966242643
0.003623847281691878
0.0026917262206085585
0.0030094414472349048
0.004359727550510708
0.058439848402140365
0.18845843730043246
0.026409447165103125
0.00285500666645387
0.0
0.0
0.0024262892050172244
0.023639809012005467
0.0650440366353774
0.10470849293690276
0.04313887001895204
0.06517506812303756
0.005549135627295363
0.0026917262206085585
0.0
0.002456389719394999
0.0
0.07967218614462011
0.01145461354672194
0.00285500666645387
0.0
0.005492653904367798
0.012376181225924784
0.06127440931510036
0.005751843731177748
0.17783867024008806
0.024921256022783677
0.002694125009003127
0.0
0.0
0.002289566081619809
0.022307688950655723
0.06137875888168867
0.005793276161196607
0.0028398572799819845
0.0008980416949007943
0.0
0.00884518068264811
0.05339108483492127
0.11501064244383796
0.1305281808170714
0.07518260175580632
0.010809137921565763
0.002694125009003127
0.0
0.005183138947950703
0.01167877460620202
0.0578215527436049
0.005427723243564696
0.1003857303164419
0.021968064542133594
0.006808179112192781
0.007282264172499425
0.021253793010180145
0.0028398572799819845
0.0008980416949007943
0.06102987372900429
0.006286843781074645
0.0030818035569197843
0.0009745518231201733
0.0
0.0095987602903608
0.05793982546654954
0.12480916187777501
0.14164874226456592
0.04518157042356895
0.017683411889412873
0.007916386996320286
0.010713406736753847
0.04421334231579738
0.02773506845982612
0.03926689387245019
0.024021887037239276
0.10893825648701735
0.023839669662913544
0.0073882130457752415
0.007902688556722331
0.023064544601771514
0.0030818035569197843
0.0009745518231201733
0.06622941345052519
0.01042151706831249
0.006527364301023677
0.01813634891515977
0.020460913127828623
0.031623869082992605
0.051581609686951725
0.04035357891462264
0.018403118862973966
0.03593387893932476
0.01406399946064966
0.0062960735825646754
0.008520603801443729
0.035163826210211
0.022058299060127077
0.031229808913412285
0.019105125665131888
0.1176947619417688
0.07270943398728984
0.005936074527554979
0.0
0.0
0.004427104374183379
0.018376981122211415
0.10748809793710445
0.008288457642930831
0.005191353828274642
0.014424230061262791
0.016273006193248583
0.025151146198949415
0.041023968414775
0.032094073001280955
0.014636397963341837
0.11038957864546313
0.01825061471712811
0.008454475840595601
0.004519466504168619
0.013004250253028178
0.003952158868694233
0.03526358630062751
0.15007846451899035
0.10555555232922098
0.06521007679059389
0.005323819132524332
0.0
0.0
0.003970486364272039
0.016481552453952313
0.09640161855446075
0.0980389269132391
0.0386612492575476
0.008922034884160244
0.003581039201910088
0.009163745061965123
0.028018167404903694
0.019210185335941633
0.0111416649362006
0.09900383630562037
0.016368219664418093
0.007582468856597541
0.004053322129297154
0.011662972892242647
0.0035445274317666823
0.031626448515300394
0.13459915253374902
0.06816530962431248
0.010556244694996678
0.00497877870920711
0.0015543781372615107
0.001474612559792459
0.0
0.008833556105500516
0.08631542405101947
0.13577056772000173
0.053540567259645365
0.01235580375652313
0.004959251807204946
0.012690539448737641
0.03880134773817202
0.026603491604670362
0.015429689220004275
0.0
0.0024543439879547253
0.028162326568725873
0.05350566225276254
0.10340362899722827
0.06125129672981284
0.0427135337320424
0.007806362489508646
0.09439967447514808
0.014618961879288109
0.006894930750308163
0.0021526021223622306
0.00204213765606844
0.0
0.012233272692709728
0.11953511217815123
0.009613775529659887
0.04580203738747763
0.038585779068972176
0.011417057200524522
0.026936317414980225
0.005498583111571615
0.008013824222873936
0.002806649684842715
0.0
0.0025850116911843198
0.029661670812400436
0.05635426946946042
0.10890877203055362
0.06451227656915011
0.044987574932859084
0.008221968232667649
0.017519185836993457
0.060376197147151804
0.23159756148986785
0.021340423545798688
0.0
0.0
0.0
0.0
0.010125606786399238
0.04824050854638191
0.040640061253136885
0.012024894019387323
0.028370389715909754
0.005791324157542452
0.008440475095949493
0.002956073917912048
0.05842758765251172
0.06680481817490173
0.05067888366859177
0.012713763339267992
0.008719784213856845
0.0
0.0
0.0
0.01966335371715064
0.06776562173876725
0.25994271731444485
0.02395227155869152
0.0
0.0
0.0
0.0
0.017583420458030446
0.03535324173205443
0.12273252503822175
0.0025446878536286833
0.0846479740025407
0.017993660035307724
0.0045520758846776125
0.0
0.06557852251473838
0.07498103975866383
0.05688145698309832
0.014269797006678223
0.00978699597855961
0.0
0.0
0.0
0.05888764092805017
0.01661906797961507
0.009104151001932601
0.0025446878536286833
0.008177594087750224
0.0035987320838038067
0.02283773447275537
0.0
0.019538787373768095
0.03928470429429802
0.1363810139381774
0.00282767024899036
0.09406126467848513
0.019994647704916827
0.005058290167846884
0.0
0.0
0.0
0.0
0.0
0.011325134492528088
0.19661451672389585
0.12311133796211088
0.01528603809411668
0.06543624989132836
0.018467193932998213
0.010116579482929796
0.00282767024899036
0.009086984667796085
0.003998929626259763
0.025377408168497106
0.0
0.039489371058707826
0.0019994648131298814
0.0
0.0
0.011310680143197468
0.019682229096022075
0.04047824980521972
0.08824443882536037
0.0
0.0
0.0
0.0
0.011388038871914046
0.19770659330461518
0.12379514814688093
0.015370942934780155
0.0008991545160718793
0.0
0.002010570649732261
0.023847353204003222
0.14380830589410068
0.04635871366234365
0.025105658113164824
0.0
0.03970871100389158
0.002010570649732261
0.0
0.0
0.011373504237278675
0.019791552160311896
0.040703082383085086
0.08873458414436154
0.01363323003780708
0.002010570649732261
0.0
0.0
0.072737506299501
0.038357039717835086
0.06641186180607402
0.014236156695002148
0.0007638427849840887
0.0
0.0017080044164244502
0.020258618913936342
0.12216691893833777
0.03938229561124033
0.021327564361012664
0.0
0.003943168574096359
0.0
0.0032407103316164495
0.007044253684264995
0.06644144316950977
0.12236765844465157
0.17811342611851888
0.01817205803115256
0.011581596059708625
0.0017080044164244502
0.0
0.0
0.061791403358938374
0.032584775495332424
0.05641769080974592
0.012093789646840885
0.012985327344729508
0.0
0.008992490734470603
0.04099432778878653
0.0520171621750099
0.04106915200324731
0.025250458148814974
0.037582880919439524
0.0030559631358025308
0.0
0.0025115566634134603
0.0054593099873464675
0.051492244675862275
0.0948351677577029
0.13803824360575764
0.014083379495788575
0.03442948431394995
0.0
0.013979167020902407
0.01603461852985083
0.046529388642387724
0.09987498854737643
0.058583954627705756
0.0
0.010063653360525136
0.0
0.006969197402341754
0.03177068191365524
0.040313399503170075
0.03182867082200667
0.01956915303388637
0.02912680410915064
0.00473583687554124
0.0
0.0
0.0
0.0031879077182088425
0.07557405666467523
0.15987398635329622
0.008078427505795559
0.038734900540387175
0.0
0.015727265597548338
0.018039751867708557
0.052347901142906696
0.11236438259075103
0.06590989383036729
0.0
0.06955843966496197
0.006869031172873453
0.009694659304267233
0.009537979614986732
0.008832114368156433
0.004819270471683865
0.04222949784616799
0.03786146526070412
0.005328054544089172
0.0
0.0
0.0
0.00358655643142235
0.08502461267343729
0.1798662711274191
0.00908863702709985
0.0765252819511419
0.016709430280868375
0.013186262495992314
0.01413132658741089
0.016047357604236357
0.030574556373980055
0.05740424714070444
0.0
0.07465600424228074
0.007372425587066673
0.010405128833150291
0.010236966930670235
0.009479372609755848
0.00517244892944258
0.04532427100921551
0.04063612876793585
0.04231563724769799
0.008151122631562919
0.003196749381228572
0.00520393088541543
0.025295618522144347
0.01197638189521486
0.14658408266675899
0.05315517842084995
0.08213340899399114
0.01793397471166931
0.01415261287605491
0.015166935640596626
0.017223382283296652
0.03281520145299473
0.061611096204909455
0.0
0.045659266861418885
0.0
0.018484711077596836
0.006109839055170917
0.01754113247387793
0.07386359001843593
0.07953523534041133
0.018607249486135836
0.03599058711775856
0.00693274893774069
0.0027189212920338724
0.004426083123598176
0.021514603615436508
0.010186234782006632
0.1246737031611573
0.04520990830215309
0.032890540784609464
0.0035450394691377996
0.025732098235856364
0.018779591873762522
0.0460391913431152
0.028579377558158963
0.045281238193385094
0.07552531152856928
0.038834433996342094
0.0
0.0157217437253893
0.005196582376945655
0.014919204755201728
0.06282296910307165
0.06764685592927533
0.015825965936246685
0.02865533197153679
0.020760706779263588
0.021952977701172386
0.0
0.015655131125052263
0.02486305218978393
0.08663324673906433
0.052485840152503356
0.021827878429994365
0.0023526731004094815
0.017077162571427586
0.012463116707926325
0.030554008772121197
0.01896676564333998
0.030050991527245684
0.05012253611848411
0.11466511540503227
0.011617791498091185
0.019275403064048447
0.008629991672579584
0.008182621020173269
0.0615415789023069
0.05685485339285522
0.10543532291228659
0.019017172953827512
0.013777887893852283
0.014569141066290855
0.0
0.010389561583711102
0.01650041828595166
0.05749434131228608
0.034832341178198216
0.08323083338057426
0.04027032800822901
0.0200367904822061
0.002172806926170864
0.0012104403664529102
0.0
0.024321795123121697
0.09255781424624894
0.07481389312492469
0.007580092763310536
0.012576344075351437
0.005630686127866783
0.00533879665426246
0.04015314588463099
0.037095265725251764
0.06879186361160329
0.0026325285270946035
0.0
0.0
0.0
0.0027766443101232773
0.011142702404031155
0.1441582037096898
0.09505822870366226
0.054304420758115084
0.02627459977754564
0.013073115536553917
0.0014176599795102905
0.000789758558128381
0.0
0.015868890678042126
0.060389861366603584
0.00939303157987136
0.0
0.0005886512825717922
0.0010854192917338632
0.025797146687648903
0.022996919794848206
0.194932695984052
0.06533909613932037
0.002539485075364552
0.0
0.0
0.0
0.0026785072650043003
0.010748877424510033
0.1390631110144715
0.09169851365294078
0.015151940620747196
0.008102331930884353
0.006449761611221468
0.005203451360658277
0.005005254133269285
0.02152713082002278
0.05495130514923561
0.06822423373636731
0.00906104654289812
0.0
0.0005678461339733652
0.001047056494735509
0.024885378572735303
0.02218412222215359
0.18804304191089438
0.06302976692402273
0.011764051463182377
0.002047398327233661
0.0005678461339733652
0.0
0.04066486487556983
0.010234586747366884
0.06529906746513914
0.12925969733733467
0.0205907240022075
0.011010660927133806
0.008764901113382614
0.007071228267586892
0.006801888220043316
0.02925428632340068
0.07467605544465211
0.09271329675118262
0.0183750355252095
0.004222018971308968
0.006059639952449307
0.0027823111859958363
0.0403839260066869
0.0243946845820817
0.036155060762562564
0.024837806479909182
0.01598675330699708
0.0027823111859958363
0.0007716742899821048
0.0
0.05526150281326994
0.013908287807247878
0.08873814314815485
0.17565741703326995
0.028141534305831266
0.016943044853874576
0.012815436781150416
0.007044155836606876
0.005176548430663464
0.030730358803258338
0.047958195704901535
0.08999066945086966
0.02377568628891979
0.005462922693672746
0.00784064326491129
0.003600066940041203
0.0522532625601
0.0315645848382168
0.04678148138914796
0.032137945755861985
0.018359859760818976
0.013686332066019193
0.012619258170323923
0.028779645151066405
0.04539691527301742
0.0032311455569031078
0.04055403573890467
0.019914197601782972
0.036412680151087215
0.021922815804745276
0.016582052543304804
0.009114520573941525
0.00669800019586364
0.03976239226584487
0.06205370403219175
0.11644004295166448
0.04992888533555479
0.00939023801771372
0.008389632936777486
0.003600066940041203
0.003157467571782503
0.003600066940041203
0.14409996839835706
0.08288891072869668
0.011251105971454109
0.008387121385529772
0.007733207813408658
0.01763645483319583
0.02781968441849682
0.0019800783635336616
0.024851919329050502
0.012203619770140499
0.1618610297212577
0.006337535121478652
0.0012237557817883495
0.0013952962520199007
0.011199054183260287
0.0
0.0151111889211576
0.2052112077986598
0.03059692106939328
0.005754431918915784
0.005141251102294623
0.002206157082592297
0.001934927756222151
0.002206157082592297
0.08830590407847336
0.05079515478964452
0.02654942662969195
0.0041069755989875485
0.007604574707876996
0.005809832913214485
0.01804842231998162
0.0351165236100386
0.025938502625786623
0.17568222679052403
0.10890899166476356
0.004264241744346303
0.000823410109697268
0.000938831960619572
0.0075353388076076595
0.0
0.010167637949005829
0.13807737265818898
0.09363663208434853
0.02148083182028375
0.01579826889702708
0.0014844236672222782
0.005426538826165102
0.0031307474919739647
0.0038142592104456743
0.06885119489430033
0.017863912570535354
0.002763398775157914
0.005116775575322295
0.003909174712459185
0.012143969919096947
0.023628326001183732
0.017452849343248898
0.1182086522378242
0.06321378685125417
0.0027339731258323634
0.00606764295504604
0.005965938769027634
0.002968587811529052
0.002407865023440342
0.003142320668808135
0.22807386820051598
0.15507396800484893
0.03557494275761146
0.026163908194206408
0.0024583911568829856
0.008987026653711285
0.005184909213354579
0.006316890063175621
0.11402618565473828
0.03358019205993367
0.019534033587647884
0.0012936909457955097
0.0
0.0012197035758543032
0.0
0.0015442956917769632
0.01816362814957231
0.10468993321765661
0.0045278012632869085
0.010048775233906931
0.009880340388083234
0.004916352511375607
0.003987725479795382
0.005204075840924864
0.37771883666436146
0.009601150293542662
0.0058722714131439506
0.007707838775990617
0.011136770839914122
0.0034531501781805353
0.0031449309742907954
0.008987890911291908
0.0
0.18831763869919904
0.1095468147689909
0.007255015804672116
0.0
0.00684009480672117
0.0
0.008660406635248953
0.10186158427065638
0.046170639945367895
0.007647458592467471
0.01692836966729971
0.0
0.025650355525204387
0.0
0.038072910195524244
0.0
0.053843228438034345
0.03293168437959976
0.0432255418664078
0.062454984878096184
0.019365258139919087
0.01763676556385913
0.05040407125366
0.0
0.05698577794607984
0.03441356488920788
0.03284379047641509
0.0
0.018810260718483216
0.0038237292962337356
0.01630786441231358
0.0
0.28358917142298834
0.047185966165420146
0.0007161925739482529
0.0
0.00025321231717067297
0.0
0.0
0.006350564895321912
0.12643217557382838
0.024995284996351428
0.01461457779632279
0.015341862910146373
0.005603113129742464
0.004357246207566647
0.0025363109539984986
0.0072417443821698345
0.24471831431854169
0.019759885811448285
0.011993196085062264
0.0
0.0
0.0
0.0019284075792686797
0.043761603400519
0.06098950320208398
0.011761228395668125
0.007620375249039272
0.010846180336724538
0.004361464416600936
0.002179031691468578
0.014512751563216185
0.02635031051361674
0.16391229794998238
0.03240499962190615
0.018946988923442456
0.01988987370518875
0.0072641251690991155
0.005648927856968213
0.003288186372644078
0.009388519634819492
0.028023886815313773
0.09269443049225434
0.03275223474164591
0.00207619794207601
0.006009050112702993
0.0011836149105312332
0.004253605171362706
0.012713288017011173
0.07906950564845593
0.015247779802087075
0.009879393537619045
0.014061470783869389
0.005654396530847353
0.002824993639739173
0.01881497686413602
0.034161714993667866
0.16874481741405442
0.13558807862804295
0.04324010684659661
0.020516369342691264
0.006772779785714379
0.0014680936476790037
0.0035048749049361324
0.0
0.02749799869335174
0.09095495372769383
0.03213761581558988
0.0020372366144138124
0.005896286023289876
0.0011614035368367967
0.004173783251945248
0.01247471414596717
0.05588370209801943
0.035323034526302595
0.041945586033085645
0.009396252725202553
0.007426494470202629
0.007617177259252777
0.03318229132284479
0.010596790675430862
0.16557820117321911
0.13304367211869403
0.042428675558251264
0.02013136511347023
0.006645683767041286
0.0014405438286146327
0.0034391034402704414
0.0
0.08085946053113534
0.01766174335732609
0.009120296183462119
0.0
0.0119547294920393
0.004382557568489863
0.02050465151113984
0.10510358312972044
0.06926576091684651
0.04378158161506452
0.05198998678700093
0.01164630420576975
0.009204862439519174
0.00944120663257458
0.041128210393254795
0.013134326142581667
0.10605375121840453
0.09465871449600284
0.05585206761173482
0.0
0.007314716579194392
0.0025564473183101147
0.012897405487273535
0.01290977239214048
0.10022228039207344
0.02189107104281496
0.011304266382110422
0.0
0.01481744057272317
0.005432016372338609
0.025414749487475408
0.13027196458455695
0.11125952367125318
0.005356500578740364
0.006958748472854583
0.002908689171125283
0.003193999910778861
0.0
0.005155390261167487
0.013977733824328938
0.12335438630584321
0.11010046793260536
0.06496326103514943
0.0
0.008507972271244996
0.0029734826580904315
0.01500136978223311
0.015015754110395374
0.1871166267982029
0.07652468959613616
0.00769151107317266
0.0
0.004794516681504553
0.0020767703720369424
0.009235776760999981
0.01184601505350741
0.12940938067229962
0.006230310894677204
0.008093934796874357
0.0033831860121544205
0.003715039725880727
0.0
0.005996393286681549
0.016257932963594252
0.07340180943685265
0.010402884301531308
0.0
0.0
0.0033260182722224586
0.0010383851860184712
0.007437202528552152
0.0921043270851822
0.2809830056195514
0.11491302325588987
0.011549929774155547
0.0
0.0071996686276046395
0.00311857471514754
0.013868870756929998
0.017788525644696643
0.013448362978667928
0.005045959668115199
0.0236517440027114
0.02407222650983354
0.014059851411684105
0.01724923951858165
0.03359107220586198
0.0028751837112677534
0.110223561563683
0.015621453572424001
0.0
0.0
0.004994503304521891
0.00155928735757377
0.011168048268247115
0.13830812952218796
0.026792515756622816
0.020385221726446256
0.03293874428065826
0.011695845336113748
0.036659408892372854
0.00623714943029508
0.0
0.0
0.019380312086030436
0.007271686025779883
0.03408431054980703
0.034690264019955765
0.020261522437628562
0.024857720277707288
0.04840778492420425
0.004143400778029832
0.15636642541842186
0.0644214305091591
0.09732918641988973
0.008286801556059663
0.00401968928704981
0.0
0.0036682495286013976
0.0
0.03861044781114838
0.02937695536833203
0.0474677211563736
0.01685477504461883
0.052829536676735206
0.008988298626239089
0.0
0.0
0.07139287977571561
0.12137477747201864
0.04745579521741256
0.015608046739309276
0.018251677794103655
0.0
0.0014211747522455494
0.0031778434468511733
0.1379798992815761
0.05684636244285222
0.08588462199246501
0.007312388455589859
0.0035470294948944997
0.0
0.0032369141850094375
0.0
0.10498823840776829
0.015094347928763355
0.003762192743265987
0.0
0.007237959512700846
0.016308746226274807
0.08074451831648817
0.007579507606794768
0.06299806582209157
0.10710278454021507
0.041875650907181636
0.013772756595984106
0.016105533249937094
0.0
0.0012540642829919012
0.002804173066921587
0.015416422601717814
0.07109661405677072
0.06120700157034562
0.02480048048305399
0.02756286988174397
0.005948549177504026
0.014726999052737617
0.002804173066921587
0.09897522189300534
0.01422984572592883
0.003546719777531324
0.0
0.006823418124607268
0.015374691498993924
0.0761200181869794
0.007145404652934214
0.1321542444784295
0.02892017583642103
0.008962725718182055
0.009586841842713289
0.027979862762439262
0.0037385711303742717
0.0011822399590622342
0.08034365868382302
0.014533474139027587
0.06702468065784384
0.05770147831513899
0.02338007662658138
0.025984255035864955
0.00560785649625065
0.013883536110030912
0.002643568991480644
0.01429426615164206
0.007897550035488409
0.013313555178896113
0.04092816104761086
0.17627561259690697
0.015356857172435772
0.0
0.006090361131895801
0.11896833175838811
0.026034616496784832
0.008068454637294383
0.008630298522460783
0.025188124746302522
0.0033655488879382528
0.0010642799724128126
0.07232723457883256
0.011381038580844742
0.0071283465213580754
0.01980618420198185
0.02234477381562618
0.03453551644639787
0.056330790043443386
0.04406898107943607
0.020097515977229318
0.01286803162836605
0.00710955865555882
0.011985172747630099
0.03684448472305904
0.15868741592908045
0.013824600837203714
0.0
0.005482685074001055
0.14366634425765695
0.025383958355189674
0.03564767944214879
0.01099285649853996
0.0315289641431458
0.0
0.0033655488879382528
0.0232716992774636
0.008729647404098567
0.005467686561613412
0.015192023405925011
0.01713920881201973
0.02648992702677609
0.04320765030189957
0.03380242176921024
0.015415484881558788
0.1162655514664785
0.019222084283010678
0.00890450265349632
0.004760035067522544
0.013696458901544625
0.004162529977830961
0.03714064641098
0.15806705356293949
0.11019701939294349
0.01947036771618432
0.027342994234994877
0.00843189841721674
0.024183798168418168
0.0
0.0025814915663677765
0.01785019247086972
0.06307654338188028
0.09470936861966112
0.03725604842036117
0.02591571351001668
0.03820477677751802
0.0
0.0012907457831838882
0.0018253901874900151
0.10863095711021913
0.01795986332132774
0.008319787190952109
0.004447466672123136
0.012797078934636543
0.0038891968410963776
0.03470180045961627
0.1476875574884715
0.07479369590633861
0.011582732624291882
0.005462914535468825
0.001705525675193778
0.0016180037028313747
0.0
0.009692530009292833
0.09470872521638207
0.05893461298167488
0.08849026414694008
0.03480962457925787
0.024213954411071076
0.03569605455078102
0.0
0.0012059887734990162
0.001705525675193778
0.17381707297482712
0.036483597740010365
0.0066447781302561
0.0
0.0
0.0
0.0
0.0
0.12096074891556984
0.018732274100716196
0.008834945585515052
0.00275827608819487
0.002616730424549882
0.0
0.015675327640966817
0.1531685015988308
0.012318787055563255
0.05868927806214804
0.04944259352189119
0.014629454996170728
0.03451534282992985
0.007045710007456714
0.01026866019471033
0.0035963518911455478
0.2811071583850627
0.059003412684571536
0.0107463246637804
0.0
0.0
0.0
0.0
0.0
0.010019314798366432
0.02352617939255896
0.042507648327266924
0.00551655217638974
0.044767507712801774
0.005851186986034705
0.0037006154881598858
0.0
0.01829641349333894
0.0871679406590334
0.07343435122137845
0.0217283208634776
0.05126373087158405
0.010464603622835333
0.0152514733875656
0.005341462675761938
0.1055754312467047
0.12071262517492881
0.09157395013865761
0.022973069764485828
0.01575616957234703
0.0
0.0
0.0
0.014881134452929322
0.03494213384347254
0.0631342604525241
0.008193430020468078
0.06649070468425353
0.008690444606312716
0.005496319633242639
0.0
0.06281444895684529
0.046349044489562896
0.04946687793466408
0.0
0.0
0.0
0.0
0.0
0.12652447917903817
0.14466530565148922
0.10974472195700842
0.02753155400618838
0.018882623783362862
0.0
0.0
0.0
0.11361536998381222
0.03206413990326259
0.017565171030316504
0.004909615114936966
0.015777510581420066
0.006943244299318261
0.04406217689862004
0.0
0.07527855056174534
0.05554596031707951
0.0592824570393766
0.0
0.0
0.0
0.0
0.0
0.043471584827199115
0.006943244299318261
0.030739047082103847
0.0
0.017078122610685368
0.0034716221496591303
0.045901511451609936
0.0
0.12083572934728608
0.034101844949817856
0.018681453511620184
0.005221625589146914
0.0167801856268395
0.0073844937446759795
0.04686236803112546
0.0
0.07292176677711662
0.0036922468723379898
0.0
0.0
0.020886500781858715
0.03634555024085171
0.07474784765383614
0.16295373197597413
0.04623424330022822
0.0073844937446759795
0.03269254128324191
0.0
0.01816345272508966
0.0036922468723379898
0.04881859395597933
0.0
0.07372563440739059
0.0036922468723379898
0.0023351818857936407
0.0
0.032980974935160695
0.02667612558880675
0.06652192978098576
0.015664875980076272
0.06271882790317046
0.0031756416005386087
0.0
0.0
0.017964140282568035
0.03126021778338692
0.06428941042339792
0.14015385972776073
0.02153331566017738
0.0031756416005386087
0.0
0.0
0.11488691081554092
0.06058389990806314
0.10489572756305501
0.022485621899660836
0.06341022140319609
0.0031756416005386087
0.00200845203415522
0.0
0.02836640117839604
0.022943702598999038
0.05721443198808637
0.013473105550525725
0.014201900773445892
0.0
0.028444254730285383
0.0
0.04375802482038038
0.030525702934329373
0.04535312737650437
0.0
0.020460701672772818
0.0030174570620552553
0.0
0.0
0.10916418285969974
0.057566104623843026
0.09967067878846309
0.02136557179006857
0.0229406126369852
0.0
0.015886641984801334
0.07242289463714244
0.09189645638132335
0.0725550833201261
0.04460888539197908
0.06639603993539248
0.013494478021756
0.0
0.027027394179570216
0.0
0.04157835726596208
0.029005161627108856
0.04309400483521624
0.0
0.013494478021756
0.0030174570620552553
0.04476208198084911
0.004267328690132472
0.0296878516478632
0.020665111788642873
0.03195325650124849
0.0
0.01406540946725099
0.0
0.009740460209663227
0.04440411788448444
0.056343799882170385
0.044485165761562674
0.027350718520231895
0.04070891669168489
0.006619016219882819
0.0
0.0
0.0
0.0044555615931983344
0.10562566237222006
0.22344699292220735
0.011290769529703721
0.008273770274853523
0.0018500713036420872
0.027444646820471322
0.002616395922282089
0.018202294604677753
0.0126702483317802
0.019591265656854033
0.0
0.023569351683592074
0.0018500713036420872
0.0
0.0
0.0
0.0
0.0929018621267222
0.20249237187462674
0.006282419545938768
0.0
0.0
0.0
0.004228983025779449
0.10025428308313049
0.21208404832109162
0.010716600296132273
0.09023254606536982
0.019702435575567882
0.015548195416768803
0.01666254007502303
0.018921771959967446
0.03605109313030417
0.06768653760437658
0.0
0.022370780004634147
0.0017559896717683576
0.0
0.0
0.0
0.0
0.08817752594801179
0.19219503211780592
0.022773770854028035
0.0017559896717683576
0.009530086443999296
0.004966688805712124
0.014262880677029868
0.00985540651284064
0.024257888641103134
0.009725501364720673
0.11504460645781109
0.02512019272302791
0.019823623524436982
0.021244389625554715
0.02412486296288106
0.045964388708981535
0.08629891785992597
0.0
0.06395512437099023
0.0
0.025891611433832586
0.008558076892609276
0.024569936972045733
0.10346103673663108
0.11140533385064327
0.02606325149064999
0.02903608087888754
0.0022388500551255457
0.012150660623767977
0.006332424207974999
0.018184874150119597
0.01256543689823514
0.030928299974948493
0.01239981055503655
0.04903194411275428
0.008087737265414471
0.014574506135672488
0.0031662121039874994
0.0
0.0022388500551255457
0.0658755596051007
0.03166211817529245
0.05446604313896087
0.0
0.02205004898609821
0.0072883070716196294
0.020924472592347997
0.08811042657677993
0.09487602094589632
0.022196222648192297
0.04018965610442468
0.029117291915241927
0.030789474892651353
0.0
0.02195662352858035
0.034870910523958236
0.12150480047173012
0.07361240372912656
0.041757029002726084
0.006887752171966037
0.012412073117234981
0.0026964382719753765
0.0
0.001906669792036945
0.056101541612857776
0.026964380280191998
0.005116131843651894
0.0
0.0
0.0
0.02541983029542983
0.013775504343932075
0.14041698590128432
0.0045918687996442525
0.026344036093654658
0.01908617946795922
0.020182283614698086
0.0
0.014392411849177928
0.022857635882100023
0.07964553965982206
0.048252411410091345
0.11529768825294832
0.05578552485839265
0.027756487935710512
0.003009937608842512
0.0016767941681170905
0.0
0.03369240265846316
0.1282181323781992
0.003353588336234181
0.0
0.0
0.0
0.016662519456683116
0.009029745930194446
0.09204234380941552
0.003009937608842512
0.0
0.0
0.0
0.0
0.0
0.020823228309323316
0.19521533341170114
0.06366512186725062
0.06820988731286556
0.033002607614578267
0.01642068408294659
0.0017806732140846176
0.0009919881568068835
0.0
0.01993235964620216
0.07585359683705024
0.011798259085444147
0.0
0.0007393843280207636
0.001363357283675904
0.032402895454787486
0.028885628202105336
0.24484815492076312
0.08207015787239616
0.0
0.0
0.0
0.0
0.0
0.012318981221487718
0.11548901019197247
0.03766416182428507
0.036762904599229596
0.024155215358110896
0.059772104912223255
0.0
0.006417276575232064
0.015160542063785093
0.042337608307376456
0.03162213768628993
0.008851603463405511
0.0
0.0005547205593044468
0.0010228541318382538
0.0243101613174285
0.02167134360965546
0.18369648949131276
0.06157285480887467
0.011492129323273537
0.0020000733953316244
0.0005547205593044468
0.0
0.03972491003852447
0.009998017676062109
0.06378970122216208
0.12627190239152536
0.027581243242645485
0.018122367577683297
0.04484381695845389
0.0
0.00481453976790821
0.011374144750259422
0.03176364560329298
0.023724400476132855
0.03041471836705363
0.010429920857659595
0.0015884779418922257
0.0
0.0
0.0
0.031664779084917605
0.2081661458435252
0.012616091760318977
0.0021956861755614886
0.0006089737837658502
0.0
0.04361011750898761
0.010975851809032792
0.07002851267539403
0.1386216481305435
0.022208147724600186
0.013370757931325907
0.010113418483088504
0.005558959640024117
0.00408512027106852
0.024251142120254407
0.037846646286057176
0.07101695519801347
0.033389363014382285
0.011449996331542872
0.001743835533904908
0.0
0.0
0.0
0.03476168317184896
0.22852537797632183
0.08515904948667383
0.014900395570097286
0.01625657641903861
0.0
0.0022836269665530576
0.0009819406980302978
0.011499770021369047
0.09194000671527068
0.028336142713736977
0.01706021184797853
0.01290405994296854
0.007092868601785345
0.005212346047011962
0.030942869824728627
0.04828984315563159
0.0906129859428519
0.038854377500796164
0.00730743036441798
0.006528765123192861
0.002801551826691561
0.0024571234898608293
0.002801551826691561
0.11213778421797706
0.06450368371811335
0.10865737248980867
0.019011929342387882
0.02074232732774846
0.0
0.0029137585192441193
0.0012528920511903677
0.01467295375290169
0.1173094300205871
0.029934716923529624
0.014680137006693184
0.007672477913783622
0.005856276565017162
0.002488817989964414
0.01683699412534249
0.05951606919256191
0.10060980584794182
0.03332838920861841
0.006268145289297408
0.005600224197980432
0.0024031065654360035
0.002107663879109694
0.0024031065654360035
0.0961892058966129
0.05532977272130668
0.028919564225864686
0.004473616182586373
0.008283455222678256
0.006328492077013202
0.019659652757792693
0.038251468632239466
0.02825410141890886
0.19136584423745936
0.025677310013698412
0.01259228306475602
0.00658127466074754
0.005023379017414535
0.0021348506905623605
0.014442385373466288
0.051051511973808396
0.08630077183542646
0.1529775849290941
0.0072105107475884484
0.0
0.0024579372791429933
0.0015270373239237444
0.0056446813951296654
0.017303467927596947
0.07990882316138768
0.01754900089311301
0.002714684556465018
0.005026575157409584
0.0038402623305172803
0.011929891512550273
0.023211797105493343
0.017145184040881306
0.11612482626660629
0.0620994307674486
0.0026857776334012406
0.005960680294238741
0.005860768987338695
0.002916256444388011
0.0023654182856081792
0.0030869266744126722
0.22405329744774083
0.09283002169672822
0.004375489843517765
0.0
0.0014915281285019589
0.0009266384220750974
0.003425311601198827
0.010500108913943079
0.04849035753355558
0.1508045809396771
0.0
0.0032065265868139363
0.0005719749479807646
0.0018897138739648938
0.003015057227000193
0.019422764133201105
0.15247891623505033
0.08925692575196023
0.0038603293435731313
0.008567421502564261
0.008423816706327815
0.004191601786257576
0.0033998695588934257
0.004436909993774452
0.3220369057755939
0.00818578379549119
0.005006602616018753
0.006571577344560219
0.00949502877137341
0.002944099395148391
0.0026813167402037325
0.007662928870801865
0.0
0.21675485777631168
0.0
0.004608813670977501
0.0008221126157353012
0.0027161287769701657
0.004333610400650121
0.027916781115547643
0.21916141801842828
0.0018198238291489038
0.003262638333123148
0.00921648983305475
0.0
0.009787820785467504
0.007243829237004669
0.005634224887252092
0.0
0.06916443988856445
0.04230246905278543
0.05552546678196423
0.08022669094431409
0.024875685790022885
0.02265534677353331
0.06474666281155031
0.0
0.0732012089095044
0.04420602198603462
0.042189564742257636
0.0
0.02416276260716831
0.004911780046099255
0.020948303817896016
0.0
0.015376303477288925
0.027567128390773892
0.0778732217912958
0.0
0.08270058912738326
0.061205549076656436
0.04760546067044246
0.0
0.05930859912668585
0.0
0.006212964727025801
0.0
0.021966147824698464
0.0
0.03106481996913258
0.0
0.26702042224246697
0.02156067913236718
0.01308618152093649
0.0
0.0
0.0
0.0021041506742386137
0.04774976425672691
0.06654770789316788
0.012833073736416501
0.008314848940957827
0.011834633878117944
0.004758941206992606
0.002377615112117384
0.01583535364364184
0.028751714227679092
0.17903740340751553
0.062493489268005284
0.029073550551147857
0.007794433408641406
0.0020114107541305314
0.0013814425789133453
0.008779617649176449
0.026163844961029796
0.0465090038642709
0.027792061042618596
0.028409485943290517
0.0034948040472634156
0.010408040833324724
0.0029885173361228544
0.007663525619825709
0.05322392861959563
0.07397685816977471
0.014265712610345357
0.009243089210462326
0.01315581046454981
0.0052902125385468285
0.002643043637412466
0.01760315640689684
0.03196145371337837
0.15787643191073636
0.1268552266758085
0.04045513153526398
0.019194966916460346
0.006336563830947562
0.0013735378090911044
0.003279135636664071
0.0
0.05170110423649768
0.030894668247568494
0.03158102027611346
0.0038849515861702996
0.011569957627813869
0.0033221448207830856
0.008519054461926622
0.05916565939507386
0.14016276272321812
0.09971399541190681
0.00043435077909771724
0.0
0.0
0.0
0.014312048894053766
0.02122755734398281
