0.15895895838918545
0.025176053267924773
0.008888576838125512
0.0
0.0029288774651010214
0.0
0.06834190217349152
0.03319718896722438
0.06924048105451143
0.05517174732101427
0.029371533034933058
0.006758135821163102
0.005997318126171597
0.007475421967766571
0.020554111647809903
0.014653893765903264
0.2782348040266833
0.03492215460380941
0.008896938866541554
0.01232069630444144
0.006598806379745129
0.006466063767461173
0.003460929678840582
0.010463319647747186
0.03373246093699033
0.03277458331962517
0.022632754854661298
0.009233852477187058
0.007538364626782913
0.012321435304089585
0.009916547694255795
0.003771819887729595
0.1203469530764184
0.09589407215063679
0.05105069251547683
0.011746322991506507
0.01042394495420248
0.01299303879869006
0.03572512311199883
0.025469948194663427
0.017981617872084087
0.0024392394627319918
0.0055618026176479495
0.006096801803542479
0.049691138768611164
0.0352148666973902
0.11928231377160041
0.08213619940936275
0.05863042589695563
0.0569655378009408
0.03933801505999984
0.016049368719892727
0.013102439500646204
0.021415899684578785
0.01723596199600506
0.006555804121059314
0.012511201321341184
0.016297501773907267
0.028352425738794033
0.007968954086041927
0.008235677075489663
0.001626159699617227
0.005010423495919458
0.008649662398188639
0.02579134757697092
0.003498643628972476
0.007977390326426696
0.008744748973182493
0.07127286546703857
0.05050929640091517
0.17108869936807794
0.11780938081812009
0.02307647956536783
0.0075276325284613305
0.03409170306006885
0.030305990869873557
0.08902699862310169
0.01726893909338125
0.02514517752358224
0.018660975247597387
0.017945033877353182
0.02337579053660678
0.040666377857730626
0.011430009586462692
0.01181257501392042
0.0023324291688793155
0.007186537652526766
0.012406361369822786
0.004778558287690113
0.001880464469285104
0.0213653464253093
0.04340636983036059
0.027232344418303817
0.024565864105159284
0.04005137401035129
0.007767626738926954
0.02321962284867576
0.007574326394074898
0.03430317371770334
0.03049397877438583
0.08957923263478718
0.01737605823319931
0.025301152929618095
0.018776729180475342
0.005351748995374111
0.038685252118969775
0.10861676740386512
0.015847476838550208
0.1880737243581659
0.04602207286492215
0.019017579978571425
0.005478886715105177
0.004808199660016455
0.001892128980655432
0.021497875558605693
0.04367561931776164
0.02740126650978516
0.02471824603305899
0.040299812476045145
0.00781580928738591
0.004872803494469857
0.001892128980655432
0.02590560211155448
0.031294498586998495
0.05429266890403166
0.0220382283839572
0.013876656007405971
0.0
0.003834030744298136
0.027714387596140703
0.07781381861007619
0.011353244233067166
0.13473734325117664
0.032970537749987636
0.013624328492053
0.003925113103846426
0.00475552990251841
0.06274620423169183
0.029537603763178343
0.024393341394724342
0.21806199670133358
0.08372376424821665
0.016413669641529443
0.011525703960319074
0.0034909108078255142
0.0013555345533359227
0.01855895615267201
0.02241959961381922
0.03889565111293219
0.01578834232453556
0.009941334282760911
0.0
0.005746656676419925
0.014238363196990593
0.013731489270926047
0.03215078073824242
0.03781660287825963
0.017056433531723793
0.00893925049131938
0.0027389955182940437
0.004215870956830845
0.055625746340418926
0.026185667715729173
0.021625177768647166
0.1933162565532068
0.07422276661612112
0.014551041535895847
0.010217763651871247
0.019516894240327643
0.004269577440936981
0.011787492240544546
0.1072971575468308
0.09826592939268597
0.025887912453113397
0.01670959809164197
0.005205553560897428
0.0050945243700742425
0.012622589512729791
0.012173235790332065
0.02850230059157283
0.03352516355244247
0.015120864388935824
0.007924821690687147
0.0024281734934209053
0.031131538859273878
0.039842166962942197
0.016159899197988662
0.04542937806310914
0.01186769183835549
0.0
0.01780150978639939
0.03147530917989586
0.018916038363612237
0.0041381323111489825
0.011424597207284913
0.1039938590366786
0.09524067033100109
0.025090915546648322
0.016195168895721552
0.005045293049665108
0.059973880002754325
0.0066618011603164
0.007267301205439968
0.0027599944378626827
0.012577977452934904
0.06684870046793129
0.05606863000198487
0.024042902020391894
0.030173109313852788
0.03861556810628116
0.015662393279235624
0.044030768814700014
0.011502327744237017
0.0
0.017253464506353577
0.030506296166898293
0.020265358612894864
0.05412611456778152
0.015932665211394203
0.016274915431000413
0.05408792889776342
0.016128125860901465
0.07547666068096909
0.04371802783221538
0.05279456238876309
0.005864334222893471
0.006397351428170284
0.002429602662620604
0.011072300396988331
0.058846415928064895
0.04935679973609044
0.021164788582366246
0.00867929999884897
0.021398958029812544
0.048386945627094335
0.014618585757704965
0.02336421453024182
0.018489701605322848
0.03268035580172815
0.027609676933392276
0.01783944509793263
0.04764681778599026
0.014025407185321276
0.014326687518872117
0.04761320322348347
0.014197469747464754
0.06644154540333097
0.03848465611688917
0.015503601822326032
0.11513981733220176
0.1547890420917765
0.006990349387908518
0.004549815863575628
0.010839002012330626
0.01961951017827278
0.008839371616951204
0.009161515107355396
0.022587867373842475
0.05107528641943452
0.0154307829300918
0.024662311985838715
0.019516974941541736
0.03449605076803291
0.029143648954180677
0.0032328490673353893
0.03102273557398003
0.09969945029905314
0.03833189362048108
0.033609635662617876
0.004027102499294909
0.004738318422057538
0.0
0.016364969793934897
0.12153689538177039
0.16338900000748288
0.0073787277236078445
0.004802600068595542
0.011441208472779112
0.020709554793704142
0.009330480179158067
0.003447121508719341
0.015955213120897514
0.08905727518214615
0.06893445161172708
0.030695916792609197
0.014188329046102467
0.0010822512903832667
0.0009491971932384473
0.00360022598191373
0.03454812034746167
0.11102917082516853
0.04268788194994693
0.03742899251864698
0.00448473737802468
0.005276774986508284
0.0
0.001800112990956865
0.015729587251611155
0.08420156612261222
0.0539995607757854
0.02947866446473237
0.0
0.0
0.0
0.0038388480748759676
0.01776834353487829
0.09917763227142341
0.0767680762610027
0.03418416228955009
0.015800672969190604
0.0012052369700664637
0.001057062772148935
0.020860264301160326
0.1238767943782611
0.11035189341665724
0.05296071238782969
0.014238861849465174
0.0012052369700664637
0.002440378091133241
0.0
0.0015782524660491893
0.013790945343155999
0.07382388219284897
0.047344216939767966
0.025845474767986553
0.0
0.0
0.0
0.009030177789331082
0.016063412429221307
0.010780111313613719
0.062008888636181855
0.03319651233751117
0.021853529298146414
0.02754132557056055
0.006556798003823123
0.018289276140518146
0.1086092135304432
0.09675123105770084
0.04643340465277324
0.012483949030169864
0.001056693790743622
0.002139606102379238
0.0
0.028895650833227586
0.08960388215450264
0.1805177791925054
0.016376278319081734
0.008517395887292155
0.005185010869727307
0.009768477653463298
0.025958248562388497
0.007406153868239959
0.013174502969406528
0.008841372226325982
0.05085695776452018
0.027226316468653495
0.017923301658289006
0.022588181503121075
0.0053775967685437825
0.02012387854271538
0.0541997632577521
0.10472061652499576
0.060792574060996016
0.0
0.0
0.0
0.0
0.023698939399251
0.07348915535327964
0.14805272718242857
0.01343110178445619
0.006985592750181355
0.00425251741500227
0.008011674880364892
0.021289811506281436
0.02262455960039666
0.07368392497345634
0.14551403223260503
0.05280127968091203
0.0
0.005875204374977026
0.007057955583747212
0.0
0.02207932591508051
0.05946638144073397
0.11489637136179812
0.066699818976759
0.0
0.0
0.0
0.0
0.002431406068212751
0.009235989630867442
0.04361202696450157
0.09450646468765421
0.053066864929461506
0.0
0.0
0.0
0.024822999405507123
0.08084382892383332
0.15965370373616342
0.05793200651323686
0.0
0.006446100931163791
0.007743780668171818
0.0
0.0018648033369367512
0.0
0.09253159232262553
0.07297483404720756
0.024585638227479452
0.004605724347143463
0.0
0.0
0.002956509145400201
0.011230657094868977
0.053030778468348666
0.11491672691015187
0.06452754787973237
0.0
0.0
0.0
0.0
0.0
0.0
0.025195519216505848
0.2138978059980275
0.0
0.0
0.0
0.0022675390146076973
0.0
0.11251534760764101
0.08873497811215984
0.029895320742731452
0.0056004080649232485
0.0
0.0
0.0
0.0
0.011686713502633011
0.21887288229169913
0.044670855482162354
0.0
0.0
0.0
0.0
0.0
0.0
0.024252167118466558
0.20588920167753977
0.0
0.0
0.0
0.0
0.0
0.0157551630584189
0.030905105876937115
0.14475404471738812
0.020593622119266786
0.0
0.0
0.0
0.0
0.011249148171783605
0.21067800482402158
0.042998322168671395
0.0
0.0
0.0
0.0
0.0
0.0
0.1322193098563481
0.16070551531120741
0.0
0.0
0.0
0.0
0.0
0.014966703951815534
0.02935847560222274
0.13750990231455162
0.01956302479458801
0.0
0.0
0.009676408886271984
0.010306047854315744
0.010410736378560107
0.02373376271483692
0.0510422908833183
0.012169866447619231
0.012368758088954924
0.021794774468077267
0.0
0.0
0.0
0.1256024618720714
0.15266308969119458
0.0
0.0
0.0
0.0008796735351156348
0.0017097779622745114
0.004824640751314178
0.009953493656158215
0.26319611321631814
0.07684254904911676
0.011427072553929218
0.0
0.008043598081084284
0.008566990886685734
0.008654014122539083
0.01972889431127808
0.04242934314047804
0.010116306116827999
0.010281636503688886
0.018117093660418054
0.03144780520963337
0.07901871231350335
0.11282091298196972
0.016585658770747837
0.002701372391916105
0.0037230825225191425
0.0
0.010686964203095886
0.0007312361891894804
0.001421267631212096
0.004010524105099393
0.00827392717832991
0.21878403197895963
0.0638760295623712
0.00949885230641673
0.0
0.0
0.0
0.10298841054693691
0.14480782486896626
0.04468344504524567
0.013520549067320186
0.004481204309459494
0.0
0.031232196529805276
0.0784769536715231
0.11204740373568403
0.01647194616130491
0.0026828515657006504
0.0036975567695382793
0.0
0.01061369351765887
0.0
0.0
0.05740695590488247
0.08166384857643143
0.08305292397930426
0.010081897343206105
0.0
0.0
0.0
0.0
0.10228231372753736
0.14381501078414702
0.04437709175501906
0.01342785109633228
0.004450480812580719
0.0
0.0
0.0
0.0
0.1137061605595103
0.07003705918001493
0.020475494474768128
0.0
0.0
0.0
0.0
0.06719618653029813
0.09558944757175662
0.09721539286714466
0.011801096988592911
0.0
0.0
0.0
0.006716471480821886
0.07847841193059328
0.1009382394682527
0.0356416906657098
0.020862772755656955
0.0
0.0
0.0
0.0
0.0
0.13309572427530592
0.08198001824886081
0.02396704588040331
0.0
0.0
0.0
0.0
0.08005803382573991
0.08578197003298331
0.08067713478528522
0.0
0.0
0.0
0.0
0.007220845561494039
0.08437175592574413
0.10851820640205642
0.03831820690112436
0.022429464709751115
0.0
0.0
0.0
0.0
0.018000379305747712
0.2064131322112189
0.08262600637811456
0.0
0.0
0.0
0.0
0.0
0.08606999968111141
0.09222377543589075
0.08673559208757281
0.0
0.0
0.0
0.002132424384726413
0.011106417289191059
0.037587486935427475
0.09204061318165369
0.021049777040726504
0.0013623559860385117
0.001793170653379832
0.0
0.0
0.0
0.018773216568775723
0.21527537658071502
0.08617351254670996
0.0
0.0
0.0
0.0
0.0
0.0
0.0669079806899053
0.25718411996995005
0.010807645863999222
0.0
0.0
0.0022239789568336754
0.011583265748550169
0.03920128684674386
0.09599233077440551
0.02195353866703348
0.0014208480574352314
0.001870159536578405
0.0
0.002593247540122637
0.0007104240287176157
0.0008986231855311622
0.010831664732018615
0.12762254997594763
0.025656351740874255
0.002319471318714666
0.0
0.0
0.0
0.0
0.06122959089277492
0.23535725166869736
0.009890415581866515
0.0
0.0
0.0
0.0
0.0
0.02475648912211889
0.20625380136357874
0.0714120505818897
0.0
0.0
0.002373162129960385
0.0006501313025777726
0.0008223582515790481
0.00991239600105374
0.11679139682807627
0.023478931880720724
0.002122620926054212
0.0
0.0
0.0
0.00041117912578952405
0.004799517362363972
0.1375833782936609
0.07355333692433579
0.015002418020578593
0.003599201585454977
0.0
0.0
0.0
0.020318523142754077
0.1692797640091299
0.0586103867661612
0.0
0.0
0.0
0.0
0.0
0.0038477409623137496
0.026939134156172183
0.19891955591111282
0.08127150735064251
0.0
0.0
0.0
0.0003374692001745672
0.003939133053972226
0.11291952756824407
0.06036781593512125
0.012313013216241828
0.0029539915918111786
0.0
0.0
0.0
0.0
0.0
0.164515326659485
0.07885815679667066
0.004608648237734815
0.0
0.0
0.0
0.003115958343332765
0.02181571489823194
0.16108803996009205
0.0658148856393351
0.0
0.0
0.0
0.0
0.0
0.0016510734164022092
0.11426945120885915
0.11011025688031101
0.0063581091128650105
0.0
0.0
0.0
0.0
0.0
0.13322697908501713
0.06386051816301898
0.0037321524677743313
0.0
0.0
0.0
0.0
0.0
0.006709011721429799
0.11827075056846988
0.18997685118313884
0.0
0.0
0.0
0.0
0.001995701663001081
0.13812089247047
0.13309355028461162
0.0076852360434322186
0.0
0.008823425065437294
0.022078822994882553
0.014363805030744282
0.027743773078738758
0.03816348557072265
0.03856168866920084
0.007764626282571418
0.0
0.0
0.0
0.0
0.0
0.008109382488107074
0.14295738229994165
0.22963068393655217
0.01676941686530507
0.032035057018980524
0.025522441333716717
0.0229621531235215
0.010393263929504303
0.019167260665378202
0.03102410408927863
0.023033548114500833
0.0
0.011418885028983208
0.02857343259381323
0.01858899883076989
0.035904759513092376
0.0493894888669
0.04990482563986345
0.010048634646540187
0.053296726384669875
0.001351872411080282
0.0015309353633456075
0.00183874530289195
0.00120915142547981
0.09054269453344518
0.12128495808710937
0.039096941601084796
0.021702234876805216
0.04145834868928314
0.03303001057835087
0.029716599233384527
0.013450500798354777
0.024805417877446286
0.040150018286025206
0.029808995461333664
0.08772225141652856
0.01395854513508592
0.0045746205483540745
0.0037505815963542783
0.005274215874942629
0.01390694918840998
0.08652751881183446
0.03618175446998106
0.06386180207015926
0.0016198557434355019
0.0018344145651749885
0.0022032420479862103
0.001448843001153885
0.10849108433903643
0.14532742464412277
0.046847176467394176
0.015859399027836098
0.0037291880318045746
0.01706881683211351
0.03634347093598997
0.0800601546638781
0.029038758510898984
0.007877906267194156
0.0183841769698703
0.10511154131077116
0.016725564721750835
0.005481453211526002
0.0044940640035867835
0.006319730180984629
0.01666374084704492
0.10367997539099853
0.04335410820236896
0.029215906627479887
0.026713899502877152
0.02832158553630781
0.004065647239788764
0.004464086111900311
0.0016198557434355019
0.012523152332350872
0.011249511289018653
0.019233903132610076
0.004522670830157215
0.020700656371714348
0.04407649988872485
0.09709505744095755
0.0352175178460148
0.009554137944637392
0.02229589396108993
0.02706630570667544
0.035549840437876526
0.017396728073903665
0.019476993499050573
0.017301139832876372
0.048757808439524944
0.12381643074363427
0.05678549804304317
0.03543235888182335
0.03239798396085414
0.034347747465787816
0.00493072058053452
0.005413937798098001
0.001964522640697537
0.015187782238947897
0.013643140578178057
0.017651700988897435
0.03675824418106263
0.026016703486010807
0.016924767522523605
0.062356779485050126
0.04377998078471946
0.05029601783931301
0.004049967095829281
0.014236302775273114
0.018698462123755494
0.00915031001434762
0.010244485509380898
0.009100032626817607
0.025645573175974597
0.06512481665295293
0.02986796765493045
0.0336126216257062
0.0038245960129242727
0.00032675726906084685
0.003012553140536754
0.0
0.025561050967209665
0.18209365376038694
0.03659942085910389
0.009284420360128946
0.019334056864656095
0.01368423426733132
0.008902068773734785
0.03279834353681926
0.023027341400093163
0.02645463869767796
0.0021301968000715806
0.019137327845293966
0.0
0.01558453407055907
0.0
0.05515613887915163
0.11155197677674046
0.1504660877162209
0.045389734096235056
0.034049742169693704
0.00387433356414293
0.00033100663457580906
0.0030517303544490304
0.0
0.02589346361350959
0.18446171888410046
0.03707538369632942
0.016660939102026547
0.005675264915051654
0.0033486858042218516
0.005994890667355351
0.007097675450269708
0.0027403874110030206
0.011846492112006965
0.008029567897618628
0.019386202189323253
0.0
0.015787205557674037
0.0
0.05587342543000688
0.11300267173634572
0.1524228472587103
0.045980011923431395
0.01912107373448328
0.004186939676676327
0.0015059179761747448
0.0037037452463009445
0.006642335025502843
0.008041382178137657
0.17374992359454616
0.030464736603320577
0.044764602954943514
0.015248298972265446
0.008997247365763048
0.016107069285777348
0.01907003089614121
0.007362871543138563
0.03182914915872652
0.02157383906366587
0.058484383559657065
0.0014061834320605445
0.00266804531218146
0.0
0.0006288643393511513
0.0
0.002295531819476717
0.0
0.051374491471025796
0.011249467456484356
0.004046099675016214
0.009951220899472266
0.01784662246764844
0.02160558166673248
0.4668312089452134
0.08185263926741693
0.0375639786464524
0.002812366864121089
0.0014061834320605445
0.0
0.012010691397777684
0.00594098908249534
0.031917731939926475
0.013153804138653757
0.25278419203065017
0.03172776556971215
0.008083120696536264
0.011193701203083715
0.0059952023072951015
0.005874601888121734
0.00314435253921976
0.009506221956547685
0.03064689521137265
0.029776636293129356
0.020562498172639308
0.008389216244679783
0.006848817559254748
0.011194372605173834
0.00900946416604824
0.0034268050905429674
0.05668856953088873
0.3645745251815404
0.011807923181934925
0.0
0.0
0.0
0.0021250376441046465
0.007360745701732095
0.012963234340695937
0.0248094702200865
0.009462543117764875
0.0012021028453012735
0.0036887323869330183
0.005728897483778607
0.020335483059879134
0.031088628482845045
0.09596134690338108
0.09323639818106105
0.06438515245135012
0.02626825604195158
0.021444970302822924
0.035051742289775596
0.02821037205527134
0.010729988463622164
0.020477281408211662
0.026674379342442926
0.046404864372885934
0.013042913398783496
0.013479463141104746
0.002661561342391161
0.008200639512150368
0.014157039477224919
0.04059038995557779
0.0776832420334494
0.02962904974384079
0.003764016137879119
0.011550133407473545
0.017938284286976646
0.06367432429607894
0.09734449907622493
0.00433584628580619
0.002661561342391161
0.006490699930201278
0.0067896847864592135
0.04060729908397274
0.03890414937524427
0.033313843504890694
0.00433584628580619
0.02547079122522033
0.03317908924283466
0.0577209732441562
0.016223507287242797
0.01676651234364786
0.003310599289707319
0.010200415414690368
0.017609319797060388
0.006782581818187879
0.0026690904141480633
0.030325508548654064
0.06161005832310458
0.03865299803792949
0.034868253811395765
0.05684805014429651
0.01102520063962282
0.005393168816155917
0.003310599289707319
0.008073496648896571
0.00844539078373981
0.05050963634133495
0.04839116320070988
0.04143762718826833
0.005393168816155917
0.043110387631909226
0.05016845652301687
0.14680108716578277
0.03704074845481367
0.018456182393076708
0.035206205894340495
0.05947647723475647
0.015522306486642507
0.0056050165134234895
0.0022056933846346465
0.02506051246405516
0.050913561170464
0.031942215826274205
0.028814564076918174
0.04697831421071437
0.00911104846287036
0.005680326522272115
0.0022056933846346465
0.030198689300049656
0.03648063594739208
0.06329007264309196
0.025690412785033066
0.01617630122962522
0.0
0.035625730887459774
0.04145840548660062
0.1213140570669252
0.03060987870460589
0.0152518922529694
0.029093842242140094
0.04915040407874251
0.0128273843967129
0.03840012813704168
0.04382603557623123
0.07127983881681718
0.03429634581825861
0.04891473461269336
0.025464784964648848
0.01319669666172531
0.008935999335893107
0.005907351303395901
0.0022938480102375016
0.03140563590808139
0.03793865220028531
0.06581957773980938
0.026717177763530983
0.01682281710008598
0.0
0.009724545162115983
0.024094288860493487
0.023236552151471145
0.05440584619735873
0.06399360241519474
0.028863053340992234
0.015127081712572205
0.004634953350489208
0.03993486045414626
0.04557762434409617
0.07412866973216636
0.035667062866337994
0.050869702672299365
0.02648253230897779
0.013724127111266936
0.009293143117223122
0.04049475506346296
0.006890640379622337
0.05398759313186049
0.05322204489299026
0.07995964750159049
0.021456945302366595
0.020937509651242546
0.0163873439195463
0.006152147172713502
0.015243037964294203
0.014700398449399278
0.034419375639912736
0.04048498450129329
0.018259954480896935
0.009570013963425023
0.0029322620930341318
0.03759444353634748
0.04811339725366199
0.0195146928231874
0.05486051287747922
0.014331423600376227
0.0
0.021497101622625615
0.03800958054472075
0.025618647321825054
0.004359302468441089
0.03415477155082814
0.03367045425322443
0.050585761195749285
0.013574545973757337
0.01324592962006722
0.010367307661408766
0.012914801416024647
0.03609224340887534
0.17716672571021896
0.16943644176537748
0.028687078265705067
0.006310898110957877
0.008131249572558799
0.0
0.020153659201843567
0.025792668279707918
0.010461452054927585
0.029409667391461704
0.00768280096605207
0.0
0.01152418334137384
0.020376206179583477
0.01353593117763034
0.03615269661380882
0.010641975989530737
0.010870576702037782
0.03612719108927259
0.010772530891134195
0.050413461908583285
0.029200776915048278
0.006923377018372413
0.019348358562328347
0.09497567927606437
0.09083162250854786
0.015378591740682648
0.0033831512803969123
0.004359006740239347
0.0
0.01471312537812978
0.07636063005955414
0.2681198420517485
0.05077059522135825
0.01910222712285934
0.00407213090847801
0.0016851771388574825
0.006860430111417475
0.011066788711981183
0.029557940975245275
0.008700731276526135
0.008887632033594458
0.029537088013795735
0.00880747114483654
0.04121734396107309
0.023874148302304728
0.009617736689705223
0.0714275597562871
0.09602415402249086
0.004336498095889525
0.002822500955842334
0.006724028940401458
0.012171060959775663
0.005483548254694255
0.01202924628648679
0.06243138707586027
0.21921104669770664
0.041509331181060004
0.01561771471225589
0.003329317486936534
0.0013777773463282041
0.005608992061206839
0.007064552390461605
0.019937783732347395
0.004567950288555044
0.10936685155515155
0.08185676452868566
0.021115470005872394
0.015038754996327564
0.009680601760237505
0.00950719073003548
0.07060657365582768
0.0949204554497015
0.004286654524674974
0.002790059219610738
0.006646743165582997
0.012031167172140832
0.005420520525430323
0.0020025971367908296
0.009269143554114937
0.05173761465589217
0.0400473076085959
0.01783272069886691
0.008242676404559645
0.0006287313429270153
0.0005514338779822719
0.006983352649936716
0.019708619480144553
0.00451544641319812
0.10810979244121639
0.0809159054802185
0.020872769465091794
0.01486590002462859
0.009569333231446158
0.0
0.002921631842447346
0.025052508740387815
0.2673783833702276
0.09523568667363351
0.006079361153885867
0.0
0.0012694961060651924
0.0017109949230124295
0.007919444840103434
0.044203996090228674
0.034215938263264176
0.015236062220759523
0.007042443645373579
0.0005371805022206384
0.0004711384772659201
0.009297530304878225
0.05521254348340096
0.049184423477558366
0.023604870067077573
0.006346336155722296
0.0005371805022206384
0.0010876894429573507
0.0
0.0
0.002496207128983323
0.021404562343586966
0.2284448769375797
0.08136822598743647
0.00519413309764667
0.0
0.0010846422140313226
0.0024680458545031634
0.0005371805022206384
0.18842535410805772
0.2092601732325614
0.0027086354939038497
0.0
0.0
0.0
0.009263161712032607
0.05500844870072987
0.04900261181688976
0.02351761397412529
0.00632287673840983
0.0005351947987746663
0.001083668767102402
0.0
0.014635083662476418
0.04538261897551271
0.09142873494335019
0.008294265620214425
0.004313894921986423
0.0026261068943306013
0.004947543439619355
0.013147346693608966
0.002458922650779565
0.0005351947987746663
0.18772883427270604
0.20848663687862665
0.002698622943537832
0.0
0.0
0.0
0.001494912357928982
0.0008671084953599303
0.21761427535497446
0.04477894407153805
0.0020863298718298614
0.0008671084953599303
0.0008737481509164233
0.0
0.020152168744185565
0.062490807482876845
0.1258952348437781
0.011421010241042575
0.005940132657762025
0.0036160879223743657
0.0068126518825466385
0.01810358964925015
0.01923858005411359
0.06265642798537772
0.1237364796287463
0.04489906827105964
0.0
0.0049959244157085055
0.00600166570817662
0.0
0.0020584594382602643
0.0011939881671338085
0.29964977988756164
0.0616595612247691
0.002872827556220207
0.0011939881671338085
0.001203130817921708
0.0
0.0004087867298846612
0.0022228310581916522
0.036210953040742434
0.06468546626872797
0.01068013653294692
0.0
0.0
0.0
0.03247175307412268
0.10575437752292458
0.20884807514194612
0.07578269571117781
0.0
0.00843234914154592
0.010129885176617837
0.0
0.0024394084090972527
0.0
0.1210435116390117
0.09546069566759488
0.032161253386458526
0.006024894142918827
0.0
0.0
0.0006899688914387709
0.0037517956649642022
0.061118498475994515
0.10917908090173775
0.018026421665231773
0.0
0.0
0.0
0.002414891120035698
0.0
0.01197015776281964
0.04906172480259171
0.037952773995376186
0.0067974644527087555
0.0004878816735943804
0.0
0.003445019887969113
0.0
0.17094198058468343
0.13481301198594023
0.04541927342923514
0.008508571204337642
0.0
0.0
0.0
0.0
0.01775535511504016
0.33252853757953005
0.06786740362889322
0.0
0.0
0.0
0.0034103956946191357
0.0
0.01690468533323708
0.06928672421259069
0.05359826617390961
0.009599622654416764
0.0006890039659780841
0.0
0.0004871993849455908
0.0010894109593293847
0.00986967556514221
0.03876564831455709
0.013641582778476543
0.0
0.0013780079319561682
0.0
0.0
0.0
0.017638716815626895
0.3303440944704873
0.06742156976673845
0.0
0.0
0.0
0.0
0.0
0.0
0.2073204947165321
0.25198699777054623
0.0
0.0
0.0
0.00048399887966889797
0.0010822544118632787
0.009804839792147522
0.03851098940935544
0.013551968630729144
0.0
0.0013689555361736019
0.0
0.006775984315364572
0.0
0.006669151787538028
0.0019955784553263444
0.03592342398776133
0.004329017647453115
0.004791344088121793
0.0
0.0
0.0
0.0
0.17036019615975434
0.20706372724314473
0.0
0.0
0.0
0.0011931402757971484
0.0023190477694568067
0.0065438744793981565
0.013500365410552755
0.3569845750450768
0.10422496131291144
0.015499045900882882
0.0
0.0055679879537200265
0.0
0.005480201117104296
0.0016398144214657135
0.029519134447623094
0.003557257070062075
0.0039371617352031065
0.0
0.005234814358131143
0.0
0.004590886944411047
0.0016398144214657135
0.03183893017514362
0.021827925675916342
0.007476629009594445
0.0
0.0010029766279032316
0.001949436088059561
0.0055009065504755825
0.01134866641383894
0.300088089016159
0.08761350392863715
0.013028795614999278
0.0
0.0
0.0
0.14126074481895515
0.1986210010230261
0.06128861193844288
0.018545026779886387
0.0061464999321614155
0.0
0.004400485474442603
0.0
0.0038591877250258922
0.0013784594923090102
0.026764416113416994
0.01834897348840737
0.006284997920396609
0.0
0.009217611453900036
0.0072409141062404776
0.015944219333643705
0.02626345579466897
0.02080158262873726
0.006892737616966888
0.006208272182604947
0.0
0.0
0.0
0.16802773330211415
0.23625697734263743
0.07290196971882017
0.022059056943562017
0.007311178011034363
0.0
0.0
0.0
0.0
0.18679464440152702
0.11505574983874856
0.033636811677921416
0.0
0.0
0.010964223366112393
0.00861296877533971
0.01896543188511069
0.03124002320329224
0.024743199412426885
0.008198817580280465
0.007384655262172318
0.0
0.003976756825532561
0.0008892298722435638
0.00885407058037646
0.0
0.01794436273709562
0.0032122997959596403
0.010941574371893489
0.0020277560709252157
0.0
0.0
0.0
0.23519062772700278
0.14486514918494664
0.04235165777162209
0.0
0.0
0.0
0.0
0.1414688513292747
0.15158349743816302
0.14256285148664016
0.0
0.0
0.0
0.0050070811029472966
0.0011196173879429307
0.011148041339245721
0.0
0.022593506092319502
0.004044563525253268
0.013776389323645293
0.002553120431938056
0.00909399950631625
0.00852303307702499
0.018965160099350942
0.009511001591580628
0.0240115423882015
0.0022392347758858613
0.009390433514317238
0.0
0.0
0.0
0.16741939099115932
0.17938943157415485
0.1687140706211229
0.0
0.0
0.0
0.004147893495391072
0.021603690316477516
0.07311344481157742
0.17903315281070012
0.04094505478929975
0.002649991987228769
0.0034879927947525477
0.0
0.0107621702213278
0.010086467754175878
0.022444061177063688
0.0112556656763415
0.028416133768092794
0.002649991987228769
0.011112981022590904
0.0
0.013628792913427806
0.002649991987228769
0.01654500249539881
0.0018738272994711818
0.007703230777154847
0.002649991987228769
0.015842990969979643
0.0018738272994711818
0.0053760573656797105
0.02800040034316557
0.09476185296132805
0.23204368697949895
0.05306861510131919
0.003434637113456128
0.004520764425726715
0.0
0.006268695796904401
0.001717318556728064
0.0021722551738634415
0.02618354404218259
0.3085038856670855
0.062019480143539814
0.005606892470426992
0.0
0.017664188487233334
0.003434637113456128
0.02144386846706918
0.002428655187633739
0.009984106536262319
0.003434637113456128
0.020533995965228112
0.002428655187633739
0.015360163901942031
0.001717318556728064
0.011947402632265526
0.002428655187633739
0.028914824163103113
0.006869274226912256
0.017730548082047815
0.0
0.0050566761325533316
0.0013852839632266124
0.0017522609562446864
0.021121092251620524
0.2488562670760116
0.050028336859171046
0.004522829030402468
0.0
0.0
0.0
0.0008761304781223432
0.010226694833718061
0.2931593153583758
0.1567256609227753
0.03196678734145911
0.00766909117739971
0.012390356257742334
0.0013852839632266124
0.00963743459467527
0.0019590873635268614
0.02332429359464891
0.0055411358529064494
0.014302439009379758
0.0
0.009354111849785698
0.00415585174197528
0.01538864768445179
0.0031589334255054183
0.03141510255081663
0.011393826699665646
0.016169168190662275
0.007077107857150028
0.0
0.0
0.0005237265149246002
0.0061132347044233985
0.1752425128268215
0.0936862559218923
0.019108859405916438
0.00458437013124623
0.0
0.0
0.0
0.0
0.0
0.2553152662183233
0.12238185769585534
0.007152271314874671
0.005591628783194861
0.0024842529779726613
0.00919890703774265
0.0018883228413242787
0.01877907752986607
0.006810913782909718
0.009665480561609627
0.004230498911205686
0.0
0.0
0.0
0.0
0.0
0.015067212221113686
0.18040549834896102
0.06176937824668405
0.0
0.0
0.0
0.0
0.0
0.14231708764268772
0.06821773654804669
0.003986798120770769
0.0
0.0
0.0
0.0
0.0
0.007166769191285542
0.12634039208738862
0.20293901704893663
0.0
0.0
0.0
0.0
0.0
0.008398721290600679
0.10056110431640626
0.034431305843068964
0.0
0.0
0.0
0.0
0.0
0.0
0.13155620389093756
0.17408459979128174
0.0
0.0
0.0
0.0
0.0
0.007462754240090165
0.13155820587765987
0.21132032712916501
0.015432252332274321
0.029480636528186718
0.023487325645322552
0.021131190424853112
0.009564522893331836
0.01763889618121265
0.028550295250817096
0.021196892501729323
0.0
0.0
0.0
0.0
0.0
0.0
0.13698942887557328
0.18127423257979258
0.011550176823535634
0.003660622708762153
0.004150487590216671
0.007857726006980897
0.009882922049023567
0.021209003672578504
0.08178602007809192
0.02481580546966548
0.022969389807312765
0.04387902799952659
0.03495857420309564
0.03145169865748786
0.014235851639002392
0.026253762149136946
0.042494306508869956
0.03154948973700278
0.09284419779802677
0.014773559781782068
0.004841724513266159
0.0039695713911412946
0.005582167967823054
0.014718951239463526
0.09157970687953365
0.038294342820043153
0.0171913022215391
0.0054484768732826604
0.006177592570251286
0.011695452340157805
0.014709757467130128
0.03156751602365674
0.12173044708669221
0.03693588576329263
0.007358571864466546
0.0
0.0020727843640518436
0.0
0.0003199379071507194
0.016030515541588554
0.131334217973468
0.08303080939023601
0.125437844449234
0.01995992789877952
0.006541447939292028
0.005363118972445834
0.007541829579491146
0.01988614862124347
0.12372944458254057
0.05173785688143783
0.03486563231097463
0.03187979101711633
0.033798368825698186
0.004851855654387787
0.005327344003613763
0.001933100877804739
0.014944859667075563
0.013424923938939728
0.009941853285344257
0.0
0.0028004507422246853
0.0
0.0004322544906671416
0.021658147333247245
0.17744007267805598
0.11217939300249712
0.01882324817834948
0.005050132516005854
0.006212201894729314
0.014709158092141813
0.003960435473808307
0.0
0.06912938243061412
0.05643922137649154
0.038374172950946216
0.03508786541484197
0.037199510371964783
0.005340099567214723
0.005863436473501493
0.0021276294878253233
0.01644876606501294
0.014775878678787404
0.01911725462268972
0.03981014146650069
0.028176771479299485
0.018329966633891137
0.06753402584920393
0.04741486616866962
0.05447190501052952
0.0043862204686778835
0.020717438153766105
0.005558329098004203
0.006837337920284934
0.016189345759061075
0.0043589754655086075
0.0
0.07608589609744362
0.062118719746737446
0.015399780131735463
0.008598968364761034
0.020523232718595425
0.006474961093505545
0.017814850097092966
0.08255401202512101
0.15427577121962904
0.06803326243611243
0.009378822633086
0.01953064198712023
0.013823373036194101
0.00899258336631716
0.033131831041585694
0.023261479158187593
0.02672362458225113
0.0021518562480470496
0.019331912663391862
0.0
0.015742994737156568
0.0
0.05571695632124928
0.11268621669179216
0.1519959991304397
0.045851248536705885
0.007555049576660799
0.004218607781940211
0.010068587949694433
0.00317658120115455
0.00873986995482838
0.04050055573954184
0.07568686631050783
0.03337675383478869
0.005192027284443048
0.0018853449838068677
0.0018229246580938796
0.0
0.0032869390931872565
0.002403016432838738
0.1558062258180865
0.1079608104928779
0.01324753187272047
0.0
0.010788162981280524
0.0
0.03818102055232539
0.07722020439641702
0.10415792157076731
0.03142037143299744
0.013066356745093254
0.002861138879820166
0.001029066765746657
0.0025309486984423897
0.004539029568571122
0.005495066319089276
0.11873174684875441
0.0208180315672552
0.003557927667702674
0.0012919656838379784
0.001249191061958256
0.0
0.0022524326050337726
0.0016467091145608778
0.10676894616858043
0.07398203700337833
0.008911514982225371
0.002948128798488381
0.0029629049826876775
0.0
0.0
0.00838274747957382
0.07727246100820584
0.264686230518056
0.02212463641111791
0.004844629507112281
0.0017424694946783607
0.004285534278654838
0.0076857214924627975
0.009304532758183357
0.20104278344245055
0.03525017632735767
0.016177082164919813
0.0012111573767780701
0.0006055786883890351
0.0
0.00517245373361682
0.002558511424814029
0.01374550275863389
0.005664739945015392
0.015089441739603986
0.004991925372326562
0.00501694517771921
0.0
0.0
0.014194105038608615
0.13084175931755782
0.4481805240347841
0.022104926779964184
0.004855728701068673
0.0007660031587504834
0.0
0.0021665841489306374
0.0
0.014443074727326907
0.0059331253457101775
0.06007832641123566
0.38637466964381967
0.012513991251385193
0.0
0.0
0.0
0.0022521066640977328
0.007800889783570939
0.013738385542455935
0.026292980442204145
0.010028366543976845
0.0012739839392231142
0.003909304295729403
0.0060714633629874535
0.021551466179365746
0.03294760804737352
0.08256603322196693
0.04505459384783824
0.027300079400061357
0.020932865474025807
0.008744345033404701
0.015593675896211419
0.016004782360952846
0.048549545907347905
0.03063868424575738
0.015731441375676457
0.025836964917737727
0.034881780483723084
0.008252244890419947
0.0027100245840985812
0.01203791941031002
0.020331219006824462
0.03798425760786817
0.07269553902887387
0.027726697363047517
0.0035223450372820725
0.01080854959104505
0.016786545094673647
0.059586072952640935
0.09109443229461037
0.004057460459197907
0.002490674067905495
0.0060739603259282815
0.00635374866532048
0.038000081074693236
0.03640628319908997
0.031174906547654074
0.004057460459197907
0.08471065770868857
0.04349471194487605
0.07143473505005182
0.09644208423328252
0.022816028476726705
0.007492748810109067
0.03328276314061222
0.05621230077221667
0.030579040846737713
0.022318857613532986
0.015391848199903375
0.002839805330172277
0.011387949156136003
0.011523045615848524
0.0276962762806807
0.013557420178891017
