0.1631759298494563
0.012436972577133484
0.004664553679990011
0.0036451333361816594
0.0018731996346193422
0.0
0.0005886898406607801
0.0019789875981969015
0.16471969096597816
0.08329255804519761
0.028026572558530728
0.006149855513532023
0.0043103819455356735
0.0013962005436886661
0.0013391251425800036
0.0013163505398725887
0.3580952864823962
0.0012158354996897268
0.0033995395600813117
0.0011208320687808063
0.00041626658547096494
0.001215835400444039
0.0025735802250102264
0.003234684135948857
0.07700094673986821
0.029779902457416914
0.011774376606523937
0.00465976051025031
0.012637130486394511
0.006752493194292665
0.0016905454888304782
0.005518516376832121
0.28404094740356073
0.14362883368759186
0.04832873456303374
0.010604747836853582
0.007432778463225947
0.002407593912233639
0.0023091736753495665
0.0022699013837867445
0.0003589029174843439
0.007910792916239157
0.08367302137103681
0.047679608560343055
0.02813861906716481
0.0012940428601904037
0.0033172106390222163
0.0
0.1327796436157757
0.0513521586762655
0.020303614381441182
0.008035243280529049
0.021791338332217358
0.011643930079003929
0.0029151593198132202
0.009516073098153246
0.01318359654147764
0.012081427894258605
0.012904126414622135
0.013445317578434968
0.00911053569284789
0.0033995770814853137
0.004142889360823254
0.0
0.0008711540137069777
0.01920162435259973
0.20309695144662107
0.11573124749294446
0.06830000467076623
0.003140990436816115
0.008051763364731498
0.0
0.026700094223207235
0.03130791154885885
0.11174572053878609
0.03605453847210773
0.07725407112894324
0.005843878658663486
0.0012319978000154203
0.0
0.03200013842936418
0.029324878368685695
0.03132178918542974
0.03263540585325431
0.022113723096696014
0.008251688897378142
0.010055907932770006
0.0
0.03416655181577657
0.018724668659979363
0.05612270425231281
0.0027548309095190137
0.009582694150776753
0.0
0.00441195522215177
0.0
0.03043624289055449
0.035688832868193576
0.12738231797483043
0.041099656093726546
0.08806424627224581
0.006661613580502349
0.001404391459012383
0.0
0.015218122392328046
0.017985540262213016
0.03181256530277164
0.0719741183310937
0.11058743270932643
0.020137287035479123
0.010242123336484797
0.0
0.03894748314759982
0.02134481468926545
0.06397596368081139
0.003140314861198123
0.010923602152138867
0.0
0.005029320857113116
0.0
0.055623649912846546
0.10662885885285851
0.06290801616233505
0.0
0.0059583284466212
0.00222053793908835
0.011463032818094564
0.003140314861198123
0.011097621948266696
0.013115726186168195
0.02319890810660631
0.05248620918576404
0.08064447694652449
0.014684860117575417
0.0074689380073017135
0.0
0.02228439249995399
0.01754891819146378
0.021410246671619258
0.006870103514346972
0.012428449598897773
0.013946134749972647
0.020187524582786984
0.0
0.04056283831878662
0.07775773737505673
0.04587486963812273
0.0
0.004345035138995869
0.0016192990130115496
0.008359270698198591
0.0022900346198864467
0.0022900346198864467
0.051060317730848605
0.4140583255152987
0.034408800083829835
0.0
0.0
0.0
0.0
0.014877652088589162
0.011716123712335907
0.014294049124825058
0.004586663508967498
0.008297562930349047
0.009310809832087853
0.013477727394774881
0.0
0.014099284571251635
0.0032432609262458257
0.011426507746857203
0.0070519209400699825
0.00993384338483539
0.009821229349739696
0.03095265178789633
0.004586663508967498
0.0015288879131690675
0.03408922378000452
0.27643633145544055
0.022972228497325865
0.0
0.0
0.0
0.0
0.0
0.0
0.0325296282086699
0.4059309485188759
0.05883618196841292
0.0
0.0
0.0
0.011508313835433825
0.00264725946914648
0.00932670282164359
0.005756016832688728
0.008108339588934563
0.008016420197450094
0.02526460325088614
0.0037437901797058525
0.0
0.00264725946914648
0.005762044056135436
0.009409278229129629
0.07684933821991713
0.0058349585940693696
0.005095735350886384
0.0
0.0
0.0
0.026551784842946898
0.3313345955578401
0.04802408544556953
0.0
0.0
0.0
0.0
0.0
0.0
0.24799833757775278
0.1634733718849785
0.00264725946914648
0.0
0.0
0.0
0.0024489302839705686
0.005330359321065059
0.00870434752398859
0.07109188723783479
0.005397811198060594
0.004713969584518486
0.0
0.0007301299601786886
0.0
0.0060628891005298615
0.0335928576733834
0.0453234472959334
0.014569925731883187
0.004730299009148775
0.0
0.0
0.0
0.0
0.22941862947205868
0.15122616264018177
0.0024489302839705686
0.0
0.0
0.0
0.0
0.0
0.32321036033657413
0.09099859606354498
0.0
0.0
0.0
0.0006516417049045792
0.0
0.005411134463171134
0.02998165839071041
0.04045122112349246
0.013003672992591416
0.004221796500825363
0.0
0.0037298867958814653
0.03220824588839113
0.13563109325245082
0.024359772111305474
0.0022807459671660268
0.0007285575852670808
0.0009215605211121452
0.0
0.0
0.0
0.0
0.28846556331013046
0.08121633615508551
0.0
0.0
0.0
0.0
0.0
0.2209311574826313
0.11580553870419209
0.0
0.0
0.0
0.0
0.0030770189741212593
0.026570614376601066
0.11189064715836056
0.020095913118468513
0.0018815312635947984
0.0006010331241372126
0.0007602534244187454
0.0
0.0
0.07683529069695184
0.29961715277509354
0.0011082502786019849
0.0
0.0
0.0
0.0
0.0
0.0
0.18226005258370653
0.09553529621719307
0.0
0.0
0.0
0.0
0.02857175923920247
0.07491564090403434
0.07432237976464647
0.001956822049436555
0.0
0.0
0.0
0.0
0.0
0.09356576468095154
0.36485718680365786
0.0013495658548915465
0.0
0.0
0.0
0.0
0.0
0.0
0.10031523604460334
0.1042505614051884
0.024548835454082235
0.0
0.0
0.0
0.03479310714187324
0.09122812140317213
0.09050568082074169
0.0023829095945275256
0.0
0.0
0.0
0.0
0.003734201664273771
0.006832844107433325
0.03680527807150437
0.03893856747732756
0.005891720508979736
0.0
0.0
0.0
0.0
0.0
0.1844235576033019
0.1916584177496001
0.045131564735060754
0.0
0.0
0.0
0.0
0.0043393111819009945
0.10209318762046526
0.15968556158576688
0.02166315107282916
0.0
0.0
0.0
0.00686510626787872
0.01256177494594455
0.06766430093936654
0.07158622583464781
0.01083157553641458
0.0
0.0
0.0
0.00180526258940243
0.010024186103013009
0.047396360897928265
0.026485326818850553
0.0278759950357776
0.006206345373889754
0.0017020178625896637
0.0
0.0
0.00623119128433034
0.14660441582146483
0.22930627417015906
0.03110798753478851
0.0
0.0
0.0
0.0008641107648552363
0.0019322104386747558
0.1036620822156665
0.16782868818356939
0.02181552356586963
0.0
0.0
0.0
0.002592332294565709
0.014394593625395618
0.06806052356142923
0.03803256570411769
0.04002954617162931
0.008912226752169376
0.0024440742842731767
0.0
0.002592332294565709
0.0
0.004376284722947933
0.010930231978919949
0.05226732237374683
0.023621086674543566
0.022393289520538692
0.0
0.0014029404590506671
0.0031370702808811634
0.16830218430869706
0.27248087446471453
0.0354189322604483
0.0
0.0
0.0
0.011223523672405337
0.0031370702808811634
0.054607567115212655
0.07699195566602246
0.049330581346650124
0.0
0.013057357065816092
0.0
0.004208821377152002
0.0
0.007105185061752549
0.01774594796606336
0.08485942338267034
0.038350382300828635
0.03635697315362368
0.0
0.03507351147626668
0.0
0.007936229561742772
0.0
0.011678855570107156
0.00941121050815642
0.05818160695706933
0.0
0.0212500089413554
0.0059395581516244415
0.10339099585248558
0.14577237898450335
0.09339983816988882
0.0
0.024722089291909256
0.0
0.03984376676504137
0.0
0.01878253177358443
0.0
0.04515626900038022
0.03563734764314742
0.08482617728810771
0.0
0.06640627794173562
0.0
0.015026025165547699
0.0
0.022112109577471787
0.01781867382157371
0.11015788839114034
0.0
0.02656251117669425
0.0
0.0
0.0
0.07968753353008275
0.0
0.04350461853229522
0.0
0.04688511778864217
0.0
0.022101856477738213
0.0
0.05313646682712779
0.04193532332866071
0.09981700116773694
0.0
0.0281310706731853
0.0
0.038649143567557866
0.022771736707698997
0.09689591009652715
0.03494610327069651
0.10937509502747199
0.0
0.03125674519242811
0.0
0.0
0.0
0.09377023557728434
0.0
0.051192930032565115
0.0
0.02187972163469968
0.006989220803183078
0.00884074244205151
0.0
0.06251349038485622
0.013978441606366156
0.11492964653013749
0.0
0.023850477907388107
0.0
0.032768057622356184
0.019306652404721156
0.08215164612544792
0.029628494190287954
0.0927319232843055
0.0
0.05300106201641802
0.011851397928843939
0.04026354019827795
0.0
0.053431105270922874
0.021406300180069913
0.09008199149328841
0.019306652404721156
0.018550371705746308
0.0059256989644219694
0.007495481944099875
0.0
0.05300106201641802
0.011851397928843939
0.09744126085054511
0.0
0.023850477907388107
0.0059256989644219694
0.020916662220799825
0.0
0.07728158317831099
0.03555419252288803
0.0724234187010977
0.0
0.04781428436555401
0.010691599170664675
0.03632327895633526
0.0
0.048202242826726235
0.01931144179162329
0.08126640851349876
0.017417269260383637
0.04581152860844854
0.005345799585332337
0.029561317559577575
0.0
0.12948652624816806
0.02138319834132935
0.0289057256712503
0.0
0.021516427964499305
0.005345799585332337
0.01886972066887565
0.0
0.06971867079122554
0.03207479637201265
0.06533593488045919
0.0
0.026297856401054705
0.005345799585332337
0.059122639679080644
0.015120204511973412
0.11074877096311868
0.016037398186006326
0.032942299397937795
0.0
0.03649767400706765
0.004258955256441609
0.02355126240668366
0.0
0.10316086729403934
0.017035821025766437
0.023028957656140277
0.0
0.030783686011041506
0.021294775828101083
0.04666541961184839
0.006023072269808813
0.026665277314788675
0.02390317895774532
0.07890341769471886
0.018069215901212507
0.020951289318762528
0.004258955256441609
0.04710252844622305
0.012046144539617627
0.0882326493368717
0.012776865315217862
0.02624486326892449
0.0
0.020951289318762528
0.0
0.0026935997269734156
0.0
0.15557355912611862
0.05206532179996461
0.0972589153425063
0.0
0.02267064784680444
0.015682539238555258
0.03436675173545221
0.004435692019978114
0.019637645456886742
0.01760349791691031
0.05810842781545669
0.013307075391080125
0.04013084374748587
0.006273015829192948
0.005951104989124108
0.008871384039956229
0.038605639421441046
0.04609458606820684
0.14471892770617964
0.05194069833529823
0.015429578573268155
0.0
0.001983701718779221
0.0
0.11457215916109577
0.03834351010253217
0.0716263354200424
0.0
0.02267064784680444
0.0
0.035394071683207566
0.019090509329392935
0.10579266097591429
0.018819046818724625
0.019006121330403133
0.008871384039956229
0.026358107264411103
0.004120143227927398
0.003908710831800847
0.005826762416965136
0.02535634663662585
0.03027511834885209
0.09505200148972726
0.034114869518435655
0.0
0.0
0.0
0.03550552689916836
0.21702935831299042
0.10808082028556251
0.09742871166330286
0.005826762416965136
0.014890177028415903
0.0
0.023246975414233262
0.012538726965288485
0.06948506548570442
0.012360429244475925
0.012483300571983668
0.005826762416965136
0.024402106646534534
0.009501980209745926
0.01753083470878044
0.0037985842184533177
0.01673276106829892
0.0322811981241313
0.042579099373642286
0.013457579956826369
0.0
0.0
0.0
0.023874173287816144
0.14593211146034948
0.07267432588494477
0.06551177094383152
0.003917957225212123
0.0
0.0
0.0
0.0
0.03926084660369735
0.2624340340529878
0.03298359780797377
0.016302951978213
0.01640815313969559
0.006389200271526947
0.01178786015219758
0.002554195523904261
0.011251229659615301
0.021706111280716908
0.02863049462052315
0.009048974173410718
0.01744606388788327
0.00446715845016946
0.0
0.0019589786126060615
0.001238966845653594
0.025318553864265778
0.12587212925407182
0.053029368079952406
0.0
0.0
0.0
0.0
0.02858623463720398
0.19108097565884366
0.024015703880137684
0.011870350510586715
0.0
0.0
0.0
0.006019398289845976
0.056052075275734324
0.2147760232493896
0.08388658977776517
0.0
0.012702662294289804
0.00325258497115767
0.0
0.0014263528964234679
0.0009021047690355899
0.018434704904464017
0.0916488189228835
0.0386112396886881
0.02759623157157151
0.009713449164959838
0.013257695688104702
0.0014263528964234679
0.024184291040763348
0.03799092221599528
0.0831803750991859
0.019384285249494537
0.0
0.0
0.0
0.005322678640189066
0.04956428690085148
0.1899166156362662
0.07417707520062411
0.0
0.009222535143643584
0.005005434039565509
0.00573205299049817
0.0
0.003190759975765809
0.0023256459094032535
0.11240161142733314
0.0049334402232311305
0.02440208560106318
0.008589158899836977
0.011723174021602617
0.0012612586390855461
0.021385062617958226
0.033593635187967694
0.0735526018556051
0.017140637001353272
0.003589604972736535
0.0008918445388064863
0.0
0.0
0.0
0.08064816730586384
0.23646792971492403
0.024962193034228992
0.012701485204329776
0.006893597628479465
0.007894313777641312
0.0
0.004394387225587273
0.0032029324528141984
0.1548020562948012
0.00679444610682822
0.022788650387367156
0.004913074350069692
0.015589307191824981
0.0017370340902652438
0.01332669182573751
0.0061413428066241695
0.014011087411970477
0.0017370340902652438
0.004943685628785683
0.001228268587517423
0.0
0.0
0.0
0.11107049068799181
0.3256690122392961
0.03437850011451649
0.008284937476928133
0.0044312009093686764
0.011187880446029178
0.00949019312482353
0.012350108480338616
0.011634326838608261
0.17586163540087243
0.012541616118361671
0.04190409376890915
0.009034230845591048
0.028665839321520104
0.0031940829386990343
0.0245053100733263
0.011292788316172288
0.02576378639083705
0.0031940829386990343
0.03333190409763965
0.004517115422795524
0.011060985075316224
0.0041645744841241035
0.005050288499642371
0.014059302965620756
0.06519957438862563
0.028464137182601396
0.015234460619712724
0.008148155123657295
0.020572433352421787
0.017450701811113575
0.02270955475727495
0.02139336531545703
0.32337687115850616
0.023061701720116987
0.027602657496920594
0.009034230845591048
0.00511543225854088
0.006388165877398069
0.009254428656636837
0.04747643010373222
0.11154071064199002
0.018237310676954287
0.035457899601908364
0.0048052287886865
0.011766483461307646
0.00443020187236164
0.005372409030592177
0.014956041862099766
0.06935817275805595
0.030279653857131366
0.07553814005587936
0.0038740992114467956
0.01564058216040159
0.00443020187236164
0.020769718884413074
0.022681317618440937
0.08632796319149297
0.052818197180709466
0.029363226757303112
0.009610457577373
0.005441707827803039
0.006795619705900859
0.00984470017730819
0.05050460025157596
0.11865506716579272
0.019400533767827823
0.017191708897894967
0.012013071715539824
0.0
0.005786261533610728
0.05386892630865691
0.054497874273217034
0.09334869741893613
0.055169859877258684
0.02271880852827966
0.0011651719004374466
0.004704052695898137
0.001332425024038917
0.006246688972909762
0.006821620333268305
0.025963949667453474
0.01588557128451645
0.02904250059952379
0.0011651719004374466
0.0
0.0
0.005493729245101034
0.0
0.12437399809746817
0.3876545046187447
0.005170568701271561
0.0036130446942424935
0.0
0.0017402727652468886
0.01620158798621529
0.016390750022380364
0.02807550174595618
0.016592856034795933
0.024290012469066036
0.011438356355469628
0.009710268957007981
0.004649250057782921
0.011177949441262193
0.010469896681725177
0.040601412218751944
0.16730966535525205
0.01980214383560416
0.0007944529943831658
0.0
0.0
0.0037458075048516833
0.0
0.08480233275008028
0.26431574762904986
0.01681091458557796
0.005341653173652862
0.004755574342622146
0.0
0.0026440994151894237
0.0012871517850527854
0.011861483091726523
0.07304580830006535
0.016561739201236377
0.007799052186216381
0.0066207846638462985
0.003170013479260045
0.007621498082248969
0.007138724137233424
0.02768339461435925
0.11407730016560019
0.008849421142876564
0.004470464759218067
0.0034684226626364315
0.0013402857788275381
0.0008813664717298078
0.0
0.03360543198379849
0.26750464922578493
0.03472991586872387
0.011035399910961344
0.009824611027910397
0.0
0.00546248389821996
0.002659145817296062
0.024504812498860846
0.15090641046981348
0.010162293265148788
0.00735403943527731
0.007829586648563636
0.0033163573796769763
0.00546248389821996
0.007748514884889809
0.007290294237770816
0.001439490917487362
0.018282149386605964
0.00923559894325646
0.007165465427673943
0.0027689161170719925
0.00182082796607332
0.0
0.06942595654674898
0.5526417920220844
0.007812388581684373
0.009630074392868958
0.009386752308520225
0.001439490917487362
0.00546248389821996
0.0
0.010883208132531807
0.004318472535402478
0.07631830438591089
0.05522846127775753
0.05879979660793571
0.02490567486599135
0.041022975618819076
0.05819095179547779
0.05474973809397335
0.010810503410515988
0.03076723171411431
0.0
0.012478784654688577
0.0
0.08204595123763815
0.0
0.004834603958012172
0.0
0.058670640002364986
0.07232136778559882
0.07049403133578135
0.010810503410515988
0.041022975618819076
0.0
0.08173233829043827
0.032431508601441374
0.01709290650784128
0.0076441802891497575
0.048346033874748645
0.0
0.044441556920387336
0.0
0.004834603958012172
0.0
0.33968558590135295
0.001153329322283811
0.0032247690233638874
0.0010632100235688255
0.0003948662948508581
0.00115332922814035
0.0024412723082288053
0.003068388826669503
0.0730423233581904
0.028248915850586306
0.011169055185
0.004420201937402984
0.011987454835135882
0.00640534710615623
0.0016036344418470872
0.0052348091123578175
0.3915691227276918
0.013432402565495227
0.002927316733299992
0.0012486768781028456
0.0035537966536577227
0.0014237106601505446
0.009424686813095147
0.01206861177051156
0.014060197858289398
0.010789242052981754
0.006122119139894712
0.002637769293078513
0.007559823848942141
0.0043429357629815885
0.007233197253476462
0.01730964451878609
0.25597500070717155
0.09899762113768838
0.03914167536619339
0.015490487460318393
0.042009736531156194
0.02244737919942092
0.005619896910628919
0.018345257990584514
0.025415576078763134
0.023290795407806472
0.02487680850889016
0.02592012663181398
0.017563455639086942
0.006553766241122047
0.007986737109606684
0.0
0.049273612766522576
0.03781062971667049
0.02145481385468845
0.009243996707908878
0.026493214154613372
0.01521971007889301
0.025348559396093387
0.06066121755477152
0.046211327009081385
0.012405431708729991
0.016224540656360163
0.004375956980283594
0.017579310438535452
0.007136082381579459
0.009661710759285694
0.01126467928431765
0.05169791838017897
0.04737589406869048
0.050602009250798496
0.05272422654763744
0.03572589081945369
0.013331040428369807
0.016245851832624943
0.0
0.055197873940549334
0.03025069389047459
0.09066920101347323
0.004450575231912768
0.015481349906114088
0.0
0.0071277473213211505
0.0
0.09399863314337721
0.025233935046811585
0.03300239884427685
0.008901150463825535
0.0357581411263239
0.01451553186808905
0.01965292199942756
0.02291352627281812
0.051173344885310564
0.05230110166249428
0.050316915893811334
0.007579056327856611
0.029694661984901016
0.017662564809444913
0.05478712947951849
0.01162691209394317
0.024355471111079732
0.013347794915672031
0.04000681454374059
0.001963768687998486
0.006830979954137091
0.0
0.003145042219533457
0.0
0.034783767500741164
0.06667943295735752
0.03933898281669861
0.0
0.003725989065892959
0.0013885941595138916
0.007168308246990442
0.001963768687998486
0.02257969073870271
0.02307730134661499
0.02220180061228921
0.0033441774884513
0.013102451788369308
0.007793417685386452
0.024174234513716447
0.00513025052233159
0.001963768687998486
0.3601025690538998
0.2718308278172179
0.0
0.0
0.0
0.0
0.0
0.019074762774254943
0.03656574479910293
0.021572757033666026
0.0
0.0020432622064260743
0.0007614788760843411
0.003930965192346244
0.0010768937512672498
0.0010768937512672498
0.024011225255973545
0.19471182642195872
0.01618081293492312
0.0
0.0
0.0
0.0
0.0010768937512672498
0.19747346456810747
0.14906690470583125
0.0
0.0
0.0
0.0
0.0
0.0
0.09482503166696014
0.2365506464146261
0.0
0.0
0.0
0.0
0.0
0.0009839870404785224
0.021939708026056864
0.1779134790239521
0.014784847821463819
0.0
0.0
0.0
0.0
0.0
0.0
0.020935957641635278
0.2612557724024327
0.037866765816829635
0.0
0.0
0.0
0.0
0.08664420437341608
0.2161427440867797
0.0
0.0
0.0
0.0
0.0
0.0022286431197849374
0.02256289545120184
0.03283256394781442
0.06066993310676629
0.041406479697705945
0.0006957839107000207
0.0011358362430365168
0.0
0.0
0.0
0.022004426318624367
0.2745889866872886
0.03979929997011346
0.0
0.0
0.0
0.0
0.0
0.0
0.20552520964783969
0.13547630744889896
0.002193879857029198
0.0
0.0
0.0023423821426869465
0.023714395060842136
0.03450817710886306
0.06376622916683704
0.04351966350036136
0.0007312933116675457
0.0011938037584779883
0.0
0.0006540886129483652
0.0
0.0
0.007585983467840975
0.11126272268979595
0.030670222147374967
0.00046251048579716206
0.0
0.0
0.0
0.0
0.20392624787590377
0.1344223178337807
0.0021768117317631027
0.0
0.0
0.0
0.0
0.0
0.2872960936508594
0.08088707660714975
0.0
0.0
0.0
0.0006489998810630891
0.0
0.0
0.007526965415562136
0.11039711189427688
0.03043161145414437
0.00045891220903502503
0.0
0.0
0.0
0.011113932331373881
0.07587755430895646
0.05483594944620756
0.0
0.0
0.0
0.0
0.0
0.0
0.29362276185078956
0.08266832496612561
0.0
0.0
0.0
0.0
0.0
0.22488097329385381
0.1178759146213459
0.0
0.0
0.0
0.0
0.0
0.0
0.011358676913047618
0.0775484858689182
0.056043514969169074
0.0
0.0
0.0
0.0017859677538609785
0.03286161095563662
0.06081895567907131
0.025278677667523633
0.015255710953918105
0.0
0.0
0.0
0.0
0.0
0.2808528932224079
0.14721472954220508
0.0
0.0
0.0
0.0
0.04402753720867432
0.11544095481836782
0.11452677145744192
0.0030153570478821906
0.0
0.0
0.0
0.0
0.0022304875487102406
0.041040726468129195
0.0759565356510284
0.03157043326419434
0.019052792669898063
0.0
0.0
0.0
0.012650451816659098
0.03887880302699151
0.05514307669179222
0.011009911608663544
0.00041419114499778397
0.0018523191389831647
0.00512149750830765
0.0
0.0774983315350169
0.2032019494261
0.2015927818532458
0.005307704109944699
0.0
0.0
0.0
0.0
0.008317578462206862
0.015219509306993291
0.08198025058794345
0.08673194950803374
0.01312324614915054
0.0
0.0
0.0
0.022267630013201083
0.06843540560512605
0.09706417188557645
0.01937991162156876
0.0007290692305083633
0.003260496767311612
0.00901498328133581
0.0
0.008019761535591996
0.010166338991870442
0.01975744824584328
0.002305519368311435
0.013241557478289586
0.001630248383655806
0.027142184707936133
0.00461103873662287
0.015884737223807274
0.02906590026356459
0.15656416636745954
0.1656388614911959
0.025062500768677762
0.0
0.0
0.0
0.004177083461446293
0.023194333185188116
0.10966745580486988
0.0612827304323862
0.06450051007474161
0.014360471861259801
0.003938191987495182
0.0
0.015315972691969743
0.019415461380710614
0.03773236105006004
0.004403032624991721
0.025288449268293652
0.0031134142348731328
0.05183557615051481
0.008806065249983442
0.014149560037770204
0.012453656939492531
0.03202005473300779
0.017243560641052428
0.05191471655117952
0.0031134142348731328
0.02985597906685828
0.0
0.004748315050198632
0.026366243901771832
0.12466488537314382
0.06966337012778084
0.07332119301904974
0.0163243194195512
0.004476754284991072
0.0
0.004748315050198632
0.0
0.008015939413897272
0.02002065287558467
0.09573684437797872
0.04326619762208058
0.04101726999919299
0.0
0.0160845646253308
0.014156740515624799
0.036398915463441886
0.01960168123683414
0.05901424575352148
0.0035391851289061998
0.03393889445831013
0.0
0.008170706963057432
0.0070783702578123995
0.024047818241691814
0.03155174963656854
0.1471648243476591
0.04189459177446296
0.024985385133603634
0.0
0.00562409799361533
0.0
0.009494405551871669
0.02371327775812486
0.11339462286916481
0.051246248967310754
0.048582527373871184
0.0
0.04686748328012775
0.0
0.010604900696753001
0.0
0.01560603843539895
0.012575865163522352
0.07774600764216558
0.0
0.009677718548904585
0.008383910406990335
0.028483216655615005
0.037371179028791536
0.174308019706864
0.04962166306387652
0.029593709118717434
0.0
0.0624735199276741
0.02771909918014248
0.05234424434071714
0.02138748533661789
0.04124338528651242
0.0
0.03600665416501212
0.005928319886494365
0.07429616172100596
0.0
0.016811302038384643
0.0
0.024739300561339526
0.01993575175321586
0.12324600240256711
0.0
0.029718464688402387
0.0
0.0
0.0
0.08915539406520716
0.0
0.048673503082374385
0.0
0.09903545944817184
0.0439413967065239
0.08297813687706022
0.033904275590764664
0.06538062231448526
0.0
0.05707915197593647
0.009397803811829525
0.011887385875360954
0.0
0.06440643180589603
0.009397803811829525
0.06835246878332549
0.006645250820586424
0.021014127902252513
0.0
0.03767942634980067
0.0
0.0
0.0
0.11303827904940202
0.0
0.06171212725181039
0.0
0.02637559844486047
0.00842537599083821
0.010657350970872458
0.0
0.07535885269960134
0.01685075198167642
0.13854555633290927
0.0
0.01507177053992027
0.0
0.08165958198475762
0.011915280963888266
0.08666268060454155
0.00842537599083821
0.02664337787635491
0.0
0.07912679533458142
0.0
0.08871771166514567
0.05128146799149081
0.05651913952470101
0.0
0.005328675485436229
0.0
0.019038241300805666
0.006081543192239824
0.007692611025869702
0.0
0.05439497514515905
0.012163086384479648
0.10000393879723568
0.0
0.024477738815321573
0.006081543192239824
0.021466764595540595
0.0
0.07931406723247522
0.03648925785656168
0.07432813438631353
0.0
0.057114723902417
0.0
0.06403756888653526
0.03701561365223874
0.040796231358869284
0.0
0.003846305512934851
0.0
0.03807648260161133
0.021969279896391972
0.10816344444446323
0.03962882394189456
0.1033504527758022
0.01824462892828084
0.017620460055263694
0.008600600840645728
0.020144856768855766
0.00500502997705802
0.017666864628738708
0.0
0.0652744330760447
0.030030178795035202
0.0611710759889027
0.0
0.02462149160637927
0.00500502997705802
0.0553538491657095
0.014156362511104158
0.1036890571269484
0.015015089397517601
0.030842382578704346
0.0
0.03133644386266452
0.01808042810517686
0.08901709068796493
0.032614000347449185
0.08505606191294657
0.015015089397517601
0.01450140663288911
0.007078181255552079
0.04028971353771153
0.01001005995411604
0.03400784270917978
0.014156362511104158
0.054809301846143764
0.041165887788381116
0.05780538155129826
0.007078181255552079
0.02081635675768363
0.004231526312497931
0.04679917409414272
0.011968563770762431
0.08766440472124609
0.012694578486311413
0.026075838510487774
0.0
0.02081635675768363
0.0
0.002676252140189987
0.0
0.15457161893763352
0.051730005576367095
0.09663253887778114
0.0
0.03406312923984593
0.008463052624995863
0.028752091778633717
0.011968563770762431
0.0463387839822543
0.034803894912186786
0.04887183376713381
0.0059842818853812155
0.03974031744648693
0.03385221049998345
0.15662124304293737
0.011968563770762431
0.0018923960688803298
0.0
0.0
0.0
0.01524134647855824
0.0
0.0019595016845376906
0.0
0.11317444389545045
0.037875741058105074
0.07075253481113479
0.0
0.022394078819829976
0.0
0.03496228411223751
0.018857615958839283
0.1045020506014396
0.018589465136612474
0.018774257445505413
0.008763158193547815
0.029097116004520276
0.0247859543964094
0.11467514027106433
0.008763158193547815
0.0013855769525962036
0.0
0.0
0.0
0.06332596835288877
0.06939158326679566
0.16179223043638516
0.03166733154675807
0.029267688844736753
0.0
0.0
0.0
0.021398097017489914
0.0
0.03340732849096869
0.018018919155026566
0.09985429788324834
0.01776269440224736
0.017939268030731495
0.008373414718854305
0.03506732287045424
0.013654927943327696
0.025192883951626957
0.005458798339365175
0.02404600321585496
0.046390060237884306
0.0611887754978203
0.019339367220903604
0.06050953135619525
0.06630537665274668
0.15459648380304036
0.030258919698117455
0.027966001656778094
0.0
0.0
0.0
0.038557626450238275
0.0029604491722595655
0.02198781382065725
0.0041867073594271526
0.07907221299443729
0.02438246116078004
0.031204965560821432
0.01091759667873035
0.02960034870536692
0.011526133037367015
0.02126532876823341
0.004607775020477176
0.020297246036975882
0.039157878249705264
0.05164948286131974
0.016324371711939418
0.031472742253247574
0.008058764854360426
0.0
0.0035340022454575354
0.0022350992432543376
0.045674733574054514
0.22707363141277134
0.09566511071830273
0.03254651609404558
0.0024989169588771317
0.01855992710833674
0.0035340022454575354
0.06674490340157725
0.02058125039428782
0.02634013053552825
0.009215550040954352
0.015645694702780363
0.0
0.004079370630136583
0.0056984073435548685
0.08212934172060601
0.07374034437207179
0.0305415652954368
0.0
0.018556800880800018
0.004751568628632121
0.0
0.0020837007291440793
0.0013178480372684318
0.02693050797408231
0.1338860188762919
0.05640558412592885
0.04031420835018983
0.014189981426252708
0.019367626511884273
0.0020837007291440793
0.03532984368863381
0.055499387648611155
0.12151481493763101
0.02831771114258455
0.009224936260879021
0.0
0.0024052581085341244
0.0033598664381120098
0.04842469170678017
0.04347841304654535
0.018007764980088173
0.0
0.003953544111805295
0.008639369017756818
0.00905001953823909
0.012960894735450418
0.07287555767879299
0.08838171308760981
0.07633492888538784
0.042352895294195954
0.025639778915242762
0.009024807914374124
0.012317782791718117
0.001325230686826392
0.022469730111477938
0.035297531254512265
0.07728324869643205
0.018010023830175387
0.00377167261023012
0.0009370796076860197
0.0
0.0
0.0
0.084738706905928
0.24846177238930992
0.026228295445753162
0.00251444840682008
0.0054946263525335924
0.0057557994968785
0.00824311053497638
0.04634875056899079
0.056210643255904656
0.048548905714104314
0.026936380899031012
0.012851331572937988
0.0
0.0
0.0
0.02059505713213346
0.062059707999279984
0.08373711854632758
0.05519792194475529
0.003279576209740879
0.0008148172722268385
0.0
0.0
0.0
0.0736827068338603
0.21604455157318594
0.02280624610222968
0.005496118865308626
0.002939600568112432
0.0074218931589375755
0.0062956696552047215
0.00819289999428754
0.007718059840633847
0.116664302501066
0.008319943649730967
0.011174596961512986
0.0
0.0
0.0
0.01790798576355707
0.05396267464621922
0.07281179737390626
0.0479961572343652
0.0
0.0
0.0
0.0
0.00036439735663787546
0.018107144632261207
0.1964940907079537
0.10150430267044465
0.008657162252984718
0.0046302854251836405
0.011690528330236883
0.009916567496441714
0.012904972820132409
0.012157032618118352
0.18376272796027043
0.01310508449263065
0.015685536267375424
0.005133808423778369
0.002906904823334372
0.0036301507404899783
0.005258938431696655
0.026979042373752798
0.06338432675400724
0.010363567278790932
0.0
0.0
0.0
0.0
0.0005739772225242223
0.02852130619102689
0.3095059016551911
0.1598835904260897
0.021387136984176193
0.0012834521059445923
0.002435179007661253
0.0
0.008106341156906687
0.0038503561809869434
0.0428601086816298
0.03142527920779327
0.029125854693807487
0.009532766723941476
0.005397717110205743
0.00674068397674364
0.009765115708785767
0.05009632151311079
0.1176958606599767
0.01924370002569693
0.01705273127633318
0.011915958150821348
0.0
0.005739485446925469
0.053433450388320626
0.054057313943138834
0.09259406738068768
0.05472386722154443
0.03971293257045279
0.002383191680985369
0.004521788016777812
0.0
0.015052345715815395
0.0071495747888506095
0.07958524824034109
0.05835236362445812
0.025137699402513983
0.021158006840710685
0.03275820536890793
0.01533340265885091
0.041753005343998985
0.009207614345706154
0.08411383103812324
0.026664531924964773
0.009115941983572193
0.00636995806837807
0.0
0.0030681780825540547
0.02856411831212257
0.028897619372992556
0.04949835499001805
0.029253941238178944
0.04282436947289712
0.020166329653108113
0.017119634912731777
0.008196834089729045
0.019707220711870713
0.018458892288024355
0.07158209079520031
0.29497436177461056
0.01343795346566145
0.011310514411003832
0.017511675683493207
0.008196834089729045
0.022320059361043195
0.004922148647182164
0.04496504350735328
0.014254158006022064
0.021193448413780798
0.008716165503499986
0.013033877437385537
0.009418149201494584
0.036099308822306136
0.011743657623749038
0.06812128756628859
0.04695714323865998
0.015915274695015674
0.007494627007236658
0.0063623515224653805
0.0030462764022729954
0.007324003481317485
0.006860073947277655
0.02660281172312832
0.1096244510640372
0.008503996269319705
0.004295966371214879
0.0033330375972926555
0.0012879695834282232
0.0008469635546192812
0.0
0.03229369058213954
0.25706297647196086
0.007876346047626862
0.0032392810444813614
0.004843918131437801
0.0035001666925952857
0.013415969068051693
0.004364420055839219
0.025316636708026547
0.017451181248785204
0.008059335879871204
0.0012369096013639415
0.0007634426242469708
0.0006695834900572768
0.0026096123120434756
0.0012369096013639415
0.15590562792102464
0.25865591827212053
0.010776562575866228
0.005443999380648556
0.004223742238049278
0.001632160265838987
0.0010733019461405455
0.0
0.04092369826403144
0.325759227092197
0.004605076385558091
0.0056765261627842786
0.005533097968832674
0.000848519702013744
0.0032199058384216367
0.0
0.006415196101194239
0.0025455589780936693
0.010213073322091643
0.0015674552642830119
0.0009674612914592878
0.000848519702013744
0.0033069923232383063
0.0015674552642830119
0.19756908422950709
0.3277778588560732
0.009527254939207482
0.005902353610548921
0.0036357502583757605
0.000848519702013744
0.003488231324956773
0.0029082171316985646
0.006436628853279197
0.004758227570677135
0.05259087540442389
0.06482704197766767
0.06318906387566574
0.009690261396477499
0.03677195611639941
0.0
0.07326279753163419
0.02907078272824624
0.01532164838183309
0.00685204956242889
0.043336160023181504
0.0
0.03983628579276603
0.0
0.004333616513733339
0.0
0.10880311975396707
0.06740603571717109
0.04152098094170248
0.009690261396477499
0.03983628579276603
0.03321240996171548
0.0735075637635275
0.054339891972291186
0.03983628579276603
0.0
0.0
0.0
0.018385978058199706
0.0
0.07437472520297264
0.0
0.37594763103073936
0.012896522300766254
0.002810532616807239
0.0011988614193466013
0.0034120193742567147
0.0013669122994895303
0.009048692746526395
0.011587139387670236
0.013499271954401105
0.010358809607305296
0.005877879674215168
0.0025325365545437184
0.007258227735683742
0.004169676098150981
0.006944631776069857
0.016619083255314197
0.4187080159784623
0.0004238615207445726
0.005260362848580478
0.0017165083929488296
0.002862119196272894
0.0008477230414891452
0.009899811742251206
0.00839653286715846
0.020138018921684923
0.009095783986822037
0.007538911745754354
0.001020793689922295
0.006743371028703509
0.0022146352505910297
0.01017889263703812
0.009425986687800546
0.06478595581640843
0.04971419079461325
0.028209228923913733
0.01215419630631389
0.03483382088884652
0.020011186705181715
0.033328805355240236
0.07975861195514124
0.06075959974792073
0.016310915831836487
0.021332358540160145
0.005753597912994369
0.02311363761269948
0.009382667353130742
0.012703415301166603
0.014811031167084421
0.09664675313581812
0.04365265485993324
0.03618088478505008
0.004899011970153936
0.03236291105142168
0.01062851848447085
0.048850729940892824
0.04523736977406444
0.03423239699518334
0.026952443680268962
0.036527476104006966
0.007515497848300568
0.034067025812558875
0.015485279736368748
0.02624774998926797
0.013548911173256255
