0.029321467384278304
0.057460051539698805
0.1292925592531595
0.016230693719329743
0.01588041276373572
0.003181222098915528
0.005193203719625871
0.0
0.06209896530289111
0.006362444197831056
0.033434064918420055
0.014863739015815492
0.0320211099843669
0.03376056832445667
0.047191433535745266
0.010364810911715079
0.06460201064586882
0.003181222098915528
0.029273342438041427
0.010364810911715079
0.032721772297190733
0.006362444197831056
0.05154190153998143
0.0
0.0887769335963924
0.03840823873842464
0.07905148301495607
0.03602191708094899
0.01280417176846594
0.010294650519979668
0.029571722531825495
0.010364810911715079
0.03174948670475854
0.003252942081780558
0.017093914438603232
0.007599419442237695
0.016371509585731147
0.0172608466169166
0.02412767723767347
0.00529924169643956
0.058473807482115725
0.0026226056881160386
0.017176547413782727
0.022651624023575814
0.0226632543224447
0.013701726824316557
0.08155152248138163
0.13789449494644615
0.04538919544246685
0.0196370721996882
0.04041684103322642
0.01841701181111723
0.006546419563442027
0.0052633706249371765
0.0151192053970872
0.00529924169643956
0.07568117248253504
0.016264710062061
0.011385296765969269
0.00829447027057818
0.0458956177512246
0.020399356921459975
0.10377254381127599
0.08272692213383327
0.05125147277095633
0.0022986771308597365
0.015055003085711047
0.019853831003177065
0.01986402479714164
0.012009371537270273
0.07147876654283047
0.12086259228414536
0.00956307500315767
0.0014255790729966163
0.015013884995633739
0.025431479128429316
0.027648854885183614
0.010994184935944768
0.06812243890385908
0.022811149980142578
0.06633348703945816
0.014255790425964195
0.009979053054973363
0.007269986948465137
0.040226865750148666
0.01787975045279875
0.09095518031972097
0.07250898786544645
0.018159759368751065
0.01577923791627245
0.021230050340764257
0.005257275652105247
0.0203095165759422
0.04312090854165068
0.03211550958113937
0.030933438059892838
0.015638071274712888
0.002331186061376607
0.024551538453325646
0.04158696685955437
0.04521294282601856
0.017978301705142908
0.11139759487759592
0.03730205913159183
0.05302892017561198
0.04337797016820389
0.05243505159721256
0.018801418579786514
0.024106718650976463
0.0
0.009942300634684147
0.0
0.02969584691601756
0.025803086048561057
0.034716557204141
0.00859698907843848
0.03321124927543461
0.07051370411526106
0.05251706461444155
0.05058407562345718
0.020850761699617186
0.009324744245506429
0.022101915575101567
0.01954287837576393
0.05516111147577987
0.013072547641901267
0.04342791292207653
0.013187179743957726
0.04906065928760465
0.040131909304630106
0.04851123109087763
0.017394470564587556
0.022302764347474323
0.0
0.009198298256080702
0.0
0.20172232676514565
0.03951286756526126
0.04104367378319019
0.012871780433527564
0.0
0.0
0.003477636598724255
0.026776234723602747
0.019290457211731254
0.008626954855159153
0.020447984723101085
0.0180804454308575
0.05103329441890873
0.01209430257596031
0.04017811474165421
0.01220035652697024
0.04246447073518635
0.004313477427579576
0.01050890749305224
0.030068261730688408
0.028099727249134555
0.1358708736336081
0.04392024738855122
0.010797036547888907
0.15957590260295643
0.03125733084319698
0.03246830132848504
0.010182442438206782
0.0
0.0
0.0027510440121612965
0.021181799222959433
0.08010920257392064
0.026100856732776245
0.014936656091541925
0.0
0.006197948836152247
0.012729350276009181
0.031096108529278067
0.016687804717804882
0.0335922470992191
0.0034122502199018918
0.008313251316633812
0.023786013587691678
0.022228770660067093
0.10748298240074385
0.03474386416201191
0.008541180741844281
0.006942573496654411
0.09507676074895766
0.024422207357406925
0.01577020173742763
0.07034493587890203
0.05507499308916161
0.04257921739150774
0.002412825263432288
0.03728221763439421
0.01214714152543939
0.006951406895120615
0.0
0.0028844785614117914
0.005924143445276388
0.014471893971251497
0.007766378235451494
0.153123976906306
0.055424582936491475
0.028530770498444213
0.0
0.0
0.0
0.0
0.0
0.003231021252598387
0.044248006125701074
0.011365910788725841
0.0073393327410861495
0.03273800168582027
0.025631485679415977
0.019816046078196318
0.0011229106481498283
0.03809830718209551
0.33278945845884456
0.10996959790760434
0.04914247631990734
0.0
0.0
0.0
0.0
0.1169157567419401
0.042318696177094
0.021784286763249897
0.0
0.0
0.0
0.0
0.0
0.0067782104472351905
0.006100360960008727
0.008754577583857961
0.011699254736279968
0.029027353204432043
0.023994043770582098
0.009822702168082387
0.00335633377172461
0.029089450945406773
0.254096923013328
0.08396581004320132
0.03752207801284074
0.0
0.0
0.0
0.0
0.0
0.0
0.007764345638198135
0.06145818388778789
0.19255858298087752
0.04915836725323796
0.00383433485625981
0.0
0.0060282931399663
0.005425438530244977
0.00778600198428488
0.01040489043803624
0.025815869181965635
0.02133942735892047
0.008735953030189024
0.0029850008359916945
0.05245605888303025
0.007289784951424563
0.004358119920987257
0.001466747070646878
0.008852275650151639
0.0265285444905589
0.06777817052665672
0.11047558770719977
0.0
0.0
0.006905325810025415
0.05465866709356301
0.1712545802260745
0.043719658808397566
0.00341011756572902
0.0
0.0
0.0
0.01348337185459263
0.22397310754852098
0.098662980991544
0.013746646997665405
0.0
0.002459070755023395
0.04122506689721599
0.005729021178638643
0.0034250340020666567
0.001152712334785684
0.0069569781573536335
0.02084870736758416
0.05326667068837416
0.08682244893567324
0.02093729337066702
0.010338070850282278
0.015903991694859534
0.009769728697324702
0.01133946165490835
0.005665187380885849
0.04660000828464025
0.006865823679225861
0.0
0.0
0.010596543441151296
0.17601982570696215
0.07753895504663938
0.010803450624356788
0.0
0.0019325766849331916
0.007383925506072776
0.0
0.02895481171770855
0.24625226516724705
0.03774882496311477
0.011183964455179876
0.03423248792631417
0.010505921019773608
0.024413554495637157
0.012054521643027621
0.018544563572127293
0.011391816494002166
0.01322217538639157
0.0066057898890130706
0.05433710182177017
0.008005770258014805
0.009395302952562653
0.005768483528198781
0.002844914102691479
0.0
0.003668649739808138
0.009651799281976582
0.06509922898126216
0.0058303451910731215
0.008609893578068057
0.0
0.03376223761432019
0.2871380263390344
0.04401633864835658
0.013040860672389016
0.03991617706810052
0.012250240315323608
0.0002209685886513111
0.0004941007923710097
0.047282800336405466
0.10004620565206954
0.09914953901802485
0.05926932801338782
0.002187477466091324
0.0017815057200559925
0.012109708333419808
0.0074350612646897326
0.0036668407810979305
0.0
0.004728562618029826
0.012440309246820712
0.08390710546258329
0.007514795435925188
0.014871765256040247
0.010391407554568126
0.01710107136401324
0.0055978317473731115
0.002672977570582933
0.023162293812682245
0.07471931786548798
0.009759932344277963
0.0002848088212722219
0.0006368518943066667
0.060943316479754116
0.12895064442615364
0.12779492103272877
0.07639288259077862
0.002819463537689207
0.0022962021313333737
0.0028480882127222187
0.0
0.0018451934007586532
0.0018012891677000348
0.008799220270403434
0.20152409192218798
0.08284918949304075
0.010134491406286786
0.017506228603786866
0.012232196584161517
0.020130445815535997
0.006589461342879078
0.003146482989597629
0.027265385345442015
0.08795549399496981
0.011488858507030826
0.027629696114243825
0.008407789109634542
0.0014993344309222531
0.009321564461023026
0.007072299916520542
0.012767345568834203
0.17026430791801747
0.032527734425241185
0.0033526136593243563
0.0
0.0021720607430083068
0.0021203790813248734
0.010357960802682328
0.23722313804862505
0.09752553418731175
0.011929768947200882
0.0085711258166329
0.006990126709108239
0.0019734656334154926
0.009635497907304537
0.04406398205677328
0.035747839119552954
0.05101580573289586
0.021515647292450035
0.029292956508654305
0.008913923616969988
0.001589591796280801
0.009882706679810263
0.00749804026125336
0.013535917909933774
0.18051392770286032
0.03448584833882545
0.018322991466252273
0.01391511290179436
0.0012815698472032773
0.0046842095199851694
0.010673310360173527
0.04688623140826135
0.10986606661408979
0.0742204601124956
0.009087092914040295
0.007410920367464
0.0020922648852863095
0.010215538381994474
0.04671655832370016
0.03789979782179355
0.0540868698811809
0.02281085241717048
0.02134255841564381
0.0033532474508895737
0.0
0.0
0.0
0.10429285574312648
0.08622638742924481
0.028901735955908177
0.017361583898015936
0.01318498677139211
0.0012143258629120632
0.004438428993807826
0.010113281645577121
0.04442611031913645
0.10410139286364416
0.07032611173594573
0.008453184290629181
0.004220009331347373
0.00772571252458856
0.0
0.10235367069073943
0.10117786416616548
0.03634587720869925
0.0018136879430128714
0.02022271413562445
0.003177302519441443
0.0
0.0
0.0
0.0988206084297389
0.08170208791140464
0.02738526154536468
0.024039548835758262
0.024953057765885345
0.013294768644177623
0.0208729220699466
0.06992356406998536
0.05380695458247714
0.030764200843860133
0.0037803493051695707
0.010423678559545735
0.00520372196747345
0.009526628218556647
0.0
0.12621300163212865
0.12476310667669012
0.044818346313375064
0.0022364708345762
0.005626282828375381
0.0014973934113290475
0.0005873260124869881
0.001712334850623129
0.022843955335258313
0.07207872947662004
0.055494340010214874
0.008983522002488174
0.029643329799189197
0.03076978382190287
0.016393868878980807
0.025738540977600893
0.08622321843986189
0.06634971858564225
0.037935543543418396
0.004661574223996563
0.013094654922649236
0.002076511066521994
0.0015159700557841654
0.03499521261829549
0.12057941342071532
0.008926545955737993
0.01788268574289889
0.01120405823022923
0.005165975474527567
0.0013748860259267654
0.0005392746629724564
0.001572242297860487
0.020975005452618527
0.06618169759141782
0.050954139387024915
0.008248546288088654
0.02183301093115552
0.02845887805584196
0.02064937442254626
0.03671961930652107
0.031112886521966632
0.04193384405198599
0.012491876145548475
0.0032593515863475198
0.012023331965581432
0.0019066238881800474
0.0013919428452480698
0.0321321226867997
0.11071435821227711
0.008196231665961496
0.016419635980719993
0.01028741209749245
0.0
0.006258521423867302
0.08874439887675101
0.32865822606777373
0.027080994928937403
0.0008526681368181577
0.0038624349255261406
0.0
0.011195372640266252
0.014592936620775295
0.010588436115281742
0.018828819471646795
0.015953839789943206
0.02150253173422238
0.006405493445977328
0.0016713066140929284
0.007105621846196925
0.011260556753928074
0.01711433332383379
0.014648234589083257
0.007077459683530537
0.02776475364606481
0.007478089495739035
0.0072780490804670046
0.0
0.003209199122293294
0.04550570776950876
0.16852697613351392
0.013886395726847599
0.00043722496911952866
0.001980551304920526
0.0
0.0011893805239108002
0.05368782298774549
0.4657170425409302
0.04236830142602254
0.0021508624237259223
0.0
0.0008744499382390573
0.0
0.005080041354292857
0.008050540152644508
0.012235596393686621
0.010472501786701987
0.005059907303527384
0.019849930064777283
0.005346330653634461
0.005203315221050509
0.0026952223404776146
0.00979828198598951
0.014770856057875264
0.08749825449398937
0.022899990253053854
0.0038194949154689494
0.0030343743890329836
0.0008841279186307537
0.0008503270196810749
0.038383179812147734
0.3329563388984947
0.03029048379073768
0.0015377218625517374
0.0
0.0006251728482976933
0.0
0.0
0.0011270463663107704
0.14954682991654586
0.22798395526549117
0.0
0.0
0.0
0.0
0.002558742581936101
0.00930211989224086
0.01402289443780609
0.08306754743624534
0.021740388281297433
0.003626084622008201
0.002880720763608379
0.0008393577477092878
0.0018275170360765468
0.0004785075282683498
0.006831146808372692
0.22610076390578845
0.00996669892601172
0.0
0.0
0.0
0.0
0.0010699753730835748
0.14197412805401893
0.21643938074238908
0.0
0.0
0.0
0.0
0.0018926753846763946
0.00029675777838167414
0.0053257455312530275
0.2451042517045309
0.0046544255902346825
0.0
0.0
0.0
0.0018341278054070731
0.0004802384576276151
0.006855857459448243
0.22691864957587002
0.010002751967535273
0.0
0.0
0.0
0.004359148363359028
0.0008528589240048811
0.0007840275453195343
0.3515603594398616
0.004806014283444161
0.00107590096807861
0.002613388398824556
0.0
0.0018995218545799107
0.0002978312552254974
0.005345010618540958
0.24599087964723318
0.0046712622781208855
0.0
0.0
0.0
0.0
0.0
0.0035848926375575303
0.10934119050481837
0.015571117807508587
0.0007780696810971442
0.00037673003798111075
0.0
0.004475399370086358
0.0008756032080364428
0.0008049362145934382
0.3609358709626704
0.004934182437456197
0.0011045934006944313
0.0026830829829517125
0.0
0.0002734924897841007
0.0
0.008647896918897053
0.42589090483672715
0.0
0.0006115478074717866
0.0
0.0
0.0
0.0
0.0036804955726694524
0.11225713243049194
0.01598637280002228
0.0007988194643556927
0.00038677678164045757
0.0
0.0013674624489205035
0.0006115478074717866
0.0003057739037358933
0.03496186210319012
0.01621603350279886
0.0006115478074717866
0.0015784897126686626
0.0
0.00030168251313439587
0.0
0.009539272094380302
0.4697892749949106
0.0
0.0006745826168958431
0.0
0.0
0.0
0.0
0.18882053289584763
0.17991191309759136
0.05214606360871551
0.0
0.0
0.0
0.0015084125656719793
0.0006745826168958431
0.00033729130844792154
0.03856552855061892
0.01788748840620017
0.0006745826168958431
0.0017411912987102297
0.0
0.002111777591940771
0.0
0.0
0.0050767481642711105
0.02053892121633814
0.0020996055776249974
0.007123353246441244
0.0004770019416587077
0.0
0.0
0.2093614714232851
0.1994837228505579
0.057818799886953307
0.0
0.0
0.0
0.0
0.0
0.0
0.004361361940514684
0.25688908178584363
0.17946209880428693
0.0
0.0
0.002341508400526097
0.0
0.0
0.005629024817462714
0.02277325829639179
0.002328012247389291
0.007898270883312236
0.0005288928425623948
0.0016725060003757836
0.0
0.0
0.0
0.008757572009439907
0.015638045945386772
0.022773778912883607
0.002282378872059748
0.0
0.0
0.0
0.0038504303493963315
0.2267946413133603
0.15843819458855643
0.0
0.0
0.0
0.0
0.014893880298853907
0.009083877411967155
0.042626730782136704
0.3225524340321233
0.0
0.0
0.0014765726741391297
0.0
0.0
0.0
0.0077316263846223905
0.013806055891400229
0.020105840948908056
0.0020149992130125143
0.0
0.0
0.0
0.0
0.0
0.08623919819378582
0.06020302853278721
0.03018230038364814
0.0
0.0
0.015492456581641325
0.009448953098453658
0.04433987400250452
0.3355156265039897
0.0
0.0
0.0022685974448513916
0.0009834656379062061
0.029143678028761628
0.035258728150531035
0.019084937674921823
0.026150342395181644
0.01033729139193182
0.0019056589238955637
0.0
0.0
0.0
0.0
0.0
0.08970510080946456
0.06262255281447984
0.031395309270996825
0.027012534670244812
0.00455296218385552
0.00021721121553240725
0.0
0.0053578514680832304
0.06055516531343857
0.11867897414415426
0.06997253167802621
0.00422204764453885
0.0018303109656719174
0.054238797391659765
0.06561941188606812
0.035518648907696716
0.04866795198241685
0.019238555024942507
0.003546589012161546
0.018636635547695048
0.005504840770112677
0.0032339844267649524
0.004524775768606678
0.031011722191862937
0.0031086555945801786
0.010809829723240972
0.006526465964506839
0.050272563180552315
0.008473439528748513
0.00040424805334561906
0.0
0.009971405117266918
0.11269817554300025
0.22087139539841846
0.13022467393856343
0.05735061928760162
0.03817443181244217
0.007099156241185908
0.007785401016135534
0.017574488783588613
0.009477998590517062
0.00940081007883717
0.00398160474369263
0.02632942675982857
0.007777117361675612
0.004568901714529965
0.006392503190787083
0.04381267563327929
0.004391839910672779
0.015271888493816263
0.009220446854435025
0.07915293089609798
0.042175560467894516
0.02272267705270103
0.00421618922175587
0.0195596752382174
0.032442589272662005
0.044955925217862916
0.05628160459237929
0.08102368725831925
0.05393199346156
0.010029531018650083
0.010999042468026786
0.024828849289063575
0.013390306908139405
0.013281256685003653
0.005625123172975647
0.08523814532241776
0.06613296771489367
0.06489327551052718
0.05237798618787619
0.012016045021528893
0.006959216039861563
0.02918845346512496
0.050811651685205364
0.07910810096402694
0.042151673449568994
0.02270980758523833
0.004213801294053507
0.019548597203552932
0.03242421472788095
0.044930463481312015
0.05624972831840988
0.02524537204193104
0.009672741242898915
0.01220378991790704
0.005105294042784124
0.0046592632188224205
0.003807639218055304
0.037061634604151496
0.08191449992763768
0.08518986890079439
0.06609551191361442
0.06485652183507802
0.052348320810533394
0.012009239480963567
0.006955274541059146
0.029171921968801494
0.05078287343444854
0.02726414662431761
0.00944834630811227
0.021737042313530068
0.025936152690471777
0.01802625529621113
0.010570120828066975
0.01276862906422565
0.025832636132073723
0.04040341545947632
0.015480531735469831
0.019531294425544576
0.008170658602724978
0.007456818115116984
0.006093854706968167
0.05931450002129969
0.13109830852302357
0.013877651250043465
0.04606453223048901
0.03269220248586576
0.0020426648046870865
0.04391935158885372
0.017793562728524445
0.06335047815052068
0.03015859200510693
0.04363432004015433
0.015121403663911676
0.034788584220309775
0.04150896056643697
0.02884973454547251
0.016916723689550626
0.02043527915029261
0.04134328970569683
0.004124480050549949
0.0014443821387762443
0.0023289961626948683
0.0020426648046870865
0.04959973264265883
0.054309029242281176
0.09793251712751666
0.008170658602724978
0.01488217734363049
0.04939888786320184
0.03505860944207025
0.0021905219643598085
0.04709842950985913
0.019081539903957813
0.06793606739734755
0.03234160497099913
0.02372350583585734
0.029219221399210436
0.0060367589908786705
0.004381043928719617
0.03170965116451317
0.011572458209259028
0.119880015151191
0.03260891841345849
0.004423028252879473
0.0015489329392949726
0.0024975792590083545
0.0021905219643598085
0.05318998179770479
0.05824015822140734
0.10502130809745408
0.008762087196825355
0.02021228097119828
0.029615970240212584
0.0464474500236576
0.028452597489804388
0.02971294307274067
0.04252830533730228
0.02423114796504614
0.015805409021650892
0.06384481001609038
0.0031439349718945368
0.02893022938152509
0.01024332488873497
0.032338240169580645
0.0062878699437890736
0.050937778542634
0.0
0.08773637852145083
0.03795805549690233
0.07812492001598116
0.035599703932676564
0.012654093979401123
0.010173986847453926
0.029225112160091445
0.01024332488873497
0.01592244180012379
0.022714625281866303
0.05844291922747729
0.019135715818956404
0.059508765506949876
0.01571967452425367
0.043817040203025764
0.011615470165440475
0.026714198400957925
0.0062878699437890736
0.02219506129018909
0.026677171449788255
0.14121879117405542
0.010173986847453926
0.015243430215036028
0.0071692747003297575
0.05086965511675791
0.022008125073889228
0.045296920208139226
0.020640750072345254
0.007336858523170021
0.005898889500731743
0.016944754289908836
0.005939091778348842
0.08481919772952007
0.018228571433478093
0.012759999692458064
0.009295975351123824
0.051437224731923116
0.0228624508780656
0.11630242534172047
0.09271567730591766
0.015488923548914488
0.003645714364439769
0.012868722554478107
0.015467455279221028
0.08187882066813695
0.005898889500731743
0.008838158707971559
0.004156753875519342
0.04456951483926872
0.008865582957027721
0.009856524669507254
0.0075366166755509514
0.03307043974785099
0.030615892101894884
0.0934381630249504
0.04044621699271489
0.06919719012346368
0.014871231477381949
0.010409861780466462
0.007583841759574575
0.041963511969878554
0.01865164258146781
0.09488183399063267
0.07563929536827502
0.01894373984724085
0.01646044818126586
0.022146579281844565
0.0054842390935031845
0.021186304874717905
0.04498249436032459
0.03350197798400217
0.03226887489465949
0.0363606975142379
0.0072327190760409195
0.00804114905315979
0.006148521926000971
0.026979523126309385
0.02497705429058716
0.07622871360140687
0.03299682904269785
0.0
0.004461369379789359
0.000940539251753337
0.012657206532949628
0.02860736959813682
0.14731891838015818
0.03698459370004124
0.02189087667906261
0.02414209046839076
0.020977358871419372
0.02822382089804478
0.006989168844869002
0.02700003764308688
0.05732613819118745
0.04269525394045244
0.04112377509943051
0.016951224752424825
0.0075808182809629235
0.01796838618032568
0.01588794349239335
0.04484480767130306
0.010627702544253716
0.035305967382686515
0.010720895999427951
0.0
0.005685613508647846
0.0011986325766719617
0.01613046988924327
0.03645751633363473
0.18774469476032574
0.04713353404571374
0.02789795095794084
0.03234486691245174
0.0018952045702407309
0.009049088862224091
0.016702303106673477
0.030803815618149367
0.013007857860649572
0.1317414419331467
0.03384053392524284
0.017488780272578587
0.007821220421441372
0.018538197820520408
0.0163917803450671
0.046266921664009954
0.010964727169474294
0.036425586639591064
0.011060875966047325
0.03849840311858359
0.003910610210720686
0.009527403733026966
0.027259966770854942
0.025475288127470935
0.12318089863502028
0.039818214138986195
0.00978862230731352
0.03337058405155934
0.001955305105360343
0.009336052650463323
0.017231964848842835
0.03178066309490565
0.013420361729868074
0.13591921317849873
0.03491368150496936
0.033249370654047865
0.014875336963229966
0.0024732869827558627
0.011669589847515352
0.029616014241167932
0.07659429823386155
0.08668882108639195
0.024486839203917247
0.020228507519828097
0.002054781540185357
0.005006055899626231
0.014323410794883668
0.013385673578953705
0.064723872485373
0.020921985819920986
0.005143309953463172
0.004180664061241015
0.057253120462307384
0.014706512598604676
0.009496466357029647
0.04236016305206549
0.03316494155833013
0.025640262071438862
0.0014529499572091997
0.01747046863822502
0.00781606095956286
0.0012995579108895418
0.006131640973696024
0.015561366660832108
0.040245522211068495
0.045549563804755264
0.012866305374992537
0.056973899310229344
0.2981412788599694
0.1089508287833803
0.03179245535405388
0.020075613134365823
0.003082172200733492
0.0
0.0
0.002015583823047659
0.027602902728465124
0.007090311121146385
0.004578441052655013
0.020422702742601974
0.01598949801229617
0.012361695819815189
0.0007004969513334503
0.023766582030364976
0.2076015589222785
0.06860151179487592
0.030656183463742704
0.0
0.0
0.0
0.0
0.02746828448865033
0.14374002068812772
0.052527427410235236
0.015327794285287282
0.009678864524546192
0.0014859783844486918
0.0
0.0
0.0
0.2004895705362994
0.11035825981291801
0.01753604786563735
0.0
0.0
0.0
0.0
0.020805469996626542
0.18173618738664007
0.06005435251682231
0.026836686253457993
0.0
0.0
0.0
0.0
0.0
0.0
0.00555324541952129
0.043956360789491944
0.13772249700828954
0.03515923820253078
0.0027424078563273576
0.0
0.0
0.17551029168183088
0.09660856830334565
0.015351206886281995
0.0
0.0
0.0
0.0
0.0
0.0
0.08093263183103591
0.1104374119989279
0.006593195654445118
0.0
0.0
0.0
0.0
0.0
0.006010908628432882
0.047578964800522434
0.14907271029051905
0.03805683925615833
0.0029684196899227347
0.0
0.0
0.0
0.011736928633182278
0.19496283328814798
0.08588358899560722
0.011966102878204935
0.0
0.0021405578861807078
0.0
0.0
0.08760258519906935
0.11953896191092113
0.007136564955140535
0.0
0.0
0.0
0.0
0.0
0.05710032167190338
0.15200170025920964
0.026241742986196644
0.0
0.0
0.0
0.0
0.0
0.010470233567564274
0.17392168473700068
0.0766146974654383
0.01067467443519242
0.0
0.0019095405394083057
0.007295909758067057
0.0
0.028609672887474825
0.24331695964459887
0.03729886226201046
0.011050652574340548
0.03382443965599328
0.010380691357545314
0.0
0.0
0.050937832492024125
0.13559708456277053
0.02340963184428723
0.0
0.0
0.0
0.0010083497741775831
0.009897419566492191
0.03321532491340783
0.10056609828751205
0.0
0.0
0.0
0.0
0.00819381471495067
0.0
0.03213065491059791
0.2732618892563129
0.04188921965700807
0.012410652362211809
0.03798720112619181
0.011658239262453646
0.00021029013388098848
0.0004702230412593333
0.044997827400260024
0.09521140588021662
0.09435807126070914
0.05640509811391961
0.0020817661551519374
0.001695413265147352
0.001132447013662409
0.011115491388074682
0.03730312285406523
0.11294273137935626
0.0
0.0
0.0
0.0
0.0015061563361139256
0.0015164237071382844
0.00911988419178462
0.03512043858848506
0.026523794536873334
0.04663139437746351
0.004126079915339395
0.0
0.00021946577669837425
0.0004907404026375057
0.04696122903096528
0.09936578933309145
0.09847522094741622
0.058866236084690174
0.002172600386489709
0.0017693896627165022
0.0021946577669837426
0.0
0.0014218548465152784
0.0013880234624818939
0.0067804350383459
0.15528887468996097
0.06384128707706697
0.007809357933467414
0.001571874838034444
0.0015825902078662332
0.009517814414831112
0.03665285760468222
0.0276811139999434
0.04866607385094945
0.004306114208153958
0.0
0.0
0.0
0.0
0.0
0.004238588112252282
0.2924537661697994
0.02510190387595751
0.0011818593618083382
0.00210495082230398
0.0
0.001363736329825408
0.0013312878083693144
0.006503283803178342
0.14894142011150047
0.06123176549503996
0.0074901493303489225
0.005381412882338556
0.004388776775225467
0.001239047659515812
0.006049682815936624
0.027665733272435843
0.022444412329172995
0.032030461347461195
0.013508678321668638
0.0
0.0
0.0
0.0
0.004065335227439772
0.28049967737387793
0.024075860027010596
0.0011335506942866992
0.0010733185347218991
0.0
0.001811426316868938
0.00421516072946616
0.21982128371610773
0.11175099635354296
0.008547034680281161
0.0013312878083693144
0.005177613085325192
0.004222569157359278
0.0011921236142845026
0.0058205749298033205
0.026618002695275946
0.021594418697987068
0.030817433902144597
0.012997090387408795
0.012160490794192038
0.001910601998273154
0.0
0.0
0.0
0.05942363082556569
0.04912977957606013
0.016467533422346192
0.001032670826714788
0.0
0.0017428256865597233
0.00405552813486201
0.21149641922790077
0.10751886793841268
0.008223349437949315
0.0012808705311515647
0.00020252341085545897
0.0014604170714234812
0.134250388318234
0.203087284783254
0.060883279001173685
0.017233453315516664
0.0
0.0
0.009336323592181658
0.0014668814617471411
0.0
0.0
0.0
0.04562301438316938
0.03771981969294612
0.012643093391388556
0.011098461138078218
0.011520205465709777
0.006137863657310692
0.00963650840596695
0.032281968508173824
0.024841331194355835
0.014203065533481971
0.0017452931474893916
0.00015548912710348795
0.0011212480309485584
0.10307191452451202
0.15592204626309975
0.0467436720876037
0.013231135115143988
0.0
0.0
0.0
0.0
0.005920849487913413
0.3762165342052245
0.0793630825603683
0.0
0.0
0.0
0.009643815722965236
0.010010283157259365
0.005333390395962532
0.008373477198663484
0.028050857825619505
0.021585444808161765
0.012341507980431309
0.001516542274423474
0.0042600625464586945
0.0006755479295981066
0.0004931880446141951
0.011384934957140356
0.03922790222589724
0.002904058512416929
0.005817744737331487
0.0036449978343748033
0.0
0.0
0.005144819689366166
0.326906846153635
0.06896117704036907
0.0
0.0
0.0
0.0
0.0
0.0
0.2095619112593395
0.22416131676570172
0.0
0.0
0.0
0.004123158521079776
0.0006538381002494139
0.00047733864619806885
0.011019061590890052
0.03796724990839539
0.0028107318779016
0.005630782066130851
0.003527859911966088
0.0
0.002146233341310801
0.030433096705159767
0.11270669139083138
0.00928687948733409
0.000292405291980557
0.001324543938476301
0.0
0.0
0.0
0.0
0.20282729905479507
0.2169575289656906
0.0
0.0
0.0
0.0
0.000292405291980557
0.00727542842140063
0.34721740286584846
0.0030298972398268625
0.0
0.0
0.0
0.0
0.002064381352772978
0.029272454274192866
0.10840833918732681
0.008932701058214563
0.0002812536831843887
0.0012740291350841453
0.0
0.000765092747862348
0.03453576310580491
0.29958177777483846
0.027254255058515565
0.0013835851596353795
0.0
0.0005625073663687774
0.0
0.0
0.0002812536831843887
0.006997961720882163
0.3339753968208998
0.0029143445133960905
0.0
0.0
0.0
0.00012578046905776177
0.0
0.018147442785213387
0.11908265140340538
0.0035218531336173296
0.0002812536831843887
0.000355760884357684
0.0
0.0008590981884639202
0.03877910436912691
0.33639080137963784
0.030602931754513132
0.0015535835459809801
0.0
0.0006316215397351685
0.0
0.0
0.0011386719099853817
0.15108941348237145
0.23033562198327265
0.0
0.0
0.0
0.0
0.00014123486781645274
0.0
0.02037718337494217
0.1337141024849344
0.003954576298860676
0.00031581076986758426
0.00039947252425531646
0.0
0.0005878587405653958
0.0013377958114713993
0.00872414034679311
0.022779406674537005
0.011376702859056485
0.0014566618291160479
0.0034540244840656465
0.0
0.0
0.001558159507905966
0.20675086835549958
0.31519144035728275
0.0
0.0
0.0
0.0
0.0027562224516570763
0.0004321556977501946
0.007755656106639601
0.3569348695577511
0.006778041504230521
0.0
0.0
0.0
0.0008044263478224885
0.0018306408061894656
0.011938120287727347
0.03117135742361654
0.015567888847532407
0.001993297155165621
0.004726489731757745
0.0
0.003285520309674493
0.0008643113955003892
0.008024899398959588
0.009642233244673502
0.00985656092902348
0.0
0.0015254327560339529
0.0006111604472534007
0.00443214210716091
0.0006949277492811194
0.012471478845341687
0.5739689348839696
0.010899426182717288
0.0
0.0
0.0
0.0
0.0
0.00836460689844695
0.2551250954628703
0.03633198887595034
0.001815464974820504
0.0008790217708433145
0.0
0.005283279257697751
0.0013898554985622388
0.01290443538418876
0.015505188249624378
0.015849837773093255
0.0
0.0024529713650637444
0.0009827762453914256
0.006887617620508686
0.0027797109971244775
0.008748770334713434
0.0009827762453914256
0.007920826416490301
0.0006949277492811194
0.009685212723634665
0.0029483285879822844
0.0
0.0
0.016204094738510186
0.4942337718009649
0.07038310310717723
0.0035169574378803702
0.0017028597069639563
0.0
0.006020518334054536
0.0026924576904771634
0.0013462288452385817
0.15392637066641615
0.07139422884066246
0.0026924576904771634
0.00694960674257654
0.0
0.013342839633752178
0.005384915380954327
0.016948304334001102
0.001903855086129245
0.015344393731632936
0.0013462288452385817
0.018762400485973746
0.00571156497130705
0.052339071510046284
0.007555643830055773
0.004751948402706837
0.0
0.002408207333621814
0.0013462288452385817
0.014175551611239992
0.00761541977035561
0.011302823337503171
0.005054776338280894
0.002527388169140447
0.2889788682785817
0.13403436566894972
0.005054776338280894
0.013047078825780049
0.0
0.01582395267250444
0.0
0.0
0.03804104323685947
0.15390205792123374
0.015732745445381228
0.05337664585105539
0.0035742666170462023
0.09826052278269498
0.014184843010801577
0.008921230751996448
0.0
0.0045211293350012685
0.002527388169140447
0.02661295036130235
0.014297065390263576
0.016954235006254755
0.012636940576221927
0.03635445437865135
0.0
0.016954235006254755
0.002527388169140447
0.004795381600291616
0.0
0.018159434877041098
0.0
0.0
0.04365558097976297
0.1766167060850369
0.018054766230999365
0.061254589440940095
0.0041017982806668615
0.012971024912172212
0.0
0.0
0.0
0.06791885032344536
0.12127997357840896
0.1766207436965513
0.017700859190849426
0.01945653736825832
0.014502046624398857
0.0417200658042031
0.0
0.01945653736825832
0.002900409386730438
0.005503139555793075
0.0
0.06625474576894966
0.01740245570187596
0.005503139555793075
0.0
0.01593540118604074
0.013377997350222007
0.03254816365818353
0.02710337278422966
0.004770808576779353
0.0
0.0
0.0
0.02498089671726815
0.04460738777831474
0.06496200296970547
0.0065104655503992834
0.0
0.0
0.0
0.0
0.0
0.2786389817469431
0.19451607760502979
0.09751905887137628
0.02436883064423213
0.006400711237677277
0.002024082566317004
0.0
0.005861121165640522
0.004920495098168942
0.011971379238749427
0.009968757612770378
0.0009541617153558706
0.0
0.0
0.0
0.0043711470752019555
0.029357736499237442
0.07073888463263081
0.11255640203470425
0.0
0.0
0.0
0.0
0.0
0.10262886482842787
0.0716445491952477
0.03591841402935997
0.03090421552765572
0.005208904915321738
0.0002485047146364942
0.0
0.006129754151401524
0.06927931432590612
0.1357769879918782
0.08005343542882869
0.0003514387437672038
0.0
0.0
0.0
0.0016099895984169879
0.010813099990385308
0.026054686905471608
0.04145699821888104
0.0052715811565080565
0.0
0.0
0.0
0.006170227844006856
0.019051657535022953
0.050511479398173305
0.3009156705799066
0.033710970525934546
0.005681983414711411
0.0002710741873764723
0.0
0.006686465195798376
0.07557133819519204
0.14810840405246106
0.0873239768803075
0.0384572600665871
0.025598399290915123
0.004760438530777
0.005220609564802429
0.011784819311164752
0.006355604546803208
0.006303844710471883
0.0026699207613203055
0.005750351981369173
0.0
0.0
0.0
0.006730614753882873
0.020781950121290662
0.055098987763962756
0.32824516424412076
0.013418938647538996
0.010296458592830222
0.008873977087551289
0.004827944652854427
0.007482850689092154
0.007265910231378281
0.03720634617159214
0.035515150479561754
0.07122859105696198
0.04741205982039249
0.008817043356011805
0.009669348859370704
0.021827245985328377
0.011771529131305296
0.011675662181636086
0.004945092129114172
0.07493355586580024
0.05813803681544704
0.05704821318424395
0.04604591922197874
0.010563404183665387
0.0061179041605447715
0.025659809937112935
0.0446689416549933
0.024853879129430177
0.019070579577790812
0.01643593131501361
0.008942074779336527
0.013859357394437274
0.013457551256416612
0.06891171164018105
0.06577936455834645
0.08476657315110328
0.014457282598534063
0.01597577185259691
0.032326856014650615
0.019528903987418883
0.02532843326054827
0.007602973785334475
0.05817994373315292
0.08201020572665613
0.06362853470236557
0.06243578922047755
0.05039444965124023
0.011561001480133977
0.006695672893473785
0.028083096651896143
0.04888743170387752
0.026246527931928238
0.0090956921815119
0.020925719631023017
0.024968100612768076
0.017353435618559968
0.010175597108558317
0.012292047281161407
0.02486844775075668
0.09277184330229284
0.01582261386711149
0.017484507723349092
0.035379771874238096
0.02137319409334605
0.02772042509435316
0.008320991004168131
0.06367439926734877
0.05979766371132091
0.005609223773028258
0.004442609487714532
0.004438566842904821
0.036563354521950635
0.007498524366527336
0.04641254456079702
0.053067519026220415
0.040286895704683384
0.01396135912638991
0.03211976405057914
0.03832458403410351
0.026636515606790267
0.015618950457316724
0.018867578526864045
0.03817162267978881
0.003808068911802512
0.0013335757845896815
0.0021503262894150992
0.0018859609561997668
0.04579466929050623
0.05014269031562622
0.09041958485849315
0.007543843256034178
0.09178594012776647
0.008609832649648232
0.00681914749076082
0.006812942265816695
0.05612262521197298
0.011509799310476652
0.07124055977839316
0.08145555899281103
0.013212460708774904
0.0074782675081026505
0.006982692990903682
0.01783087938752795
0.03547762682973865
0.0459755865766682
0.07169781034857471
0.03992151658956827
0.0044432665427387745
0.0015560203355325306
0.0025090073417834264
0.0022005450562152624
0.05343336126708351
0.058506645599770576
0.10550185028555688
0.008802179561224423
0.02030476557170845
0.029751482960438967
0.04665997793509298
0.028582787007557026
0.029848899508037582
0.04272290056062712
0.024342021549410193
0.015877729258112584
0.015416339875730357
0.00872566557643382
0.008147427702408106
0.020805125024040576
0.041395404326791334
0.05364445611416337
0.08365722608697718
0.04658054859460452
0.02581042376621732
0.06085181532679077
0.049125117236808576
0.028988144222335796
0.03644160113224295
0.004455764147678942
0.026632337727474642
0.014278272080409939
0.010502714544469065
0.014982954770050861
0.038549947646025276
0.012622244965531462
0.03925299805513388
0.010368965786322756
0.02890246805187422
0.007661762497161066
0.0176211415065365
0.0041475864029755765
0.014640241487711954
0.017596717897176282
0.09315032647847774
0.006710935482091734
0.01005482690637396
0.004728976033554228
0.07275486672929682
0.04457482240221984
0.02669876223693838
0.026622056147803365
0.03713422738928407
0.018793623345903464
0.057253988865093065
0.15094602169461135
0.05681245699062737
0.010835368809307655
0.01324569177901327
0.007647771149421901
0.01603095704175805
0.010835367924842914
0.04148102488151997
0.07683699699241156
0.018377251697004247
0.004325556277627114
0.01526844345610665
0.01835178008857323
0.09714733831052325
0.006998896775842136
0.01048627211578213
0.004931892908611485
0.05288070469377517
0.010518810356797708
0.011694539916685235
0.008942022417054662
0.039237316464091135
0.03632505211275821
0.11086223226504151
0.04798850659436974
0.05925023763385014
0.011300306496298868
0.013814054647570434
0.007975931370954549
0.01671883358924095
0.011300305573882397
0.0432609450763796
0.08013401588357427
0.013044785138392773
0.04937586155312328
0.034895347168986755
0.003987965685477274
0.10427727080299047
0.033938893530175956
0.019328761183530323
0.0030586301684982836
