0.11699897065499303
0.046174361859510966
0.019760239976562483
0.025194593213815005
0.0028092308950217913
0.0033083950299329003
0.016087673754945263
0.06728755509346815
0.04228082669618516
0.016769034182812854
0.03276987764632882
0.01831500295409059
0.012115462258381947
0.023004111714985162
0.03787163374668313
0.031040345932147616
0.08637931926122462
0.0
0.005538107498571181
0.00436231687819729
0.0
0.01314801168789799
0.05102701882497863
0.12339655330114338
0.05632640208974943
0.01589059438810636
0.004752388569405165
0.005241042822756616
0.016315753564250593
0.049482002136391666
0.029338573378919385
0.027014012734978422
0.06872071110362828
0.027255378941488967
0.053262186920242885
0.029768103540504298
0.019691743203788834
0.03738949871346109
0.06155427424419425
0.050451110161293576
0.04135648385925352
0.021780262370569743
0.01160025506696291
0.0
0.013055788568543126
0.017442827464927174
0.015788987517163004
0.004015677800455579
0.09154954403636865
0.025827615766758943
0.0077242463653092305
0.008518475579780907
0.026518643904094308
0.08042506827216077
0.04768515147191362
0.043906950501459464
0.03926005388284696
0.025508728499062445
0.03614950988400205
0.0
0.012676775165263277
0.003728463283900964
0.02549939539356739
0.05188713403043312
0.0684943427803294
0.0360723305620557
0.019212267890081507
0.0
0.021622913121063386
0.028888698746896584
0.026149619654208797
0.006650739765397654
0.040755375730957166
0.0027615694521509427
0.027441733073615932
0.03484860013163436
0.012550528074294034
0.019952071482463755
0.0375282545717853
0.023459167156134646
0.06502224892661511
0.04224739220218316
0.059870585946385495
0.0
0.020995193558371872
0.006175056928932904
0.04223193477284369
0.08593513791608709
0.023465216329945034
0.0027615694521509427
0.02511212981139283
0.01564827040855871
0.12349223442094652
0.02163022489501488
0.028913105090295887
0.030109906332632982
0.025266451996837323
0.0017120456074142894
0.017012608005178516
0.02160452373683071
0.007780748169700703
0.01236936348414565
0.023265785817375283
0.014543600941115363
0.08091271865620844
0.008560227854526247
0.018563995399953688
0.010962440899905746
0.02340650918150127
0.01065731805927656
0.06482462176669003
0.08567945573489459
0.014547351149694217
0.0017120456074142894
0.015568361499264797
0.009701205448857064
0.07655948588418883
0.013409741149204069
0.01792479074824412
0.018666752283303566
0.10107021243792322
0.03580552822857947
0.016489237774912145
0.02979229074734956
0.051630605232465834
0.0778153734910725
0.03520941446648682
0.056974208507407684
0.03914838895915736
0.004141736122498869
0.008981906981043347
0.005304010388215469
0.011324883662689657
0.005156381339981063
0.03136440783599743
0.0414547022350137
0.08654719099026804
0.08173893394870434
0.03344339372316606
0.03135501323129541
0.04353857196000576
0.030946483588919077
0.016073788508482446
0.0247283264419974
0.04890128590928122
0.01732396054984074
0.007978067042773375
0.014414547002395816
0.024980683499530226
0.037649785584072226
0.017035539967639488
0.02756610471544186
0.006744985607502072
0.01093007356299528
0.01300135850276263
0.05256202194521995
0.10534506016231066
0.08109618923663582
0.035699421557729254
0.003522321062810882
0.04954347164822198
0.0467910108959965
0.019144489957280252
0.01794900783352966
0.024923420169086382
0.017715147248073968
0.009201353344201125
0.01415559680180536
0.017014871134840993
0.038053970622010366
0.06251940289043913
0.03164028590247943
0.035437338821062314
0.014760740552850555
0.009693462699255688
0.007033433229648731
0.003861130550736425
0.006256861528205216
0.007442557395564932
0.03008884533651762
0.06030421024315572
0.04642307515995405
0.02043594089613105
0.0020163336523646262
0.05026674293600895
0.25317079825296196
0.07086694409295359
0.01812986124921736
0.0030471722758748754
0.0009483658022281868
0.004763872760954469
0.006400012678261071
0.016038096581392287
0.035869402201439034
0.058930344744994693
0.029823908576523707
0.03340298366620753
0.013913369118308242
0.00913698903428334
0.006629664165066531
0.002339619918135758
0.010454832254111996
0.01994316725272543
0.07795666476983018
0.0936802339087634
0.04321279637913636
0.014775724384822407
0.00267761396416194
0.047381074570052216
0.23863699476717373
0.06679867774394042
0.017089078337289842
0.002872242926398097
0.0008939228637165566
0.0044903926004589
0.0060326064560021365
0.0006320989171764373
0.011062209763429101
0.02206091013103669
0.030953761239687367
0.06651248057032938
0.007408572706277311
0.005662243510860561
0.0027270661206189734
0.0027733180044428587
0.01239285676233343
0.023640055540162026
0.09240758308501512
0.11104584866357621
0.051223203090215816
0.01751471773148736
0.0031739664029168317
0.005517251634432057
0.004560480223189734
0.0015894455324982615
0.0017262027476746193
0.05359046469684758
0.0676919166305239
0.04171273111309017
0.014059154161565956
0.00074927183428626
0.01311282455241148
0.026150366897863705
0.03669169623912788
0.0788419770476355
0.008781908511838292
0.006711860226733694
0.0032325855635752412
0.0
0.0
0.0010052535954137626
0.0012081645189398777
0.04780617363398505
0.24359163762719144
0.027496780447114844
0.0
0.005191300419251394
0.0042910536736955685
0.0014955433984088827
0.0016242211958923322
0.050424417859139405
0.06369277648873142
0.03924840352832603
0.013228559748439025
0.018327493204344368
0.012712966208371751
0.0033192574747379837
0.006286335630731137
0.012037918604472663
0.005003418947649422
0.08508220240194793
0.05141110217514432
0.0
0.0
0.0009458646726854673
0.0011367879134885383
0.04498185431313188
0.2292005973859022
0.02587231058528017
0.0
0.0038161600749898853
0.002898251868979238
0.0019940579354166734
0.0007050059423044471
0.006280324168641048
0.16736600350308148
0.10138075294842985
0.04004477236204753
0.022549776470923998
0.01564177616026831
0.004083947175440393
0.007734580049419432
0.01481121125946949
0.006156105344135982
0.10468341875380181
0.06325517894059485
0.010149243458405077
0.007154972055853384
0.011077276099280326
0.002865834030215422
0.013500155209911864
0.03176277629554606
0.04480209044409748
0.01716418339747683
0.004695326071537609
0.003565950404304486
0.0024534485001505555
0.0008674250336576313
0.007727183668207688
0.20592374122019924
0.12473682526856207
0.049270276929043344
0.01782247126599137
0.0
0.01509438012103802
0.007547644715344857
0.030855467334362195
0.02822942919403502
0.0751434996051707
0.04867405441459167
0.01711817708609858
0.01206790232199558
0.01868343928059507
0.0048336464318400035
0.02276997773481375
0.05357254770778115
0.07556524988218052
0.02894989485082807
0.019456867396521776
0.004138098181339728
0.010761551962925714
0.008464523475702482
0.008790415260429002
0.006066000991289051
0.024941154194985972
0.011277174824936701
0.0300601932048921
0.0
0.025458870207988874
0.012730201945567782
0.0520422390169903
0.04761304327395767
0.12674045492969505
0.08209588097695661
0.007890732724174595
0.007734121437374347
0.017418593670156635
0.023822500885782208
0.0843355737168996
0.013490927317595408
0.101907784550199
0.03920166836111019
0.028135560784444884
0.005983887875696683
0.01556171881204195
0.012240105763611345
0.012711360870174047
0.008771727541270393
0.03606610178227798
0.01630733413028958
0.010974062657180046
0.006337038584670502
0.009584969173817376
0.0097481194993653
0.05665795942483265
0.017725053936557246
0.015415318589135717
0.0118881781509223
0.011410376895229831
0.011183909484546537
0.025188119495219916
0.03444847559732236
0.12195327296248328
0.019508526107886646
0.1473635302223831
0.056687487278802004
0.01148188942730203
0.005404126200137601
0.010104878884701492
0.006185107312367977
0.09171466798024495
0.05699421966539396
0.07357069750490405
0.04269136106047503
0.01604814238116004
0.009267096485471487
0.014016773443498616
0.014255359620351966
0.08285491237657555
0.025920590958308485
0.02254290277881127
0.017384917653424585
0.02473804190505349
0.015830091273843647
0.026051069683572084
0.01022150463896279
0.053963412169045884
0.005715168114994045
0.030707459447382585
0.009302449013289896
0.016790773124802646
0.007902833199956525
0.014777073919836526
0.009044916717938773
0.13412079884789038
0.08334664933728266
0.10758759682016868
0.062430574906163876
0.03298001771715239
0.014124002913333891
0.05304320891578744
0.015232567308542944
0.04189973759581279
0.010090497818403725
0.00852613120137377
0.009281475419390978
0.03531844155787211
0.022600582360433965
0.03719304808645101
0.0145932170222001
0.07704343077236334
0.008159531455139027
0.043840964294815904
0.013281083566838348
0.030956109539412583
0.03314612192798926
0.06003628579315704
0.026111466684799405
0.022348685005441987
0.00312332372585094
0.026258358409440734
0.004417046761492939
0.04708549014475101
0.020164804206103955
0.07572965885192152
0.021747498865430676
0.05982015226781512
0.014406178906840907
0.01217273653695908
0.013251139618436101
0.00977754968988087
0.00312332372585094
0.04410842040764133
0.08901616134229297
0.08967545837714389
0.025689035752937663
0.015802906447494915
0.0
0.032728680823450394
0.03504409505125806
0.06347401093952106
0.027606629892264388
0.02362838836177675
0.0033021677094642126
0.02776193275308646
0.00466997034802135
0.011814194180888376
0.018533255447665722
0.03813824879465405
0.010758866512034964
0.04171327918860986
0.0358236345162891
0.04089469712067228
0.0
0.010337419908277329
0.0033021677094642126
0.04663410340082589
0.09411329705341112
0.09481034595724738
0.027160010231571777
0.016707793353179932
0.0
0.050380984905519066
0.01270845597286411
0.08625890894842389
0.08932196043214931
0.04158932645911668
0.0033021677094642126
0.007479116047759195
0.0
0.012038641962926658
0.018885352934425052
0.03886280480090556
0.010963265025289349
0.04250575414306529
0.03650421714330722
0.04167162053375706
0.0
0.048398767523024154
0.006729805545279766
0.06536937029484793
0.028616665347771984
0.03009660490731664
0.003364902772639883
0.042227702909412086
0.0
0.051338130195820834
0.012949893070694678
0.08789766826607885
0.09101891204809096
0.04237944654156083
0.003364902772639883
0.007621205383927549
0.0
0.016553132699024153
0.02304460174739382
0.05849671095559512
0.03770344763074498
0.0726005967255325
0.010094707959140161
0.04442316931971003
0.014276072657363033
0.05015772684544948
0.006974387273447704
0.067745093255696
0.029656682539661094
0.03119040763173297
0.003487193636723852
0.0437623868589937
0.0
0.0428662742068697
0.024410354341611065
0.0485312820843895
0.00643006710318347
0.045479165700689536
0.010461580538352923
0.026823838015032946
0.0
0.017154724197453133
0.023882113096332078
0.060622660444238925
0.039073706298305574
0.07523912458397987
0.010461580538352923
0.04603764323724131
0.014794908825584553
0.028071366868559676
0.013948774546895408
0.025830288059099513
0.009863273046147881
0.045788013130384934
0.044766338813016754
0.08520511327125774
0.021281934825227427
0.042218271328065875
0.02404134676680648
0.04779764215219113
0.0063328647670612215
0.04479166414276502
0.010303434433259323
0.0264183461784804
0.0
0.04319555393954871
0.019275842005179136
0.0495486042677125
0.004857085731728192
0.038897131680403985
0.022710321370258604
0.008688618840885877
0.0
0.02764701633006875
0.013737913065942974
0.025439815564526007
0.009714171463456383
0.04509584277333437
0.04408961294959443
0.08391708066963424
0.02096021908742597
0.0409645034366327
0.0709571316232572
0.10965534459986018
0.041479067159908484
0.03404004668107161
0.010303434433259323
0.020254377013508428
0.012665729534122443
0.038860665468603665
0.017341415480797765
0.04457615562885221
0.004369653044319527
0.034993611241467444
0.020431227776108497
0.007816672767581613
0.0
0.009896875459187085
0.009964341823657272
0.055896061853884516
0.03763342111333109
0.10828725948208161
0.020431227776108497
0.013996295381514305
0.0
0.03685351196945619
0.06383623088806915
0.09865088590606327
0.037316436666300766
0.030623958856044173
0.009269433591450911
0.01822174963882753
0.011394660641004108
0.03223000003403366
0.013054154118968006
0.06498006951951202
0.03457060247988801
0.09045774814961921
0.009998838996102665
0.010906484403996088
0.013138581131996464
0.010485250502379384
0.01055672778173608
0.05921911547249195
0.03987075004248071
0.11472500048808784
0.02164587623509062
0.014828383340344403
0.0
0.05388632810413535
0.02291451574616195
0.041742865173371634
0.009258862954700301
0.05424788824964456
0.040775401527449406
0.02010674653314442
0.0046294314773501506
0.034146092414938496
0.013830231227875833
0.06884317271484332
0.03662584504721831
0.09583551426318633
0.010593275831290242
0.011554881290340702
0.013919677476282373
0.03367095939391809
0.0065470047980754256
0.02585204742834298
0.0
0.029516661635656367
0.030970511159173472
0.053904204230137774
0.015294903598063573
0.04914017206634106
0.02089626972554596
0.03806627115504165
0.008443368378216283
0.04946988701237188
0.037184018982715596
0.01833580091825181
0.004221684189108141
0.016316704924259434
0.011533440830866987
0.1119811528668591
0.10198769824017827
0.0982369851123941
0.014440382025612871
0.02796272311743927
0.015632637952047654
0.030705316106497533
0.005970363051549199
0.023575071889125297
0.0
0.026916917196456943
0.02824271574792135
0.0491564737135036
0.013947771558946952
0.013350137437607624
0.01376900472204129
0.05067837328854331
0.023673857019033285
0.05157341570980681
0.01675418592952381
0.027835490314600957
0.0
0.01368219807045128
0.009671243220629271
0.09390059578780972
0.08552069149677709
0.08237557119473093
0.012108827609774721
0.023447841831910538
0.013108581041112236
0.01921250807539255
0.019055427574001745
0.020359547830570066
0.06504710245779452
0.12049850732302272
0.023079760540118618
0.015325215660066302
0.0035400480387673453
0.011194614693161449
0.01154585136609611
0.042495806870368344
0.019851459122998023
0.043246335101774676
0.014049043079530771
0.023341152128470214
0.0
0.00895569175452916
0.004036275691991298
0.05021222235743758
0.029082775731096487
0.06542014809726589
0.027718903945297396
0.02320646350411783
0.005708155892254439
0.019772786277199986
0.019611124969362004
0.02095327618729276
0.06694401635653299
0.12401250386831991
0.02375281617048299
0.015772132025105107
0.0036432834800584736
0.015306188084216011
0.015105657919240479
0.033908533483644004
0.03450035402499566
0.050268024086372945
0.04877529120656122
0.062479582671932134
0.018241116418667075
0.009216859055148071
0.004153982202657879
0.05167651913434892
0.02993089224072897
0.06732794081199522
0.02852724701001343
0.02388321406637525
0.005874618037977363
0.023370939757470573
0.009914518562757813
0.04585766575435241
0.013143803556283832
0.0678988656069357
0.010884154591749308
0.03164733420371427
0.0036432834800584736
0.01237856243019676
0.012216387814764779
0.02742282378435857
0.027901446383158914
0.040653222799311606
0.03944600601596294
0.050529067751016454
0.014752124901549125
0.02344477492379599
0.008802334478877695
0.03809968035970261
0.06624302114240449
0.12060140023533836
0.034848521388513305
0.018756523693874455
0.007683349181142523
0.01890076322389808
0.008018161433740699
0.03708643689206454
0.01062977875330579
0.05491180052345759
0.008802334478877695
0.02559412572448105
0.002946430016452937
0.03951381172827669
0.00416688130049879
0.012286812170394946
0.057287641312238964
0.1216984189631974
0.03393227879599997
0.01749745475169111
0.002946430016452937
0.02219553391210407
0.008333307274932015
0.03606956135056744
0.06271330080947549
0.11417522571538
0.0329916384686791
0.01775709338535924
0.00727394644917214
0.010924898845091157
0.027024045265108782
0.06915010457285876
0.07320758145004601
0.025093555984229462
0.014745885241652368
0.026065594413607583
0.010329092976985593
0.03740834156276298
0.003944851486676528
0.011632116626671312
0.05423510311458251
0.11521379044699083
0.032124217322605196
0.016565113189569724
0.0027894312298748164
0.010728291169513716
0.007125292357627392
0.02864083748274765
0.013713657510050633
0.056430886656827446
0.013508195868577043
0.023022340381364092
0.014866038395946616
0.011734748396579547
0.02902730508908271
0.07427611827493233
0.07863437101062018
0.026953710970305897
0.015838979898049783
0.027997805433998248
0.011094776159347713
0.02820619710871357
0.035338184545852226
0.051317096418309775
0.05209024176613146
0.055370235246555384
0.012711835231375479
0.03338083927037789
0.0029962083966434466
0.011523566431560781
0.0076534816710360914
0.03076394816034235
0.014730234371883097
0.06061404010265164
0.014509542107174015
0.024728958657325363
0.015968039860498034
0.02314095276020902
0.02240598414986153
0.059336961820170654
0.02371386405665069
0.06922043753801184
0.038917440275685666
0.024082948622228383
0.01171973341796159
0.0240690151157134
0.030154908679030326
0.0437900921072856
0.04444983531873805
0.04724873133281208
0.010847309658696094
0.028484659661040298
0.002556735490101224
0.017189985665108418
0.018692772129953756
0.023604908841076355
0.002556735490101224
0.044859790335433275
0.05740468217377082
0.06499651736279737
0.005113470980202448
0.019746722311793537
0.019119556213370303
0.05063363293767087
0.020235601071339523
0.05906743652812431
0.033209172248568786
0.020550549660602616
0.010000725716474092
0.036061514775464903
0.046877239670113285
0.03418378385946764
0.04536125118563987
0.08233264280037095
0.025027904896205967
0.01821031935052577
0.013360761538656453
0.018204261965992778
0.01979571870237163
0.02499769066698769
0.002707592871006624
0.047506693194242854
0.06079178265325731
0.0688315657732748
0.005415185742013248
0.052623461303024185
0.019597540082982274
0.03346762644856281
0.017909264865911063
0.006098917166759624
0.026702829300296216
0.00933799017597122
0.012733643009854861
0.03818928500886227
0.04964317992012641
0.03620076063412469
0.04803774219339237
0.0871905903291519
0.026504649047804373
0.019284799324425016
0.014149098658560679
0.03889924038500171
0.0
0.00617426157463012
0.0173363382197953
0.0666718987907505
0.0304111575686378
0.054339260829340374
0.04024487763636318
0.04188187714781045
0.015597259203996633
0.026636161602447972
0.014253597394563245
0.004853996548079961
0.02125220554790243
0.0074319048514395625
0.010134431657998298
0.11239936968462054
0.053211962767483405
0.005378583208762722
0.0
0.018976632654461877
0.02768592371102598
0.09180883878695716
0.07585286129869077
0.030959065911047603
0.0
0.00491396153624438
0.01379761744164539
0.053062725355258855
0.02420358398468172
0.043247444960950794
0.032030029558279216
0.07479459361943172
0.015354567093864322
0.0078220953069304
0.0034746955656523456
0.0
0.049170392166868686
0.06688956509910808
0.05292318408565053
0.045877353551763186
0.02171919678835285
0.0021953429469253284
0.0
0.007745574445421509
0.011300391755414588
0.03747304427083792
0.0309603919085771
0.142312358775424
0.006100102362268749
0.012733384508773555
0.006260358158476285
0.028176784198438547
0.021841925275348433
0.18702260441641214
0.08834767857390095
0.030528445353983434
0.006267178411907663
0.003192696123817637
0.0014182449367595366
0.0
0.020069573984692383
0.027301898894859636
0.02160132778497826
0.05131068489316892
0.03234539354759961
0.004187523934235403
0.003933503711896184
0.011806132433554054
0.018989230138027117
0.04630216579022857
0.07067915210384135
0.088366400977588
0.0037877531929550157
0.00790657516315725
0.0038872612614637026
0.01749588744198487
0.013562366217608236
0.11612845571489093
0.054857964954541816
0.02176359829134027
0.0010088865821805016
0.002886366786888325
0.002519073907715026
0.005103040300006448
0.01219587500540165
0.13390149446367708
0.037781742920666675
0.031860483479579815
0.02008431341170818
0.002600170654607927
0.0024424411853137973
0.0073308140037526125
0.011791034447546374
0.028750530056260076
0.043886998636709716
0.12146609752429138
0.005423120227826099
0.0034624586757760196
0.0
0.0006908266900904061
0.0
0.042998535386369906
0.154059211373561
0.10330961569900494
0.0
0.006623573353789996
0.005217328454290665
0.0
0.01572501434718426
0.06102828489690156
0.1475822061247183
0.06736634420562976
0.019005141664747576
0.0056838539705647475
0.006268284173941959
0.0195136317926396
0.05918044583413045
0.03508891673210725
0.032308743551205894
0.07851765597771806
0.019530653538760934
0.007079528307113666
0.010944327590434547
0.011553581348003772
0.007626022225288397
0.05449566024810075
0.06632879216911766
0.04593275908590863
0.01622647452741906
0.006623573353789996
0.0017351885210790529
0.003930047653017885
0.0024539271460547675
0.03495391075801306
0.04816581039440058
0.09257539054574167
0.026117023756264946
0.00781079940339145
0.008613928250033704
0.026815795119522687
0.08132626091513348
0.04821948123511761
0.04439894412505678
0.039699977310728975
0.02579456323876264
0.03655457851564173
0.0
0.012818823120720331
0.003770242094329509
0.02578512555236776
0.052468548562714615
0.06312117959439602
0.022298556263808847
0.009102169596197767
0.0023845104985815305
0.005400704174045138
0.003372207095332221
0.04803395490256751
0.066189857276553
0.012157602588624415
0.004404863941239982
0.007115580476189081
0.007716437640891483
0.03851718006287733
0.07229786693022978
0.07300096162254925
0.03211592040841265
0.045176124794926026
0.029352621508678515
0.041596855028989174
0.0
0.014587029823547051
0.004290302889278544
0.02934188200384169
0.059705971092261764
0.01630315097925847
0.0019186818090685968
0.017447392684098634
0.010872097297028961
0.08579987135943812
0.015028236570260027
0.020088232340935958
0.020919745294902894
0.013834601653597952
0.00501246339655586
0.008097091569213155
0.008780829951330197
0.043830174502365024
0.08227051197745491
0.08307059035821232
0.03654593595654931
0.0625061635938792
0.04492863501720207
0.02689320452635684
0.02553602046951666
0.07503420023134075
0.023908636886534995
0.031249831468288893
0.016071814647547835
0.011389658621754664
0.0013404237522466928
0.012189045342486413
0.007595432126783489
0.05994124975090636
0.0104989817269064
0.014033980852464555
0.014614889947724675
0.07913160304241125
0.02803347077407232
0.01291003339760163
0.023325485009654433
0.04042350816868312
0.06092453055319854
0.027566751288160423
0.04460721257544429
0.04366786923555895
0.03138790874465785
0.018788050186735353
0.017839898316341474
0.05242016875625028
0.016702980460376663
0.021831663882889814
0.011228043124950073
0.03253374718149333
0.06179975821852558
0.14213821683680644
0.008061134012467894
0.02690800949594962
0.019896913147439504
0.02936267848515989
0.016905935680580384
0.03525318414920923
0.012488930712172929
0.005751428850672547
0.010391519782232262
0.01800870098213325
0.02714192070195911
0.012281006856844759
0.019872544202879854
0.004862494212241289
0.00787954526994441
0.009372745050877847
0.037892227258136985
0.07594378626363713
0.05846265266442897
0.025735893418623142
0.0025392590552786054
0.014493806979220434
0.027531835235116237
0.0633226743820996
0.0035912408047727227
0.011987536930611354
0.008864088634872846
0.013081093671217302
0.007531606094757897
0.012506018125206958
0.1404747902379391
0.2776153008260457
0.02884823331683449
0.008099863179226672
0.010450831127062717
0.002908443906669221
0.004814455282913222
0.0032182475807315185
0.005215086413557819
0.006203362465473746
0.025079015702482225
0.05026348531156126
0.03869357623640689
0.01703333168478395
0.0016806116274499863
0.04189726861584873
0.21101754998521444
0.05906751102665639
0.015111217126072982
0.002539814356454767
0.0007904617335684886
0.003970682106288892
0.00533440272164233
0.008277122978307955
0.09297340708373505
0.18374001721344152
0.019093237550094174
0.005360904083994211
0.0069168950179172494
0.001924957060672194
0.003186452958189495
0.03322312920990438
0.133526588794628
0.003404680513135122
0.0
0.0021502884263366654
0.006041841332859351
0.010653186937578725
0.0024114399016650244
0.05865351462471104
0.2954111655251573
0.08269076329564662
0.02115474406763666
0.003555578762574019
0.0011065962145464451
0.005558702719422516
0.007467824953381119
0.0007824816853416358
0.013694022096979109
0.02730942526624445
0.03831797619696357
0.08233647690049263
0.009171147584114246
0.007009348892708515
0.0033758629165700385
0.04651027046318391
0.18692874231163858
0.004766336443089734
0.0
0.0030102672042390745
0.008458194070507926
0.014913784990907253
0.003375862680590546
0.0037116364845596783
0.007296268806268022
0.0067623670923738525
0.002525364980101389
0.003999233187303611
0.01962715630886942
0.022819445350712966
0.00769912119685081
0.0011439550917384164
0.02002008046664768
0.03992522338989981
0.05601925872103925
0.1203724428962162
0.013407829438655008
0.010247371287781732
0.004935368641548586
0.0
0.0
0.0015347767209978676
0.0018445721430534118
0.07298835114658053
0.3719049367896877
0.0419808680368371
0.0
0.005426255380457011
0.010666836052499183
0.009886294353519428
0.003691976670640614
0.005846709582305146
0.028694071460693724
0.03336106287036904
0.01125578918975372
0.013903531921254928
0.004226415892900407
0.0033395169472047424
0.007128764119587392
0.011724956955662783
0.03197002190214043
0.055436746584910886
0.007115552304958156
0.0
0.0
0.0009601029108140202
0.0011539001468569296
0.045658972691341185
0.23265078722703633
0.02626177022965321
0.0
0.003873605286184966
0.00294187967479409
0.002024074778783901
0.0007156184990247186
0.006374862799398593
0.16988538823254323
0.10290685212922858
0.040647572129455835
0.008697565766773871
0.0026438987154079694
0.0020890855965285905
0.00445950677260234
0.007334725076480082
0.019999333236613286
0.03467929962322258
0.004451241921103669
0.0
0.0
0.0
0.002530419731816337
0.024048637404467225
0.17659337444376783
0.0751985809535432
0.001218654360558588
0.003443617147570571
0.002615317397036028
0.0017993930979607105
0.0006361815291684738
0.0056672234849822235
0.15102732282138223
0.09148371463106252
0.036135503245857015
0.01307124717827173
0.0
0.01107042736219018
0.005535547131239054
0.02262982693641071
0.020703854206844008
0.05511128297083074
0.03569822539906818
0.0
0.0
0.0
0.0022495314145999897
0.02137912720149462
0.15699069147564965
0.0668511899671726
0.0010833780788011903
0.0
0.0019055877596034034
0.0017380177426073971
0.0
0.008628408878179374
0.11405405160600066
0.15562417978601462
0.012866894041827594
0.016546888253015927
0.0
0.014014050991231491
0.00700744761006243
0.028647091772874552
0.026209003417581898
0.0697653581453617
0.045190373837568056
0.004343520739583405
0.004257312728737254
0.009588212591323794
0.013113297621795045
0.046423231698338445
0.0074261953418676445
0.05609600415975166
0.021578890770319943
0.0
0.002412283027352373
0.0022001561883466777
0.0
0.010922700455538472
0.1443809929526353
0.19700460692588026
0.016288197673090598
0.030491921346351456
0.010376819527200053
0.0017083883647964274
0.0028129386133794454
0.006776028829325416
0.050391060865425795
0.10960314592992638
0.044423553641809964
0.006401151269249367
0.0062741044445344864
0.014130380140575022
0.019325382966595188
0.06841503617108963
0.010944163177369586
0.08267003423159712
0.03180133175942317
0.006441269359970152
0.003031681565194941
0.005668774913601592
0.003469807166453843
0.051451364730639264
0.03197340674202728
0.041272708871689906
0.02394959102117708
0.0449366798802876
0.01529256920128786
0.0025176931354393304
0.004145495475884705
0.009985997107375804
0.07426252170916993
0.16152479952250956
0.06546806239173451
0.0033778398688549824
0.008265183570009747
0.0019007837132637591
0.005832931437540628
0.045844925621663306
0.07320203310369638
0.0637747900431965
0.012447025283005304
0.00964361703994989
0.0045389152926142125
0.00848706851046858
0.005194859839848334
0.07703097478403989
0.04786933643838359
0.061791888572994585
0.03585639276428651
0.0189417520248174
0.008111983537323243
0.030464850519497568
0.008748676702793277
0.024064706279161196
0.0057953791632974075
0.00489690043021071
0.0053307250264789064
0.005057169991981667
0.012374310195658269
0.00284577917520508
0.008732837249983732
0.0686372330068737
0.10959522639821005
0.09548112609633923
0.018635200363121173
0.009239104916402518
0.0020259872833093147
0.007051843033980603
0.018354336502016268
0.10530992508461068
0.052827420626782605
0.09258978237030221
0.03447397153710319
0.02757603747351986
0.011809697525166413
0.04435175048486279
0.01273661677567354
0.035034205984427406
0.008437107231208519
0.007129071777027861
0.0077606481648906265
0.0057263092264404234
0.0018292024112145865
0.025832490015917992
0.052133109231265094
0.05251923242300288
0.0150450130263871
0.009255113179176034
0.0
0.013450598606860048
0.0029495001926016892
0.010266309447386174
0.026720858266862102
0.1533137186392233
0.0769079295793176
0.13479530853129285
0.05018836323707912
0.016360883504115496
0.006607905015030862
0.006941334689345095
0.008576525869879129
0.06730639570600089
0.0473951285830785
0.047304637688789036
0.013737950416412757
0.008193269100099843
0.0026172438478228805
0.036961423817069274
0.07459265227668685
0.07514512178027036
0.02152657767249544
0.013242322380834275
0.0
0.03993114050909964
0.010072513311476617
0.06836739336955325
0.07079511762727904
0.03296301653554769
0.0026172438478228805
0.005927824443031449
0.0
0.023409340285999548
0.009454666493744655
0.009931741506564623
0.012271391854185378
0.09630276507436657
0.06781349507322769
0.06768401966093265
0.01965641745747408
0.00936373611439982
0.009454666493744655
0.01612818233383736
0.018506707006485587
0.1099840449566489
0.011057601164959586
0.05602686580656119
0.0
0.04802595443403388
0.012114406429812315
0.0822267853329058
0.08514665621797024
0.03964525705905548
0.0031478097588936442
0.007129509023893386
0.0
0.015485176295114958
0.021557836042125404
0.05472268592912168
0.035270938988493664
0.06791663305470226
0.009443428941048776
0.04155712522887013
0.013355025053002161
0.011261946396447243
0.011371310121084392
0.019397676600099896
0.02225837419331785
0.13227993651608957
0.013299190629855694
0.06738459432919185
0.0
0.04817596321291035
0.009443428941048776
0.019074605140731827
0.008903350482844317
0.05130895246263764
0.008223500697822905
0.036418465334028385
0.004451675241422159
0.015995115395978022
0.022267752630633523
0.05652474725071679
0.03643243890115933
0.07015318148873508
0.009754408523811537
0.042925634225461216
0.013794816588968079
0.02617382519341858
0.0130058784939951
0.024084236707110056
0.009196544854891771
0.04269287837817858
0.04174026623383194
0.07944549871011525
0.0198433387480362
0.049762435778402135
0.009754408523811537
0.01970274697195213
0.009196544854891771
0.052998596841647844
0.008494307078833722
0.03761775419670059
0.004598272427445886
0.024840067791418216
0.003251469623498775
0.0795077133757124
0.04663197752075728
0.08756907216889563
0.014997245632461693
0.016451277695138145
0.010593685943599718
0.01873156556050021
0.009307789896274978
0.017236130199542857
0.006581601336697334
0.03055359483750201
0.029871848218362643
0.05685598328017227
0.01420108822273015
0.02775450604201649
0.04807528404215254
0.07429431993345285
0.028103136216156198
0.02306300826377075
0.006980842174097721
0.013722862040016675
0.008581357941397373
0.017777048441479548
0.0023269474740687445
0.05690050784159369
0.03337265140616422
0.0626697016688374
0.010732932145585643
0.011773525055021819
0.007581479639047354
0.030317343925958473
0.0295803504878728
0.07103133967273716
0.09994358752485195
0.1267869120732719
0.004653894948137489
0.014053926131391609
0.006581601336697334
0.024327608741727968
0.04213934481681562
0.06512107058715595
0.02463319293981068
0.02021537838212197
0.006118905407363693
0.012028476313750359
0.007521802699532671
0.021275552550424136
0.008617261609251086
0.042894411490311445
0.022820622680236144
0.05971264574365545
0.006600397898857483
0.0071995495449138375
0.008672993267658333
0.026574008559279497
0.02592801298725142
0.06226097619403284
0.08760337834398697
0.1111323107613962
0.004079270416558544
0.012318663343964928
0.005768959532942691
0.04112853901409835
0.006600397898857483
0.011778341057715733
0.019526895325742716
0.14112192961213754
0.04513256468914037
0.011609806441899814
0.007535563592103639
0.028723400209467044
0.01163387194412775
0.05791028670422078
0.030809346865146206
0.08061601301287717
0.008910972814514723
0.009719867082950282
0.011709113361476358
0.028323722385437858
0.005507284309526172
0.02174652067050455
0.0
0.02482916272543882
0.026052128480959807
0.0453437544847072
0.012865941785485231
0.0555262423071158
0.008910972814514723
0.01590153784267389
0.026362597538201096
0.19052391955389458
0.06093194124915905
0.015674004987404618
0.010173508224845937
0.0073887971440272674
0.01652185234136968
0.03292533042734679
0.011682713626502356
0.07820225584852979
0.04209537156060878
0.022475991420241693
0.0
0.03596409731349567
0.006992884132444344
0.027612683636034738
0.0
0.031526873915746316
0.03307973687789859
0.05757531360657895
0.01633655266444979
0.015636564049345943
0.016127169120030243
0.059357863059196825
0.027728387314603458
0.060406195948081026
0.019623610813447677
0.03260276751332116
0.0
0.009381938429607566
0.020978651651723555
0.041806997380291346
0.014834146586793604
0.0992974546635648
0.05345067356089638
0.028538930429231075
0.0
0.0031273128098691884
0.0091342849875859
0.06264576822056005
0.06689578995581677
0.11838279061005537
0.0161104883448212
0.01484207092431022
0.0
0.014715909640362148
0.015177628715378226
0.055862972611343494
0.026095786830594454
0.05684958143519729
0.01846820584349596
0.03068317177851085
0.0
0.011772727712289719
0.005305896629315772
0.06600660650743191
0.038230837905584784
0.0859982245433224
0.03643795672914559
0.030506116499711022
0.007503671062018002
0.0029431819280724297
0.008596473757433505
0.05895729148523481
0.06295707913859906
0.11141261239321676
0.015161930075962761
0.013968194924967004
0.0
0.0359193121926625
0.0
0.04142660990332233
0.01864586459225365
0.03549934481821946
0.027841479463165817
0.05633234312405787
0.010721104122696539
0.01185012652988468
0.005340779804687393
0.06644056144310906
0.03848218336450234
0.08656361270633671
0.03667751504012803
0.030706676421268283
0.007553003322307641
0.030048044739671834
0.012747108179542735
0.05895925480716875
0.016899003694638728
0.08729765138682562
0.01399377036269354
0.040689014815528876
0.004684173856257143
0.0361554607183465
0.0
0.04169896569900915
0.018768450275686188
0.03573273230338637
0.02802452095050897
0.05670269542105394
0.010791589128609226
0.02542189457723275
0.039952741330389396
0.08171797986465595
0.030951524557087575
0.03555037958965404
0.0
0.00959668908958389
0.0
0.021639327586235053
0.009179926749447264
0.04245995505085774
0.01216994583166604
0.06286806653260786
0.010077719987053639
0.02930250298755436
0.0033733433714107698
0.04523903643678632
0.0047706279585811445
0.014067069694283032
0.0655881470136
0.1393315139434027
0.03884878551812603
0.020032691315789098
0.0033733433714107698
0.018307770418524744
0.02877227004640871
0.05884982371721412
0.02228997543723478
0.025601875809904362
0.0
0.006911128519406671
0.0
0.046194111296458895
0.023785456509474556
0.04422520076138285
0.03858288061901804
0.1177067198927205
0.02787835079055966
0.01080504785406618
0.007766019545437643
0.037331346539114615
0.003936732069433816
0.011608175038850626
0.05412347472175807
0.1149766538044802
0.03205809824944903
0.016531018353271545
0.002783689934897883
0.010706209863639267
0.0071106268570823705
0.028581888011395294
0.01368543162939991
0.05631473883334399
0.013480392875530616
0.02297495507722999
0.014835440648758785
0.038119476290884496
0.019627807961537378
0.03649472724053406
0.03183867297612519
0.09713182897778348
0.023005272796993156
0.008916347861995171
0.006408535409134478
0.0129486734295342
0.010306497668131829
0.07725114836542867
0.030147640327125465
0.10869688139629091
0.03964603065094147
0.012853079511678755
0.005567379869795766
0.010071323098236969
0.0066889610254973
0.026886959305553806
0.012873874642287897
0.05297523000269758
0.012680994849702212
0.021612521956636613
0.013955687211569335
0.020224642556040475
0.019582297463847584
0.051859093945254335
0.020725353408653866
0.06049701675145595
0.03401291757205448
0.02104792454429854
0.010242768380648764
0.01218080679001989
0.009695314154032257
0.07267009378738322
0.02835986126286431
0.10225106982357153
0.03729498948122723
0.012090881667571256
0.005237229812742896
0.09061649161873457
0.05686086082276928
0.029555818798103446
0.027271327408633715
0.07508542239988622
0.027173203439945847
0.01268099563941963
0.0050370064378822505
0.016582339769792176
0.016055676095085118
0.042519669436478655
0.016992876443627125
0.04960196869001435
0.027887452358127764
0.017257354995293298
0.00839812446625778
0.030282711286368752
0.03936523253864484
0.02870588392465955
0.03809217892804048
0.06913896065907058
0.021017220790463295
0.015292143071586672
0.011219719603027608
0.07429715747038465
0.04662065651609818
0.02423304284001711
0.02235997080344668
0.06156311452937927
0.022279518207865123
0.010397245722857287
0.00412988026582688
0.07952408721095677
0.015857381930873188
0.017336376626091714
0.019665881103808777
0.05433428966201261
0.029943659397144076
0.04153938733553335
0.027507968267582426
0.027226680114555122
0.03539262332984052
0.025808980960501517
0.034248042083569935
0.06216168517792748
0.01889623230719439
0.013748910516592862
0.010087462569579785
0.02773283590975452
0.0
0.004401879867534389
0.012359774082142855
0.04753308318248187
0.021681339643894546
0.038740648637922794
0.028692194928509277
0.07149877906967074
0.014257107337695777
0.015586846774731085
0.017681265357018857
0.0488510526646634
0.026921844221795704
0.03734736960782834
0.024731954993736874
0.021106380434694868
0.006284771089255459
0.02334741057649364
0.07369383781000088
0.07618024281039326
0.028981207922222026
0.04922791010924245
0.05558886455698732
0.024212349664332722
0.0
0.0038430925304556293
0.01079078868179294
0.04149909639184287
0.01892904780302292
0.03382279886906614
0.025049924879911423
0.05849507407357274
0.012008442001747721
0.006117474836718231
0.0027174768209870105
0.0
0.03845499511184399
0.05231273914168131
0.04138996448127202
0.01842707557554602
0.005486964105240306
0.020383622882071416
0.06433892930995816
0.06650970288221554
0.02530224972992243
0.04297877709614546
0.04853225362443371
0.029544447802049414
0.048741974742739745
0.1511356769928057
0.05604310692682398
0.04190624705745436
0.007418169957494733
0.0019215462652278146
0.0016853075970795473
0.044619836401350706
0.009159997248301039
0.0046663882510932135
0.002072881744271243
0.0
0.029333334778704378
0.03990397309818791
0.0315721190726116
0.07499479056426035
0.047275455782188426
0.006120411003763869
0.005749139534418256
0.017255634592906834
0.027754323298215734
0.06767442752595457
0.10330340006809687
0.022536400686280447
0.03718020659593261
0.11528576189756568
0.04274948450108968
0.031965937602649694
0.005658553906342856
0.0014657487207256528
0.0012855466970272005
0.049561209856122404
0.028028983615176188
0.0430002908443189
0.0178255603333787
0.037937237621321535
0.03766236019629175
0.014327201864469851
0.002072881744271243
0.032440723362948995
0.020450086884010593
0.0026475246980058134
0.002486922675665658
0.0074643220424885845
0.012005771567183344
0.02927413178431729
0.04468626419043895
0.12367822573339328
0.005521885541620148
0.0035255166208787835
0.0
0.0007034079554796549
0.0
0.043781620337783884
0.15686492205578073
0.021438842436633784
0.012124582211152797
0.0186007658573512
0.0077108565436847624
0.016410625612364373
0.016291721053300765
0.006197561040618361
0.0008966727251860255
0.06322172551624838
0.0
0.008248793482308977
0.0009469919295169212
0.005775740053583494
0.008320933691060923
0.17337512047589929
0.1549075168305484
0.09047687016617918
0.02250541464188087
0.008157828395466691
0.012611284610137661
0.013313335281867986
0.008787560124790518
0.06279602613566101
0.07643149101480796
0.052928888775914305
0.018697968129470586
0.007632425839827499
0.0019994792837430882
0.004528642721452399
0.002827690727979274
0.040277825491255484
0.055502061533009565
0.08835225671666944
0.03462942496112357
0.029601173291417072
0.020205386210366157
0.03242728024107004
0.012844201629529518
0.019995906577605523
0.026164285682396184
0.04128243480676825
0.05462723942931521
0.036448727676890356
0.008807286049172199
0.0012645817188546554
0.0031614542971366384
0.058741215940564875
0.0519715425653762
0.06302063825123365
0.022263038442187785
0.00908767138240053
0.0023807123774143932
0.005392101767449281
0.003366835740852393
0.04795744495179762
0.06608442804983271
0.012138237587815667
0.004397847739389105
0.0071042465622309925
0.0077041466632857235
0.03845582872180239
0.07218270867913804
0.07288468346075255
0.03206476518926899
0.04915359929625761
0.06504280695016221
0.04339826765243393
0.010486537709678756
0.001505694695017444
0.0037642367375436098
0.06994117968168115
0.061880758487822374
0.04319477738885713
0.014208493124461985
0.01897337778240475
0.010064172496090956
0.04491990130763614
0.01010050686357159
0.0696523944419805
0.017226996172943296
