0.06303341689391011
0.0
0.04457135576423625
0.0
0.06303341689391011
0.0
0.04457135576423625
0.0
0.0
0.0
0.0
0.0
0.0
0.0
0.0
0.0
0.4727506267043258
0.0
0.13371406353562432
0.0
0.0
0.0
0.178285423056945
0.0
0.0
0.0
0.0
0.0
0.0
0.0
0.0
0.0
0.0
0.0
0.0
0.0
0.0
0.0
0.0
0.0
0.12788384434301633
0.04765949454591478
0.04668120017850346
0.013480140965550676
0.04689074292577266
0.04396542145130482
0.01205700426554006
0.02696028193110135
0.0
0.0
0.0
0.0
0.0
0.0
0.0
0.0
0.14703412610885055
0.2427461176153939
0.03337097933903893
0.0
0.034794112990061105
0.03812759644979541
0.08032710477304399
0.058016375739753254
0.007278142411050236
0.002712403512154679
0.002656726692596066
0.0007671835811031263
0.0026686522173850866
0.0025021659313443504
0.0006861898353623651
0.0015343671622062526
0.1451651653785292
0.07897613731433474
0.1344912080354091
0.004380401843459542
0.002426047470350079
0.0016274420841562158
0.0017711512055193493
0.003299781418465386
0.0083680258018688
0.013815199432037312
0.0018992136283788835
0.0
0.0019802072005952074
0.0021699228559969265
0.00457158690379559
0.0033018357164360853
0.12391055223715398
0.40787111648719104
0.02147998020218328
0.0074987687842336176
0.002262181403311276
0.0005424807139992316
0.001029284724122808
0.0063561672811939
0.10526253998200344
0.05726738084854572
0.09752261244038843
0.0031763283083931925
0.0017591818132129827
0.0011800950111219056
0.0012843017407034834
0.0023927460323374446
0.040423504891260884
0.1450124148159074
0.013191949694323168
0.007464050113541813
0.004459909818276581
0.004038783324954368
0.010044251441814186
0.005128552113629895
0.0898503399561773
0.2957565583642938
0.015575618771549865
0.0054375266056972274
0.0016403588270758633
0.0003933650176880228
0.0007463575999333196
0.004609000450103397
0.0366472258196461
0.02254364274846448
0.014775132797262221
0.007697959206876661
0.0024954632279483224
0.0012729558823523514
0.0003933650176880228
0.0005563021415559842
0.08371509510802172
0.3003135955383736
0.02731988050742364
0.015457681535211949
0.009236254392452263
0.008364122088838025
0.02080115187938943
0.010620979776837474
0.10140537185613152
0.0784692639235841
0.014349425095044267
0.0
0.0015021212352256963
0.008090246441592636
0.00388248312804033
0.004161812898526425
0.07589460644715335
0.04668677794876143
0.030598575029149998
0.015942095789934115
0.005167981896380002
0.0026362291702835775
0.0008146396497905038
0.0011520744382366385
0.032160745994484354
0.033567947314176054
0.020751196863492583
0.011891907926859813
0.007827073355966989
0.007611372475391066
0.007482424049393549
0.012124399918913429
0.1497401859330426
0.11587159491527475
0.021189070583091354
0.0
0.002218106486269613
0.011946457906854644
0.00573306655094631
0.00614553870112553
0.019168607386901973
0.005542750356373814
0.046711414641893205
0.003916479665410884
0.025311444377076713
0.05267247871336947
0.05344766145874512
0.028194224344665092
0.04749014767966907
0.04956809072547544
0.030642243303254223
0.017560179223966244
0.011557843516385603
0.011239328931091405
0.011048917309584452
0.017903488394682004
0.023913238672460303
0.05807467750844179
0.11920593924109528
0.02908970248883574
0.013653206595162589
0.007781939269009832
0.0034612865184292284
0.0
0.015715085181039
0.004544137830647415
0.03829562811776202
0.0032108650518761815
0.020751194722298437
0.043182713953579796
0.0438182354929679
0.023114597124697277
0.034657891749001954
0.003810283358849004
0.04631990901258962
0.0548131548479467
0.028854384573478508
0.09937660813313698
0.03861015015606487
0.0
0.019604897481963923
0.04761162276870205
0.09772913866135265
0.023848740979248564
0.011193369466365854
0.006379902098142298
0.002837682017018371
0.0
0.0
0.0
0.024326220839035618
0.09144745340602793
0.10953141234244457
0.06641415609458211
0.0
0.0
0.029063412102663857
0.0031952271156060674
0.03884294561078006
0.04596521102697707
0.024196707517614713
0.08333522813376175
0.03237769664289401
0.0
0.018589507809598914
0.0868932865444009
0.22302007411852634
0.003160021189457606
0.0
0.0
0.0
0.003049881908128859
0.0
0.0
0.020399480333816354
0.07668599819419418
0.0918508430388568
0.05569357772845686
0.0
0.0
0.032199328133485694
0.019942568341062738
0.04898004008893651
0.04256342963900071
0.01999506137055908
0.0
0.0
0.0
0.019996163037082407
0.09346844157286206
0.23989584922272741
0.0033991378121588207
0.0
0.0
0.0
0.0032806643674181536
0.018071432628532585
0.05219861255528199
0.10287995399355268
0.12480310719822031
0.024200406022739585
0.0031072219806143526
0.0
0.0057968191687104344
0.034635829072850864
0.021451608725225977
0.052686325921737165
0.04578417498710565
0.021508073866039295
0.0
0.0
0.0
0.017856285053211404
0.01919226703954876
0.022156293864692426
0.0016403321837090768
0.032292852020698315
0.01806218719398346
0.015832630619675436
0.005802820657700013
0.016838109265361022
0.04863620719911089
0.09585869267628835
0.11628565365328412
0.022548797832088564
0.0028951630065404705
0.0
0.0054012029129431195
0.01188834818562856
0.009704728173103264
0.017933302412797277
0.16085937079051635
0.12028212968692928
0.05634194083270489
0.003943625853675136
0.008342736341236097
0.016637644894002008
0.01788244994764147
0.02064419045671603
0.0015283842243460505
0.030088957637820976
0.016829494805160557
0.014752099062211596
0.005406794817549611
0.011216030009129515
0.015754713629653673
0.06523905487764785
0.04421064846631446
0.012883445604281129
0.016425781776143324
0.010039225032533735
0.0027006014564715597
0.01169562484666035
0.009547403741811766
0.01764258364634165
0.15825166158154902
0.11833222266120008
0.05542857534309427
0.003879695294921784
0.00820749131150538
0.018187851155557794
0.0
0.03811281582521198
0.09519506703176721
0.1001961844253448
0.03932597405803807
0.009127653013185728
0.0019638531177894316
0.011034205695139439
0.015499312209053854
0.0641814572794929
0.04349394471089468
0.012674590630023738
0.016159501594941336
0.009876478035330033
0.0026568217049209794
0.01808862409322619
0.009978712737140672
0.030292758420446507
0.019825801599651933
0.02769138676446853
0.009153299330306832
0.014810050829719116
0.009487930522945831
0.028727023896680488
0.0
0.06019775297347759
0.15035701260574835
0.15825608862339577
0.062113890578012594
0.014416783158590374
0.003101831819591736
0.008804315256770754
0.008639935742009566
0.11821731999838954
0.024547803025769845
0.06091960649153877
0.004652713260039471
0.0
0.0
0.028570298499797843
0.015760999845787372
0.0478462676870223
0.03131410475338149
0.04373749941713292
0.014457290547753536
0.023391915870522525
0.014985827876616474
0.010943918606545451
0.0
0.011459502052258411
0.004758471811857897
0.015233739118758059
0.01159169076639391
0.016977850781025823
0.0060178076606145214
0.016407898597539182
0.016101557635061707
0.22031216993448036
0.0457477783441989
0.11353100119245131
0.008670889802071221
0.0
0.0
0.0
0.0
0.04595148833800105
0.08487767629313915
0.09704239948297096
0.05116192382311811
0.02895120592677325
0.0
0.02039530633774483
0.0
0.021356157993905417
0.008867983561602929
0.028389901932433313
0.021602507534331787
0.03164026342707284
0.011214907121700823
0.026068833178576205
0.008670889802071221
0.03154423128960705
0.0
0.027909366567440294
0.004800557059233264
0.015180693094302273
0.013601037730587757
0.0
0.0
0.046454651734599055
0.08580707687283015
0.09810500235186416
0.05172214087589287
0.029268218229020634
0.0
0.0043407647463309116
0.007279683633499987
0.05774160213572746
0.29541644233021896
0.014107485425575461
0.007279683633499987
0.011586173416153644
0.0
0.026354283837997653
0.008765835026309565
0.031889636914817804
0.0
0.028214970851150923
0.004853122594819819
0.01534691989948987
0.013749967495200424
0.017363058985323646
0.01659125988928906
0.03672130926175029
0.0
0.04329405061825061
0.011765229920543036
0.02807400660903394
0.007906033666091277
0.0024291144726967715
0.004073748729584018
0.03231250012872774
0.16531657380038559
0.007894622036264507
0.004073748729584018
0.006483682754782466
0.0
0.0006072786181741929
0.01488338788149175
0.0679402822730577
0.09285690933593344
0.15731546302693758
0.12285919367008707
0.0372737939000283
0.0
0.009716457890787086
0.00928455511241685
0.0205494351794783
0.0
0.02422757534311259
0.006583883703615367
0.0157103597512931
0.004424257457436096
0.051301537550508286
0.057433975772418926
0.024624663337573103
0.0
0.0
0.0
0.01932731313780289
0.04049490908919101
0.00040231193493029185
0.009859995721442414
0.04500930150177584
0.061516150492672846
0.10421886499990003
0.0813921624278401
0.02469326549187329
0.0
0.0
0.0
0.03210932179585296
0.135184041634676
0.25366661305608773
0.012422610284261485
0.0
0.0
0.0339864112108815
0.03804904903981567
0.016313427902551924
0.0
0.0
0.0
0.012804021931236118
0.026827200469333158
0.01111596053084609
0.03280905211053542
0.013645359619697813
0.008028509097210108
0.013248873399279376
0.006368980806462963
0.020064165939159155
0.0062638336424009865
0.0
0.0
0.03269385124070756
0.13764497971715284
0.2582844497531858
0.012648755873360852
0.0
0.0
0.0
0.0
0.0
0.24839156104575447
0.14047008886581513
0.0
0.0
0.0
0.011318319405923927
0.033406319693398336
0.013893764569950404
0.008174662914953102
0.013490060574214655
0.006484923984545665
0.020429421108746758
0.006377862684338803
0.013701358709285924
0.005357088408484425
0.0043918478873038016
0.0042797353648454965
0.019303310292642217
0.0009159734269044699
0.007045758104916442
0.0012953820397914998
0.0
0.0
0.0
0.28508955202010905
0.16122349140357248
0.0
0.0
0.0
0.0
0.0
0.0
0.09981819613225523
0.2773089575583584
0.06620245998840801
0.0
0.0
0.015725631740675865
0.006148558059207252
0.005040710487347306
0.0049120341801937185
0.022155229673124156
0.001051301633755656
0.008086716043475719
0.0014867650248030272
0.0018806255067356564
0.0
0.00752971370750997
0.0029735300496060543
0.02422790720137496
0.002102603267511312
0.0070354145218140774
0.0
0.0
0.0
0.0
0.10233811519999128
0.28430964637945705
0.06787374686514927
0.0
0.0
0.0
0.0
0.08901320179341696
0.1467510412162614
0.15313143620551511
0.029124743853435928
0.0
0.0
0.0019281020616857673
0.0
0.007719801986815356
0.0030485970750666266
0.02483954283188858
0.0021556836703936254
0.007213024175062636
0.0
0.0038562041233715346
0.0
0.0010778418351968127
0.008547779515338074
0.02038263456296739
0.018246069852190554
0.02844216980413633
0.0
0.0
0.0
0.1059470329484621
0.17466889276765935
0.18226309120711662
0.03466542192041113
0.0
0.0
0.0
0.0
0.049805969648316975
0.14315365558584797
0.1028880226956087
0.02450020540893433
0.0
0.0018142804002729183
0.004589806647591619
0.0
0.0012828899772850649
0.010173905215200198
0.024260217721759052
0.02171719390901563
0.03385299529341772
0.0
0.004016080816642667
0.0025657799545701298
0.01277374811653684
0.0018142804002729183
0.02055777941221795
0.01311742574342382
0.025942029039826862
0.0036285608005458365
0.0
0.0
0.05197749343071123
0.14939510756111032
0.10737390641165004
0.02556840625101638
0.0
0.0018933824248885064
0.0
0.0
0.004836435176331462
0.0073152044967270576
0.2883945976674454
0.16883849207086013
0.007620716820052909
0.0
0.004191180610240433
0.002677647110878525
0.013330679304128143
0.0018933824248885064
0.02145409178645871
0.013689341161731473
0.027073092914726243
0.003786764849777013
0.004789920697417637
0.0013388235554392626
0.006556709178083142
0.0043620509869488735
0.06511112072658753
0.01399044705457184
0.002540238940017636
0.0
0.0
0.0
0.0028570484187744466
0.0043213426166995115
0.17036459690003675
0.09973869786573014
0.004501819242240954
0.0
0.0
0.0
0.0
0.0
0.046355786831240225
0.35548599919393603
0.051359459911601214
0.0038094261133958863
0.002829570718032955
0.0007908890706950682
0.003873273373182186
0.0025768133802072236
0.03846337596478103
0.008264637729628628
0.0015006064140803178
0.0
0.0
0.0015817781413901364
0.0030627906587650106
0.027225432504782685
0.06011890606209024
0.11091729615739448
0.0
0.0
0.0
0.0
0.0
0.0
0.0346018762718189
0.2653494504419222
0.03833682477914531
0.002843513184712646
0.013250312203739192
0.0030789007986653785
0.018835291440892517
0.08760957878774235
0.0672327270062679
0.020366063384977092
0.0014934862859930155
0.0
0.0
0.0011807046170331358
0.0022861936052749384
0.020322188692574995
0.044875237620940076
0.08279325668691655
0.0
0.0
0.0
0.014704317535966158
0.03014662705734948
0.07760571383910074
0.14039669525489443
0.032690702566697455
0.0
0.0
0.013148807083456254
0.0030553146226491206
0.018691002121978773
0.08693843831225395
0.06671768510108204
0.020210047460084493
0.0014820453099035724
0.0
0.005237168581487673
0.01003702741927087
0.03717997017059851
0.08518362259256415
0.06397882776333019
0.018178403324253776
0.0014820453099035724
0.0
0.0
0.014591673886728555
0.029915686309801088
0.07701120880429423
0.13932117467696017
0.032440272716808334
0.0
0.0
0.0
0.008947590320213203
0.027089200120728837
0.07716080948285772
0.016016457245249586
0.055373098899680694
0.07583484744264998
0.014777239572632555
0.006387433186674484
0.012241508180590426
0.045345986414626414
0.10389291263836689
0.07803080640645367
0.022171013758184033
0.001807554072270154
0.0
0.024984415602798567
0.013641054022871886
0.010733676845250586
0.008235895088176516
0.026315640791681978
0.05746138234826111
0.02274746698574878
0.0026397607291909486
0.0
0.010912792754871092
0.03303893185016754
0.09410801037484853
0.019534229030336015
0.06753495978935223
0.0924908208939081
0.018022836000986735
0.09213119950205562
0.01304938131844134
0.011660447422787594
0.003957230977605668
0.0022367340865413463
0.004111185566840699
0.018583153121331443
0.08199117123597524
0.030765239152182742
0.01679728259301329
0.013217204691767593
0.01014149324315819
0.03240447946712612
0.07075663477841154
0.028010711679185837
0.0032505411144778977
0.05045057111841812
0.007798315828096653
0.03270358965706829
0.009573445048331151
0.027177991191837517
0.051970107319209216
0.09778576731811285
0.05674735094119177
0.11344825634987868
0.016068710328565945
0.014358408829195519
0.00487284390965812
0.002754263305025055
0.005062420077125541
0.022882870628975358
0.10096205696961731
0.0470809405306088
0.0029965492381252247
0.009346516505264808
0.0027822260852268946
0.011658644427430727
0.02138579621056325
0.030447535139313017
0.054340732687118365
0.021227438173897724
0.0032811970891845114
0.013760268954745287
0.004028095388606352
0.011435333930339797
0.021866793884650355
0.041144060097162954
0.023876853263150838
0.0048010575473108885
0.0
0.0038116344073051193
0.0
0.0069269351789876836
0.03179686628837922
0.22742720428825736
0.15495186486801155
0.019809642034311823
0.0012608194967315563
0.0039326135831273465
0.0011706414992078925
0.00490545792224726
0.008998226517471022
0.0128110179010717
0.02286425144192256
0.006797953162762982
0.0007403787032618103
0.002916356424126853
0.002346389608855685
0.011992562007151502
0.0037911302864601744
0.2870174452215026
0.03830929892105064
0.005013237486341011
0.0
0.003980087367549286
0.0
0.007233067040449424
0.03320211025472079
0.23747821697955537
0.16179987219063022
0.0022753662611495525
0.0
0.0022399519412589094
0.0009309348183850517
0.004494626711891941
0.0
0.002615352436809383
0.0005466637620836148
0.007098384739221085
0.000773099308372091
0.003045243095899395
0.0024500869295484493
0.012522566292752623
0.003958677079038598
0.2997020138665484
0.040002356050496644
0.005415083813047556
0.0017829414954623312
0.0022796249744030726
0.0
0.003167770457101585
0.0
0.04959539978938161
0.10639704358397155
0.011586086019369248
0.0
0.011405757531786262
0.00474028778065202
0.022886483199687408
0.0
0.013317283824245317
0.0027835929007635368
0.0035209974153365244
0.0
0.0012448605531575003
0.0
0.014083989661346098
0.00196829742122233
0.0
0.0
0.02757341880790915
0.00907867620551471
0.011607771239427921
0.0
0.016130177208065446
0.0
0.2525380541743978
0.541770052680521
0.025527231261189803
0.0
0.007469163109077202
0.0
0.00542434096226593
0.00196829742122233
0.013374053903669591
0.0
0.03203310763072708
0.0
0.011325413620256627
0.0
0.12813243052290832
0.01790705181113326
0.0
0.0
0.00800827690768177
0.0
0.011325413620256627
0.0
0.048049661446090616
0.0
0.011325413620256627
0.0
0.2322400303227713
0.0
0.06795247981221776
0.0
0.049349226191754816
0.01790705181113326
0.12167362188036354
0.0
0.1521572612459536
0.0
0.04530165448102651
0.0
0.0
0.0
0.04530165448102651
0.0
0.021671564441600042
0.0
0.03064821982663134
0.0
0.13002938664960026
0.0
0.03064821982663134
0.0
0.021671564441600042
0.0
0.0
0.0
0.0
0.0
0.0
0.0
0.4117597243904008
0.0
0.12259287930652536
0.0
0.0
0.0
0.12259287930652536
0.0
0.1083578222080002
0.0
0.0
0.0
0.0
0.0
0.0
0.0
0.2080040613775536
0.0
0.05883243026582243
0.0
0.0
0.0
0.07844324255852025
0.0
0.0
0.0
0.0
0.0
0.0
0.0
0.0
0.0
0.11093549940136191
0.0
0.0
0.0
0.027733874850340477
0.0
0.019610810639630064
0.0
0.11093549940136191
0.0
0.15688647189249844
0.0
0.11093549940136191
0.0
0.11766486053164486
0.0
0.0
0.0
0.0
0.0
0.0
0.0
0.0
0.0
0.01968114658650247
0.032492605972004755
0.004466848299017003
0.0
0.004657340824386362
0.005103541841462786
0.01075212650114468
0.007765740005870368
0.00456474652638955
0.0
0.006455525791773756
0.0
0.00456474652638955
0.0
0.004841644615910412
0.0
0.6908908526210914
0.19592934301686835
0.0032277631679669735
0.0
0.0005705933157986937
0.0
0.004034704027978741
0.0
0.006583318096998638
0.010868734703741598
0.0014941549830045783
0.0
0.0015578744865454507
0.0017071281500811403
0.0035965724184356847
0.002597629995413696
0.0974832774499541
0.3208815754145381
0.016898793781996366
0.005899453635937493
0.0017797100682680706
0.00042678203752028506
0.0008097619333067365
0.005000542789971969
0.23110209728484804
0.06553811201734586
0.0010796826080791287
0.0
0.00019086272669195878
0.0
0.0013496032828515209
0.0
0.07960090544542987
0.0964559923736233
0.030113950918041546
0.004964786244183374
0.0015578744865454507
0.0
0.005084347751602935
0.00537623061075284
0.1151015912835234
0.3788750328253828
0.019952940709020123
0.006965671640947615
0.0021013600100399524
0.0005039150604577086
0.0009561115457189792
0.005904299152258288
0.04694644461028429
0.028879235792998566
0.01892748872424647
0.00986136896954764
0.00319678020880568
0.0016307033202538695
0.0005039150604577086
0.0007126435109622918
0.09398730863436493
0.11388864327766472
0.03555649503351956
0.005862080266858354
0.001839431717028999
0.0
0.006003250323100188
0.0063478856537473975
0.012882088719282758
0.040362913607866834
0.011052041173724741
0.003007450079088066
0.008212119746290257
0.012496623302155676
0.004912075610850533
0.0025698019717432102
0.12527062053955484
0.0770605701566704
0.05050559797285199
0.026313809713166745
0.008530201675760726
0.0043513245473623015
0.0013446332911211736
0.0019015986318626724
0.05308409643772743
0.055406804081841864
0.03425164751118731
0.01962862389219038
0.012919262411530397
0.012563229428086582
0.01235038888383057
0.02001237205926617
0.03437421643121907
0.10770330482777962
0.029490967155325638
0.008024998288508603
0.02191299778082774
0.033345650958351084
0.01310724944171087
0.006857189939225391
0.0385674420510608
0.03631435269100918
0.015422734667710316
0.013901864539386476
0.04523510688440424
0.026046707555666026
0.025912698839178985
0.028286967001626136
0.04405427546474001
0.04598188108006609
0.028425302790057637
0.016289715036493735
0.010721643265539722
0.010426172942416358
0.010249537441467046
0.01660818607765157
0.022183135980889855
0.05387302346878412
0.11058148986570739
0.026985086996879033
0.012665408589112416
0.00721892251250261
0.003210865351984408
0.0
0.032006963103930496
0.03013713341904873
0.012799264696309728
0.011537100770097456
0.0375404309970735
0.0216160565331073
0.021504843245004675
0.023475238724530462
0.1751985519358165
0.08151940300190855
0.06355542339907679
0.016079708314986133
0.026109437744033435
0.008774995713271097
0.007623260743442346
0.011046902012387998
0.019364313393053403
0.0470273504512417
0.0965298426279772
0.02355607800432436
0.01105600855451299
0.00630161028687259
0.002802859027338868
0.0
0.0
0.0
0.024027698406945387
0.09032524390296286
0.10818728314871975
0.06559914600593075
0.0
0.0
0.15293598112624482
0.0711606902064463
0.05547940280346934
0.014036451444399778
0.022791697955935233
0.007659952459420728
0.006654569049215972
0.00964316644745431
0.010926900768016104
0.012963999820356424
0.009435077752372933
0.004017470096586981
0.02820163344411735
0.014926331486819683
0.024685225646592663
0.05970345807130825
0.0
0.0
0.03204031110713201
0.12044636429438295
0.14426492921679032
0.08747475562555969
0.0
0.0
0.050573665306919265
0.03132266525749057
0.07693018139721067
0.06685197392795425
0.03140511309285188
0.0
0.0
0.0
0.014570738075470277
0.017287156697328835
0.012581430871407381
0.005357191919848585
0.03760614495717282
0.019903874954067296
0.032917106585538
0.0796130090522272
0.033003155392045416
0.027506938840174546
0.024904795098653287
0.02063700830361037
0.024978977320245375
0.0
0.0024645772258153633
0.005357191919848585
0.06900967952602545
0.042740961688308945
0.104974142804994
0.09122204745201931
0.04285346487868222
0.0
0.0
0.0
0.035577508667559966
0.03823936753445082
0.044145001867022346
0.0032682572164186843
0.06434144724072936
0.0359877555456848
0.03154550632582296
0.011561749917768522
0.045034054050281984
0.03753425864197187
0.03398353506690075
0.02815997853359526
0.03408475951459563
0.0
0.0033630088602138457
0.0073100910385782035
0.0023780064777624856
0.004630469663864686
0.039019847456420814
0.022919880732797014
0.028748610973534875
0.05005733994557725
0.04730825376232082
0.0
0.03129900391577039
0.033640751109946784
0.038836181566515096
0.0028752208697430657
0.05660382878270935
0.031659915039841585
0.02775188491253645
0.010171348964615778
0.021099775203262044
0.02963801948700925
0.1227287544051854
0.08316977963418225
0.0242365441134268
0.03090044362687657
0.018885950842588983
0.005080414692076452
0.002092030522842116
0.004073615426402946
0.03432737153528851
0.020163565793995877
0.02529134054442883
0.04403750958532546
0.04161902491798873
0.0
0.0
0.011029641122257764
0.044278192372413455
0.10307876865480675
0.07922065278198877
0.02220957697628483
0.0
0.0
0.01957381190541266
0.027494559212080404
0.1138528506095786
0.07715483255586635
0.022483725591546103
0.028665683189495816
0.017520094213636702
0.004712992466802465
0.03208779457360395
0.01770145052316507
0.053736967734715806
0.03516941065876263
0.04912233928777517
0.01623723214479205
0.026271863807851497
0.016830841526687564
0.0
0.010231963072189555
0.04107593567514914
0.09562397749047129
0.07349131171496665
0.020603351364870175
0.0
0.0
0.0
0.0
0.0
0.01085012675099359
0.05248759575263955
0.0414720742189924
0.05941271197338461
0.03613367393885575
0.049613027155228306
0.02736936449397373
0.08308622249954288
0.054377714306421146
0.07595124518210238
0.02510544118192524
0.04062063815347473
0.026023259273661815
0.01900438425643294
0.0
0.01989970761096927
0.008263203523084113
0.026453763252769484
0.020129256569446745
0.02948245611932995
0.01045007124735227
0.0
0.0
0.0
0.016776086991579547
0.08115448718094542
0.06412267255360388
0.09186185998978186
0.05586862450875096
0.01900438425643294
0.005842967447252661
0.001414539868422612
0.0
0.030980810513378476
0.024741667837860415
0.0717654879750905
0.02063537575582536
0.03230997103138665
0.0
0.03383213935099431
0.014048540739588883
0.04497490225597926
0.03422240299219497
0.05012408138544312
0.017766505597969454
0.04129789623522674
0.013736307446522265
0.04997194855996751
0.0
0.044213644569265936
0.007604978172418858
0.024049050599723055
0.021546581737721445
0.03230997103138665
0.00993381876574954
0.0024049051816033167
0.0
0.052671482364776166
0.042064113223708614
0.1220108374068269
0.03508287266222844
0.06055558505810471
0.00993381795487613
0.019629503472280384
0.0053775316227515435
0.01700524791125613
0.01991008999794624
0.10910745426063932
0.032301641739730894
0.03547044902675996
0.011798010008126416
0.04292052660668579
0.0
0.03797476309807042
0.006531857920266388
0.020655546679199124
0.01850619520363976
0.023369084983427952
0.02233031418384647
0.049423514460553264
0.0
0.058269821523380096
0.015834920453540957
0.03778503815637433
0.010640796231867762
0.0520107315117171
0.00853208069976672
0.016859631259865948
0.0046187210173649455
0.014605678114642471
0.01710062489304131
0.09371156275729121
0.027743634452557633
0.039816973226985276
0.02358043896963433
0.05241958842677474
0.010640796231867762
0.023931646290784724
0.027248422936555917
0.11564498508869875
0.08002177605991387
0.015143605053831128
0.014470462107007592
0.03202736366844013
0.0
0.03775993644308522
0.010261325232772612
0.024485412894422087
0.006895435388590155
0.0799561148776051
0.08951383884383435
0.03837881873818883
0.0
0.0
0.0
0.03012262289410277
0.06311342228107257
0.02580214490280759
0.015280566398099936
0.033968875751121085
0.006895435388590155
0.015508155324550722
0.017657488754205693
0.07494011776162203
0.05185561065898849
0.047443761319050655
0.07353961995823183
0.021475642764232604
0.019602797295301223
0.0009464753158644455
0.0
0.05987221080300733
0.0930815276929694
0.07616786540657512
0.08527275292852812
0.036560464507167774
0.0
0.0
0.0
0.028695439864770994
0.06012316457611584
0.024912279802793754
0.07352925408236285
0.03058098451432528
0.017992908887537195
0.029692408521849668
0.014273695149325213
0.044966344968478525
0.014038046995995286
0.04519591818665622
0.07005537829850424
0.020458145947808128
0.01867403422823239
0.0009016321588381821
0.0
0.057035518809517106
0.08867140785929153
0.021750168143193742
0.007283102605799067
0.01773115614025302
0.005702422536319163
0.015585057393039786
0.012297534651776118
0.05439006641183404
0.02746169233394835
0.039961862730523066
0.117948496949188
0.049055048955763195
0.02886247909779558
0.04762968154185969
0.022896477188358324
0.07213064879442185
0.022518473279016567
0.048375716952780694
0.018914400975738797
0.015506403036648131
0.015110564655332745
0.06815466223329217
0.0032340494235924247
0.02487662771504521
0.004573636544542028
0.03488950993584422
0.011682846728167292
0.02844260073101783
0.009147273089084055
0.025000037295588484
0.01972651220877091
0.08724726861850667
0.04405138301609927
0.03760408208737183
0.009702147925949896
0.01346101117010412
0.0
0.0392850962432305
0.006468098847184849
0.02896741420675225
0.004573636544542028
0.07747079943717813
0.030290274889282005
0.02483257128399346
0.024198659937969286
0.10914559000206189
0.005179135525983119
0.03983842220399042
0.00732440368349718
0.009264719144599391
0.0
0.03709440422320388
0.01464880736699436
0.11935643480225705
0.010358271051966237
0.0346592872302276
0.0
0.06022067443989604
0.015537406025729061
0.02155699930191541
0.0
0.06291271744665293
0.010358271051966237
0.04638957058590887
0.00732440368349718
0.0486397755091468
0.010358271051966237
0.07069058565972965
0.04333330958009546
0.0440074159368471
0.0
0.015005854233318728
0.0
0.00862415573779556
0.0
0.034529694211845915
0.013635987679083496
0.11110412155804386
0.009642099380695148
0.03226294139835974
0.0
0.01724831147559112
0.0
0.004821049690347574
0.038233132580213124
0.09116893670240449
0.08161235400080862
0.12721821462979901
0.0
0.04527681762342669
0.009642099380695148
0.06580303303428926
0.040337241164045134
0.040964739754528905
0.0
0.013968348297124268
0.0
0.05425084936933785
0.007773708859688548
0.021838497180370915
0.027271973302008035
0.060369090164568914
0.014463148557002984
0.027936694538089578
0.0
0.015251789840078344
0.0
0.004263004920209793
0.03380758191121885
0.0806159759171919
0.072165584053598
0.1124924880971387
0.0
0.013345316110068551
0.008526009840419586
0.04244678190218415
0.006028799359218195
0.06831288445197596
0.0435888123493202
0.08620458448903554
0.01205759871843639
0.04797122051035613
0.006873888726656446
0.019310653676999752
0.024115195618717746
0.053381264440274204
0.012789014306090621
0.02470297423167356
0.0
0.030503579680156687
0.004263004920209793
0.051664580641352674
0.006028799359218195
0.05178416797037571
0.015399898567076032
0.052102105104373964
0.0
0.012697879271682385
0.00811237761098398
0.040387511814630114
0.005736317205614363
0.06499874205431046
0.041474137610730835
0.08202244124299686
0.011472634411228725
0.01451186202477987
0.00405618880549199
0.019864641805082094
0.013215559518925704
0.19726497784659208
0.042386388031516155
0.007696076686067697
0.0
0.02902372404955974
0.00405618880549199
0.04915811676510563
0.005736317205614363
0.04927190241497959
0.014652785380883838
0.04957441509509877
0.0
0.06219309731245529
0.018708973753888636
0.03964814901322484
0.013215559518925704
0.009069913765487419
0.00405618880549199
0.07251905075630932
0.013215559518925704
0.006821720768234197
0.0019067289481567056
0.00933794983192843
0.006212356255878758
0.09273011236762833
0.01992494850290676
0.0036177635973676783
0.0
0.0
0.003813457896313411
0.007383983200170942
0.06563691699182736
0.14493873131836152
0.2674069313522167
0.0
0.0
0.029235665475094142
0.008794694615433857
0.018637759998249626
0.006212356255878758
0.004263575480146373
0.0019067289481567056
0.03408967876018992
0.006212356255878758
0.09159110093652399
0.05750304209560676
0.04177496287902057
0.015116738597889059
0.005969005672204921
0.007338083047806992
0.02314666216841153
0.01847489630719435
0.0
0.0018825715497651505
0.003645215726656916
0.03240266338395037
0.07155121138292427
0.13200950288722227
0.0
0.0
0.0
0.02344526264450596
0.048067214780742815
0.12373823805298673
0.22385516271805564
0.05212360967008233
0.0
0.0
0.045215341436300814
0.02838725220456459
0.020622846441956878
0.007462608158630581
0.002946690527183486
0.003622556417620414
0.011426702183444172
0.009120413839211005
0.007455009423598019
0.02331159588512822
0.03034354107891352
0.02033179979551208
0.05906927742603384
0.007752492995101569
0.007143856318712245
0.0030668242477854602
0.0
0.01668345706492413
0.034204236744301474
0.08805111775235847
0.15929350217125637
0.037090734157480675
0.0
0.0
0.0
0.010230268309215586
0.0309725608347352
0.08822216437230572
0.018312489633307096
0.06331108584360909
0.08670611961011808
0.0168956244404792
0.005304923707747322
0.016588340892633835
0.021592215556025935
0.014467942376433413
0.042033214502046105
0.005516610583170865
0.0050835097042153075
0.002182327041475339
0.00209684086884838
0.0075139445026650075
0.004441371271013242
0.0024746608075828878
0.004566631827595288
0.004991051423258969
0.07543072752017498
0.13574194305869178
0.0
0.00937271414924417
0.02837628011305866
0.08082692489544847
0.01677744175481406
0.05800402219713692
0.07943796286982462
0.015479345552544677
0.07912909340043217
0.011207774551353373
0.010014855317150207
0.0033987628656354995
0.0019210727897004268
0.003530990462115801
0.01596058736844688
0.07042008659181254
0.0019210727897004268
0.00688408669529448
0.004069072491126502
0.002267221901200613
0.004183833058057202
0.004572675601503502
0.06910773263681241
0.12436334921988466
0.0
0.0017572668462994428
0.005799007746798107
0.0
0.0042666149690724015
0.0363715764204929
0.10086384240028258
0.14971438106287477
0.1063561821148946
0.015064195229107858
0.013460811064459012
0.004568224236736876
0.0025820840186225524
0.004745949289906725
0.02145237691817093
0.09465054169399287
0.04413773509018155
0.0028092237531038605
0.008762230849173163
0.0026082987409926667
0.010929819019099887
0.02004889021324408
0.02854414599585771
0.050943690523579804
0.0
0.0023619150011450693
0.007794356001060611
0.0
0.00573469073338734
0.04888646943050433
0.1355695197573677
0.2012287679951464
0.01668357135938936
0.01524730569806896
0.015504103035862898
0.0060054854383727275
0.022132409049012796
0.015088939506771759
0.04771879280710999
0.028378803283169683
0.031450073267059675
0.002001695208831282
0.006243474016651292
0.0018585273199676873
0.00778797571384354
0.014285714136474245
0.020338956701814768
0.03629961519745956
0.010792528439667132
0.0011754359025076381
0.004630049500782712
0.0037251619682860337
0.019039564325866603
0.006018853095256521
0.45567303364218137
0.060820395229246135
0.011887776763736417
0.010864374448524807
0.01104735382143336
0.004279171929759873
0.015770312743637518
0.010751531587214733
0.034001734047588085
0.020221142762844223
0.016274024884139926
0.011369221574890802
0.004401898292086101
0.0
0.001314177271305426
0.014847590291934616
0.06042363545363281
0.09040466403199368
0.006590365618699876
0.0007177699277955965
0.0028273003136768224
0.002274738444945698
0.011626347878503805
0.0036753614062477575
0.2782528590099991
0.037139456604195355
0.005027535628873627
0.0016553394558798818
0.0021164761571495416
0.0
0.0029410586035248224
0.0
0.04604594279197685
0.09878239116749558
0.009937594760473933
0.006942518372539229
0.0026879817202568974
0.0
0.0008024911635956942
0.009066554619477649
0.03689717862469292
0.055204838508161526
0.004975445214293304
0.0
0.0011717274366573219
0.0
0.0004814946981574165
0.00035888496389779824
0.017418006052015444
0.3543821354190786
0.009029682238166073
0.0029730648147078056
0.0038012872656651604
0.0
0.005282274775167215
0.0
0.08270060372729296
0.17741765922970623
0.008359601263612836
0.0
0.002445985023832229
0.0
0.0017763511874225734
0.0006445736884372615
0.00437970560805471
0.0
0.008936125488689583
0.0
0.0021044756723339036
0.0
0.0008647863376151211
0.0006445736884372615
0.031283529642014675
0.6364864040623297
0.006053504363305847
0.001933720996584741
0.0022752303480830663
0.0
0.0020178347877686156
0.001933720996584741
0.00665493581868369
0.0
0.15096182929668217
0.0
0.04417081173922165
0.0
0.03207823151731902
0.011640031630042739
0.07909089794160043
0.0
0.0989060260909297
0.0
0.02944720865355248
0.0
0.0
0.0
0.02944720865355248
0.0
0.1093171867320802
0.034920093649021156
0.041087239042488156
0.0
0.03643906224402673
0.034920093649021156
0.12017813450187445
0.0
0.0884948654497792
0.0
0.01472360432677624
0.0
0.0
0.0
0.04417081173922165
0.0
0.26901246909396254
0.0
0.08009285804824907
0.0
0.0
0.0
0.08009285804824907
0.0
0.07079275502472698
0.0
0.0
0.0
0.0
0.0
0.0
0.0
0.24069536708407174
0.0
0.04004642902412454
0.0
0.0
0.0
0.12013928369671201
0.0
0.09910985703461778
0.0
0.0
0.0
0.0
0.0
0.0
0.0
0.0707131286119342
0.0
0.0
0.0
0.01767828215298355
0.0
0.012500432976167986
0.0
0.0707131286119342
0.0
0.10000345537968205
0.0
0.0707131286119342
0.0
0.07500259574959245
0.0
0.01767828215298355
0.0
0.02500086595233597
0.0
0.01767828215298355
0.0
0.012500432976167986
0.0
0.1428606484797963
0.019764920599938906
0.08750302556463725
0.0
0.11490883399439307
0.0
0.14476924193195692
0.0
0.0019978068691844965
0.0
0.0028253252828923216
0.0
0.0019978068691844965
0.0
0.00211899408124781
0.0
0.30237527609552967
0.08575043216331724
0.0014126627605247296
0.0
0.00024972585864806206
0.0
0.001765828480425554
0.0
0.004036138556891975
0.0005584040038751729
0.0024721596820700656
0.0
0.003246436162424807
0.0
0.00409006066702986
0.0
0.524268407403957
0.04427847604115775
0.0007063313802623648
0.0
0.0004994517172961241
0.0
0.0
0.015349956274981558
