0.05135580172765353
0.014208351058129684
0.04664888251705619
0.015874470548430573
0.02927578028615216
0.04134245207182664
0.03154733207615846
0.04597998781023059
0.08777724952334327
0.12874360604659277
0.005961257528548988
0.0
0.0016313453075614207
0.0004423606227228187
0.011751586752754015
0.029633963216761237
0.008699467127270481
0.0033799052146937327
0.006702165698873095
0.013049191257651398
0.04536323711465879
0.032077121750762376
0.08537996528244297
0.017213173101100192
0.09020242601062455
0.10996112430299304
0.011047423749327535
0.00997237386303068
0.009260612939242628
0.0036480575433783624
0.0015980063001345883
0.010271068427900586
0.10549040913162192
0.1547236413613492
0.0071642196473513066
0.0
0.001960545413123708
0.0005316275382078276
0.014123018221983497
0.0356139993096529
0.09870040633586558
0.017455771222196013
0.01442568864177764
0.01612206925954652
0.0050124493967610645
0.013864010108016113
0.004760097376484483
0.03498122146961031
0.10840497823977853
0.13215091671573775
0.013276757445641255
0.011984766036042581
0.011129374104055293
0.004384223530316257
0.0019204787038955564
0.012343736179498018
0.07050001660064066
0.025749138802067754
0.013235514877921467
0.0275085931404698
0.010153206585677076
0.008337246646346014
0.016838839583129806
0.007152734053878038
0.16224175355145812
0.028693447553245315
0.023712658420727173
0.026501134946152763
0.008239364050347926
0.02278938248263645
0.007824552847417263
0.05750143209429897
0.08637607135400874
0.015784223501051447
0.01788399174859812
0.011142132323116217
0.019982242337822448
0.0022829658570294987
0.01740806572713495
0.020679670442349085
0.11588651701972284
0.042325919282151125
0.021756274595701338
0.04521807512783927
0.016689637882796416
0.013704599260628041
0.027679347665926963
0.011757521155885173
0.05763325667140582
0.00706833933607586
0.008748221617500067
0.018066496870565496
0.013992070283537912
0.008622428166859854
0.030526582017932583
0.03128112357071946
0.13122486327981941
0.023979819160963263
0.02716984386206736
0.01692742871754522
0.03035756289560945
0.003468343463241895
0.026446804180836083
0.03141711453102618
0.015479169389435868
0.010258691843868298
0.030811224504978994
0.0477445815966338
0.09344080631925827
0.036569384631967086
0.030041589048941005
0.006203087718149386
0.08755800198505986
0.010738412252977244
0.01329053484029207
0.027447110578446263
0.02125713153164464
0.013099426028522841
0.046376808865103404
0.047523128795510905
0.016089495220905636
0.0013276201707720621
0.027039385658165802
0.061651204172401296
0.05555187998791501
0.0
0.009508784793821355
0.0
0.010613282738748913
0.007033865598949925
0.021125696668297056
0.03273604228881754
0.06406762997759964
0.02507377553126389
0.02059799660279665
0.004253143185506518
0.00835455222001705
0.02099306118789804
0.08671022246585687
0.05466078813901872
0.08545651357889124
0.019267882162955347
0.0066291565617818205
0.0068406333607865955
0.011031752260541951
0.0009102819335827121
0.01853953773954048
0.042271109295605305
0.03808911151157555
0.0
0.006519692302586806
0.0
0.036290297355218736
0.0840362874539883
0.21633679532444808
0.019148314561815878
0.014670891083837546
0.0
0.0
0.037741165832296274
0.0051846944837758615
0.013027940417642393
0.05381090455435424
0.033921565067748544
0.05303287392155294
0.01195732335300599
0.004113942980164486
0.0042451819220457295
0.010509924436831417
0.007664711456961558
0.013834703405998296
0.060915546614596174
0.029406261996631964
0.012262535483845607
0.013068713494009331
0.020055856853844478
0.022521147699739237
0.052151505493708755
0.13425497379369117
0.011883121712302753
0.009104508065938424
0.0
0.0
0.023421532255570386
0.009768352304834632
0.0800202366377187
0.20034490404910088
0.10798000465149152
0.0
0.0
0.0
0.0015367095220383403
0.008021893032419802
0.005850231921424269
0.010559591700702194
0.04649491077606601
0.02244487005002783
0.009359605632646996
0.009974935819033394
0.015308001434458323
0.0
0.008620865453085713
0.13737351396331884
0.07419155780541072
0.00566625781189544
0.0008623492383152684
0.0
0.0
0.007455874470206885
0.06107691664148887
0.15291693099525516
0.08241772356791605
0.0
0.0
0.0
0.0011729217923291773
0.003390519147632652
0.021509955845326736
0.14616392039795045
0.08085629325438447
0.07017789553818723
0.01449196974528081
0.00265701774887276
0.0009832293976132658
0.0
0.008929841044119648
0.142297040829642
0.07685061570944632
0.005869338971891318
0.0008932562124509977
0.0
0.0
0.0
0.0
0.027189390324497676
0.15531429016010195
0.023617054649972106
0.0
0.0
0.0
0.0035120368378521068
0.022280882077338023
0.15140249927829116
0.08375421819394425
0.07269310202985889
0.015011368283822123
0.0027522464279204958
0.001018468769565273
0.004464382972962063
0.0
0.0
0.008454592020034988
0.09697884947087067
0.07928643620393738
0.015782750858138326
0.0016470830084994973
0.0
0.0
0.03834723871379579
0.21905140532213124
0.033308905480063315
0.0
0.0
0.0
0.0
0.0
0.0
0.0328439143706177
0.20706880208566722
0.017026713638326946
0.0
0.0
0.006296454518869188
0.0
0.0
0.01192414594629291
0.13677655315051468
0.1118236142698319
0.022259598596886792
0.002323004839555337
0.0
0.0
0.0
0.0
0.07455431173850614
0.0844030164816691
0.001991960263947385
0.0
0.0
0.0
0.0
0.04175466625300769
0.26324781586423707
0.021646163649418414
0.0
0.0
0.0014325367284849853
0.012146047341155502
0.002892895921540759
0.010890848811185537
0.09318186264046567
0.15715787617131097
0.008368377509982837
0.0
0.0
0.0
0.0
0.0
0.09478134576885001
0.1073020634559924
0.002532391086879207
0.0
0.0
0.0
0.0
0.002953250050686043
0.04326822253386282
0.11253725118091486
0.023905926620272126
0.0
0.0014584248679223042
0.012365545076136896
0.002945174995092822
0.011087663180414943
0.09486580205025424
0.1599979604296033
0.008519606947619437
0.0
0.013499199415328367
0.002629212797554532
0.02569210092191895
0.017275045731705827
0.09792545440416309
0.05751874483944107
0.019040598039589438
0.0031151967891302197
0.0
0.0
0.0
0.0030066198160715947
0.04405014578643185
0.11457097219660234
0.02433794344009805
0.0
0.0
0.0
0.0
0.014102039488035253
0.22939347906547833
0.04260260302544945
0.0
0.0
0.013927876176324768
0.0027127053359895267
0.0265079720167555
0.01782362720105752
0.10103514745495326
0.05934529384251395
0.019645245888985405
0.0032141220978351465
0.0
0.0
0.0062285109564549235
0.06611756284350265
0.12705007467587634
0.023275105913594156
0.0
0.0
0.0
0.0
0.0
0.014549859867983855
0.2366780335471185
0.043955479245221994
0.0
0.0
0.0
0.0
0.0
0.0
0.19462007747564933
0.04331282394396053
0.0
0.0
0.0
0.0
0.007042848933619072
0.07476201137340403
0.14366105947359664
0.026318177170989117
0.0
0.0
0.0
0.0
0.008314132856178987
0.053789325898452776
0.11937582571169995
0.04059661679166427
0.007218738643141008
0.0
0.0
0.0
0.0
0.0
0.22006540803941793
0.048975698695627824
0.0
0.0
0.0
0.0
0.0032395082946736994
0.016263292516502832
0.1757242315537637
0.05465257957587861
0.0
0.0
0.0
0.0
0.008428215225482542
0.05452739610347433
0.12101384103697077
0.04115366324610714
0.007317790561367285
0.0
0.021199618354328386
0.024737764434704445
0.007963106890053986
0.012773157432181718
0.08437392707528328
0.07257194802204109
0.0
0.0
0.0
0.0
0.0032839592059145783
0.016486449275608564
0.17813543149806108
0.05540249491574878
0.0
0.0
0.0
0.0
0.028776825390607757
0.09148356498120633
0.13737635079692254
0.03299394361158201
0.0
0.0
0.01880577759064532
0.02194439957707275
0.007063920425450264
0.011330824630192622
0.074846503390149
0.06437719259902279
0.0
0.0
0.01671134343621249
0.026908677326500943
0.06941293631339741
0.053262687595826086
0.013407057048162587
0.0
0.007880029876778428
0.013375286452683509
0.0
0.0
0.02552737360718158
0.08115332773831054
0.12186394378056914
0.029268298845154438
0.0
0.0
0.01803910276564049
0.007188629460857285
0.003767323154787814
0.030430031897808227
0.1103528352844586
0.10080332357861273
0.03072281516069698
0.04155586884628075
0.017615074574783653
0.028363869106296857
0.0731667118375208
0.056143075368842
0.014132096000133921
0.0
0.008306173256555069
0.014098607285669678
0.0
0.005286482661168146
0.05356584247393273
0.10890120813287014
0.08328431185400655
0.0
0.0
0.0
0.019014637673616108
0.0075773826638672265
0.003971055862277042
0.032075654673663044
0.11632059567768184
0.10625465684437824
0.03238427133453892
0.04380316469117274
0.04562528729092266
0.03729802997163504
0.02272863346845141
0.04689790765926885
0.014916411444342415
0.002704745293453205
0.0005702103766642042
0.004993386426759917
0.0
0.006536613188925146
0.06623292174264424
0.1346538178589062
0.10297911980196668
0.0
0.0
0.0
0.01176934353629634
0.011673186330988879
0.020138533984343388
0.11776293685755333
0.1203621805486717
0.0
0.006415281304201608
0.008372425419788667
0.056414609442499035
0.04611814892052295
0.028103428086018935
0.05798817500913391
0.01844379676012738
0.0033443548179467103
0.0007050519045382832
0.006174206493537673
0.005208650157218672
0.006934110103950837
0.05489935324305877
0.0952177208274663
0.013551395519545468
0.0
0.0
0.0
0.01385599370277209
0.013742788269766637
0.02370900290314185
0.13864176081580232
0.14170183838980094
0.0
0.007552681003693562
0.009856817717636867
0.007101362751592305
0.013076008918670813
0.04225479379759402
0.15903843288840142
0.051193896551571964
0.0
0.0
0.0
0.006132119735972636
0.008163495749645346
0.06463275462018339
0.11209938227301179
0.015953995259253353
0.0
0.0
0.0
0.0
0.0
0.01901688276221743
0.10297252700642322
0.04930271360340271
0.0
0.0
0.0
0.008039481338710587
0.014803402299494652
0.04783682204245236
0.18004804965883314
0.057956816230794315
0.0
0.0
0.0
0.0
0.0
0.0
0.022956857510229304
0.27429756056553517
0.0
0.0
0.0
0.0
0.0
0.02152908947694767
0.11657561206578096
0.055815800407249
0.0
0.0
0.0
0.0
0.0
0.012280076525069742
0.08245277885553723
0.10540680249688353
0.0
0.0
0.0
0.0
0.0
0.0
0.021712010654598834
0.25942364083915426
0.0
0.0
0.0
0.0
0.08866189138799746
0.07321758100615133
0.061542366743672555
0.05892323026155233
0.004215719663964518
0.0
0.0
0.0
0.0
0.011614183353832214
0.0779817364905021
0.09969106694414771
0.0
0.0
0.0
0.0
0.0
0.0654933952873147
0.051636233743997804
0.11208240788707675
0.013803731329770651
0.0
0.0
0.0
0.08420795094328051
0.06953948729303003
0.05845077877941722
0.05596321492365682
0.004003942495431635
0.0
0.0
0.0951967587204954
0.07625945800578937
0.019670989154666606
0.020314055176690864
0.022504517029314722
0.02272297987588021
0.004220526055592152
0.012591166544870691
0.0
0.0
0.06220332694379756
0.04904228152523898
0.10645193506708124
0.013110299278015493
0.0
0.0
0.058589714483104904
0.05204756416671726
0.07449187344754603
0.021777702514123625
0.015304066033522058
0.0013346475459123776
0.0
0.0
0.07288229793828328
0.058383968253672695
0.015060038929691932
0.015552367975776022
0.017229377734418204
0.017396632108262797
0.003231219650483012
0.009639752065594646
0.021235769147215994
0.01769294784170536
0.07802547975417329
0.03090331181662747
0.12663350411598173
0.0063606142148092395
0.0016476051905594629
0.0018841085893108477
0.04485607582096447
0.03984742894133764
0.05703071183889032
0.016672931141550943
0.011716738209514025
0.0010218013868453515
0.0
0.0
0.024437105509555242
0.21519145624330402
0.067265132274024
0.012683732686284619
0.007813626564314773
0.005764947440481991
0.0019387317031309432
0.0
0.012587249073242365
0.010487283967890938
0.046248673213410085
0.018317569772364956
0.07506050034143892
0.0037701782697664157
0.0009765983404777107
0.0011167829114303628
0.0
0.0
0.035190167631979054
0.05184353515760114
0.04555574433669577
0.2050899526515938
0.044548613143393805
0.0
0.01448480304836055
0.12755217102759425
0.039870605486815335
0.007518131384547496
0.004631434022874891
0.003417103888465049
0.0011491601111467077
0.0
0.026283203774281737
0.03426573963976199
0.055038179555141675
0.00469399354618124
0.028621777771586598
0.06429020056802134
0.03412871861452186
0.0032615820490645322
0.0
0.0
0.02329135907468742
0.03431374370491911
0.030152035942460402
0.13574313654243508
0.029485444793937495
0.0
0.002392455686007697
0.004029266467999133
0.004316491996471835
0.005322438893687764
0.030730256528432136
0.0575848299351841
0.08734060029364317
0.009310132831798299
0.017396096067006653
0.022679506794510907
0.03642818687999047
0.0031068192206910503
0.018943930884492893
0.04255183328688355
0.022588816521789686
0.002158747279944245
0.0007170968193596913
0.0
0.0
0.0
0.0027158059816288437
0.07848982820504395
0.2982109098960121
0.0
0.002774899130854133
0.0046733605497571275
0.005006500207883049
0.006173251670447406
0.03564260881837564
0.06678999133487455
0.10130233853883341
0.010798394158014308
0.011508279491241249
0.015154984657200285
0.019594569760736515
0.007693861499030327
0.031553283741685485
0.041049872316475625
0.021210050735591804
0.008502632349642157
0.0008317275644507252
0.0
0.0
0.0
0.0031499382421439296
0.09103673574431505
0.34588109594728855
0.0
0.000857325129272184
0.0
0.0051600025094033775
0.00674425451664927
0.011855474604042909
0.05510889955247677
0.06754125697368718
0.022404144102806275
0.014972568575950279
0.019717026095873162
0.025493040873933965
0.010009912341438137
0.04105163634393517
0.05340694312822454
0.027594823307839293
0.01106214408748076
0.04582754831086489
0.027379032179367716
0.012699788705396836
0.013004345769358603
0.014336900826769099
0.021644226029190028
0.09094537367006637
0.06783513924906695
0.0011154021154667598
0.0
0.006713296412632113
0.00877444915385022
0.015424278376673668
0.07169810033920361
0.08787291814680626
0.02914836959078395
0.008679181807069246
0.0
0.00310773599921309
0.003291075797613234
0.028005349247960675
0.07892530854709118
0.1274488043016963
0.032814934397496484
0.027183785330112425
0.01624057495420762
0.007533205301830352
0.007713861133369635
0.008504300333291104
0.012838827641897676
0.05394658029366627
0.04023815218471411
0.09691056515642935
0.0
0.0003588189162857258
0.0
0.0016046869532950342
0.0007176378325714516
0.00544165871180107
0.2120107035454322
0.00514827922899057
0.0
0.001843433292398982
0.0019521859947772152
0.016612090982639362
0.0468165704633245
0.07559952614561842
0.019465019735122536
0.023220887295743852
0.020066740614238576
0.013759803752345158
0.033979924486580916
0.01141020424966325
0.01866794677951226
0.14346252975382554
0.07675129353638477
0.08711710843604965
0.0
0.0003225578799227089
0.0
0.0014425226711913687
0.0006451157598454178
0.004891742931255595
0.1905856128334141
0.0017544360625587321
0.0008426667865225022
0.0025997016091634925
0.0
0.004616072547812379
0.001612789365221124
0.000612010510018525
0.0
0.02087426229801939
0.018038863102561583
0.012369284129309297
0.030546027271308895
0.010257127272871355
0.01678142668184904
0.1289646876055274
0.06899506520082156
0.006595216580169775
0.019159116136706945
0.034366801782219146
0.3102595440553399
0.02252649839392455
0.0003225578799227089
0.0029009995735708827
0.0
0.0021713611938347127
0.0010429185757386975
0.003217496100401946
0.0
0.00571303851542324
0.001996053499016147
0.0007574490173982782
0.0
0.0012497271752488336
0.0
0.00039921070831632014
0.0
0.009870234775146052
0.00039921070831632014
0.0010099320515746736
0.0
0.008162507402082391
0.023712098819232544
0.042533747076133305
0.38398978928652977
0.027879707610553243
0.00039921070831632014
0.0035903946754240823
0.0
0.0018643050763280206
0.0010429186608696055
0.0036807754360728153
0.4385223877623013
0.034709459322461465
0.0
0.002085837321739211
0.0
0.0012652726508282238
0.0
0.00040417652840895495
0.0
0.009993011567312172
0.00040417652840895495
0.0010224946927299093
0.0
0.0016267791224934306
0.00040417652840895495
0.001426671264233794
0.0
0.00957992149912798
0.0
0.0005112473463649547
0.0
0.00188749534506073
0.0010558916256053772
0.0037265609529343624
0.4439772095866066
0.03514121359888082
0.0
0.0021117832512107543
0.0
0.002057905453016644
0.0006517150541014926
0.005929900933615097
0.3869963847710731
0.08673598032363279
0.0017802129310001233
0.0013095870808028263
0.0
0.0016076461027499432
0.0003994228913656851
0.0014098917708848671
0.0
0.009467249271749665
0.0
0.0005052344184655522
0.0
0.0005358820342499811
0.0003994228913656851
0.0014098917708848671
0.0034127220162127056
0.016612343061749413
0.0
0.003325017491766432
0.0
0.002033701831813018
0.0006440500448664713
0.005860157653737075
0.38244480836583
0.08571585337397095
0.001759275331859909
0.0012941846483973674
0.0
0.0005358820342499811
0.0
0.004037630168136891
0.4578087143163739
0.016880431263271017
0.0013951241845817667
0.0005052344184655522
0.0
0.009345166663898376
0.003630771526278807
0.00719961976391576
0.014017739862429903
0.0487302273861729
0.03445797822712019
0.09171711251383628
0.018490784445872686
0.09689751018367626
0.1181227560409823
0.011867395397189938
0.010712552208236909
0.009947962336197632
0.003918826894062762
0.0017166149358624995
0.011033416745049714
0.04067143972583231
0.005911537940854247
0.015619233296283027
0.019448872333482387
0.01951620362446148
0.012379281342296863
0.006539749440657007
0.025417179706756186
0.24250583050394042
0.08711448502804034
0.0021525438222090728
0.0
0.003832313043451702
0.006786368858289084
0.0043646320119299425
0.01593362217387385
0.10205644271085407
0.124411744552499
0.012499228888178412
0.011282900547749495
0.010477603050165074
0.004127469649628275
0.0018080094475736185
0.011620848273724166
0.06637131451106543
0.024241188473785223
0.01246040161457818
0.02589760364774817
0.00955860296333136
0.007848991333654923
0.01585270432352111
0.006733847513727155
0.255417113927483
0.0917525582824263
0.002267147678588045
0.0
0.004036349704215369
0.007147682776243108
0.0045970099338479
0.016781946156118003
0.0794304958000112
0.01449176714362283
0.008657081724144002
0.01306881766599315
0.009529597348881928
0.009561727144052283
0.014770342628381294
0.021241174084864985
0.13180147005251966
0.0481386318803798
0.024744112156651493
0.05142797391848601
0.01898166295931059
0.015586682346523852
0.03148061402037879
0.013372207676718147
0.06554815994610208
0.008039050092137089
0.00994963434215134
0.020547609053040407
0.015913632404144222
0.009806565397258145
0.03471886539620111
0.03557702981800435
0.1577346507382578
0.028778038031322277
0.01719140423859996
0.025952316794012914
0.01892406303602484
0.018987867019223535
0.029331238742838054
0.042181143927169575
0.03085069931960334
0.015215956279383845
0.018679541010273224
0.0
0.014800575901812779
0.007410646136751747
0.026836721727216174
0.011490666701437098
0.09423036175708334
0.011556733232302415
0.014303340386405067
0.029538718339358325
0.02287703178159049
0.014097668122766003
0.04991095476623005
0.05114463003613953
0.017315595614133577
0.0014287914997100839
0.029099922731140114
0.06634933575707276
0.05978521241771266
0.0
0.010233401981293817
0.0
0.04435017794146487
0.021874070391377433
0.026853231399655664
0.0
0.02127693016230769
0.010653355744753826
0.03857978620313871
0.016518689174445357
0.025137975152699936
0.16837692574934116
0.05050096531924316
0.036206515699818115
0.04296253091868526
0.014644578869955762
0.005539942936329275
0.004651808025878335
0.00808367339480639
0.0006670220355287414
0.013585110002259052
0.030974756639889488
0.027910338275019514
0.0
0.004777397276881547
0.0
0.026592231613945135
0.06157878504214476
0.15852386414957473
0.014031199878588514
0.010750304134068155
0.0
0.0
0.02765537612902499
0.011735500497327389
0.07860567463635271
0.023576047793007607
0.016902776791712718
0.020056778634715222
0.006836726568768897
0.002586286392978424
0.002171666376052702
0.018387216843267735
0.11197713325539527
0.32203375181300276
0.0
0.0
0.0
0.0
0.0
0.01682071357226391
0.03895119147423289
0.10027306289819432
0.008875328616991808
0.006800023002170971
0.0
0.0
0.017493197538021178
0.007295838488483863
0.059765936372924267
0.1496346585707815
0.08064867536903964
0.0
0.0
0.0
0.0011477457125454041
0.011630693971149136
0.07083028278621391
0.20369999699489
0.0
0.0
0.0
0.0
0.0
0.02179561215463272
0.1507258693981903
0.03323569966252864
0.0011477457125454041
0.01047645990544587
0.0008438394166312595
0.005011267693962552
0.0028959191672298414
0.008009164318832807
0.06560934782687734
0.164264679128729
0.08853382570713567
0.0
0.0
0.0
0.0012599626516570904
0.003642124755191239
0.023106179100045893
0.1570105372119416
0.08685652386904101
0.07538569743377521
0.015567398225024967
0.0028541912600342756
0.0010561934539079134
0.023926604111582934
0.16546257938885695
0.03648520732315231
0.0012599626516570904
0.011500760192926956
0.000926342949775501
0.005501227373653806
0.003179057828789895
0.004227344612045627
0.009906920147370293
0.021855348958686512
0.0032795573207215238
0.009886166507347853
0.007055810919428442
0.0023910196369908996
0.0
0.005176395257827904
0.032839818501417456
0.22315232313074096
0.12344544146278495
0.10714244923874207
0.02212527350521977
0.0040565392721149405
0.0015011223265664123
0.006580059355101107
0.0
0.0
0.012461233198836304
0.14293724117587417
0.11686037229243294
0.023262215195758388
0.002427637598374401
0.006008143068632565
0.014080279484505085
0.031062067422777943
0.004661093758131385
0.014050783228606187
0.01002812057203734
0.003398253366431763
0.0
0.03252295919780572
0.02175290306781468
0.0168108197105252
0.002799180646990856
0.0
0.0022992930887871348
0.009829664057381731
0.006727940993066106
0.009834026359836068
0.0
0.0
0.018623554764505248
0.2136224799303795
0.1746500934908943
0.034765831898753756
0.003628151487119246
0.0
0.0
0.0
0.0
0.11644157274204826
0.1318236297019231
0.0031111143080126114
0.0
0.048606193468931094
0.032510135642775134
0.02512409618852387
0.004183429781239121
0.0
0.003436338127648111
0.014690623629965687
0.010055038336689456
0.008925122440976634
0.003554004726887622
0.003212087291407998
0.0
0.0035198240396869637
0.04970513480836358
0.07376812376461679
0.01220882989696952
0.0
0.0
0.0
0.0
0.14351523143151218
0.16247374781448412
0.0038344749165611864
0.0
0.0
0.0
0.0
0.004471727649161813
0.06551551806113202
0.17040072091066674
0.03619767754575035
0.0
0.011000289522960055
0.0043803411348443564
0.003958924979705054
0.0
0.004338213146372768
0.0612620025423347
0.09091984164281552
0.01504748696630087
0.0
0.0
0.0
0.0
0.05806459676824012
0.10046672719950019
0.06415178365355453
0.0
0.0
0.0
0.0
0.0041045472400254805
0.06013593848611602
0.15640885661794032
0.03322543077810006
0.0
0.0
0.0
0.0
0.019251681556124993
0.31316110082992654
0.05815979650346514
0.0
0.0
0.0
0.0
0.0
0.0
0.053296823757355866
0.09221725028768168
0.058884182400344744
0.0
0.0
0.0
0.0011130016831366262
0.001574022071213712
0.05576628350304014
0.08495728220876066
0.007743164957437242
0.0
0.0
0.0
0.0
0.018581523350349995
0.30225984626476693
0.05613523232399996
0.0
0.0
0.0
0.0
0.0
0.0
0.2485479273940122
0.05531450177436128
0.0
0.0
0.0
0.0
0.0010742576799792456
0.001519229776627932
0.053825038402648004
0.08199988757045026
0.007473622501118924
0.0
0.0
0.0
0.0038807037796636324
0.01600587862416441
0.11782130480779845
0.023505195573423874
0.012055235235665308
0.0
0.0
0.0
0.0
0.0
0.24974724535678192
0.05558141076159449
0.0
0.0
0.0
0.0
0.0036764445630650166
0.018456842184395545
0.19942544884259522
0.0620239742462075
0.0
0.0
0.0
0.0
0.0038994293341268597
0.016083111767667718
0.11838982778336506
0.023618615160403304
0.012113405345209724
0.0
0.0
0.0
0.0
0.016681956109560744
0.20668512349136997
0.01361654714541358
0.0
0.0
0.0
0.0
0.0033664743420034316
0.016900699733759416
0.1826113912925176
0.05679457810588142
0.0
0.0
0.0
0.0
0.029499892735364817
0.09378224725494529
0.14082816842638093
0.03382297332130383
0.0
0.0
0.0
0.0
0.0
0.015275458735720495
0.18925898464450822
0.012468502055556285
0.0
0.0
0.0
0.0
0.007720060414526849
0.049097231448622346
0.1685727716780526
0.0
0.0
0.0
0.0
0.0
0.026121116628615982
0.08304087883354914
0.12469838602666969
0.029949052316153045
0.0
0.0
0.018458675556200656
0.007355830311275403
0.0038549475954006243
0.031137806201556695
0.11291953982891728
0.1031479153424657
0.03143739933144579
0.04252241979299394
0.0
0.0
0.006835841752945391
0.04347387023798127
0.14926525560320855
0.0
0.0
0.0
0.0
0.0
0.013373178855402082
0.06608085874501479
0.08855266378434885
0.015006171195678663
0.0027676910545794352
0.0
0.021322889240357374
0.008497226928369763
0.004453115845383461
0.03596942753568646
0.13044114858150296
0.1191532711826839
0.03631550822313054
0.049120579898453774
0.051163896160573784
0.04182576474082544
0.02548773962203523
0.052591004245674
0.016727165384415408
0.003033083527839457
0.0006394301544953413
0.005599550595688896
0.0
0.0
0.0154482812516545
0.0763345575709156
0.10229328946507166
0.01733466333232186
0.003197150826376639
0.0
0.0004521454060769566
0.0
0.040334332044922636
0.033678457899901
0.0823921303901362
0.015025973123484821
0.009303394853564543
0.0018642432223380568
0.0777831818986044
0.06358665604107845
0.03874836820446709
0.07995277835435395
0.02542988797531465
0.004611120447496261
0.0009721095489379569
0.008512855650554183
0.00718156850909482
0.009560593485457024
0.07569398107369785
0.1312840303652603
0.018684356288083608
0.0
0.0
0.0
0.0006873852658743231
0.0
0.061319268500636834
0.05120051077953545
0.12525867938274746
0.022843608254529253
0.014143716731388884
0.0028341619881970944
0.0
0.00743520872679606
0.07815539321650726
0.06566308691418443
0.026919572340268236
0.0015370402037938932
0.0
0.0
0.009418692986054512
0.012538806068612218
0.09927335062284899
0.17218021027249086
0.0245047046890454
0.0
0.0
0.0
0.0
0.0
0.029209178555074048
0.15816172215004431
0.07572701493183884
0.0
0.0
0.0
0.0
0.009751344458559245
0.10250151523005267
0.08611774090549876
0.03530526609441607
0.00201584232865336
0.0
0.0
0.0
0.004507560412609454
0.04143662397341242
0.04952060232936395
0.07997219373034273
0.00403168465730672
0.0038247916683098737
0.0
0.0
0.0
0.03307913697641869
0.17911675474073693
0.08576017620702481
0.0
0.0
0.0
0.0
0.0
0.018868161326034746
0.12668751127487846
0.1619560391429552
0.0
0.0
0.0
0.0
0.005104772393275286
0.04692661101962952
0.056081645175989646
0.09056780373753968
0.004565847299447841
0.0043315428150001445
0.0
0.0
0.0036811036893859314
0.07072329705073362
0.05333293056722355
0.05921535976199332
0.0
0.0
0.0
0.0
0.0
0.01612614213027058
0.10827662418436035
0.13841974641541982
0.0
0.0
0.0
0.0
0.0
0.09093672527984856
0.0716962371833769
0.15562496172350954
0.01916630094172752
0.0
0.0
0.0
0.003146146583418905
0.06044542022161933
0.045582312112424826
0.05060987614619313
0.0
0.0
0.0
0.0026177522144582655
0.03253815154204787
0.10929355157736409
0.05177771760411171
0.037887745246515954
0.0039023146571474463
0.0019511573285737232
0.0
0.0
0.0
0.07217520810735072
0.05690430157122568
0.12351735742107092
0.015212025228093845
0.0
0.0
0.06798229360929725
0.060391364253035054
0.08643374450438727
0.025268909048498676
0.01775747705353615
0.001548606306270824
0.0
0.0
0.0020776733522190247
0.025825076191700432
0.08674476462190962
0.04109525092200047
0.03007097395986339
0.003097212612541648
0.001548606306270824
0.0
0.004223923448938599
0.03987426064292363
0.17106540791807345
0.05449855200615512
0.006457793423235663
0.004038270981929827
0.0
0.002190060035508319
0.045965584241220214
0.04083304921967892
0.05844135808558795
0.01708533363448701
0.012006550001193586
0.0010470754934582187
0.0
0.0
0.025041553710457774
0.22051418517799726
0.06892892540085757
0.012997462943739031
0.008006895465063986
0.005907542565233343
0.001986685945892304
0.0
0.0028559658524686784
0.0269606038474115
0.11566425610184981
0.03684868000571332
0.004366375887728822
0.0027304386944571254
0.0
0.0014807883598931726
0.0760368770827703
0.10681055164534646
0.04214711177144249
0.0014807883598931726
0.0
0.0
0.009241157095668882
0.0546136040295108
0.01859960601508099
0.163786840563911
0.05119693731157956
0.00965386144743099
0.005947119047646599
0.004387825352257363
0.0014756103513602578
0.0
0.03374966393285277
0.043999856607442905
0.07067327405799873
0.006027450308078964
0.03675257359215302
0.0825535837251909
0.043823911026633834
0.004188123296942382
0.0564763661515959
0.07933350309758347
0.03130475379788573
0.0010998550810459068
0.0
0.0
0.006863866479304379
0.040564236938234736
0.15116414488287214
0.019101653008467657
0.006706662183610665
0.009902737567397183
0.004173656532043678
0.0
0.0
0.016491882453368245
0.019849620048567877
0.02587819652328567
0.0415659735288216
0.0035450011803088714
0.021615759583938524
0.04855329148915067
0.025774715406103786
0.002463214339741566
0.000818235272298979
0.0
0.0
0.0
0.0030988399151923264
0.08955993698507857
0.34027020964779586
0.0
0.08890609538694891
0.011234498668550653
0.003944474718433665
0.005824223273588556
0.002454705816896937
0.0
0.0
0.009699581045793612
0.0
0.0011949546812981672
0.0032199836060261633
0.001043049407872209
0.003918425353411463
0.08146176625860177
0.16125581131820854
0.0028491747087978146
0.0006639509581690878
0.0
0.0
0.0
0.0025145307230812802
0.07267274827658421
0.2761097442026423
0.0
0.0006843849661500867
0.0
0.00411912356486081
0.005383799262950563
0.009463980826584607
0.04399229774917322
0.05391679222900268
0.017884766093859347
0.0
0.0009696371355238447
0.0026128318747528204
0.0008463747252408896
0.0031795772633973676
0.06610154755316139
0.13084983507767536
0.002311941738446859
0.006684628380400077
0.00416404417416847
0.005155921342339564
0.007141539165610588
0.004397417260023066
0.02953621590023393
0.23020053829962003
0.01844161879204087
0.0008745953229950231
0.0
0.005263947022290087
0.006880112638663663
0.012094294552388337
0.05621902841564415
0.06890182667168482
0.02285545935723996
0.006805412783989354
0.0
0.002436799547289395
0.002580557684355968
0.02195920837110742
0.061885937604071344
0.09993358145723671
0.02573044084323706
0.008542479754260982
0.005321352366869136
0.006588900859566073
0.009126379248750259
0.005619586576409889
0.037745183724054485
0.29417991935204474
0.023567077510055896
0.010188159241462916
0.012001634236100104
0.010206091381930845
0.007285168951253149
0.042100260666732614
0.07166987398381261
0.04564373771947927
0.01579272064074728
0.00520881625350461
0.0
0.0018651096548199526
0.0019751411466183023
0.01680742742697645
0.047367072047978694
0.0764884776115288
0.019693902887037828
0.023493934533652863
0.020302699216025455
0.013921601032565218
0.03437948391802083
0.011544373315412915
0.018887457396856867
0.14514946130789674
0.0776537882791199
0.007797947183317875
0.009185968502114802
0.007811672320601131
0.0055760183323618805
0.032223250667993676
0.054855629826273636
0.03493540369266997
0.01208764002590895
0.010521099021811834
0.00474179772512061
0.006300845055712075
0.0033114174406023264
0.007741412821985347
0.040729677162604914
0.0962660183054923
0.15117524807224886
0.017848303330696192
0.015423927121293828
0.01057621735185468
0.02611803725096282
0.008770241374476498
0.014348770244584858
0.11026980644725967
0.0589934549276152
0.005639165800157447
0.016381786885394635
0.029384947547255732
0.26528393552229285
0.019261029231742215
0.0002757994893603037
0.0024804670752952185
0.0
0.007992861580703135
0.0036023359139580853
0.004786741600602441
0.0025156783700817833
0.005881138557571875
0.03094226858929082
0.0731331353926112
0.11484758671740539
0.008323853821271217
0.002750169083176983
0.003458696378050923
0.002789139279489539
0.01011999802918049
0.011947998562877569
0.08322166761900633
0.03263068302764231
0.006608936430813991
0.019198972327731992
0.034438294110308736
0.31090496859199285
0.022573359659168072
0.0003232288883547839
0.0029070344445087074
0.0
0.001509471677042817
0.0008444198323714188
0.002980213024603312
0.3550583713370284
0.028103203943380197
0.0
0.0016888396647428375
0.0
0.00975531181626787
0.003223117263939856
0.004053490410831144
0.003268789187634462
0.011860339990881163
0.014002702842202315
0.09753334632313661
0.038242200613734026
0.0016369911090292973
0.003310477076838561
0.00837151960898507
0.0005960045980587581
0.005955273548406721
0.0047290908484153155
0.004555753916941081
0.0017660918856400199
0.0018017689043861253
0.0010079350406855033
0.003557307657932595
0.4238126110258201
0.033545166662552535
0.0
0.0020158700813710066
0.0
0.0019644393100703146
0.0006221153986277033
0.005660576136644282
0.3694197466579357
0.08279659743136486
0.0016993590530730038
0.0012501081318960355
0.0
0.001953981463755468
0.0039515247264633535
0.009992598035014432
0.0007114161649970203
0.007108465074120159
0.005644841812060061
0.005437939557541558
0.002108081582603012
0.0021197663178961056
0.0016300505215884869
0.005991568272458598
0.005693932509841487
0.01457091789576762
0.0013937546004680233
0.001991707806184875
0.0005456313108563829
0.0019942761745850054
0.0006315643914096148
0.005746551734056911
0.3750306743529682
0.08405415262646457
0.001725169749065713
0.0012690953852913874
0.0
0.0005254933425221702
0.0
0.003959356047254316
0.44893356400461765
0.01655318462050557
0.0013680780920664268
0.0004954398661419899
0.0
0.002151962364933877
0.0016548085257250442
0.006082571140228266
0.00578041474015577
0.014792228119444186
0.0014149236266464916
0.0020219588379481635
0.0005539186259256442
0.0014013155800591203
0.0007833592352368769
0.005746760880449999
0.003660117339595307
0.0063059201102660415
0.0023500776221857134
0.0030128386537570605
0.0
0.0347625004405155
0.005052681726006061
0.013349997147941923
0.016623248097873317
0.016680797180180198
0.01058076075043723
0.005589623685421377
0.021724451524433763
0.20727343552498967
0.07445808027885252
0.001839812066457171
0.0
0.0032755364638977465
0.005800413066664491
0.0037305176128553615
0.013618710121208091
0.02695552840735223
0.011054883122168967
0.010750530404663531
0.08734927981249602
0.14851346110370484
0.016479588803748276
0.015409702195838327
0.004740481626834441
0.1744701592794543
0.03337250606990779
0.001798126987072256
0.0
0.00018163825168867034
0.0008123109681066824
0.007894532474095146
0.025856472308171875
0.27116252574642874
0.09740872514369932
0.0024069079840148403
0.0
0.00428517401892513
0.007588307944747227
0.004880396639739386
0.01781648393351405
0.08432705832130451
0.01538512482883022
0.009190755113530184
0.01387445638367202
0.010117057728570817
0.010151168193120903
0.01568087334347199
0.022550604875704913
0.22824810587893546
0.043659106693936155
0.002352374071440254
0.0
0.00023762566088275782
0.0010626942774670143
0.01032790989275011
0.033826362361476695
0.030794865755861933
0.009754625657879016
0.016686552813395893
0.007460852829718537
0.009948869479472959
0.005349949438108831
0.009537381067550182
0.003926799761003951
