0.016850921444248275
0.0017305176494249374
0.0038306637598674274
0.0
0.0034825995392073353
0.005590412053539721
0.027895434901096222
0.008383764814029524
0.09557519314268037
0.07629170582054409
0.019163338689029714
0.0
0.0015478220174254824
0.014022786912864807
0.0872382847456384
0.06364395392039578
0.014538214880318376
0.01302093817482697
0.03388392205667266
0.009062280952187217
0.0007739110087127412
0.00805511892703264
0.026665046177546704
0.019783109016928074
0.12868243794531267
0.24497875706777095
0.012192516338696382
0.0
0.0
0.0
0.012046452976149204
0.05106939976480779
0.07208960411949625
0.05754462731760953
0.014454352162674954
0.0
0.001167477384189713
0.010576982624469815
0.06580131522191543
0.048004793836738065
0.035131908710248586
0.023269472445117304
0.0033021246444564552
0.002775172623900118
0.013017164183830313
0.0076162652511948805
0.016334070514708973
0.056798212972391585
0.09706144140101784
0.18478039158484688
0.00919646246243999
0.0
0.0
0.0
0.009086291092274207
0.03852017129768408
0.008478103398982088
0.08529261700904396
0.12978152890340175
0.0042496818210325926
0.0026557247399711715
0.0
0.0012382967068776333
0.0017753719767229102
0.04312964176502456
0.028566737403773645
0.004053848999593916
0.0034069370409697958
0.01598050457991006
0.009350098071261774
0.020052500297501302
0.06972825184639637
0.01830315189856442
0.03477389431096768
0.11115843544556209
0.008485300771087084
0.007882886458087544
0.007089542223098359
0.013752764886838539
0.011159598372450208
0.010408132545849007
0.10470936968273471
0.1593261241649541
0.005217116327727587
0.0032602970025382137
0.0
0.0015201933321334778
0.002179533084502907
0.019773343257166322
0.06488385280657957
0.17442112084711142
0.027095585145614103
0.010442006647253293
0.002093128326520625
0.004491236331275139
0.0033044074862855523
0.013892825934789277
0.026394779621258836
0.08437370805789084
0.006440683400889669
0.005983426790798121
0.005381246716887582
0.010438899800089385
0.008470582473981908
0.005322420046544071
0.04063393907669413
0.07421517245130234
0.06827159804383832
0.03693905915756679
0.01527169951568062
0.00972549835598229
0.026212487026201714
0.015008760105531182
0.049249445014495026
0.132392622030844
0.020566635195701115
0.007925901591385516
0.0015887682985250547
0.0034090283973057687
0.002508177732392663
0.025734887150140807
0.17963186850804133
0.0928517205756936
0.013990034334677026
0.003929387467463198
0.001359869725181391
0.009903084858911861
0.0019814344166649333
0.0041606172367977395
0.031764172283105976
0.05801513654175067
0.053368953431129476
0.02887582808159919
0.01193812132159576
0.007602570962549627
0.020490702422362617
0.03523506187574079
0.09160298376542148
0.04755410776971835
0.011359021989618632
0.005374707914492579
0.007149417022806254
0.0012396964624705456
0.008945629734868284
0.02011735528717705
0.14042098178215504
0.072583611536711
0.010936224027272
0.0030716623423586876
0.0010630309838215153
0.0077413930507444825
0.0015489176193287007
0.005614801887150415
0.28194439105773705
0.029380015164672934
0.0
0.00042521239352860614
0.0004754019153826262
0.0
0.0
0.03919717149698875
0.10190354928143894
0.05290146854884008
0.012636320450786411
0.005979082670935686
0.007953354137271136
0.0013790977582225868
0.00995154724299238
0.026479870784276143
0.08443834538890824
0.15585305522072215
0.0
0.0
0.0
0.009124568031340475
0.011075285064567196
0.006246174712801573
0.31364845300620986
0.03268373692815045
0.0
0.00047302664517984285
0.0005288598746602304
0.0
0.0
0.0066898699671527175
0.055056022057131844
0.062602834636586
0.0009751693873361389
0.0009460532903596857
0.0
0.0005288598746602304
0.000747920805428229
0.04320994976301727
0.1377868000962288
0.2543215841709876
0.0
0.0
0.0
0.01488950340639788
0.01807269057880813
0.0
0.00934498921790371
0.17308128451156263
0.046772175353515424
0.030424679782089813
0.0
0.0
0.0
0.010916554221761432
0.08984061767600765
0.10215553397925332
0.0015912849643604766
0.0015437732110782534
0.0
0.0008629954731242036
0.001220459899240125
0.012350185688626027
0.012683479613762145
0.019851028169872782
0.0
0.007134869606678553
0.0017259909462484073
0.008998615762807706
0.001220459899240125
0.0
0.017914492744233047
0.3317995712188176
0.08966300297032417
0.05832459433528668
0.0
0.0
0.0
0.00689886034186814
0.02076148990158346
0.05050995881934203
0.02911880491154398
0.06167759044762666
0.02785531959261031
0.008540347978580084
0.0
0.023675502105978085
0.02431443185370949
0.03805473626801311
0.0
0.013677658349247852
0.0033087520554801802
0.017250489329844493
0.0023396410097163475
0.017876688913971994
0.0033087520554801802
0.0010463192375388519
0.0
0.0038193598913399776
0.005976353181817522
0.07629098285233134
0.06599535261363022
0.00917220977359904
0.02760292731744378
0.06715427113884732
0.03871418955741086
0.08200192059005633
0.03703435378500209
0.011354609213303347
0.0
0.03246084232874601
0.002199534882414589
0.0
0.0
0.022283414225527206
0.02068855467661632
0.15036321733221394
0.07397272188612729
0.023767511248375624
0.004399069764829178
0.0013911079600518147
0.0
0.0050779358311744596
0.007945713110334205
0.10143079637500581
0.08774249488444331
0.08292094411326817
0.024194885817269907
0.006955539917520708
0.0
0.0
0.0
0.040212755727914835
0.03895721945528631
0.03864393210535327
0.002618498799216746
0.0
0.0
0.026527923634445075
0.02462927776747975
0.1790041645525291
0.08806292865925493
0.009368225964934125
0.002618498799216746
0.02014175149124659
0.011109348957951834
0.03316885329768369
0.005236997598433492
0.1062570277628127
0.02114374844953314
0.09871559406784856
0.02880348930413822
0.0082804201322501
0.0
0.0
0.0
0.04787241767729963
0.04637772884624922
0.035700940999124346
0.005236997598433492
0.004274582937344722
0.0
0.027123680859392735
0.007855496118455348
0.05653200233919643
0.0646939723640217
0.010732268905246893
0.0029997603971605117
0.023074453374186524
0.012726904840387443
0.03799834186342981
0.005999520794321023
0.12172838265124078
0.02422234421700164
0.05141367799498843
0.005999520794321023
0.013501857178823564
0.011466681334701623
0.042326860883177296
0.06009074610407069
0.07283779232064061
0.008484603653387011
0.040899109437274386
0.005999520794321023
0.004896975554718729
0.0
0.031072973450117662
0.008999280871634997
0.06476323832572806
0.07411361666105735
0.17496389629082248
0.06437777463092625
0.007588859990539793
0.0
0.002683067226311723
0.0
0.009793950469744381
0.004242301826693506
0.049078717729141866
0.005727051614617029
0.012888668213218706
0.010945920199887216
0.040404579844464834
0.05736171542644136
0.06952985253587636
0.008099274045105605
0.14511991464904303
0.010344348130516691
0.041694720829952854
0.008099274045105605
0.005122430613164861
0.0
0.013672559459760536
0.026439039567296742
0.16701788344504648
0.06145404787903951
0.007244210721473488
0.0
0.0025612153065824304
0.0
0.009349156670033115
0.0040496370225528025
0.1721747053770253
0.010344348130516691
0.008239402181957062
0.0
0.0025612153065824304
0.0028635258073085143
0.01186150723737315
0.03574943883311958
0.18173043538880407
0.012953996659372732
0.05221336980638815
0.010142540409494295
0.006414705713069597
0.0
0.017121841544012917
0.033109020105520984
0.06575073355896337
0.0035859295601693257
0.010389752498441386
0.0
0.012829411426139194
0.007171859120338651
0.09293524032095454
0.03858060301617397
0.21561054695198723
0.012953996659372732
0.010318019752779625
0.0
0.0032073528565347985
0.0035859295601693257
0.014853901201832657
0.04476822564125648
0.03046985213708059
0.007171859120338651
0.006803822555925804
0.010142540409494295
0.02726249928054579
0.009368067481549662
0.05348062435271392
0.005071270204747147
0.06890983514815399
0.003758221413949141
0.010888945159154277
0.0
0.01344582149232273
0.007516442827898282
0.09740046602260326
0.04043427122188348
0.05210255828275058
0.0
0.0
0.0
0.0500078998552025
0.12242153136218883
0.10820302547552141
0.017559672171445277
0.031933826044266485
0.007516442827898282
0.0071307233444884285
0.010629855360852666
0.0285723706711858
0.009818171613727425
0.05605018846612498
0.005314927680426333
0.16319323169713587
0.022549327682261432
0.028908610457063326
0.0
0.0
0.0
0.019786700150210966
0.015944782239845585
0.037876441892242346
0.0
0.0
0.0
0.036353710363694995
0.08899547684080591
0.07865920104628012
0.012765167864487833
0.02849842358181756
0.004405337165757771
0.0
0.0
0.0
0.059896806990420555
0.054974534968679614
0.14991622238142774
0.11863484560661565
0.016392444590366057
0.021015384661542267
0.0
0.0
0.0
0.014384126675921908
0.011591208529810534
0.14912834788429533
0.024174810800329974
0.01822866081977714
0.0
0.0
0.0
0.010928296781983714
0.06317898662323912
0.03406666531595111
0.0052660859081883
0.0
0.0
0.0
0.07159990696954335
0.0657158834874268
0.17920800982683957
0.02336879130441015
0.0
0.0
0.0
0.032132088043563954
0.01832963688071257
0.09993705356785434
0.030958612907821873
0.17826619433561683
0.028898271732360748
0.021790317121314032
0.0
0.0
0.0
0.013063551668968523
0.0755233841659943
0.04575106096815618
0.006531775834484261
0.00413105762917037
0.0
0.02336879130441015
0.0
0.03285366557600449
0.009237325947903826
0.026812428128630834
0.0
0.0
0.0
0.036867088676867395
0.021030701378006583
0.11466382797768147
0.03552068965571297
0.03573519271172803
0.017283550976436083
0.010856869535384242
0.006909404411365222
0.10538142957174727
0.0998256821582083
0.10914024163923747
0.0
0.052492960292122304
0.00749430160221363
0.004739812356339514
0.0
0.026812428128630834
0.0
0.03769499823692005
0.01059854293928188
0.02848820488667026
0.02477785337772234
0.03157794705092003
0.015897813609850195
0.042166359347435706
0.011241452003784132
0.05788158646014192
0.028106487892711102
0.028543775455080248
0.013805376736527703
0.008672012731623064
0.005518942898595968
0.08417427288265635
0.07973657450681539
0.08717665455435429
0.0
0.0013385402978006414
0.004826175634310958
0.03230936212289413
0.07023823038143169
0.1274550020226272
0.04212270060901533
0.015143854484284673
0.0
0.022755185062610903
0.019791511655693202
0.025223141714247898
0.012698507758637444
0.033680722045649425
0.008979201102216745
0.046233387356544954
0.022450285513002974
0.024310939961044935
0.0425760888561719
0.10275849848626897
0.009751779030897034
0.016062483573607695
0.002993067140449874
0.008672012093357313
0.0
0.0015611980759562543
0.005628979663065331
0.037683821745610815
0.08192191920574894
0.14865634172962494
0.049129547502551524
0.01766293963825659
0.0
0.01092838653169378
0.0
0.0
0.0
0.00805933801047638
0.11428296991951668
0.12329270938340661
0.0
0.02835491225347043
0.049658354039258
0.11985172981979976
0.011373926272673552
0.018734376911475052
0.003490945075434838
0.010114546881453117
0.0
0.007805990379781271
0.010472834854085887
0.06602782054893862
0.009873883717127743
0.009367188455737526
0.006981890150869676
0.04908145090044953
0.0
0.013838856032670202
0.0
0.0
0.0
0.0102057168386341
0.1447190363477241
0.1561282674333046
0.0
0.03788342796127725
0.013261980931888065
0.02715290496203106
0.01875527297377344
0.0733916208362761
0.0734380090827889
0.01560414525577182
0.0062517579721568985
0.009884897166193
0.013261980931888065
0.0836124802209136
0.012503515944313797
0.011861876599431602
0.008841320935491127
0.06215291991329474
0.0
0.017792814899147403
0.0044206604677455635
0.011183484316677629
0.0
0.0158158354659088
0.029231401577241495
0.11004801142600863
0.01875527297377344
0.04037441419560115
0.014134008985288262
0.028938316581894517
0.01998850685235515
0.07821741214018743
0.07826685059861917
0.016630179939598456
0.006662835952346169
0.033711579247938335
0.0
0.0
0.0
0.09094163839310583
0.10222206233064028
0.10179372964867894
0.0
0.018962763326965313
0.004711336495876646
0.011918842941380133
0.0
0.016855789623969167
0.031153482625802646
0.11728410637119438
0.01998850685235515
0.06742315849587667
0.0
0.002979710735345033
0.0
0.006320921108988438
0.0
0.07719147772496053
0.013325671904692337
0.031860190098932754
0.0
0.0
0.0
0.08594726060749432
0.09660818065526629
0.09620337135895578
0.0
0.03218332654464785
0.018811790018944466
0.028617678421892615
0.01642036573192237
0.11730604229915845
0.01781038797081563
0.06332448487943575
0.012593846077545283
0.06372038019786551
0.0
0.002816069510411004
0.0
0.005973785643549892
0.0
0.07295223804993292
0.012593846077545283
0.12442764597050972
0.008905193985407815
0.014080347789431933
0.0
0.019912618811832972
0.004452596992703907
0.03988195741304429
0.012593846077545283
0.03115501466688995
0.018210721416184225
0.027703295050296055
0.015895707191860026
0.11355791525388083
0.017241315862236102
0.06130116016612225
0.012191451331612837
0.04240802909581244
0.012930986437092439
0.0027260913124726965
0.0
0.007710550744693172
0.04671256867368457
0.1561224163739398
0.007947853595930013
0.12045197160709595
0.008620657931118051
0.0136304567921558
0.0
0.01927637686173293
0.0043103289655590255
0.03860766121935612
0.012191451331612837
0.021516826236023485
0.017241315862236102
0.0136304567921558
0.0
0.01990200207630601
0.06395388637425922
0.06675333773563663
0.006095725665806418
0.038392896339424894
0.011706698765088843
0.0024679888078530353
0.0
0.006980526607168162
0.04228988814323676
0.14134096481029523
0.007195361957049717
0.013961053214336324
0.0
0.0
0.0
0.06384320336658393
0.10060592370211696
0.16574455499528137
0.01103718180687567
0.01947964328563054
0.015608932241547536
0.012339944247301081
0.0
0.018017708414043834
0.05789882204907153
0.060433225279219224
0.005518590903437835
0.012215921562544285
0.0
0.0
0.0
0.033440696499966865
0.028193255433583368
0.1147290119216589
0.016555771878169888
0.009090023396253585
0.0
0.0
0.0
0.04156822579102327
0.06550438467742922
0.10791606188862793
0.007186294566242267
0.0034087587735950942
0.0
0.0
0.0
0.032383134663317686
0.11554670696736738
0.2012659251114365
0.02846276863067875
0.007953770471721886
0.0
0.0
0.0
0.02177319353382069
0.018356591553183126
0.07469990885257952
0.010779441307555785
0.014771288018912076
0.0
0.0
0.0
0.0035931472831211334
0.03671318310636625
0.11248452302035503
0.08654121398266947
0.0020196271183012464
0.0
0.0
0.0
0.019186413966354246
0.0684593068390067
0.11924637304749583
0.016863668920704046
0.006732090394337488
0.0
0.0
0.0
0.006386621474512789
0.045081677124474584
0.21196942346455444
0.08137971539399415
0.008751717512638733
0.0
0.0
0.0
0.0021288739318412915
0.021751888333998003
0.06664501895553457
0.051274083682306175
0.035220796973936395
0.003366045197168744
0.004331412524490258
0.007033460095316222
0.011592352310195701
0.01606935138711954
0.07734675811083973
0.11716246153330871
0.005562146652821012
0.0
0.0
0.0
0.005276715429604982
0.03724710822842874
0.17513208381982792
0.06723705195149515
0.002849546425332542
0.005736661804816814
0.013400895012328985
0.01649513826043002
0.02886593153782015
0.06471572822577677
0.045455522366046365
0.03375489769879678
0.029099911992127643
0.002781073326410506
0.0035786732298402862
0.005811142488493463
0.009577762600263233
0.01327672146322504
0.06390496659026242
0.09680125415456423
0.014198114319576571
0.004805245609846843
0.006707936896403367
0.021424101234409815
0.061204381267059356
0.05786284120707899
0.07654702336483345
0.03068871088730702
0.0025803673144099586
0.00519475467512198
0.012134994947351228
0.014936944081870717
0.02613914466457389
0.05860243172649647
0.04116161896154715
0.030566280285488797
0.03290732251836527
0.014423769516008671
0.003933807963392176
0.004303379506698145
0.0333315506944788
0.17157912002929368
0.14559413552935352
0.022858160615034186
0.012856905853785454
0.004351323634923317
0.006074279387318238
0.01940029826305768
0.05542278010149448
0.052396894762722156
0.06931609723920926
0.027789737268710344
0.029624492043721647
0.013597643187254808
0.03868799725786341
0.004778256602857919
0.001511017468601429
0.0
0.02557821762595401
0.01836563157225464
0.017411742531034294
0.007631826047213764
0.0020814349568212616
0.002276980630743814
0.01763620782360791
0.09078500567720754
0.07703597278237478
0.01209458494047589
0.12133058459975027
0.040572958642054506
0.04385121163672653
0.03275843202241382
0.04530304447937033
0.05969392554744041
0.06668927726667014
0.10003486745489681
0.01567474922306682
0.007194710601970746
0.02047038153649038
0.002528245002909148
0.0007995012997031351
0.0
0.013533806630950376
0.009717522541600502
0.036622558177147636
0.01136610257412575
0.014475134340716917
0.004657934390982853
0.010554701755185063
0.009796703904680817
0.05141484901641877
0.05400470084469449
0.08560434734070707
0.028626101618913033
0.03093906095189885
0.02311259112806933
0.031963396269760504
0.04211682943382038
0.04705237408910086
0.07057923249970235
0.04766651622610773
0.0031329110282136154
0.005554335428373801
0.006462711627243272
0.009734063212631091
0.018476520202389688
0.027783390901462875
0.05714707993820713
0.025838911112509803
0.008019311832010805
0.01021287775043555
0.0032863884634801444
0.0074468309710121715
0.006912028377815003
0.03627555746303214
0.03810281788710444
0.006951547164085506
0.002614323790055239
0.0007977369026969408
0.001550521867419035
0.0011586832139604411
0.002033838179986277
0.0385545955959253
0.27429232685551797
0.09061469458664072
0.005955706404933477
0.01055886706900099
0.012285702557457496
0.0185045863413972
0.035124115788567487
0.052816603361048424
0.10863737493537878
0.0025601170638596526
0.0012887846087420978
0.0049022718250710225
0.0
0.006076557195572934
0.002084241850176601
0.0013047731697072408
0.0032963982559850715
0.013214985550658373
0.004969865023546499
0.0015165086841144773
0.00294756312375792
0.002202672522943598
0.0038663539966691325
0.07329280974225479
0.5214334378365656
0.0029175614343328687
0.0
0.0038983307777137404
0.0
0.008221224441069264
0.0015985406068191098
0.0013047732549286604
0.0026041204620743928
0.012042039915427816
0.01078527580781984
0.02806613777941089
0.007506310083419941
0.0006410324331169704
0.0066720752472961735
0.022086724749917262
0.016386398907586565
0.1065879866894692
0.20291652003546312
0.010099091919383732
0.0
0.0
0.0
0.009978107269173623
0.04230091214687615
0.06128375112605251
0.002150088099498466
0.0004532783726599927
0.0
0.0
0.0
0.010148847958716081
0.014133396490817518
0.3244640005561487
0.03296463265917335
0.0048077432483772786
0.01485056350755601
0.011142252113404867
0.01365603464446648
0.007592233993090793
0.02628415398491945
0.08632116563559206
0.1643336278337802
0.008178833407201621
0.0
0.0
0.0
0.008080852984130334
0.0342577447738572
0.007539963936405485
0.07585461347016008
0.1154206314186618
0.0037794358200008357
0.0023618571067211365
0.0
0.0011012737251527305
0.0015789192521292986
0.26276986370323596
0.026696681345329206
0.0038935907710280176
0.012026852107192242
0.009023645347921497
0.011059452993559914
0.0061486337102051
0.021286440247095896
0.026525271303217208
0.022201452297808098
0.008679640004666096
0.00625280778009462
0.00767878826687595
0.016376525998623874
0.036074496350589104
0.014496606155685368
0.010268294735226845
0.10330255352781363
0.15718550803809397
0.005147022089225454
0.003216493487084832
0.0
0.0014997688701705355
0.0021502501047394517
0.019507679746677557
0.06401210988043657
0.17207769684111612
0.026731544114468687
0.010301713723270852
0.0020650062324521165
0.004430894607840545
0.0032600113272003243
0.036123422601293656
0.030235032642961568
0.011820361810121026
0.00851538200318498
0.010457352554828412
0.022302360742210824
0.04912802820769267
0.01974219318853198
0.0580812397461189
0.11888428531569908
0.02185401027709085
0.006711755206687993
0.005302483931287167
0.0033395645657926854
0.004535396285767201
0.0078101311162847254
0.015125901629865282
0.04963383086789276
0.13342593014198945
0.020727155250676206
0.00798776227725222
0.0016011684394423803
0.003435635444133805
0.002527753750718457
0.02593574477516358
0.18103387312055158
0.09357641682034025
0.014099224829823025
0.003960055852752954
0.00137048334092203
0.009980377216696657
0.0019968992682785347
0.04503514156213492
0.09218072207323207
0.01694520383571709
0.005204173450581137
0.00411145002276609
0.002589437891370304
0.003516664152878303
0.006055834241455232
0.0639216592244432
0.12086897690798917
0.034405014379173614
0.021056005589080582
0.003015063350028466
0.003064493891976471
0.006489683311164078
0.005121912245774848
0.019671916990187954
0.13731178168633282
0.07097646587314363
0.010694074254766647
0.003003649622834968
0.0010394933614889257
0.007569983196535424
0.0015146214995514673
0.005490478995058449
0.2757015809266043
0.02872948313729419
0.0
0.00041579734459557026
0.00046487557051519873
0.0
0.0
0.048483727189607875
0.0916775092072871
0.026095745187986703
0.015970699807702528
0.0022868853952756367
0.0023243778030090875
0.004922338359532328
0.003884902222911949
0.16982394144911475
0.07031377616606649
0.0016316286422953955
0.0
0.0
0.0
0.0
0.0
0.007890904784551006
0.39623772825650505
0.04128995232470402
0.0
0.0005975830631217744
0.0006681181854808662
0.0
0.0
0.008451432974431187
0.06955326225162678
0.07908728623101917
0.0012319490148918707
0.0011951661262435487
0.0
0.0006681181854808662
0.0009448617967606858
0.24407060901575564
0.101054810202904
0.002344973229418964
0.0
0.0
0.0
0.0
0.0
0.003682472497936885
0.009581730276517177
0.016190767256254814
0.0034087596840695223
0.010158912073070164
0.0
0.0016902201160956555
0.0
0.031149170886040925
0.25635019033010287
0.2914894315764305
0.004540554306453502
0.0044049848133681105
0.0
0.002462461406790695
0.0034824463094048417
0.035239878506944884
0.03619089557867332
0.05664269660240897
0.0
0.020358555283407884
0.00492492281358139
0.02567654723637614
0.0034824463094048417
0.01357236878863163
0.035315070789787975
0.05967378284451701
0.012563554397196737
0.037442370913628946
0.0
0.0062295891584978206
0.0
0.00991121583007825
0.002462461406790695
0.016479035306786682
0.0
0.011012462033420278
0.00492492281358139
0.014016574162553542
0.0
0.05071242035962912
0.05208099424677153
0.08151243313277046
0.0
0.029297252351294652
0.007087276305786539
0.036950180080171535
0.005011461123158338
0.038291486228491
0.007087276305786539
0.002241193482060887
0.0
0.008180987395635157
0.012801221001239522
0.16341365749027909
0.141360637191272
0.01426286822614569
0.0035436381528932697
0.023714377035500913
0.0
0.0158476313623841
0.007087276305786539
0.02017073926044462
0.0
0.07984377809726453
0.047661244718553895
0.06601481180799468
0.0400916859625709
0.00316952627247682
0.0
0.04256191760682338
0.0
0.029089915052978758
0.00538418029694859
0.0017026272529983787
0.0
0.006215068983440062
0.009725045125654828
0.12414481345860572
0.10739120709995763
0.10148993704726353
0.029612994216590718
0.008513136408512641
0.0
0.0
0.0
0.04921784346483379
0.04768114729437574
0.060657053332918986
0.03620808949302053
0.05015123352156766
0.030457520818664992
0.002407878594065441
0.0
0.03233414760362947
0.0
0.10928423888053139
0.014065909380278074
0.028676391591427756
0.0
0.0
0.0
0.009725045125654828
0.10586303491378034
0.11224901029605666
0.03275230421285184
0.00941562448625675
0.0
0.0
0.0
0.05443548768052757
0.052735884456029294
0.040595362177887354
0.005954963882838504
0.004860606965659049
0.0
0.030842202397731926
0.008932445506786638
0.06428225826476515
0.07356319372388845
0.12086959566823616
0.015557053761053694
0.031716411189622644
0.0
0.0
0.0
0.010756009139417218
0.11708570565449115
0.1085339988163262
0.007778527515469085
0.0
0.0
0.0
0.0
0.0591844949760791
0.03789715481793279
0.04127643718223995
0.0060548712819805915
0.004942154160527919
0.0
0.031359647051636776
0.009082306600173503
0.06536073218342667
0.07479737540863714
0.17657808137568493
0.06497171227068449
0.007658873432555723
0.0
0.002707820716547199
0.0
0.00988430767546107
0.004281440531759556
0.11035489139494935
0.007909029138739258
0.0
0.0
0.0
0.0
0.060177442889606914
0.038532961557862164
0.0303075057644401
0.0
0.0060548712819805915
0.004281440531759556
0.01397852249661351
0.013963899775125082
0.12578609379334701
0.08969584849900242
0.16516257959819294
0.06077139085403766
0.007163739027414513
0.0
0.0025327642658141765
0.0
0.009245302364272763
0.0040046519766922814
0.17026211741561714
0.010229438825693328
0.008147875488835079
0.0
0.0025327642658141765
0.002831716576247268
0.011729744700613305
0.035352319255132804
0.0283481720621488
0.0
0.005663433152494536
0.0040046519766922814
0.013074832485012915
0.013061155100011568
0.11765421600820618
0.08389714964579917
0.01519658559488506
0.011963727620715825
0.0035818695137072565
0.0
0.0040046519766922814
0.04328890299809034
0.1542786709558175
0.012013955326218786
0.23411758695164706
0.014065909493506291
0.011203672180183815
0.0
0.003482657605991841
0.003893729631845757
0.016128893300222574
0.04861092885948555
0.03308524725692249
0.007787459263691514
0.0073878320952232785
0.011013130478998066
0.029602589650930648
0.010172180276825673
0.058071160706776696
0.005506565239499033
0.020895945635951048
0.016450629676310172
0.004925221535203899
0.0
0.005506565239499033
0.05952406598443508
0.2121396744650735
0.016519694888166823
0.029602589650930648
0.003893729631845757
0.0172382743353008
0.0
0.055722521695869456
0.007787459263691514
0.04464872562610616
0.011013130478998066
0.042046006649155955
0.009896603203190371
0.009388741603967075
0.013995910435612305
0.0376201112124027
0.012927198525510096
0.07379906791207262
0.006997955217806153
0.2148700783778142
0.029689808554355414
0.038062824849444496
0.0
0.0
0.0
0.02605236606873786
0.020993864598202756
0.0376201112124027
0.0049483016015951856
0.02190706303911271
0.0
0.07081432698805214
0.009896603203190371
0.05674132038287271
0.013995910435612305
0.1294283006882262
0.034638109628342746
0.026855364113100043
0.0
0.008851790873506517
0.009896603203190371
0.038062824849444496
0.0
0.14387634811373048
0.019880205113926703
0.025486751247893024
0.0
0.0
0.0
0.017444584736927664
0.014057427604565987
0.1808578414218452
0.02931839693900092
0.022107106359374084
0.0
0.0
0.0
0.013253470546997274
0.07662134869732551
0.08666479477354043
0.023193572397391414
0.01798226977449792
0.0
0.005927132129152071
0.006626735273498637
0.025486751247893024
0.0
0.03731393694778585
0.017296217921033585
0.00838223049956841
0.0
0.02442990741744369
0.06647364126845497
0.09087393495716119
0.04644349792871073
0.18335122938613996
0.029722593613501824
0.022411884921854426
0.0
0.0
0.0
0.013436188883604752
0.07767768524954795
0.04705610789244122
0.006718094441802376
0.00424889585934268
0.0
0.024035385008921314
0.0
0.033790814885859756
0.009500820248622248
0.037828363751482214
0.01753467140059013
0.00849779171868536
0.0
0.02476670916540557
0.06739007693847394
0.09212676410688986
0.04708378898739418
0.01952875031974857
0.0
0.00849779171868536
0.0
0.0030044231261151643
0.005416300768173413
0.1587426127675851
0.05763033200833199
0.059560121852021905
0.008503264326104942
0.005377936392390243
0.0
0.030422202855446293
0.0
0.04276990049158339
0.012025431703691664
0.032323590533911685
0.028113711975777948
0.03582930670556496
0.0180381466488852
0.04784324387143219
0.012754896035831263
0.06567422228370222
0.031890482731519246
0.024718039820050112
0.0
0.010755872784780487
0.0
0.0038027753569307866
0.006855550707189446
0.2009245937032638
0.07294418834287186
0.08016683440534388
0.017006528652209883
0.06307029512636841
0.006012715851845832
0.032323590533911685
0.0
0.03826469082745068
0.012025431703691664
0.027258529205317954
0.023708332716244836
0.03021490456684564
0.015211594353127156
0.04034627461879191
0.010756221705591124
0.05538316370759318
0.02689328878847195
0.029122174357778634
0.05100207088366402
0.12309482539366326
0.0116816959645071
0.019241314733165614
0.0035854073626272335
0.010388238736148872
0.0
0.06760480382410987
0.014341629450508934
0.05318726828588136
0.00507053170590277
0.027258529205317954
0.0
0.03226866741051683
0.01014106341180554
0.06305467739884868
0.024554731698561556
0.04608817509569543
0.024928212771075903
0.02902074196368096
0.020122925735908178
0.04086771284857136
0.0636002396931714
0.03250273316742537
0.056922490764329446
0.13738391285307286
0.01303773002018128
0.02147488408246162
0.00400160844352847
0.011594125753538471
0.0
0.008947868367692343
0.012004824903917799
0.07568651998442114
0.01131825783536713
0.01073744204123081
0.00800321688705694
0.056261196925134205
0.0
0.07037418735546615
0.027405092854369695
0.051438180367491995
0.027821928338351176
0.03238952630315119
0.022458834210208663
0.04561171667888456
0.07098307958517164
0.02147488408246162
0.00400160844352847
0.04466706434491394
0.01869685808452962
0.06442465224738486
0.00800321688705694
0.03037006753336955
0.0
0.011246609660837662
0.015088909916081668
0.09513067379549554
0.014225961165756418
0.013495931593005195
0.010059273634907872
0.07071491162667722
0.0
0.02024389738950779
0.005029636817453936
0.012724086112694854
0.0
0.017994575457340258
0.03325822796647702
0.12520788103821906
0.021338940676074346
0.02699186318601039
0.005029636817453936
0.05614220244864012
0.02350015178140264
0.08097558955803116
0.010059273634907872
0.03817225297528317
0.0
0.1247196430191827
0.01313968284178183
0.06516905851905468
0.0
0.047235760575518176
0.0
0.019602336878728664
0.02350015178140264
0.022392653013492556
0.00556349945221054
0.0140746635765428
0.0
0.019904580456437827
0.03678836858178036
0.13849786830556857
0.0236039278919924
0.0796183218257513
0.0
0.0035186658941357
0.0
0.007464217671164185
0.0
0.0911534857283062
0.0157359527189319
0.13795780705461883
0.014534373145749098
0.07208632243856003
0.0
0.052249523698149294
0.0
0.02168299510382137
0.025994537241534253
0.03980916091287565
0.016690497763428895
0.03723149101642503
0.0
0.07713024926869658
0.0
0.04631365250695357
0.0
0.08569621286699901
0.0
0.003787273262699882
0.0
0.008034019956281157
0.0
0.09811194631353526
0.016937201424791458
0.16734015086723505
0.011976410012396486
0.01893636663274268
0.0
0.02678006652093719
0.005988205006198243
0.053636414305878836
0.016937201424791458
0.042848106433499504
0.017964614380108188
0.04007366277428083
0.0
0.08301820621490529
0.0
0.04984913689301644
0.0
0.02945807317303091
0.0
0.03787272815759304
0.0
0.06427215965024925
0.047905640049585946
0.07257277583072919
0.0
0.13817228792379774
0.009888887777083452
0.015635704217129526
0.0
0.022112224966769144
0.004944443888541726
0.04428743515686091
0.013984999175400293
0.02468227850672241
0.019777775554166904
0.015635704217129526
0.0
0.02282988916210795
0.07336247538375217
0.07657376860188757
0.0069924995877001465
0.024323447463446057
0.0
0.031271404216686845
0.0
0.05306933992024595
0.03955555110833381
0.059923135156418235
0.0
0.03316833745015372
0.024722218915512104
0.03359617219229048
0.0
0.10231743289479757
0.050556459789115604
0.0586132964091544
0.0
0.022776203829870986
0.01825044828014796
0.014428246005567226
0.0
0.02106686418062713
0.06769710066877109
0.0706604036261465
0.006452507852805038
0.014283234831279842
0.0
0.0
0.0
0.03909990077990509
0.03296442973658524
0.13414472341261957
0.019357522585446957
0.030606931781313948
0.02281305986370087
0.03100172723302856
0.0
0.09441602833897011
0.046652266433180295
0.05408691850681254
0.0
0.02652600754380542
0.00456261207003699
0.05325524089273534
0.019357522585446957
0.09036264299220924
0.03296442973658524
0.032210414440889804
0.0
0.010195842600437266
0.0
0.0
0.0
0.027910794631170056
0.02353109368973952
0.09575691373490547
0.013818036022442241
0.01893513625795492
0.0
0.0
0.0
0.0046060122389929665
0.04706218737947904
0.1441925556914542
0.11093614020609761
0.01893513625795492
0.003256942496742807
0.038015341776891164
0.013818036022442241
0.06450382534427015
0.02353109368973952
0.022992852782546928
0.0
0.030587527801311794
0.0
0.0
0.0
0.013818036022442241
0.08003716549813347
0.14689094729276161
0.04666651817944299
0.010788288982372322
0.0
0.0
0.0
0.0026242742810854607
0.026813669079306192
0.08215367128676968
0.06320583717107167
0.04341686479203154
0.004149341916297047
0.005339355383510156
0.008670183874728045
0.014289954689151665
0.019808775394449522
0.09534576237685227
0.1444267929217372
0.0174272360484476
0.0
0.0
0.0
0.0078728224475443
0.04560115432816439
0.08369107920324459
0.026588236654988696
0.0049792102995564564
0.0
0.0
0.0
0.0
0.016398967124585946
0.16050651853310366
0.11590094097947108
0.034605959281159906
0.0033072852700626047
0.004255800502281007
0.006910679330859362
0.01138998848652847
0.01578883408540764
0.07599654158008372
0.11511719556211387
0.016884565360384646
0.005714454873792005
0.00797715784021354
0.025477794405495247
0.07278497359474596
0.06881117466080663
0.09103062491646186
0.03649537770577244
0.003968742324075125
0.0
0.0
0.0
0.0
0.013071003428848621
0.127933743519333
0.09238030574975607
0.028497397937116097
0.0014790629586846533
0.0029581259173693066
0.0027272572345911654
0.018181358697294814
0.013071004690477828
0.033496563300235004
0.06968618012102028
0.019430165761028954
0.006575994291935331
0.00917983352422581
0.02931895242537125
0.08375839541455701
0.07918548694226678
0.10475485117353432
0.04199760095680455
0.044770397912365416
0.02054961466563881
0.058467737745873966
0.0072212022782234915
0.0022835447514840345
0.0
0.03865541320718551
0.027755298966417184
0.03279380628744573
0.001702053789650292
0.003404107579300584
0.0031384319945482204
0.02092247006120837
0.015041653864247618
0.0385466704920581
0.0801924125438962
0.13133231409206308
0.02126604767849677
0.011739688578597165
0.006506155771279373
0.0038059079191400573
0.001702053789650292
0.025021753920685216
0.02897900730839325
0.036848450436930524
0.016913440416299504
0.0481220993546997
0.005943438670458522
0.0018794804048934241
0.0
0.03181548845002856
0.022844106954960426
0.08609289377837957
0.02671961518512874
0.03402837664138779
0.010949946445843317
0.024812161200651477
0.023030247765985324
0.12086684697422523
0.12695511195219214
0.10809357281258733
0.017503103398910296
0.009662396424981458
0.005354916856942245
0.0031324673414890405
0.001400882003141546
0.020594252054587717
0.023851284873656328
0.06924947215188335
0.03137565200746647
0.01832069668529293
0.008539968194859164
0.0167334643082679
0.014985288850789705
0.02303822997493962
0.010341845516501275
0.02908976205811671
0.009028239311140818
0.011497782642433774
0.003699856314258255
0.008383733358209489
0.007781646059854357
0.04083946612650605
0.04289661825350656
0.00782613679262668
0.0029432376877043184
0.0008981019588398185
0.0017455964762884085
0.0013044597292849788
0.0022897198903970065
0.043405235121900726
0.30880165529619186
0.02339857076629422
0.01060145862520281
0.00619034491610894
0.002885553404812192
0.0056540380253514546
0.005063350387126766
0.007784343153063656
0.003494386262485851
0.005080432112037819
0.0004733413218492526
0.00029936732802486593
0.0
0.0013044597292849788
0.0004733413218492526
0.007999475904639198
0.3968660187082295
0.009691138258690245
0.003644623664973925
0.001112123450450963
0.0021615794923916343
0.0016153179946080973
0.002835369815209025
0.05374888605494417
0.382390394556774
0.0021395779155380015
0.0
0.0028588198148312887
0.0
0.006028990528117251
0.0011722811177831969
0.0009568484173730313
0.0019097176719190556
0.006291120551078871
0.0005861405588915984
0.000370707827233099
0.0
0.0016153179946080973
0.0005861405588915984
0.00990578481351849
0.4914408678750609
0.005504730482194012
0.0011722811177831969
0.0036119606565986214
0.0
0.003407690298501055
0.0005861405588915984
0.002655112426715593
0.0
0.05298425326963842
0.0018589073012443755
0.00039189207020418217
0.0
0.0
0.0
0.008774416068847164
0.01221934763244852
0.2805226910308818
0.02850031882287522
0.004156643176157095
0.012839390599031055
0.009633286101506867
0.011806633650298473
0.006564037634459864
0.022724559873149086
0.13254196560359371
0.0030981788794526687
0.0
0.0
0.0016626572704628378
0.0
0.0020230556525485935
0.02489104902835373
0.26494990923238326
0.04351424513876073
0.010465344128164765
0.003697102528699273
0.0008313286352314189
0.0009991326646524848
0.007349717994372886
0.05099958131236383
0.2691615481720575
0.027346058565072835
0.003988299514673114
0.012319396475633104
0.009243138911641581
0.011328466087133051
0.006298194721639711
0.021804217314855535
0.027170479099235728
0.02274148636350083
0.00889076589037817
0.006404902749477006
0.00786556916714003
0.016774872998555616
0.036951982051556045
0.014849225482384727
0.25421946258594685
0.041751922263564376
0.010041498665717847
0.0035473702206356484
0.0007976599029346228
0.0009586678847934286
0.007052055100154643
0.04893410301932191
0.05516817819078587
0.014198340592284992
0.007378161389512055
0.0029730863201120694
0.004090709797220658
0.008977344576538576
0.01642074933516108
0.020351746255488856
