0.07698666690779256
0.057578864162106565
0.03614485555229846
0.0
0.0
0.0
0.0026154713533025897
0.03640050169817936
0.04689129536529593
0.07311778425623447
0.11372851103325984
0.025178831102653225
0.0
0.0024965234779605635
0.0034872952616799425
0.01999655901440851
0.06808614028593028
0.06397239751773152
0.060475023074632143
0.02320473639496935
0.0
0.017595959545147328
0.013544108535742541
0.014265567767358244
0.022479325359755838
0.00585669675116408
0.005559532498590703
0.03613991170767704
0.04904214739137433
0.05384203154089389
0.034531413119892856
0.036781350262902364
0.04696727840372699
0.07323626491171338
0.11391279764247438
0.02521963108645444
0.0
0.002500568865017845
0.003492946103436914
0.02002896160214349
0.005975906570437342
0.013704589790149033
0.025619462147332024
0.11973635867500602
0.08835919040839296
0.016294468403729646
0.02184109050221676
0.0
0.02251575104237792
0.005866186990468753
0.005568541210510651
0.03619847311611729
0.04912161568801555
0.053929277609058725
0.03458736810406908
0.036840951063622424
0.025504097615772364
0.01627065212317639
0.01628113235922394
0.037931482565375305
0.03768739064264738
0.021377214547533892
0.011065737115453259
0.012364113224597751
0.0071600087804402105
0.016420099958593753
0.030695857065855748
0.14346164374324208
0.10586721390297468
0.01952315275818838
0.02616881604941433
0.0
0.06153816256089585
0.028923636160375358
0.02263167988174347
0.032461948584808505
0.02333481190393807
0.0020925297672770024
0.01827130498848713
0.019155510940521158
0.030557633509449296
0.01949461737600514
0.01950717422930214
0.04544745554871114
0.045154997778602705
0.02561302491221766
0.013258369081712401
0.014814013272633549
0.011952183247345845
0.05146798745584892
0.0754572032945604
0.036180451407825644
0.01741170939796824
0.022859613096530455
0.006412008095990236
0.00670458233158234
0.06475690202905554
0.030436480311026835
0.023815424703406585
0.03415986335468643
0.024555333884635225
0.00220197905646513
0.01922698140217644
0.02015743554358364
0.07326806176422701
0.022803662087809217
0.02238210857486555
0.020123707430875267
0.009395923055743126
0.008289331232017224
0.07046854388723602
0.025763499787722927
0.012577339448765407
0.05416000872650281
0.07940397499351728
0.03807286161436963
0.018322424861594713
0.024055279912676475
0.006747386707730553
0.007055263971562005
0.01677148764523144
0.020433905768119837
0.14661894776735743
0.05722937404441304
0.023407293315172727
0.01140534247157673
0.008819171764948616
0.003114068637756944
0.07893566597664183
0.024567624832220913
0.024113462316006404
0.021680363991160013
0.010122738694208063
0.008930547165364332
0.07591959317885298
0.027756418890637416
0.021575430083467344
0.01843774314424025
0.023868178092636704
0.06691577581531119
0.05696457054996946
0.05550015003827049
0.012827527734024654
0.009168761057943417
0.01806883538089908
0.022014557523043536
0.1579605630083904
0.06165631579226126
0.025217949568387202
0.012287595468031766
0.009501373174969222
0.0033549554321407604
0.01249069041645769
0.024404808914815942
0.03199686495903547
0.015335507013576638
0.029867924413375088
0.0011861558713537384
0.02692438422487612
0.01044628828219959
0.015579102427397
0.013313453676840604
0.01723464096993713
0.04831828248162235
0.041132754985528215
0.04007533193253326
0.009262451208876653
0.006620543233735328
0.022217915360535828
0.01619625545951251
0.010847674020269933
0.02688511891042843
0.027770843172084444
0.0496067247767407
0.024222317710848297
0.012890232550481892
0.009019229032009529
0.017622129261576556
0.02310417148691635
0.011073403107901348
0.02156691439890602
0.0008564948065085554
0.01944145437709517
0.007543015110470986
0.030939409734333324
0.3869250644301739
0.07560901253582773
0.0015792983278531583
0.004643587441074346
0.0019151805816095837
0.0035649690673993932
0.002422533136742603
0.012702940931345514
0.00926009812678519
0.006202083322665832
0.015371382594156043
0.015877789374211606
0.0283623051222774
0.013848944246485308
0.007369902172321972
0.005142995867265769
0.06553103698165126
0.19651984864327285
0.0
0.0
0.0
0.0
0.0009029530019421041
0.017689395603875148
0.22122175544173192
0.043228935052384634
0.0009029530019421041
0.002654939314346307
0.0010949913799860546
0.0020382466469237755
0.0013850667283992343
0.0
0.1586895672890039
0.17400158883923272
0.0
0.0
0.0
0.0
0.0
0.004993826903642604
0.06363035552594146
0.19081992919747265
0.0
0.0
0.0
0.0
0.0008767634877024713
0.0
0.02191300464883807
0.2954021965443039
0.0
0.0
0.0
0.0
0.0
0.0
0.15408688844164678
0.16895479561874127
0.0
0.0
0.0
0.0
0.0
0.008092247724995278
0.01483511435030536
0.07140157894952252
0.0015492104106763363
0.0
0.00047549178043789864
0.0009509835608757973
0.0020173406675238962
0.0
0.035071724317387275
0.4727906814231352
0.0
0.0
0.0
0.0
0.0
0.0
0.005059520183764161
0.21421537858050932
0.06616581654216584
0.0
0.0
0.0
0.0
0.012951627851458865
0.023743573692821436
0.11427809800043098
0.00247950846100641
0.0
0.0007610237348069873
0.0015220474696139746
0.003228750090618162
0.006126122802724111
0.0007610237348069873
0.017847185428719194
0.005625967118235425
0.009189184204086166
0.0
0.008182330728310214
0.0
0.0
0.009668291511426015
0.40934646984766104
0.1264369701447191
0.0
0.0
0.0
0.0
0.0
0.0
0.041547245972821556
0.22082181538659637
0.034469062105100076
0.0014542484362131932
0.0009197474391896274
0.0
0.01170647392248682
0.0014542484362131932
0.0341043785015514
0.010750721048083653
0.017559710883730227
0.0
0.0156357037527117
0.0
0.0006503596623603789
0.0014542484362131932
0.015934214878178456
0.004113235712594344
0.03576978142982084
0.004362745153581753
0.0018394948783792549
0.0
0.0
0.0
0.07579137374487895
0.40282787340312326
0.0628791995106497
0.0026528710668100785
0.0016778229286272543
0.0
0.0011863999907669753
0.0
0.06931402914807136
0.10972624951227873
0.09900230584573662
0.0026528710668100785
0.0033556458572545087
0.0
0.0011863999907669753
0.0026528710668100785
0.029067535209271012
0.007503452464645995
0.06525199949218365
0.007958612917570435
0.0033556458572545087
0.0
0.005931999953834877
0.0
0.01174475979324128
0.0
0.024914399806106484
0.0026528710668100785
0.006711291714509017
0.0
0.001986889039212553
0.0
0.11608166373040057
0.1837608598841174
0.16580124567811017
0.004442819020658896
0.005619770756191399
0.0
0.011921334235275317
0.0
0.15802709058113204
0.06283094329675905
0.06588976512708349
0.0
0.0028098853780956995
0.0
0.009934445196062763
0.0
0.019669196462391743
0.0
0.04172466982346361
0.004442819020658896
0.011239541512382798
0.0
0.055632893097951476
0.0
0.0522108635794725
0.0
0.011921334235275317
0.0
0.014049427127334129
0.0
0.013685069923647509
0.0
0.18140685780239146
0.07212664584477373
0.07563801376767826
0.0
0.0032256018594705818
0.0
0.029650984834569603
0.025500622019037637
0.19618380012877587
0.03606332292238686
0.031931829821844185
0.0
0.010200249025133383
0.0
0.06386365964368837
0.0
0.05993534823852718
0.0
0.013685069923647509
0.0
0.01612800956925082
0.0
0.054740279694590034
0.0
0.046205312926031424
0.0
0.027370139847295017
0.0
0.04245626272567681
0.0
0.03331257822925817
0.028649688050614977
0.22041049312748262
0.04051677449372147
0.03587508424689341
0.0
0.011459875464625608
0.0
0.030750072211622924
0.0
0.11072853175102788
0.048620131347502704
0.07175016849378682
0.005729937732312804
0.003623930701781498
0.0
0.06150014442324585
0.0
0.0519111965435032
0.0
0.030750072211622924
0.0
0.047699176983899194
0.0
0.04356260229979914
0.0
0.010871791799869971
0.0
0.020500048141081948
0.022919750929251217
0.06885467080939306
0.0
0.04344783819968712
0.0
0.156452163705461
0.06869706144089549
0.10137828913260327
0.00809602675969357
0.0051203767488509295
0.0
0.01086195954992178
0.0
0.010240753497701859
0.0
0.2178267405376884
0.05667218472816203
0.0051203767488509295
0.0
0.061551104116223415
0.0
0.015361129814937296
0.0
0.028965225466458078
0.03238410703877428
0.09728714053193242
0.0
0.03258587864976534
0.0
0.0051203767488509295
0.0
0.03258587864976534
0.0
0.010240753497701859
0.0
0.014360355057082948
0.0
0.013539072356435151
0.0
0.2879838873153247
0.0749250345498535
0.006769536178217576
0.0
0.038294280152221194
0.042814307413502256
0.04171575938825765
0.01513714351326567
0.2058317558181889
0.0
0.013539072356435151
0.0
0.04308106517124884
0.0
0.006769536178217576
0.0
0.04308106517124884
0.0
0.013539072356435151
0.0
0.04786785019027649
0.021407153706751128
0.020308607964023485
0.0
0.028720710114165895
0.0
0.020308607964023485
0.0
0.041993210406062624
0.04694983722003096
0.045745177981578455
0.01659927409452717
0.2257135059325866
0.0
0.014846841666867311
0.0
0.11023217731591439
0.0
0.08597166263336352
0.0
0.05249151300757828
0.01173745930500774
0.11877471331101537
0.0
0.05249151300757828
0.02347491861001548
0.02227026187455337
0.0
0.031494907804546966
0.0
0.02227026187455337
0.0
0.020996605203031312
0.0
0.0
0.0
0.02624575650378914
0.0
0.029693683333734622
0.0
0.08500747031710885
0.0
0.06629855036314378
0.0
0.04047974777005183
0.009051546905484816
0.09159519626717536
0.0
0.06881557120908811
0.018103093810969632
0.09345319204471061
0.0
0.020239873885025916
0.018103093810969632
0.0967800348404912
0.03840245915422179
0.016191899108020734
0.0
0.0
0.0
0.020239873885025916
0.0
0.022898802927243417
0.0
0.08095949554010366
0.018103093810969632
0.051522301278179514
0.0
0.07756841486334033
0.009051546905484816
0.04432873953399363
0.012800820361482192
0.052055461076721
0.013694064856075848
0.07069256151631426
0.0
0.015310429728447353
0.013694064856075848
0.07320914798971484
0.029049496830870672
0.021434601619826295
0.0
0.04470989892953746
0.019366332193991358
0.17553271250392163
0.04108219310811118
0.038973986579583404
0.0
0.06124171891378941
0.013694064856075848
0.038973986579583404
0.0
0.058676539767910846
0.006847032428037924
0.03353242492721127
0.009683166096995679
0.04286920323965259
0.0
0.030313101970890523
0.0
0.052055461076721
0.0
0.043304428883929845
0.0
0.014616917857255994
0.0
0.030489063041637385
0.013206500960300934
0.11970118621462615
0.028015218230216674
0.02657756698760538
0.0
0.025057573469581703
0.0
0.0
0.0
0.09812171509125227
0.16235377195810524
0.17368848517688196
0.029093109661244277
0.029233835714511987
0.0
0.020671441875425082
0.0
0.03549822908190741
0.0
0.02953062954369553
0.0
0.05429140918409369
0.0
0.008859189659667466
0.006603250480150467
0.03341009795944227
0.009338406408638394
0.05163972863592297
0.0
0.011944830874343728
0.0
0.0
0.0
0.04677417361614602
0.07739330187759437
0.08279650792114174
0.013868552552949956
0.0
0.0
0.0
0.0
0.017967454252645915
0.3322454695547798
0.1543954963294808
0.04125813877602113
0.02588046689441141
0.0
0.004223135264750325
0.0031477393572077205
0.015926441165791637
0.004451575701154088
0.024616422883161224
0.0
0.017917246311515592
0.0
0.0
0.0
0.023378852667756043
0.023283904695136363
0.068129387100216
0.010399628088502939
0.0
0.0
0.0
0.0
0.008161118160341931
0.15091144784050564
0.07012901612280305
0.018740136520860144
0.0
0.0
0.0
0.0
0.0
0.2232018100812506
0.2484235789529467
0.0
0.008138312873939617
0.0
0.0
0.0
0.010619065805980002
0.010575938849164737
0.030945506831311892
0.0047236849728661415
0.0
0.0
0.0
0.0
0.0004521284929966454
0.10357531383793617
0.10753781966496281
0.0038645422676629377
0.0
0.0
0.0
0.0
0.0
0.13702508805804006
0.15250890111209023
0.0
0.0
0.0
0.0
0.0
0.029864520676435042
0.21374117799839593
0.09851881177342064
0.0
0.0
0.0
0.0
0.0
0.00027756471394144156
0.06358557976799549
0.06601818866879773
0.00237246841473986
0.0
0.0
0.0
0.0
0.003866029196197692
0.10321691305154643
0.12900440128556565
0.0
0.0
0.0
0.0
0.0
0.023054453752152607
0.16500134579366904
0.07605336828792798
0.0
0.001285626432137929
0.0
0.0
0.0
0.0
0.1724389217388537
0.09603943583272356
0.002509054184186452
0.0
0.0
0.0
0.0
0.0029844507559279154
0.07968015204960223
0.0995872672957038
0.0
0.0
0.0
0.0
0.0
0.0
0.18725137736950145
0.09411427224064103
0.0
0.0014483646181089132
0.0
0.0
0.0
0.0
0.1942667222671201
0.1081963759658721
0.002826657273412299
0.006392941735765194
0.0
0.028659024622725997
0.027190635300011094
0.021765049049679068
0.029655563541359436
0.022044304633180065
0.0
0.0
0.0
0.0
0.0
0.0
0.21095417991923274
0.10602751978717101
0.0
0.0007241823090544566
0.00438463817982326
0.0022255436532582886
0.008099455239395065
0.02983200673319029
0.1482085682891673
0.047097957898021375
0.0
0.008459799744092434
0.0
0.037924576695716826
0.035981452523782737
0.02880175731158847
0.03924329975581746
0.02917129709647677
0.0
0.007027626532133098
0.005944631007174166
0.004998286361945667
0.024758668416005686
0.02844193917942008
0.06527852670103707
0.08625206268476869
0.02487608131725586
0.0009583127089272407
0.0058022053828661905
0.002945068859766084
0.010718034387548052
0.03947678758204725
0.19612486080868838
0.06232487462601078
0.0
0.017047099609441983
0.012796993614883671
0.025109478970221515
0.06809949247356081
0.06412173045217133
0.03780962040663553
0.029505025909927037
0.0
0.007408162355377082
0.0062665241874468106
0.005268936346952035
0.026099314539562542
0.029982029093249176
0.0688132646078896
0.0909224872627062
0.026223085179777984
0.004040815830205682
0.009685518242883091
0.001967075549065989
0.0010648484819727716
0.013206998098171467
0.09772509655201646
0.0805504988777751
0.018618779873327808
0.017970175423749974
0.013489932330112987
0.026469120978440255
0.07178698160128175
0.06759382951347981
0.039856956724550884
0.031102680434272004
0.0
0.006331863637653326
0.006116386421358212
0.034521573010988384
0.056417014685581066
0.0764026653879224
0.007718007716202857
0.02807819325195283
0.028300752783718273
0.004708264455151005
0.011285340185959896
0.0022919905973028776
0.001240736640436966
0.015388486463562116
0.11386700552710882
0.09385556448179057
0.021694168494535957
0.00313884297010067
0.0
0.004243972376548205
0.0
0.026382189852777148
0.04401763462914034
0.06720973392304107
0.007724467934109841
0.0073777399794310436
0.007126670947580232
0.040223732526622875
0.0657357910064248
0.08902260554310903
0.008992842762875793
0.03271605656086069
0.03297537774168099
0.006019660542090818
0.0
0.00673098463271892
0.007637382954398148
0.09935985485969878
0.10079871473072789
0.05405567525787492
0.02417800920746439
0.003751781518673248
0.0
0.005072715417675918
0.0
0.03153398027700751
0.05261319208078246
0.08033413586131856
0.009232865840322032
0.0070345903475123395
0.0031459643765581876
0.00740312965125291
0.002391300903298221
0.01993256477530536
0.0395869775661464
0.06937964913608949
0.020529471634891334
0.007195151648436424
0.0
0.008045379774668548
0.009128775313797258
0.11876238177939763
0.12048221546445595
0.0646114142516003
0.028899377562671514
0.00902539859381867
0.0
0.0027605372418146265
0.0014830218782760094
0.08597757986492038
0.1546854493805942
0.024665513643962446
0.012334883929709085
0.008991209426155455
0.004020991011489689
0.009462255201105631
0.0030564234959484684
0.0254766596833257
0.05059780147277662
0.08867708345182665
0.02623959175432315
0.01583865944308452
0.025894866531268337
0.05316023304954562
0.01139877989615469
0.007192967540924364
0.004020991011489689
0.006426526136973325
0.0018955134034017228
0.011535746205925073
0.0
0.0035283601807224226
0.0018955134034017228
0.1098916053857889
0.1977100587032373
0.03152604314123099
0.015765740317565696
0.014271290393380156
0.009199443948662456
0.010913337224244719
0.005527870513957751
0.03470743210294248
0.09730823840383046
0.11386800031544524
0.0
0.021541884737730606
0.03521915678028281
0.0723023067134772
0.015503281925853759
0.009783029823050118
0.005468879813485833
0.008740606223914866
0.002578054752779716
0.04146245127192613
0.05348135793370253
0.03238320741352899
0.01761686031799107
0.12050478165147847
0.014583680020952457
0.012974915873469963
0.0
0.019410133402868752
0.012512003424622307
0.014843039806081022
0.007518360369113852
0.04720497366528346
0.13234723956655128
0.15486988320733125
0.0
0.004891514911525059
0.01906123529413578
0.00889123701438273
0.004156988342101207
0.05336189264375291
0.02200936491304813
0.027042470792800175
0.007734163869596469
0.07463315401471976
0.07012384277594827
0.0662901684868372
0.025436052887765154
0.0
0.019287948373262902
0.01484648026889313
0.015637313435854762
0.02464088792045014
0.006419863849110908
0.0060941249345999775
0.03961504625214902
0.053757932585134165
0.05901936305364806
0.03785187797251952
0.040318164130208604
0.023839465727031894
0.01762716676807557
0.05039414043507062
0.06621784682192336
0.03934107496039717
0.010089780352130406
0.015895361244711803
0.003941375448386486
0.004273825637325231
0.015026932278796735
0.06774508604896015
0.06506694110605411
0.022309358740559046
0.02585127967301261
0.018407596766781675
0.0
0.027351920347508153
0.007126188196205264
0.006764610931922006
0.043973561064427624
0.05967247182253494
0.06551277382599115
0.04201640600981391
0.04475403716811681
0.03098213535976303
0.01976543354194657
0.019778164833079436
0.04607880447062661
0.045782283923061565
0.025968837035692666
0.013442552264797862
0.015019807220743454
0.004744039207866439
0.016680220943496707
0.07519851571616555
0.07222571670851885
0.0247638723590529
0.0286954814607379
0.020432831892239024
0.0
0.0293012556567082
0.04411891313851569
0.06382496113411898
0.03995362557662723
0.010695009339396929
0.017326405904356402
0.008575180596895831
0.029473375112053724
0.03226730941595389
0.020585326105919562
0.020598585505424424
0.0479902054556875
0.04768138490005545
0.027046053800779315
0.014000164553915435
0.0156428458313796
0.012620898634674388
0.0543475814558992
0.07967897532429027
0.03820471961692279
0.018385881041186644
0.0241385907284557
0.00677075497835719
0.00707969851562644
0.030516704919534777
0.04594901561191061
0.06647249279178155
0.041610947205546665
0.011138650436890895
0.018045124840179984
0.008930888797841671
0.03069596408478109
0.026446845799274636
0.051273994222614895
0.06862060975037149
0.030718915002730017
0.026413343905003293
0.028323769871275172
0.036014583461095984
0.011788541008741767
0.01278896163655896
0.05507128726711225
0.08074000022970364
0.038713463094771354
0.01863071197197196
0.024460026161582608
0.0068609160231152344
0.007173973528794282
0.01705367919476339
0.020777719963596713
0.14908591008676614
0.05819229671901121
0.02380113675414968
0.011597245022684765
0.008967560256093994
0.003166464935141293
0.026799018526753256
0.05195677138746669
0.0695343787298729
0.031127975658348617
0.02676507051298733
0.028700936183044472
0.03649416254522436
0.011945520130998987
0.043928172129843054
0.012234430619797806
0.008133172509142032
0.008796896763092452
0.005006620602337377
0.02192467581096598
0.053340647128375364
0.02622955706849477
0.01539994308670377
0.01876285470463827
0.13462869238625244
0.05254925035956646
0.02149308352917236
0.010472632402205913
0.00809795446444425
0.002859405248000246
0.010645728818273912
0.02080004938931185
0.027270706104444774
0.013070346275027905
0.02545622484170638
0.0010109524230940312
0.022947465952673114
0.008903299057294825
0.039668352088518086
0.011048028586169626
0.0073444792953294875
0.007943840619027897
0.004521116613732799
0.0197985874970009
0.0481680768474387
0.023686014110568143
0.04654663607445345
0.2615251826126684
0.049367228937445995
0.0195173767479079
0.018542524775424712
0.015604387088667767
0.02505524617035536
0.00729375418955373
0.005329210846656509
0.010412424617301548
0.013651610448532246
0.006542965007606585
0.01274328811649596
0.0005060788895315791
0.011487413078599799
0.004456957218909823
0.018281234167597412
0.22862322742735877
0.04467525641946637
0.0009331633279331771
0.002743766287622221
0.0011316267823554401
0.0021064407783141564
0.0014314072547547939
0.023301066754353995
0.13091849920701187
0.024713044678651618
0.009770323632956936
0.0092823164899679
0.007811496079592827
0.012542559737902127
0.0036512252569400345
0.009842928120766828
0.38333669384562996
0.01977348583073311
0.0
0.0
0.0
0.0
0.0
0.01620769449037934
0.20269175426432
0.039607988207353666
0.0008273197526003963
0.0024325559934899993
0.0010032725907562956
0.0018675188055686722
0.0012690506157127406
0.0
0.14539739418045652
0.15942684848594152
0.0
0.0
0.0
0.0
0.0
0.008726499010384841
0.33985692452943317
0.01753068826843248
0.0
0.0
0.0
0.0
0.0
0.018271420820893898
0.007936819872009957
0.01769227032818855
0.013926079079294799
0.0024078542178151093
0.0
0.0010162138212951725
0.001903575827889581
0.0
0.2986725923686946
0.3274916335252146
0.0
0.0
0.0
0.0
0.0
0.015685517635910407
0.02875547754843332
0.13840044990036912
0.0030028946275756606
0.0
0.0009216641607191347
0.0018433283214382694
0.0039102896615913745
0.03753280898598967
0.016303666098681807
0.036343128937025196
0.028606689711248585
0.004946168845283194
0.0
0.0020874873178980484
0.0039102896615913745
0.021506789092214634
0.007580598636301941
0.009985653205649024
0.0
0.007898321549879322
0.0
0.002914557942083057
0.0016994646748641718
0.04573787374931463
0.08384896388120745
0.4035660442534077
0.008756230973475233
0.0
0.0026875083118538777
0.005375016623707755
0.011402131508600094
0.021634024273808308
0.0026875083118538777
0.06302623294008709
0.01986775536811482
0.03245103641071246
0.0
0.028895395553265195
0.0
0.06271229468390803
0.022104496097573683
0.02911746722204397
0.0
0.0230309539197368
0.0
0.008498647369141788
0.004955520279573226
0.03725859736044764
0.0026875083118538777
0.013597834415172639
0.0
0.008413231662036565
0.0026875083118538777
0.04359654827914545
0.011402131508600094
0.043372436680496715
0.005387984343962826
0.12635657900752456
0.03983137629786289
0.06505865502074507
0.0
0.05793021668692456
0.0
0.0024095798155831507
0.005387984343962826
0.05903619915213644
0.015239521027229863
0.13252688985707328
0.016163952457399884
0.006815320792997057
0.0
0.07469697428307767
0.005387984343962826
0.027261280874033844
0.0
0.016867058709082054
0.005387984343962826
0.0874034578954734
0.022859280391867604
0.048582616229551304
0.010775968687925653
0.019018626504445538
0.0
0.026505377971414657
0.010775968687925653
0.06133788081759896
0.0076197605136149316
0.0037538392137051874
0.008393839781689241
0.09197138769680702
0.02374136405863585
0.20646115675378532
0.025181518450082714
0.010617460472269562
0.0
0.018769196068525937
0.0
0.03716110941548094
0.0
0.07883062348780893
0.008393839781689241
0.021234920944539125
0.0
0.07568594687233608
0.016787679563378483
0.02962876162121338
0.0
0.04129223135075706
0.016787679563378483
0.09555713440559094
0.011870682029317925
0.06756910584669337
0.0
0.015926190260911837
0.0
0.04129223135075706
0.0
0.053087296096452734
0.0
0.023660102219940436
0.0
0.04684460880298759
0.0
0.09937242932374984
0.010581119539030273
0.026768349499138037
0.0
0.13249657243166646
0.0
0.12434658855144387
0.0
0.028392122663928526
0.0
0.03346043743802334
0.0
0.08517636799178557
0.0
0.02007626156025273
0.0
0.052052224883868965
0.0
0.06692086585043396
0.0
0.04732020443988087
0.0
0.03346043743802334
0.0
0.10883647021172602
0.0
0.060228780167951836
0.0
0.10036406047834309
0.0
0.09419057643992364
0.0
0.021506584388216378
0.0
0.02534575276197092
0.0
0.08602633755286551
0.0
0.07261332731011592
0.0
0.043013168776432756
0.0
0.0667215587653122
0.0
0.035844307313693965
0.0
0.02534575276197092
0.0
0.08244190682149612
0.0
0.04562234950214041
0.0
0.04659759950780215
0.0
0.005069150466934696
0.0
0.06810418389601854
0.01603006178731918
0.1651587333981074
0.0
0.0917106807733126
0.0
0.07741138202859922
0.0
0.0458553403866563
0.0
0.07113030440082405
0.0
0.06496173221442976
0.0
0.01621231033751725
0.0
0.030570226924437532
0.034178553247134875
0.10267794967917078
0.0
0.04967661875221099
0.0
0.005404103597683043
0.0
0.07260428894553914
0.017089276623567438
0.1760718903822953
0.0
0.0458553403866563
0.0
0.005404103597683043
0.0
0.02292767019332815
0.0
0.07025333629264634
0.0
0.0947156228838262
0.0
0.023637902187324245
0.0
0.04457205782768292
0.04983307633153478
0.1497066908283057
0.0
0.050143565056143286
0.0
0.007879300950499888
0.0
0.050143565056143286
0.0
0.015758601900999775
0.0
0.06685808674152438
0.0
0.007879300950499888
0.0
0.03342904337076219
0.0
0.10243089708046392
0.0
0.01114301445692073
0.0
0.0
0.0
0.1894312457676524
0.0
0.10243089708046392
0.0
0.05932808852995438
0.0
0.009322509554755725
0.0
0.05932808852995438
0.0
0.01864501910951145
0.0
0.06592009836661598
0.029480364639082015
0.027967527878438366
0.0
0.03955205901996959
0.0
0.027967527878438366
0.0
0.013184019673323196
0.0
0.0
0.0
0.22412833444649433
0.0
0.12119260613776181
0.0
0.006592009836661598
0.0
0.0
0.0
0.09228813771326237
0.0
0.20509517091318547
0.0
0.07302391284724744
0.032657287101374104
0.03098142097710113
0.0
0.04381434770834846
0.0
0.03098142097710113
0.0
0.029209565138898972
0.0
0.0
0.0
0.03651195642362372
0.0
0.04130856246348534
0.0
0.007302391284724743
0.0
0.0
0.0
0.1022334779861464
0.0
0.22719705002352553
0.0
0.04381434770834846
0.0
0.1445799459888639
0.0
0.14604782569449487
0.0
0.010327140615871335
0.0
0.02052819235702418
0.0
0.0
0.0
0.025660240446280225
0.0
0.029031247545458664
0.0
0.1026409617851209
0.022951217119723342
0.06532030024761612
0.0
0.09834172820131588
0.011475608559861671
0.05620025705616436
0.016228961220370382
0.030792288535536273
0.0
0.10160935050262235
0.0
0.1026409617851209
0.0
0.007257811886364666
0.0
0.09750891369586487
0.022951217119723342
0.07983592034961862
0.0
0.08724481751735277
0.0
0.02177343504730619
0.0
0.0877893870268786
0.01963030399773003
0.055868817082549614
0.0
0.0841122285665189
0.009815151998865014
0.04806839327989317
0.013880721038078114
0.061452570918815015
0.0
0.04345352625803822
0.0
0.07462097897284681
0.0
0.06207646249480531
0.0
0.08339991767553466
0.01963030399773003
0.068284107907061
0.0
0.07462097897284681
0.0
0.018622940422891265
0.0
0.07462097897284681
0.0
0.024830587928209052
0.0
0.02194734675671965
0.0
0.05326867721037219
0.0
0.05817227769843951
0.0
0.041134008856984955
0.0
0.07063776577667655
0.0
0.05876286639911684
0.0
0.10803423001138766
0.0
0.017628861504803826
0.013139778316978866
0.06648260308393086
0.018582452749932216
0.10275766286083875
0.0
0.07063776577667655
0.0
0.023505149333517095
0.0
0.020775813463728397
0.0
0.050425234241283076
0.0
0.049861952312948155
0.027873678134230338
0.050425234241283076
0.0
0.08310325385491359
0.009291226374966108
0.05876286639911684
0.0
0.07104070101222816
0.0
0.011592313651115373
0.0086404009422297
0.04371735446906348
0.012219372228067358
0.06757095786439828
0.0
0.04918202377769642
0.0
0.0
0.0
0.06417388407848357
0.06391325622497106
0.1870120596695237
0.02854650469359352
0.032788015851797615
0.01832905769066169
0.03315841644661108
0.0
0.054646693086329357
0.006109686114033679
0.03864104202937473
0.0
0.016394007925898808
0.0
0.03091283466580274
0.0
0.10929338617265871
0.03665811538132338
0.015456418635780062
0.0
0.020669649219697803
0.0
0.0
0.0
0.02697025398880268
0.02686072034428785
0.07859525445098102
0.011997193143821286
0.0
0.0
0.0
0.0
0.0011483138455387668
0.26306010078645403
0.2731240546727589
0.009815146493455038
0.006889883073232601
0.0
0.012991686796313125
0.0
0.04593255382155067
0.015406246587412235
0.006495843945715274
0.0
0.0
0.0
0.0
0.0
0.034605519974151525
0.06393493942951328
0.09060730833821429
0.01089386124637737
0.0
0.0
0.0
0.0
0.000502016083038357
0.11500375260086747
0.11940347897315638
0.004290953571826123
0.0
0.0
0.0
0.0
0.0069922750857897235
0.18668277266821406
0.2333231890626814
0.0
0.0
0.0
0.0
0.0
0.01512872779198993
0.0279508672532289
0.039611406065784824
0.004762542551687009
0.0
0.0
0.0
0.0
0.018106992247026266
0.15858359902033667
0.0696567844437866
0.0
0.0
0.0
0.0
0.0
0.003998006460208302
0.10674049890484569
0.13340831213645646
0.0
0.0
0.0
0.0
0.0
0.0
0.2508442181259604
0.12607662152525526
0.0
0.0
0.0
0.0
0.0
0.010353121278891524
0.09067410043047262
0.03982799171754023
0.0
0.0
0.0
0.0
0.0
0.009274550561970754
0.07042834581900914
0.15837386562802439
0.0
0.0
0.0
0.0
0.0
0.0
0.20411095301834553
0.10258805072370085
0.0
0.000700690269880995
0.00424240315061307
0.0021533483537723675
0.007836713775831833
0.028864274351389763
0.1434007713455527
0.04557012843008672
0.0
0.0
0.0
0.0
0.0
0.0075466652895706835
0.0573072678015848
0.1288681911348786
0.0
0.0
0.0
0.0
0.0
0.007617061125731086
0.02664073352621593
0.2282584372729152
0.004294011468747953
0.0008290304375759325
0.005019452233757447
0.002547760979019326
0.009272105707759623
0.03415112643123841
0.16966641229015633
0.053916866177123615
0.0
0.014747341151758847
0.011070600564276679
0.02172205600955554
0.05891245260354934
0.05547131511424592
0.032708870349201266
0.025524616665240522
0.0
0.0
0.0
0.0
0.0
0.009012220933480305
0.0315203163536632
0.27006681877415356
0.005080513259441715
0.016471083992387756
0.0048428803632543
0.032529940307757896
0.018224971784382992
0.025173402049321666
0.027076995218935654
0.03177356304014165
0.03266693348896713
0.018826920250394626
0.014133077400379584
0.02773106093892273
0.07520949271522716
0.07081642820176183
0.041757174205701825
0.032585529651293375
0.0
0.006633741125583093
0.006407990832594657
0.03616742111137538
0.059106748331849535
0.0800452335192526
0.008085970912272785
0.02941684722960663
0.02965001749404241
0.02102750465803469
0.006182573620758523
0.041528746478561855
0.02326657306014437
0.0321371580094745
0.03456734501231901
0.04056313143310506
0.04170363628893059
0.02780998569552033
0.009606166749203735
0.008881766382679223
0.007400167585942307
0.01621411057131823
0.08721613293692519
0.04832598671199617
0.01699490931517647
0.0072025882986079355
0.006957479786246006
0.039268798579281394
0.06417518649649197
0.08690915900858769
0.008779347637039562
0.031939359047460314
0.03219252379815155
0.0058767504280353945
0.0
0.006571187286200597
0.0074560672038726395
0.09700099623449165
0.09840569676599643
0.05277236324012405
0.02360400972205957
0.030194708199048462
0.010429901154186181
0.009643383033466159
0.008034736275235762
0.017604480015497567
0.09469496723632181
0.052469968275994684
0.01845223270732225
0.01894650744018803
0.017083228902467513
0.024953552016384137
0.011179248213536965
0.021629033891039446
0.029185836585373846
0.023845059795687545
0.042541152433590204
0.006754158307812211
0.0
0.007552275657232391
0.008569269507923919
0.11148339419992584
0.11309781868179429
0.06065135825758106
0.027128124686286007
0.008472228782975547
0.0
0.0025913429565975897
0.0013921269528769243
0.08070798416826044
0.14520472452566643
0.023153755755936995
0.011578874614525798
0.0217752501485675
0.01963378125867279
0.028679155721307074
0.012848327170122385
0.024858281925365454
0.0335433268874499
0.027405163906741282
0.04889261193780074
0.05868823539155963
0.017587358036510247
0.02478441610747406
0.008549323134114552
0.01477651050507324
0.0015872689066726902
0.018828177826503825
0.02922481058730474
0.010447086353722448
0.0
0.003195379201053334
0.0017166286303876017
0.09952083467516468
0.17905162088355936
0.028550844410780606
0.014277884376770952
0.01292446977050463
0.00833126731659047
0.009883415806288999
0.005006190287183214
0.031431997013696596
0.08812499437715444
0.10312196636314225
0.0
0.07236833173287821
0.0216869318390534
0.030561608041282568
0.010542151225595575
0.018220882037957662
0.00195725773693806
0.023216983945474202
0.03603704853795565
0.011996356442900284
0.00195725773693806
0.004706497023185688
0.0017166286303876017
0.005061794151630227
0.008147393952393236
0.13655894121521506
0.019678661441808208
0.020305398377138635
0.013089101901562894
0.015527654042071487
0.00786513411675907
0.049382236369084065
0.1384515689684155
0.16201303771982414
0.0
0.005117129124498989
0.019940407836176864
0.009301332757245182
0.004348723555038044
0.055823134534941615
0.023024515767686993
0.028289766543736754
0.008090891248744207
0.01884725648112473
0.0030750118790917624
0.007394291503911429
0.002696963885139031
0.007952492332527556
0.012800221817716813
0.2145452581477106
0.030916785539369288
0.008528548540831649
0.0038140829133403915
0.007432439860559934
0.0
0.04469683443266373
0.03226174711810997
0.04176997714562642
0.002696963885139031
0.026358735205337342
0.0194899427101328
0.05571961296609108
0.07321551205182894
0.043498499062358996
0.011156032254542184
0.01757512617270826
0.00435788590979349
0.004725468245720772
0.01661492473953419
0.07490414445834383
0.07194298273601848
0.024666931984825488
0.02858315045405579
0.02035284575996374
0.0
0.12364194587001026
0.06596667433538071
0.04531674727878763
0.005852209969314837
0.02102623724281589
0.008518959629135917
0.003690708744680289
0.007796859468050572
0.009606392001889463
0.004873732191392727
0.02650356515404271
0.08401143609638753
0.06662825863706165
0.00961509777005227
0.01700468069130755
0.006784095348499177
0.005172417669153022
0.018186415784771835
0.0819888104506843
0.07874757288070483
0.02700000681575765
0.03128663335797464
0.02227788095321871
0.0
0.03194710790665842
0.048102773999651696
0.06958824373873433
0.04356136824008494
0.011660750018069979
0.018890950119890622
0.009349504439595452
0.03213476944844289
0.010514994312442875
0.005334704878042094
0.029010354438940684
0.09195749794094628
0.07293016571454479
0.010524523499123927
0.01861303606170115
0.007425756099741539
0.01665417110522937
0.014336935132145944
0.06954761323616963
0.06813436154993376
0.02145028110355725
0.007407415942333863
0.01343532648268612
0.012826994609605777
