0.06036023494372946
0.10789381576692454
0.0781841501067056
0.004144586692029926
0.003975346678381359
0.0032941104751674226
0.002366989149230159
0.030746913303896294
0.015516158789645166
0.22731158378770813
0.05777035591800408
0.017416680979883577
0.005949108255344121
0.0
0.0026211769858402096
0.0
0.08765559533195855
0.06852339538925455
0.03100699508080204
0.00706064865903568
0.004373415163817357
0.0025785775038169455
0.007555633718068575
0.015547264975588922
0.06573513463762069
0.05420085288689361
0.008842683489221605
0.003958366356334852
0.0015847843641891377
0.0
0.003915476789915629
0.019909847668042623
0.02383267782802658
0.3491485113317024
0.08873473771891621
0.026751862510204182
0.00913777580752073
0.0
0.004026103849585321
0.0
0.013073603959497741
0.024862652151314713
0.08906514211444579
0.018796022759729664
0.005442658568069728
0.0021309929184801916
0.00788308366129207
0.010339916572311493
0.10096856490318196
0.08325201374709187
0.013582280871891485
0.0060800144787629745
0.0024342142724022363
0.0
0.0060141364974590425
0.0305813437146706
0.019055406544131483
0.014125888533758537
0.00795342794641322
0.005929234720407947
0.003162108276053054
0.0067811550566972524
0.018665428036114276
0.008188862240000889
0.03281304736198104
0.06240202664184814
0.223541934997942
0.04717557507039378
0.013660365873284792
0.005348515358027035
0.019785515787214734
0.025951847192044217
0.015319306431844858
0.02154644989665041
0.019783800948243738
0.003988704103240028
0.03236935379669057
0.014477794246374345
0.040132922250740145
0.0504873041192989
0.04782659466903502
0.035454144926238905
0.019962070803450183
0.014881608797680206
0.00793648093878983
0.017019818156774922
0.046847799281522384
0.020552980291764188
0.01989972539718799
0.007048240392238497
0.011635605456292934
0.031645304744470575
0.03520017527287709
0.01506611212590884
0.012080568135872445
0.02815785874849248
0.019642562116079496
0.027627065386992344
0.025366979944354544
0.005114354782256167
0.04150429691041036
0.018563567094465338
0.0514588190866953
0.06473530715302087
0.02893272670555243
0.04132936618147881
0.024215722816809674
0.025513548938877688
0.006407831249490625
0.01630990860051158
0.022097955958542952
0.035806310678600274
0.02551561938826738
0.009037321652226564
0.014919285279020526
0.04057591424853244
0.045134003446597806
0.019317913940660306
0.015489820708405835
0.036104277434735585
0.06457713850856983
0.02548934179217025
0.020484884239069273
0.010500788858815677
0.022782030725782595
0.05323098345282697
0.093434514545259
0.04877926401993593
0.02893976104093622
0.041339414478201025
0.024221610319829626
0.025519751978843236
0.006409389168125478
0.016313873984360207
0.02210332857464964
0.03581501616981556
0.033245206816651225
0.03698321837884274
0.050040736493006735
0.04967177143939404
0.01983303033831653
0.025594177913809784
0.008291783402165371
0.011254007498145046
0.06459283897313434
0.025495538946717865
0.020489864673423154
0.01050334188713475
0.02278756965913236
0.05324392535748142
0.0934572310254035
0.04879112359011688
0.02701020641998048
0.032104389107094324
0.020554457861548657
0.012261293253691255
0.021161899117267
0.02281952565848295
0.03515395092954078
0.0539961912501795
0.03630906202503549
0.04039156614090499
0.054652456070539715
0.054249487453422125
0.02166082866230407
0.027952919603642306
0.009055948411083117
0.012291169025776672
0.0
0.0
0.03712130615852733
0.18812657258436025
0.11760869458764202
0.017687659710756313
0.0013859760435370172
0.0
0.02949944831508406
0.035063107346395506
0.02244874244584785
0.013391285538113834
0.023112165066500517
0.024922557320376036
0.038393714671868064
0.05897244279546737
0.010881242443522395
0.01118942251458005
0.0146828287800381
0.005963543828912533
0.028587155524533992
0.015452710701199126
0.03879566267043374
0.010149696338426962
0.0
0.0
0.02750238790211403
0.13937898499085424
0.08713378579399936
0.013104411691991837
0.0010268402358906794
0.0
0.0071400038896639656
0.009178571828809455
0.05440877085157822
0.19243458251964565
0.17871064752732785
0.035022918989553446
0.009132207501717515
0.001148042318311783
0.008061681592256025
0.00829000566635334
0.010878196227375193
0.0044182630577058735
0.02117961681887614
0.01144858540345033
0.02874288310668006
0.0075196946086974305
0.016491841764646333
0.012354613752094665
0.008442361821324504
0.016581126176063134
0.018710033819342962
0.022415994719965485
0.02285414477783447
0.026288335951023915
0.005077514260243045
0.0065272134398849
0.03869203912915325
0.1368471715151129
0.12708758640746082
0.024906060746300775
0.006494242094824893
0.0008164142950999017
0.00420308249673605
0.001290864327764149
0.006177664591188111
0.283807206126114
0.1496048095089047
0.0
0.005342134454990293
0.0016328285901998033
0.011727943434160308
0.008785811391064637
0.006003667953173069
0.01179143679903683
0.01330537980026431
0.015940822247019
0.016252406554441667
0.01869458374702172
0.011560475375573939
0.006023677177528526
0.022042447944736213
0.020342862438584044
0.01613240439028044
0.006044966708605551
0.010952592638132799
0.005891358955131477
0.004088554201202302
0.0012556900262035793
0.006009331612580768
0.27607384481258745
0.14552828142504923
0.0
0.005196568538994766
0.001588336226445445
0.0005022760104814318
0.0025113800524071586
0.003369369838429485
0.05987225693202381
0.18162218073037611
0.09109413411737144
0.009720839189440757
0.0
0.011245468106182361
0.0058595401470220776
0.021441821144176757
0.01978854703716668
0.015692818258170312
0.005880249567261673
0.010654149348595909
0.0057308274166635404
0.005256109678958729
0.006140982097353181
0.05970909157061719
0.02196519457115985
0.006919025253577231
0.007347302233751643
0.007935508399102427
0.0
0.00040748181013353926
0.002037409050667696
0.0027334710241419206
0.048572607734255535
0.14734475352202872
0.07390200186370666
0.007886232004458434
0.0
0.007555368320859879
0.0031106051203466946
0.019557751224933872
0.028054593503212332
0.15924925850068927
0.2237391741847181
0.07558640218985146
0.013937333154334099
0.004264127773471865
0.004981998838902618
0.04844023645744831
0.017819718754261478
0.005613202454134623
0.005960651019222816
0.006437845446165701
0.0
0.016072928682735008
0.015312892038644681
0.02537064998395381
0.01011054059944502
0.007132919780193233
0.001018704525333848
0.003197995375727755
0.014590884273662468
0.006080672009427782
0.002503460941202958
0.015740367033128637
0.022578751188061564
0.12816615518448518
0.18006859177484347
0.060833052813614716
0.011216971562279035
0.036167657863433185
0.06186105595514882
0.059612137388711926
0.07269551940462947
0.12815349486239436
0.0311241283219263
0.017406828216070307
0.025506773434713383
0.012935730384023493
0.01232404166792216
0.02041867380475499
0.008137112396425379
0.005740679184781089
0.0008198684471771665
0.002573793909395285
0.01174295915537336
0.011583605482685099
0.009471733026351263
0.012859385639367985
0.007187818427289043
0.008346422424043607
0.005868541557288433
0.003957957275773737
0.006315849376954278
0.057614780141801006
0.09854415101064631
0.09496164231596313
0.11580336176610197
0.20414745844975765
0.04958047925425622
0.027728933524582687
0.04063207933222372
0.006317428213860601
0.015405997255160331
0.02131278478323396
0.006452622645182616
0.016527581381577276
0.026620143588093954
0.0158663748560771
0.0243763954116979
0.018452587824577246
0.01508839245094712
0.020484895073061588
0.01145013536544591
0.013295781959330429
0.009348538212037277
0.006304993237753973
0.010061095872891838
0.014269761589124665
0.0005840804906299299
0.006935582389895572
0.006166860825979984
0.012674525391524315
0.0038622039853164663
0.015831883354179514
0.013296133699910232
0.005117605968419873
0.012480050557517644
0.017265005777354625
0.005227123924969454
0.013388620536491529
0.02156437732172855
0.012852992058144322
0.019746767580795917
0.02363669015918333
0.004659990927895034
0.002790341420767099
0.008263216331960366
0.02788372206729515
0.10125526166058973
0.38415656040622814
0.037117495516613655
0.011559611697084245
0.00047315041876173404
0.005618358710451749
0.004995634726835103
0.010267346868816406
0.0031286842521051723
0.01282505127116655
0.010770897725482356
0.00877823651239252
0.0009463008375234681
0.005337030945777976
0.0008724462302573975
0.008388456278351332
0.012176678105201046
0.14173465659559994
0.06472136576113852
0.012486493572851257
0.002461721433028123
0.0014740464922045093
0.004365188058278781
0.014730062205650254
0.05348985688891433
0.20293739902569954
0.019607963978343447
0.007057631600897016
0.005260277501315051
0.0
0.006093323755379145
0.00399476462267821
0.07751708548266727
0.10117086013969574
0.023437151178915684
0.004637256445584536
0.0004998999117958062
0.0028193796235330216
0.0004608849281943497
0.004431348242938454
0.006432542453081119
0.0748738028341776
0.03419018958069439
0.008007299486504084
0.0061490901782695045
0.001552911478237566
0.0010305700489469105
0.0026978001143247417
0.04627073671849005
0.19598301510991956
0.07387930382908835
0.006618391520490606
0.0049328978868358846
0.0
0.005714098518415111
0.003746145704421433
0.07269271765140362
0.09487437156456274
0.021978512254348458
0.012347652006790832
0.00797687537207057
0.0
0.0013281800094059103
0.0008556041192087213
0.0016041337630225267
0.10153612046706795
0.0930190076685127
0.007508955697938634
0.005766394251779649
0.0014562641890140237
0.000966431298617927
0.0025298993218002617
0.04339102249337943
0.1837857795239433
0.06928133765724481
0.04845966311904276
0.0061820361868122784
0.004764995797184462
0.0
0.0030082632673458453
0.004886426697190907
0.026281999934039693
0.16250568788314243
0.13817846258721656
0.10801885938125655
0.048878783989645874
0.011130260114933423
0.006894160963750535
0.004064816099760176
0.011910544296471249
0.024508386071957964
0.1036235029582699
0.08544110041651025
0.013939422863522797
0.006239886631354547
0.0024982212047800108
0.0
0.006172276408340297
0.03138547095250604
0.1188773645975388
0.040924731010117975
0.021519990204640838
0.009665487634590603
0.001357069913480732
0.002063063747326465
0.005825585481638823
0.024579519229595136
0.06416448300463344
0.0331222297014319
0.0025587981092758537
0.0012226922760837531
0.007108250180987232
0.002234787301997992
0.03382096907839864
0.028070640486885436
0.1735713256305058
0.14311545777983464
0.023348796709952765
0.010451928022781087
0.004184567726942489
0.0
0.010338679621600483
0.05257125693731865
0.0327574446310555
0.024283292536288813
0.01367244382733768
0.010192728116740778
0.005435863387659432
0.011657232858816804
0.03208704700117079
0.01407717021397176
0.10747672155027707
0.055480360661334216
0.0042860351866959995
0.0020480326676806325
0.011906453377899164
0.003743310961666888
0.05665076232184546
0.047018853266986675
0.023801644069766467
0.03353749669348932
0.015481749276643407
0.007714176716206415
0.02579055106339489
0.009486473977332955
0.019139407565879844
0.014692428943120232
0.0594342697338319
0.044058984908092076
0.02480693239375152
0.018493425205690837
0.009862691502868972
0.02115058515352459
0.05821791742026606
0.02554125759837399
0.024729455548115856
0.008758871994129456
0.014459605957551101
0.03932572642914707
0.04374337596736424
0.018722708110999377
0.015012562573062336
0.03499186558370134
0.04318509424908028
0.06084957624529191
0.028089689926156257
0.01399640493601849
0.046793716230013084
0.017212015758312726
0.034726051577839215
0.026657567300677122
0.03411449229752582
0.03145501557343124
0.06736074242562062
0.03490357600991926
0.019399283065277856
0.020638406785312795
0.03606699570738426
0.02324057936701911
0.022502443713655354
0.007970091523427297
0.013157445724931044
0.03578424699843072
0.03980406497974335
0.017036634090679022
0.013660605816443168
0.031840672116739174
0.05695113265195531
0.022479269276142865
0.01806579521178942
0.009260735812399353
0.020091668412541754
0.046944861135549965
0.08240070023282206
0.043018851563010295
0.03104231070722024
0.028622333236415217
0.0612945688186836
0.03176033346307701
0.017652280067886165
0.01877981446548296
0.03281898136604545
0.021147648320099497
0.022636198110277055
0.02680675632324691
0.038498838767890314
0.01903300541910153
0.02282580083390922
0.02511308627730585
0.09067388237290273
0.03032443583798692
0.05372901927686511
0.021207463943673725
0.017043690160090347
0.008736792927774665
0.018954945918968916
0.044288870676483745
0.07773873152432335
0.040584982199089285
0.022467380664516666
0.02670477670016162
0.017097419469795917
0.010199075811807536
0.01760269564989428
0.018981527263471104
0.0292414350751305
0.044914613549728796
0.021355514245075452
0.02529011558109036
0.036320697306199794
0.017956178699888848
0.021534389851557863
0.02369226798246333
0.08554384341563442
0.028608776012522714
0.015320552474006025
0.035452768216970305
0.03920701190592507
0.020765901271716677
0.03780915009407494
0.038344321922676415
0.050853131636977765
0.03245148086702769
0.02981148006682796
0.03543398895374021
0.022686195036655924
0.01353293246791163
0.023356635040151067
0.025186176800155877
0.03879982592917225
0.05959622648231949
0.010996339278708505
0.011307779138437378
0.014838137067022179
0.006026623484086478
0.028889537457932202
0.01561616244910254
0.0392060255509128
0.010257055211525907
0.020328508761724314
0.0470415091458913
0.05202293366397263
0.027553823967081337
0.05016814114666044
0.050878249037691885
0.06747591732069647
0.04305916606177096
0.00940879449002256
0.007992496570655533
0.01510404169035587
0.03719223279102096
0.12638199169863787
0.03623212218995077
0.01624309226384472
0.007375224929731211
0.013347623357625895
0.013725656614044396
0.018010890704592813
0.007315261774394529
0.03506682134763968
0.018955276786130786
0.047589224844697825
0.012450262423869218
0.02730533199915951
0.020455376363451364
0.01397791075599967
0.027453159060010383
0.03097796428339779
0.03711387646419067
0.03783931592488272
0.043525262435328865
0.011420622983622297
0.009701486213578896
0.01833365218651449
0.04514483434363399
0.1534055272054268
0.043979428806396534
0.019716259402868273
0.00895222692250242
0.006783479317503432
0.0065017331380630644
0.03487324058472245
0.03604005399872992
0.12039668692353857
0.04779144547678345
0.020164005488991273
0.011685332478370218
0.025574313455411925
0.019158610010068064
0.013091782628268829
0.025712769035864447
0.02901411961658464
0.03476104631395303
0.03544049661916208
0.040765983170775205
0.0252091274662314
0.013135415357104782
0.048066438606901865
0.04436027028143001
0.035178816216385925
0.013181839962078293
0.02388355970929869
0.012846878179683843
0.006353441386080804
0.00608955647495449
0.03266245530166551
0.03375529870656258
0.11276415208833375
0.04476171200365226
0.018885710560412987
0.010944542100485876
0.015240460972262625
0.025041602012395824
0.0775378911583856
0.07791301622661582
0.041310794175452074
0.02447351320352282
0.013992702803283623
0.01889096358274565
0.02296372407467591
0.011965430151078042
0.043785110567583344
0.04040905453730447
0.03204540220398144
0.012007719667853882
0.02175622602646836
0.011702593282310731
0.010733199475038759
0.012540146581680782
0.1219285040543047
0.044853861361394215
0.014128943792167427
0.015003503597717344
0.016204645600219905
0.0
0.013882977148126788
0.022811120288506865
0.07063150996711597
0.07097322225255195
0.037631198462603
0.02229363174494875
0.012746358106363495
0.01720832566696421
0.02769019625687973
0.0099731795648355
0.031088743963819183
0.10014177135602238
0.059177320889002356
0.030536341185820656
0.036956440337552236
0.004228941406965451
0.011039109498369138
0.012897556927243606
0.12540362362201923
0.04613225424018417
0.01453163690666206
0.01543112279423829
0.016666498892442063
0.0
0.04161010858821547
0.039642501569241255
0.06568034498404113
0.026174488827314386
0.018465929418556095
0.0026372546506711063
0.008279072064295347
0.037773344921099364
0.028479402551113277
0.010257428040832994
0.031974813249441
0.10299594095224668
0.060863950831535736
0.03140666628005776
0.03800974653503419
0.004349471689429332
0.03540648774509439
0.024545774020874152
0.034816377067393024
0.0
0.01188039739389265
0.028257159842952972
0.04873804823280635
0.02565281252551225
0.045578514170663775
0.0434232541283477
0.07194435766113416
0.028670780980934552
0.020227047086257843
0.0028887727656953244
0.009068657021224452
0.041375833785910685
0.04081435767183368
0.033373261899110336
0.045309516601695084
0.025325982709795237
0.029408276257710118
0.020677564898875393
0.01394569973439912
0.022253635610929547
0.038783246623880725
0.026886733704827942
0.038136856388468345
0.0
0.013013445033979328
0.030952078810231688
0.053386253903182336
0.028099351789304845
0.060428779170178575
0.00786568125612157
0.05123649494181656
0.01699341318671774
0.06687867757063326
0.023864207092693625
0.02435746627665298
0.024831061740965478
0.04698525605483776
0.03841910898911402
0.05216005740844288
0.029155127027303815
0.0338546401050794
0.02380389492285588
0.016054210093248963
0.025618258548563477
0.03633465443873976
0.0014872261641443376
0.017659859829776088
0.015702487787501215
0.032272753640610635
0.009834211055449425
0.04031223697717262
0.03385553573128446
0.06956526635114692
0.00905492745558149
0.05898316111085069
0.019562720458408667
0.07699035264822195
0.027472339263829207
0.028040176426576583
0.028585376827279903
0.04361816329142785
0.020608747167709333
0.048882344588239424
0.011367653149230154
0.03284445239849711
0.013533211346264387
0.03808129552998424
0.019299441874706846
0.0236118929042229
0.0009664664616899079
0.011476171314833722
0.010204182912856853
0.020972287048201744
0.0063907127183579875
0.026196704962186183
0.022000850049364244
0.017930600598879336
0.0019329329233798158
0.010901525623911675
0.0017820760327725159
0.017134427735677978
0.02487232502989045
0.2895100302717137
0.13220114974558422
0.0283450445924159
0.013392490957484869
0.031765946398934895
0.0073872123700671755
0.02134380261793014
0.008794489500291283
0.02474693885486247
0.012541645481317485
0.04544911505039275
0.05350823033049968
0.04906118262954803
0.00980658039723517
0.03124926263061464
0.0078126215057426
0.010994048380563662
0.02571649873089937
0.006003773089713559
0.0006472114866210564
0.003650200439005617
0.0005966994842354488
0.005737187417667121
0.008328097816332949
0.09693777513822416
0.04426542774709609
0.010366907619293975
0.007961117219141165
0.0020105267528664305
0.0013342606343937757
0.00349279362007925
0.05990589634442236
0.2537357090264486
0.09565021504001416
0.015217904854112788
0.017916369926645238
0.01642734756130881
0.0032835756485877447
0.01046331276080075
0.0026159305985113753
0.0036811801952892982
0.008610755796539036
0.07798720051491606
0.011143210095806228
0.004520838912278915
0.00116677708607638
0.0
0.00441102049027199
0.11121748847005987
0.11071310297050586
0.0070565219233689695
0.005418954258531895
0.001368520549244366
0.0009082013425647829
0.002377466420943283
0.04077660247562567
0.17271221652968133
0.065106959972195
0.04553984454755463
0.005809552704549417
0.0044778926205176215
0.0
0.00282700771601556
0.0045920069984070975
0.02469844225814855
0.15271430480464146
0.05308414142241152
0.00758493363936412
0.00307723383558889
0.0007941990408267248
0.0
0.0030024828943304377
0.07570325447777661
0.07535993056035227
0.10512293120076391
0.0074557993661782335
0.00035517660456415613
0.0003115104959005106
0.006929244751072622
0.00658633569390366
0.02375236396758969
0.09449584083680523
0.16486621782551683
0.05675685728740056
0.02984520564274656
0.013404674600157188
0.0018820654774592959
0.002861179824318665
0.008079269322874267
0.034088342932837946
0.08898713112893643
0.045935883213011036
0.0035486937978782174
0.0016957025570414983
0.00985814521262674
0.003099336289732386
0.04690493664649075
0.03893003806637585
0.07972712374306284
0.01442614611696831
0.01811783554408471
0.01219984422826934
0.007979097233474834
0.02908870638685973
0.0329596922373232
0.07613771405668103
0.014908602264927923
0.00944499711657948
0.0002805617622782551
0.0015994481638895526
0.004966540744115063
0.02251201689140327
0.04993401227888237
0.07497372747027188
0.13529311174258088
0.06983940825698948
0.005395317507661737
0.002578090479168115
0.0149880002299883
0.004712129109624117
0.07131272527257387
0.05918795137496491
0.02996182284255535
0.042217442272800616
0.019488629766918467
0.009710707187690912
0.03246548514498885
0.011941698307740058
0.024092938165089617
0.01849502294170389
0.022666549270276445
0.01435986343295226
0.0004265568894406615
0.0024317484609098603
0.007550965441216951
0.03422653116467419
0.07591803238620692
0.11398759303405508
0.03794059978793835
0.0035314434908875823
0.015709111913677604
0.005767351098458317
0.018574402411424065
0.013494995403034398
0.05377183918464985
0.02796154995192727
0.04261914656590897
0.06005213265284883
0.02772156997154837
0.013812979773146793
0.04618047696892438
0.0169864494926716
0.03427096102453831
0.026308215545977114
0.033667416328049114
0.03104279247892497
0.06647796894149673
0.03444615897006578
0.019145052305871504
0.020367937108041138
0.035594331863192726
0.02293600779488219
0.05396854495995447
0.00502329609644427
0.02234540089858538
0.008203759265712538
0.026421128744620125
0.019195934439986777
0.07648766589975692
0.039773861619613556
0.030706966138447218
0.02399751133833323
0.05770797674398645
0.018204501236780746
0.021608347269408763
0.026268222113276132
0.019662827815886037
0.01879390846102935
0.0307063058822647
0.028312522470083187
0.06063111077070211
0.03141655669380098
0.017461210165577095
0.018576540027194947
0.032463745694541385
0.020918744230483396
0.02239118182088293
0.026516597528337245
0.03808212379769359
0.018826990418654557
0.02257873226720346
0.024841259922680232
0.08969241993403666
0.029996201356613454
0.028006232666507133
0.02188688660834564
0.05263245532361127
0.016603382272162816
0.0197078538608226
0.023957884244343666
0.017933446378594904
0.017140950059980144
0.05608039572134284
0.029625363652622003
0.08858704796159303
0.00792442506307051
0.006288701824352446
0.018754684888192933
0.058898118613783725
0.0225594270085181
0.02043840155770351
0.024204031415738576
0.034760904742487914
0.017185050497898424
0.020609595350192415
0.022674803391820483
0.08187016254695068
0.027380171955033582
0.014662611256097934
0.03393024887320231
0.03752326654441225
0.019874109517022863
0.03618543591645816
0.036697624787669705
0.048669243593746844
0.031057851826508477
0.051189510961799065
0.02704167575739897
0.08086119230035281
0.00723331992248449
0.005740251416426116
0.017119050879019927
0.053761494540635
0.02059197374217087
0.00904734408872558
0.010539514005864893
0.052674969053289715
0.009066372509573402
0.01110978210567973
0.04323261849229181
0.035840053489260344
0.05722690577268544
0.018391294020439417
0.04255866655090014
0.04706538389187682
0.024928069437152336
0.04538734469418478
0.04602978252193057
0.06104576825036759
0.03895582271179758
0.008512179022678966
0.007230847875326955
0.013664694979856819
0.03364798158850659
0.11433836074561267
0.032779365175793156
0.01469519919670458
0.006672399423855035
0.011348071795236123
0.013219698560431222
0.066070144427631
0.01137193911848739
0.013934985088252807
0.05422661653356967
0.044954131969851915
0.0717796326699811
0.02864325401783942
0.017257439363390054
0.011241891217387882
0.008644304237975024
0.027772195415091537
0.027954043722030142
0.016004213055167832
0.019673705268632415
0.012226097412435253
0.010385713254233798
0.01962668918144595
0.048328812109902995
0.16422492204752415
0.047081212776338664
0.02110680900805421
0.009583610155916852
0.007261904981012866
0.006960287788994603
0.037332782728887244
0.038581889234044535
0.12888803216536807
0.05116208360245847
0.021586133758799125
0.012509476355372579
0.041140489749828854
0.024786971019272328
0.016146800573342248
0.012415869707936174
0.039889382683029447
0.040150572574477246
0.022986954022058227
0.02825746926104237
0.020522260851625843
0.01933869299133215
0.02652972285998452
0.008781208814361232
0.024240199112404003
0.009280383923215875
0.021344620557073098
0.0073411210853487315
0.007631988975963539
0.007315000652587902
0.03923535036245673
0.04054811431380151
0.13545647363765476
0.05376942538661898
0.02268621461057058
0.013146989101193657
0.018307405870420918
0.030080899293062378
0.09314138505105483
0.09359199916887968
0.04962405515002877
0.02939848998710961
0.01680855257003807
0.02269252473544577
0.021568124203080796
0.020324238902228738
0.027881740801093395
0.009228720155670686
0.025475537463618154
0.009753334418431623
0.022432393320159585
0.007715242121879225
0.040678668888437186
0.018486377625619797
0.029444399628270244
0.04128429640916496
0.012932421637479688
0.013167113910740416
0.01650137125390407
0.009690284765140658
0.015729551983089462
0.025845227471183226
0.08002620733419258
0.08041337077180949
0.04263652429070932
0.025258907774788068
0.014441751238938746
0.019497205119074087
0.031373269349745186
0.011299712210714997
0.03522385789807587
0.11346162868500803
0.0670484965300922
0.03459798002480549
0.041872016585283174
0.004791432917058278
0.034950732037757865
0.015883322842097616
0.025298352909302074
0.035471081542057026
0.011111415776422655
0.01131306118366457
0.014177823923700145
0.008325802083761602
0.03472605702006413
0.026212714888397742
0.06447074502041078
0.010881733647082085
0.031118655838464092
0.006788505765820963
0.011562533484027184
0.014189578112749807
0.029331455398910296
0.01056431196361118
0.032931442541016466
0.1060773955102344
0.06268489151107118
0.03234629762926553
0.03914693024951322
0.0044796001123391695
0.03646578660712471
0.025280139730208543
0.03585802087213946
0.0
0.01223583766038907
0.029102563585943448
0.050196203568695155
0.026420298849255768
0.03246603920392185
0.0245067566616112
0.0602749034861442
0.01017353599888059
0.02909341247240344
0.006346700813220801
0.010810028480117735
0.013266101562566515
0.034868254170223704
0.02953781342369009
0.03869117744134881
0.012294967613684041
0.05741215500086797
0.01831235422944361
0.05445607178872536
0.03436785652734328
0.03586302227419589
0.02486226950228785
0.035265302654814076
0.0
0.01203358433716722
0.028621510276566255
0.04936648113638836
0.02598358226383758
0.05587873223713443
0.007273426715037268
0.04737859048186691
0.01571387670403575
0.061842978919344274
0.022067327132801493
0.02252344586037583
0.02296138146825088
0.03429189638609734
0.029049565614961127
0.03805162832063662
0.01209173689685108
0.05646315588331313
0.018009658606821
0.053555935500996354
0.03379977010877552
0.03419018952792732
0.037553428775358756
0.02283035376911319
0.012605060509747006
0.0900915497832215
0.02088746236172918
0.015383162807716304
0.02350924934015856
0.05601310052751273
0.007290916695102383
0.04749251898290315
0.015751662936174596
0.06199168908180876
0.022120391132311536
0.02257760666167754
0.023016595347469176
0.03512081090778334
0.016593910832226177
0.03935946521962006
0.009153095100587184
0.02644595083819145
0.010896776040100439
0.030662592794108677
0.015539674244847056
0.03427240465934945
0.0376437312897568
0.02288525257375445
0.012635371155014011
0.09030818761728206
0.020937689210040203
0.015420153791661896
0.023565780644922395
0.05741112925615313
0.02999991975688378
0.013364183405500501
0.009398179956376327
0.047990490568008734
0.02136221409259193
0.056313118213417626
0.06646475097999488
0.03198709963756529
0.01511329224604153
0.035847553149242886
0.00833639535668318
0.024086268016206645
0.009924493538549852
0.027926673260095004
0.014153121626672675
0.051288872268878384
0.06038350334680513
0.0553650544451087
0.011066628004320952
0.03526448067869208
0.008816465316185773
0.012406673759948734
0.02902081189368445
0.05228852820749451
0.02732312829854791
0.012171742483078726
0.008559612119028727
0.04370846127343645
0.01945613592046378
0.05128848897948956
0.06053432586067944
0.054485572754285734
0.02788351227003403
0.04480093278424732
0.05787601300134713
0.006876831689824891
0.017095138407288855
0.025516404454175128
0.05914716062870562
0.021299281524833135
0.025076106772184095
0.02299204153060768
0.004595757616953135
0.014644660109991672
0.003661308360201821
0.0051522528281491295
0.012051784632002563
0.10915243294164031
0.015596257907789162
0.006327455825499233
0.0016330443560598894
0.0
0.006173751783493329
0.155662203182226
0.15495625523110967
0.02262680971130443
0.011579485987274596
0.018604965126632872
0.02403479429198908
0.0028558158462250287
0.007099281959914996
0.010596471669757525
0.02456267743655884
0.14121299324717881
0.047274853170112194
0.0206091813028653
0.0030116893890362317
0.010829072445260737
0.0077482484002533835
0.04961946713274526
0.03875933901074458
0.06007790706352177
0.008584238645636486
0.0034826553361034934
0.0008988337173064247
0.0
0.0033980560568931477
0.0856770584406937
0.08528850204982034
0.11897273878217285
0.008438091102221539
0.0004019706539161208
0.0003525515930096825
0.007842163610836554
0.007454076737510217
0.026881706602893962
0.10694554327455164
0.0777241592865062
0.02602025588118748
0.011343370418786795
0.0016576450963347107
0.005960361949040237
0.004264664879658602
0.027310740169542436
0.021333285059949608
0.12184624060678724
0.02571598299345683
0.0006306634435950854
0.0019050838206306916
0.008777662012930485
0.001449325817044925
0.01019760896027565
0.12916671323433537
0.07992038249019687
0.014461115131196424
0.018161753222707036
0.012229416681157316
0.007998438585102813
0.029159217483813272
0.03303958661364908
0.0763222720657679
0.014944740754064002
0.009467891813186335
0.00028124184469093997
0.0016033252302346936
0.004978579651286618
0.0225665860765894
0.05005505244939563
0.07515546397296533
0.13054745966667283
0.02465383241268337
0.01197705448209173
0.0018866276088785876
0.007393265142219283
0.016650260995945527
0.026258012988420357
0.12480926038170863
0.034482842372791936
0.01414670302111634
0.009013316075302534
0.009426109228503716
0.00199859878340936
0.017970011692149235
0.05215690679701253
0.06628441973402605
0.02284407067103173
0.01447232797446124
0.00042989762629532793
0.002450793591596397
0.007610103598781031
0.0344945888069248
0.07651261232385353
0.11488032870999956
0.03823774552192455
0.0035591012868632843
0.015832143589928144
0.00581252022559089
0.01871987466196166
0.013600686413102454
0.05419297308109895
0.02818054109414159
0.05270941136184616
0.021624214758532958
0.013777477494787974
0.014408460401713378
0.0030549965772290796
0.027468406699734285
0.07972544217800266
0.10132032356470655
0.08449731940813233
0.00939744997772279
0.003666034855407875
0.003102415730752182
0.014927215562790044
0.009046831185307993
0.03888706178624313
0.07055624018061456
0.04784487306924734
0.004453315617494545
0.01980992577190217
0.00727289981691975
0.023423191269480885
0.017017821166167228
0.06780880731641566
0.03526082391282287
0.027222725725250363
0.02127457549230443
0.05116000115340961
0.01613888333674775
0.01915650372097695
0.02328763456003971
0.01743173735240771
0.01666141204029529
0.10572703663859374
0.011758533229971615
0.004587115948660097
0.0038818890815821164
0.018677637086880142
0.011319822438061556
0.04865732824473113
0.08828329990713654
0.04991022012039335
0.05111734314324573
0.08854916668095927
0.05412533065232261
0.0068885866936849996
0.006865280040036619
0.014826039545372562
0.019599752367539643
0.026097158461338785
0.02039494404138244
0.04904470883841029
0.015471595316317012
0.01836444734510375
0.022324769952753017
0.016710994208793118
0.015972519232412212
0.05225761676488273
0.027605919686651183
0.0825484189824894
0.0073842483224555696
0.00586002587283027
0.01747625213458205
0.05488326662289138
0.02102164002023656
0.04784660200701581
0.04900381459210564
0.08488795934012748
0.05188743203241563
0.006603767026643469
0.006581424023977092
0.014213033157468826
0.018789369165345692
0.04680922903704919
0.015875809903744764
0.03699333024003661
0.09339009570058439
0.027911316248901356
0.022025073547691836
0.010366430633085058
0.013396320811295494
0.04653030044199314
0.024580373475060736
0.07350129940958054
0.006574951447327308
0.0052177803225783494
0.015560894521477353
0.04886818502824008
0.018717715932701107
0.008223865216541162
0.009580219540902851
0.04788055384337122
0.008241161692368926
0.010098582492966817
0.039297635190178176
0.03257793296671453
0.0520181785084024
0.04167904365695495
0.01413585713073748
0.03293894511422686
0.08315475293880703
0.024852299266460424
0.01961117542045637
0.009230293337691427
0.011928114421509314
0.009792855160749302
0.014575957105891756
0.02417441067818441
0.07845342577875941
0.09074308243203541
0.0618397232409044
0.028522941996662297
0.0068970767130208605
0.00884878968005763
0.010308212206070422
0.051518956058822986
0.008867400500246928
0.010865965114219008
0.04228382877945209
0.03505350214807108
0.05597099527296743
0.022334907209762934
0.013456687100542684
0.008765994151580227
0.006740495787520723
0.02165568923213641
0.021797487543850455
0.01247946945308042
0.015340798268711306
0.01053700582427387
0.01568357158336607
0.02601140340923077
0.0844150343077037
0.0976385714282085
0.06653887076494207
0.030690375892505287
0.007421179656250913
0.0003493405067991827
0.0
0.023187550765979212
0.03664328770256107
0.16304161113038695
0.0757641605823791
0.0157884107824719
0.0
0.028705639507034857
0.017295026356693086
0.011266376245612742
0.008663131678052341
0.027832683723993966
0.02801492809960482
0.016039070500485073
0.019716554929732583
0.014319339061308972
0.01349350853434387
0.018511025640948416
0.0061270591622477975
0.01691351808232449
0.006475356929551987
0.014893137802967811
0.005122242752455076
0.00044898519430601377
0.0
0.029801488185646874
0.04709529335687113
0.20954704086297954
0.09737486978590222
0.02029184290107606
0.0
0.0008979703886120275
0.019096857255694558
0.03120491974282733
0.030154234373650796
0.12368456909423739
0.06820553433842987
0.03507459444392339
0.03373262636743624
0.014588451417299227
0.01374710053720828
0.01885891500237096
0.00624220884334582
0.017231384478233552
0.00659705238991706
0.015173033920036069
0.005218508286022321
0.027514622004754616
0.012503990580445547
0.01991588092891301
0.027924262063385885
0.00874735340866838
0.00890609678357859
0.011161353235438605
0.006554406270335581
0.0009148465115848974
0.019455756519556236
0.03179137344956088
0.03072094188861579
0.1260090510864633
0.0694873638948641
0.03573377338408211
0.03436658485648469
0.0
0.009021797067049515
0.0933069875515386
0.09707765833283843
0.14679189412378793
0.06774238379368455
0.0
0.016694381888168068
0.023933041056070747
0.010876344943965152
0.01732342882475817
0.024289358229526346
0.007608709588139872
0.007746789322924118
0.009708478829144015
0.005701218586212156
0.023779191448087475
0.017949551984701304
0.04414731530721736
0.007451431284915346
0.02130896906500029
0.004648531739685667
0.007917619244325496
0.009716527687428369
0.0
0.007847428889552732
0.08116120815700703
0.08444105036607613
0.12768397938215975
0.058924351288205654
0.0
0.014521272618835441
0.0
0.0
0.06365032881446
0.19918037714330564
0.10247418419652565
0.013195363232927188
0.0028134394818959308
0.0
0.018531531478753412
0.013988393522975153
0.03440475951859796
0.0058070281203477505
0.016606444835179444
0.0036226804621188142
0.006170336387732925
0.0075722565713326655
0.019902709588505027
0.016860107752489105
0.022084824336002652
0.007017935816935631
0.03277071006349099
0.010452644584129736
0.031083385386909627
0.01961708390399552
0.0
0.0
0.04960379223293731
0.1552246819257606
0.07985988818598895
0.010283372740339443
0.0021925616115309695
0.0
0.0006201500736316094
0.0043076999783813906
0.012205952940878234
0.207714391959692
0.11045963297439834
0.07630642618227722
0.02305841481433848
0.0016698051543019396
0.01698307073724135
0.014386805039018893
0.018845078970277793
0.005988435890019438
0.027963392855781456
0.008919288179034928
0.026523591194020552
0.016739345068491226
0.01693270038888511
0.018598345513969276
0.011306738730678301
0.006242659544808101
0.044617863811593064
0.010344521248306624
0.007618515441212634
0.01164296194144648
0.0005291768199378202
0.003675779577767501
0.010415394008969453
0.17724361580555523
0.09425569679705276
0.06511261332518097
0.01967584806175023
0.0014248521753690607
0.005805880848406958
0.011699910058768508
0.04830858063769061
0.09304453140001581
0.1271985364592866
0.058175500548088385
0.017909507659564363
0.0018709225886457469
0.019765962008757267
0.02171031096116043
0.013198637137655437
0.007287211641521715
0.05208354135827957
0.012075416755559435
0.008893282424874615
0.013591118848066411
0.03311078434782101
0.017301887045108995
0.0077075403403048335
0.005420222765679864
0.02767760893282153
0.012320253462633053
0.03247752721948043
0.038332289661318096
0.006777349013528452
0.013657595800803161
0.05639180683834507
0.10861319402914367
0.14848201299741573
0.06790970768187463
0.020906213413358847
0.0021839744375783243
0.04208469697052738
0.01971385450261187
0.021397901566245933
0.009915039503642939
0.00849337681458072
0.07205490421424991
0.032499943838933294
0.04596443812451479
0.039069245973980184
0.020415453577857318
0.009094553189875171
0.006395620660676065
0.03265834176589651
0.014537348554990318
0.03832203085965316
0.04523038892077622
0.040710846469479985
0.0208341645259832
0.03347462096974142
0.04324413529044049
0.005138271013199443
0.012773244730531062
0.019065495170102056
0.04419391875203335
0.04965806186920357
0.023261467398868384
0.02524856768226013
0.011699303560444015
0.010021805114392941
0.08502156719713504
0.03834848146892019
0.05423598306455221
0.06575784955407434
0.03125863658260241
0.029462622696411523
0.011411620166586152
0.010738551145465427
0.003947250863186244
0.045454931320921
0.07931515340433527
0.023650423465314686
0.0121033301028249
0.019446634740665467
0.025122103829921676
0.002985010037382075
0.007420446222596504
0.011075845221908132
0.025673867868624814
0.14760132478737617
0.04941351922781832
0.021541519609045705
0.003147935140017381
0.011318968618851852
0.008098771241660621
0.0518642011306788
0.04051277190800021
0.03820114595966979
0.018159288156318388
0.017115917835098374
0.006629428586492733
0.006238418112593016
0.0022931027609108825
0.026406436307643527
0.04607708087413997
0.12704487208120224
0.12896858929102797
0.01643422577141459
0.020552716570791194
0.016434849268283473
0.006139809498335821
0.020738609093223316
0.041588565681679124
0.08425817237334697
0.02820769276067704
0.012296970064580625
0.0017969978388052087
0.006461429870968831
0.0046231811555563235
0.02960666379634298
0.023126703799330118
0.13208945118655505
0.027877840657311852
0.0006836812340951079
0.002065237918530219
0.009515571036210332
0.0015711658464849325
0.011054888228557087
0.14002533174375273
0.07252352745741264
0.07362168085472505
0.009381472895755348
0.011732512144161855
0.009381828818757586
0.00350490842677408
0.011838628835326824
0.023740820355203765
0.12447598892120947
0.03690433199483149
0.014277056401586182
0.013010524683885518
0.005018196213861234
0.0017311803221006841
0.0047573424585130005
0.0688388650053834
0.10103392347402115
0.019080213614913282
0.009269340124101692
0.0014601079940284427
0.005721831635095566
0.012886050786297261
0.02032172883046288
0.0965929884384713
0.026687128699056564
0.010948485049763507
0.006975629314614375
0.007295100194841508
0.0015467652687676337
0.013907438649266697
0.040365526402627395
0.05129915976938109
0.022669189510596346
0.014414133734570997
0.0032600950158733987
0.00817717544318347
0.005988344076867299
0.025723631634953874
0.05763984675683748
0.21324217433625003
0.05008187599995661
0.01542731489193041
0.009301986114854277
0.0030068734095750433
0.002837939918707477
0.010778052358525702
0.07643414903456762
0.055625602513644685
0.04185734258957971
0.0171721167433439
0.010940903732744056
0.011441976824265305
0.002426019092970424
0.02181307815653083
0.06331118219935102
0.080460004867458
0.06710060224515205
0.007462657484175777
0.002911253852461408
0.0024636753616147197
0.011853928161536662
0.007184225786054516
0.030880805257240136
0.05602977989639254
0.0785507599898951
0.024196923241565672
0.01458967069719769
0.00471612108771108
0.0044511578883412155
0.016904802127895704
0.11988289927181232
0.08724580030401408
0.06301664696151178
0.021198453815109767
0.044082077795750796
0.0049273507232294395
0.015193005294690668
0.020172857010625794
0.0191378582252686
0.026423754325157665
0.06315749969870013
0.007024121573251402
0.0027401768114973246
0.0023188998414707747
0.01115734344015899
0.006762051646874957
0.029066124348692747
0.05273724360917065
0.029814556545181226
0.030535648087855402
0.05289606278373053
0.03233251080375289
0.004114992019667248
0.004101069469508134
0.008856538666836868
0.011708181687517567
0.05931353413109377
0.019952747004404626
0.04149163676551586
0.004637799682941549
0.014300202907509703
0.018987418412665134
0.018013240338442635
0.02487098774065392
0.054499096697599614
0.05936859680721331
0.09302236914879553
0.09705864844542536
0.0981774934562075
0.014308206445340074
0.023466958839331226
0.009207751311104708
0.021230349948586337
0.0217438248269646
0.037666229316514796
0.023023334861274895
0.0029302035896722318
0.0029202896199102863
0.006306564209506008
0.008337162221780655
0.02077004994282279
0.007044366492824553
0.01641456893102748
0.041438771621956534
0.012384725072074108
0.009772899212200795
0.00459976133782437
0.005944175070272079
0.03880771773407079
0.04227519145769011
0.06623937025803937
0.06911352409050801
0.06991023126544581
0.01018858789701787
0.016710352462666323
0.0065566557154076695
0.007351745844913338
0.009341207949534766
0.11829695088616098
0.1435933381205064
0.14766948749495248
0.0073126411191368895
0.0014916616117606157
0.002613852721399692
