0.0029676457566089917
0.0
0.0
0.0
0.0033379769525483374
0.018917541707346094
0.05657738869518204
0.03583222793550481
0.0667807690810605
0.07272692843762543
0.008501139013344905
0.0
0.00401037004306888
0.0038606447464026037
0.011201590539444185
0.009621126873599563
0.009232675687227973
0.0
0.0
0.0
0.004176227609166356
0.010385169593974963
0.08711909765959425
0.06465085291577942
0.35900845787718444
0.025370786584225705
0.0
0.0
0.003021154790865883
0.004589730180734472
0.011857463627580786
0.12625261162675513
0.02900178114633757
0.03158409959958898
0.0036919037703856553
0.0
0.0017416372393635371
0.0016766140246605886
0.004864665109224986
0.004178295934726161
0.032159217663172944
0.16064525379551292
0.09775515560666752
0.018081645930342848
0.004516208251320874
0.00115451474291708
0.015761004502602566
0.007485330775623498
0.15591142282892845
0.011018112102497916
0.0
0.0
0.0013120374511941782
0.0019932437444802145
0.0051494999205584915
0.054829416641012436
0.13584980669568658
0.15343466887440568
0.005674043189134008
0.010870497264396399
0.0072163370850189595
0.013599226589057834
0.01708118566316008
0.01176299056211134
0.02669199083462793
0.13333476227086938
0.08113629332714792
0.015007676259500157
0.0037484304038145635
0.0009582414988805755
0.013081555407666286
0.0062127873429551565
0.017914250288819083
0.1425001515713438
0.09989754490974054
0.007605956672949894
0.008208664186923191
0.007832696745346476
0.012424017721574532
0.0011275596701591623
0.11275466440714026
0.12735001262172288
0.0047094276479580635
0.00902245870493881
0.005989523916605976
0.011287290483090259
0.014177299209854693
0.00976322370650333
0.0329160396453094
0.07364857345078663
0.0041545144958054165
0.0031303126154304545
0.0035774257100875126
0.0025534176568102634
0.003357590643035075
0.003925493837908258
0.02983420282178278
0.23731824416719768
0.1663683139503473
0.012666879739650987
0.013670622454204586
0.013044490256342682
0.02069082761438365
0.0018778259402899352
0.009270715272781008
0.05040273582936524
0.052379211546860385
0.013900782048908884
0.017799174271806047
0.024367532263719186
0.004758806386178911
0.0010093011570348046
0.05481802403313073
0.12265355470874009
0.006918884468821723
0.005213189497671903
0.005957806913149186
0.004252434739596379
0.005591695919273204
0.006537475889175692
0.010066899509995944
0.0036601196485879237
0.025534707967952316
0.032387117274088
0.027288709316339428
0.011448208946479538
0.006095474613930252
0.0022157774687043366
0.01359495286351231
0.07391261597733567
0.07681100012835305
0.02038467056320072
0.026101431023892934
0.03573353757266266
0.006978506685091664
0.0014800801503701546
0.005271630475149442
0.0
0.007484216677883251
0.0021147106890620137
0.21320100151666885
0.1789482556621222
0.005591713329179626
0.0
0.014762509719388176
0.00536734789423011
0.03744513136187912
0.04749378227794403
0.04001727007526091
0.01678811789808548
0.00893865118481405
0.0032493059442253508
0.0026838754726233077
0.012407138264924955
0.00858949938350136
0.061421732790901414
0.04574642767655973
0.012823072519280306
0.012891813755971867
0.0017656289233998564
0.0038195531289057236
0.0
0.005422679636627414
0.0015322109292776665
0.15447451339155968
0.12965673012335033
0.004051468752047994
0.0
0.0
0.0016016962421734698
0.009512575618570733
0.06316188727713412
0.3900186105178084
0.021102096581000342
0.0032225952685079524
0.0033953733925482484
0.0019445985463844712
0.008989576185955375
0.006223510809538742
0.044503038058191696
0.033145515754935344
0.009290940818801158
0.009340747194063578
0.001279284181744015
0.00729174447748221
0.003762193683945521
0.012035941919743776
0.01563275470636109
0.03078915055654536
0.016032937029763526
0.007693415833478949
0.0010723901828906773
0.0
0.001379587196728365
0.008193455903650223
0.0544031563004049
0.3359342847842437
0.01817584477052205
0.0027757143056276684
0.0029245330900666486
0.00484879581126815
0.0006531408171540949
0.032690753835848095
0.36376683170746243
0.015261696784854182
0.000405060749139024
0.0
0.0014937901758025854
0.006280589950875172
0.003240485993112192
0.010366904120666837
0.013464942774183704
0.02651958391830431
0.013809631358190019
0.006626561081626946
0.0009236806126270088
0.005699767649962617
0.0
0.01082436905780125
0.0025937887467805004
0.027320379570719377
0.013227019296463487
0.009304135856999504
0.006891281908615577
0.005354715705963331
0.000721289063914212
0.03610168376193479
0.40172200333241603
0.0168540913361611
0.0004473244986401541
0.0
0.0016496511767303775
0.0018978370180352234
0.0011686136102499062
0.004006690170660222
0.20007621238190657
0.1793685640838228
0.004840244138247432
0.0027565376005992326
0.0
0.006294477339027025
0.0
0.011953776000683492
0.0028644228136107
0.030170968478449797
0.014607117050641294
0.010274922752596111
0.007610313345125946
0.003025371222760279
0.000721289063914212
0.0073435808068956126
0.01077865557407647
0.012973678351105878
0.01311236324528419
0.006098608544831595
0.005204741468235027
0.0019215091422253863
0.0011831899760016869
0.00405666646810307
0.20257180547129902
0.18160586627808561
0.004900617531358881
0.002790920479527262
0.0
0.0010127242776662294
0.003722931508445539
0.006283840100176505
0.16883639223538136
0.28707405325358754
0.0013587121680540724
0.00057288335356355
0.0
0.003063107320552633
0.0007302858555963873
0.007435178849935841
0.010913100034231791
0.013135501796539856
0.013275916536857267
0.0061746777844388515
0.0052696613139556585
0.0010376586686392604
0.000905808144229686
0.00659797686090291
0.008041478281989827
0.01735280550291517
0.019847858274118026
0.015562592510656894
0.0027640207635490598
0.0008813089436115024
0.0032398283592125696
0.005468422751029724
0.14692747647665386
0.24982212453148542
0.0011823999995924646
0.0004985436157462261
0.0
0.002195557913657288
0.00465692051966132
0.011151841394415345
0.06866573076165536
0.3628070069190616
0.0006355209113908419
0.0
0.0011147774471544378
0.0009030077438206552
0.0007882666944110332
0.005741795813027722
0.006997982457877853
0.01510103295016525
0.017272317247912138
0.013543125476393095
0.002405349879492585
0.0005287853661669014
0.0012754422487929338
0.0038948577754910505
0.009141755436092872
0.023961603551107293
0.019653720626973646
0.011681311921267626
0.007861958651589744
0.0022514174100654767
0.004775402129015874
0.011435567111892943
0.07041272778550388
0.37203756129150456
0.0006516898668287019
0.0
0.0011431396718162888
0.004316331309902383
0.09961183549827682
0.1364781905371239
0.10945192656218615
0.048724633976290316
0.00481721707456484
0.0012780689911534734
0.0
0.0005422387504198815
0.0013078921155316447
0.003993950945644798
0.009374340444108597
0.02457123589064687
0.02015375158946428
0.011978508454891304
0.008061983004547149
0.006280908749627938
0.0
0.0013114645471285443
0.002594874689812128
0.01063660696293023
0.017321340967048918
0.009210871490172277
0.005274090826699606
0.006449757479181759
0.1488468180248573
0.20393504737288473
0.16355055515218966
0.07280768083951354
0.007198215249194881
0.0019097781061641508
0.0
0.000540166819910139
0.0009737995744308248
0.005903201853023407
0.006253709422910013
0.0352406758708684
0.15983558949865728
0.05784809061861062
0.0
0.00938536346619952
0.0
0.0019596800301493415
0.0038774392502631417
0.01589394566512726
0.02588273244812798
0.013763514201801212
0.007880907259679054
0.00567175160905646
0.0018117745549713813
0.006809680321750076
0.000854078744040299
0.011199799894988517
0.008563322123109401
0.010022316425081328
0.0051302624164935905
0.000513132293971077
0.0009250623901313944
0.005607755598761382
0.005940720799067581
0.03347693376227394
0.1518360618878989
0.05495288186325944
0.0
0.0052329431742323875
0.0
0.014569504021185377
0.02265467411513927
0.07555571582292867
0.35028385369525883
0.1220831660180809
0.0
0.005387889086696309
0.0017210980002539801
0.006468866201908915
0.0008113334048067634
0.010639266982537988
0.00813474090425509
0.00952071476541548
0.004873500602808026
0.005194492605333052
0.007494740279701506
0.008853917216952173
0.007486101099024315
0.009948771633945893
0.0
0.05372458944305427
0.016107243926448956
0.0027628317584868314
0.0
0.0076922464232639445
0.01196096556746151
0.03989107549240953
0.18493901486258302
0.06445612669983782
0.0
0.004470146051584339
0.001465212851129529
0.02619983322174243
0.018950130509353104
0.03718029212186849
0.058164572566220075
0.11558584875223998
0.017267223934067127
0.002742531050195163
0.003956990507432222
0.004674593791589774
0.003952429287876126
0.005252642979871576
0.0
0.028364917596627626
0.008504125418525145
0.006433681569630488
0.0017609666263817092
0.008695796886464819
0.0
0.003426871071039585
0.037997175695287704
0.24419556829715786
0.0490560150221892
0.0037525634883140585
0.0012300055041397288
0.0219940325021332
0.01590810837667841
0.031211822855748625
0.04882754362086931
0.09703111056957898
0.014495355035783987
0.007406508637588081
0.01581205110225276
0.0013063249259990936
0.012450350146614745
0.0330036831651169
0.05555996825300902
0.08004691432964813
0.019399526560979492
0.005400897034466603
0.0014782825863055382
0.007299880031073586
0.0
0.002876763110633728
0.03189757393332919
0.20499539903740607
0.04118116247884301
0.009510103952796539
0.011001269075842923
0.01595760667630884
0.021140320005397954
0.027455036040014914
0.07486653302687456
0.05428476976195867
0.03121838862031558
0.006028629058715975
0.0
0.0
0.0
0.002726937236110302
0.006781169112280237
0.05688586294071745
0.04221484906027939
0.23442054013412705
0.016566276822192447
0.0
0.0
0.00197271323937963
0.0029969406135989985
0.007742527974505704
0.08243874137642983
0.0695284376088679
0.0
0.0
0.0
0.0
0.0
0.0
0.05474237104765883
0.3132663065335998
0.0037928198736386547
0.0013949188900948988
0.0013096685742935291
0.003730118298090832
0.0004814437351550664
0.005507300705650016
0.08547115157014208
0.12154386563254259
0.00858938949187641
0.0
0.0
0.0010228250167903677
0.0015538729969633634
0.0040143955783528374
0.0427433675352837
0.10590443183463633
0.11961306258815185
0.004423313766625364
0.008474313394679436
0.005625639796662399
0.010601548874713106
0.013315979659589323
0.009170074381829393
0.16242432445014102
0.001966525581871834
0.0007232464955885815
0.0006790453649070938
0.0019340156667041065
0.0002496220366262945
0.0028554606033350917
0.04431563102770818
0.22089384614492902
0.04862820003085201
0.0025086702891241428
0.0008127104575089581
0.0
0.0033306821378036922
0.005942036250885255
0.046139760021328614
0.1360956900526809
0.15371238021150505
0.005684313007111742
0.010890172480906311
0.007229398400532215
0.01362384070936891
0.017112102006542958
0.011784281160000694
0.039729896345167104
0.08889435730115687
0.005014528845555226
0.0037783098173155664
0.004317978534959221
0.0030819934574190986
0.004052636029568514
0.004738099266018833
0.2838663113402659
0.06249113776043262
0.0032238425550133276
0.0010443981296308466
0.0
0.004280193718411336
0.007635993224013418
0.05929329273748217
0.006799536017069169
0.010142202269190895
0.021886993645615846
0.008680684612898334
0.0047591427894090495
0.005813776672584488
0.002808378674193984
0.0075339546003105546
0.10555642704531124
0.23617908941111102
0.013322857519029166
0.010038407377686711
0.011472226915691082
0.00818839834657055
0.01076725133334977
0.012588425229249262
0.019384608665521035
0.007047848941614185
0.049169093309774876
0.0623639476622515
0.05254656118888894
0.02204442888580221
0.011737316927056865
0.004266654204510844
0.01806535615628496
0.026946323358250274
0.05815048768119111
0.023063288262422592
0.01264433474187969
0.01544634015316396
0.007461444552050172
0.02001659712930779
0.03211762976821537
0.027316792034275752
0.05074977400665531
0.008476101228068304
0.03391106991125633
0.01074522732111225
0.01627171391139874
0.0019434889496364072
0.023469579926083377
0.008533061301174852
0.05953062995691872
0.07550607182329469
0.0636198408202589
0.026689911289281613
0.014210753618529554
0.005165777839396758
0.00426685103777856
0.01972498773566883
0.013655668726935405
0.09764886149686078
0.0727281106733326
0.020386244013371274
0.02049552949256263
0.0028070138428504874
0.0388858651669471
0.03307333385135428
0.06144441179245497
0.010262293073140843
0.041057241824893925
0.013009598273981984
0.01970069640132561
0.002353045657304502
0.028626479343510425
0.016067165902607115
0.06511111996914772
0.06509983952342908
0.02090222934506273
0.018650143280856894
0.02086487079028109
0.01645218152752262
0.004308677201087123
0.019918343573729916
0.013789529559011183
0.09860607260915433
0.0734410340463805
0.02058608187126739
0.020696438630486907
0.0028345298302521913
0.016156431487977085
0.008335950976734459
0.026668223443665796
0.034637737397633664
0.06821999907923272
0.035524427586890464
0.017046420949879484
0.0023761115836899147
0.02890709279576589
0.016224665636954086
0.06574937715528348
0.06573798613205449
0.021107125192224713
0.01883296286646852
0.021069400427092762
0.016613455409657144
0.013596602991196973
0.0050471565437483976
0.009377944293318344
0.046777606635903184
0.16638446688897418
0.020078701378733597
0.008015120709892158
0.013333728643570438
0.01893923185961867
0.009771743744048522
0.031261585670050974
0.04060377690175856
0.07997028186490542
0.04164319152091381
0.019982514021532338
0.0027853754859987084
0.017187751773788958
0.0
0.032641079408665015
0.007821616576528832
0.08238509554513145
0.039886314379187396
0.02805678887292283
0.02078078443237313
0.015938495870520132
0.005916483976364204
0.010993211060865411
0.05483462969992349
0.1950426985435682
0.023537077549263583
0.009395653342165447
0.01563034377496922
0.015645804568878718
0.014674176138263939
0.022552012741651906
0.021950866150778896
0.045036756078493986
0.03282755081560424
0.01636890795257435
0.025937500469635315
0.02101356837990425
0.0
0.0399066476625443
0.009562627907096471
0.10072316970289412
0.04876459735167826
0.034301941246369996
0.025406373119935908
0.010099940255547038
0.0024079611776918887
0.024515909602576588
0.0359836097184684
0.043311503479332214
0.04377449100794031
0.020359677345172005
0.01737557939312337
0.019128399600704414
0.017940496683830846
0.02757185861701013
0.026836902983492065
0.055061474352202384
0.0401346256850446
0.020012458353647334
0.031710921061453574
0.01951594644359319
0.05924589496119219
0.04691404843868942
0.053374106811687326
0.0326066836679084
0.01203980557000457
0.03840221333957873
0.02199571123389383
0.009719159919462386
0.0023171780400375115
0.02359162925420888
0.03462698278252073
0.04167860581519663
0.04212413813691381
0.019592092133189007
0.016720498393278313
0.003292463987354474
0.0028741057001331065
0.02093520910147488
0.025515401594692455
0.0550600008698786
0.06297673846771219
0.049379701572197336
0.008770166047202408
0.018780170938216302
0.057012250877746376
0.04514533033941505
0.051361836460007734
0.03137737105302901
0.01158588989373883
0.03695440203259518
0.02116644550517201
0.02710095505478193
0.015338760304715482
0.054218693693492255
0.11390614880519662
0.04360521219351562
0.03915614053039248
0.008622316793950592
0.005493181091541758
0.0031439942075611803
0.0027445012938160356
0.019991160541745594
0.024364814657173554
0.05257713507818988
0.060136876732454755
0.04715298217698428
0.008374685754394401
0.0018410674101617028
0.004440696184195963
0.013560692440585014
0.0318287703895098
0.0834269066728191
0.068428188164578
0.040670722115617716
0.027372913056206146
0.025878869454263487
0.01464707700203095
0.05177376565653566
0.1087696853859571
0.04163888658537644
0.03739044056087699
0.008233503588818322
0.00524547256985153
0.015342228418014189
0.020504376997917406
0.007401077785394192
0.02840444240886746
0.07220882451122532
0.035103978914315555
0.02274948186236937
0.014650995900097928
0.0019917694159657254
0.004804192826649605
0.014670713474908854
0.034434139162809366
0.09025588105160873
0.07402943076602693
0.043999855729352846
0.02961354415939159
0.023071242957633076
0.0
0.0048173152012305894
0.009531580030806005
0.03907073852985872
0.063625325845796
0.03383367956330979
0.019372965870682077
0.016598078466381044
0.02218277873611156
0.008006898767947208
0.030729510150078083
0.07811953404338555
0.037977442430583444
0.024611658406660148
0.015850264572708533
0.024045744368421777
0.007756772695355076
0.007195860038868947
0.01817985108128897
0.04636825787370229
0.0853392169697628
0.08023102257084813
0.009683884420249105
0.028122278980587927
0.0
0.005871980208227681
0.01161834900895288
0.04762457796192427
0.0775549530188751
0.04124095859795967
0.02361433026808293
0.01699482195153308
0.005428796622350499
0.020404508623087167
0.002559159354647505
0.033559051634807595
0.025659116411848464
0.030030843190348745
0.015372305125938832
0.029310130046588227
0.009454979349329415
0.008771264898468988
0.02216000433407089
0.05651975865204432
0.10402271225766704
0.09779617005371409
0.011803997720543854
0.02984192518938743
0.023226544389256986
0.005190877098392881
0.034651457356650345
0.05848386373532904
0.042970724476783705
0.06579302540304734
0.014345498204691337
0.01515024014136343
0.004839566589270049
0.018189846677293665
0.002281393644105156
0.02991662358297819
0.022874130518303892
0.02677135937516365
0.013703827839354104
0.014606427325620291
0.021074508626206856
0.024896387039553478
0.021050216058231163
0.02797501525004215
0.0
0.15106852024259368
0.04529206328760013
0.02660294613201508
0.020705584686607284
0.004627470344157483
0.030890461912377352
0.05213614961732988
0.03830677348243176
0.05865199043130153
0.012788468356325789
0.030507150123522436
0.028949032464330678
0.09560008088958111
0.05425560530727205
0.06726949752098686
0.016483568296504606
0.010749091175126416
0.01178507961924123
0.004162654964792243
0.006005979833929817
0.007095168914701422
0.005999056746138582
0.007972540685323359
0.0
0.04305269945845191
0.012907689738688827
0.009765138858066494
0.0026728216876959815
0.01319861158169634
0.0
0.00520135656314656
0.05767268598283214
0.3706437141997322
0.0744579589975863
0.008694168470656462
0.008250123800103213
0.027244865734657328
0.015462190703128239
0.01917099243999585
0.004697617417134071
0.003063360858179211
0.003358605023246029
0.06564880468180721
0.04681746628565954
0.017105957782368193
0.015602835972764068
0.002907646676599006
0.0
0.04311374372818878
0.09805327904259516
0.005377519886740157
0.0014718840139608036
0.007268283358746246
0.0
0.0028643113797856656
0.03175950903536945
0.2041081005579207
0.0410029146595139
0.009468940586122517
0.01095365137627873
0.01588853605225288
0.021048816616128223
0.027336200144931842
0.07454248204216457
0.05404980451934749
0.031083263496118355
0.03615184155067288
0.025781697491168095
0.009420002059718394
0.008592254749534269
0.001601198718655088
0.0
0.023742111367790565
0.05399651409729568
0.07140893750248951
0.01800695385423457
0.004352183297794739
0.006287370571591488
0.009834512777740223
0.02125418324551753
0.063608405558159
0.10773747050829195
0.06115100968359336
0.0
0.0
0.0
0.0
0.0
0.0
0.04814650490019479
0.27552109040828493
0.0033358259267344875
0.0012268461868204115
0.001151867615945204
0.0032806792157574465
0.00042343495011626505
0.004843730283085075
0.07517279831219752
0.08898420867838351
0.003344032089041756
0.0018746264447180427
0.0
0.0
0.0
0.00042343495011626505
0.009465982313433891
0.2534543732247875
0.027332024968836337
0.0009505721160068249
0.0
0.0
0.001270304805200455
0.008729708238737827
0.12991670229970248
0.1620163843052891
0.0019615865141956127
0.000721430011012316
0.0006773398945875527
0.0019291582499723946
0.00024899509327821974
0.002848288912665687
0.044204329195289625
0.22033905567313045
0.04850606687726416
0.0025023695867841733
0.0008106692778834234
0.0
0.0033223168947383386
0.005927112407814906
0.04602387676030689
0.14904035504284777
0.016072221021739934
0.0005589708469454525
0.0
0.0
0.0007469852532857993
0.0051333847539021885
0.07639572831347759
0.05526068133660758
0.003097003304848139
0.005875221917763952
0.003063281155388627
0.005361363424545016
0.006417778241803239
0.014854957919038398
0.11608294528048713
0.34708365002564134
0.07640798263710519
0.0039417958257144375
0.001276986737879269
0.0
0.005233397551082706
0.009336537284921901
0.0724979740223403
0.008313800141138536
0.012400881831551755
0.02676125112113929
0.010613882591212567
0.005819009105174493
0.00710851111013229
0.003433807683240762
0.009211774547874425
0.08704802207043559
0.004878477889016607
0.009254798073353243
0.0048253579067903014
0.008445355185989297
0.010109446509222955
0.023399905204122638
0.1828567896444495
0.017947336789066348
0.006632512924078007
0.008278019915036187
0.0005546876005656176
0.013189094658627795
0.012698136131930639
0.005633965389140714
0.0048066273702733675
0.0267024404949088
0.03982941658085843
0.08595235674424974
0.03408989433236356
0.018689617471244094
0.022831267495409306
0.011028776705731637
0.02958657383402614
0.04747313533726905
0.04037700710114587
0.07501334647483976
0.012528542848161668
0.05012402294150105
0.015882542844108113
0.024051254163519133
0.0028726750572323663
0.05764363883138792
0.02130244637594246
0.026587520802088094
0.0017815574581924911
0.04236101533894927
0.04078414427853868
0.01809529012003691
0.01543802823703046
0.0701653571609224
0.061308548250423256
0.03815357441926071
0.012056311088907989
0.008048069604595379
0.015411536081112506
0.028484698296356727
0.005344672105937943
0.04217497347983624
0.035870797064231734
0.0666416042617363
0.011130315253212147
0.04453001309565746
0.01410999754879801
0.021367053161683434
0.002552074841786333
0.0310478113821125
0.017426185399999027
0.07061845599041436
0.07060622140345117
0.02267021614442031
0.020227640426369316
0.022629697666809067
0.017843767050823044
0.062334666889843814
0.054466307695480005
0.03389550696117653
0.010710786149407098
0.007149877919927843
0.013691556727541184
0.025305709991454085
0.004748188690823476
0.05564206524936955
0.058064975510847376
0.04751512630301249
0.010810762084870118
0.06773723367179452
0.0177095455365421
0.014735041174764625
0.004035184627896665
0.02870650148113043
0.01611207987702896
0.06529313085984234
0.06528181888089293
0.020960659201320786
0.01870227768112124
0.020923196214856294
0.01649817177028166
0.01350225381233454
0.00501213345189221
0.009312869116521237
0.046453008736111245
0.16522989630714563
0.01993937179847491
0.007959502401557995
0.013241203595254335
0.05144610706487431
0.05368630609706217
0.04393201913031981
0.009995524450405148
0.0626291810007364
0.01637407187637657
0.013623874356296679
0.0037308920771171234
0.009312172709577488
0.013413839257765028
0.01106379240128009
0.0070930971387049785
0.07372654304116935
0.048377492695392266
0.0354185298595572
0.013047889324533055
0.01643859212306809
0.006102123291948079
0.011338140952598545
0.05655515546631701
0.2011624806999817
0.024275591670918476
0.009690457259977253
0.016120771253910697
0.016136717155396118
0.015134602301158501
0.023259618851484015
0.022639610307778703
0.04644985761108147
0.03385756865898029
0.01688250908481957
0.02675133176781428
0.011337293097873026
0.01633095003453149
0.013469837935708127
0.008635634640933492
0.0897598716882703
0.05889815740463844
0.04312100587444825
0.01588541688329055
0.015258340734351082
0.01959368199770303
0.02359812458199951
0.04181669367431603
0.03110812085431789
0.03258135924310892
0.030464810812680786
0.005344850936719688
0.019035806567840066
0.017853653820145195
0.027438394131514863
0.02670699612814614
0.05479494348654308
0.03994034980244976
0.019915585941280574
0.0315574210082712
0.019421477449419525
0.05895910896687318
0.046686956046248854
0.05311574382632091
0.03244884758148804
0.01198152562311436
0.03821632338139925
0.021889238677084654
0.01799962284572695
0.0231138426030675
0.027837715105300632
0.04932939484687652
0.03669694186055471
0.038434859227964496
0.035938056060064734
0.006305095862160026
0.05181669314930796
0.009066154065472799
0.018762612040391497
0.013176477867559521
0.035366613102644794
0.0595386699769017
0.029318881945642635
0.027335146294403097
0.017966672555584998
0.05454265813379333
0.043189775550521406
0.04913700203082984
0.030018201283657057
0.01108402530896439
0.03535365268992288
0.02024958115707005
0.025927026277596757
0.014674333088344232
0.05187010912665618
0.10897208999765794
0.04171637051521464
0.03746001874873506
0.008248824945048404
0.005255233633652724
0.04793525936177763
0.008387035531001992
0.017357160787335773
0.012189467248251519
0.032717405700474794
0.05507880595881257
0.0271226920292286
0.025287552093274542
0.02196815967196772
0.0013748042063704549
0.020407405105404095
0.03477886917958307
0.05394871509492904
0.06180717080295199
0.020838099298214046
0.003135035903334601
0.02733068979783461
0.015468786945851463
0.05467830545400579
0.11487173100608164
0.04397485349208924
0.03948806705716989
0.008695408156567629
0.005539746776922817
0.01620293677980541
0.021654685040177108
0.007816282758400359
0.02999794893394459
0.07625978356088668
0.03707333351916668
0.024025741655397104
0.015472925696487661
0.023157494075695555
0.00144923474426902
0.021512241802928617
0.03666176270619966
0.056869445090404494
0.06515334980614061
0.02196625335270626
0.0033047636416810985
0.01055142333863667
0.009409663431571853
0.02486089406424073
0.010476624197807777
0.11919288335490688
0.030003778786991276
0.021533617930766476
0.005344513453901255
0.01663279525191113
0.022229176563028863
0.008023646115409804
0.030793784446376038
0.07828293001205672
0.0380568766088538
0.02466313651409134
0.015883417219677905
0.024096038801710584
0.007772996875438073
0.007210911005773335
0.018217876325731353
0.046465242405210896
0.08551771373364095
0.08039883496004085
0.00970413937561619
0.01083134905682746
0.009659298642811202
0.025520445235912032
0.010754565519908619
0.12235503052742897
0.030799768963466492
0.022104897583857783
0.0054863016012392
0.03453055955543699
0.005367083320574638
0.03220057741636724
0.03577079869418938
0.053523632612452125
0.03922903488630362
0.028495306043796458
0.019420982525743098
0.02382515005766096
0.007685612497515358
0.007129845622293422
0.018013070146685094
0.04594287807550973
0.08455631977764945
0.07949498766777004
0.009595045007484754
0.02425742719382471
0.018880022180569795
0.004219477211582075
0.028166922832706213
0.04753942842393509
0.0349293557250848
0.05348078294035295
0.01166093930103396
0.034142365463193124
0.005306746330255011
0.03183857708735992
0.03536866177817342
0.05292191754489789
0.038788020324612454
0.028174960540992663
0.01920265097307998
0.07325409238103665
0.023692418710675227
0.054822856884809375
0.02356139879580044
0.031787901632743434
0.02087009526368472
0.011920201190392306
0.014969028411233404
0.020841002988805788
0.016220953506320065
0.003625204621872126
0.024199883946939494
0.040843959334713506
0.030009893516195842
0.04594853148265101
0.010018608687692958
0.02389959381751071
0.02267894950875697
0.0748940196947622
0.042504361237176796
0.05269956913543384
0.01291338539832676
0.008420941056530521
0.009232544333589431
0.06293696137091134
0.020355570490464964
0.047101587281360574
0.020243003464469986
0.02731088287485504
0.01793074402704349
0.01024135604535075
0.012860785414928636
0.04362836706350015
0.060994580264911814
0.05675804906118134
0.0496148691212163
0.048348045403338306
0.01577934714080399
0.036974293449465824
0.029969431824658662
0.010694255494462205
0.010148058675999567
0.03351252693827136
0.019019256233812797
0.023581265066081564
0.005778300828149716
0.00376808475700378
0.004131249623791244
0.0807512636249022
0.057587789764143985
0.02104117071339852
0.01919225684366405
0.0035765486431649303
0.0
0.05303202857273421
0.12061036333611935
0.01952221061771362
0.02729300046315136
0.025397296818608243
0.022200966709226496
0.021634106175575683
0.007060721246899656
0.016544738956446103
0.013410301589391133
0.1389499098173439
0.09762608370076438
0.0461781851797537
0.005598184313577051
0.003410822396189986
0.009940920825290502
0.013807267968342939
0.06500054039379546
0.043734352432288424
0.031189167578114848
0.011395759450183228
0.010394399878009579
0.0019370351847121012
0.0
0.02872179732781186
0.06532177826504681
0.08638629473886392
0.02178374412792234
0.005265013067975556
0.00760608778573447
0.011897209917195197
0.0257120495346551
0.07694967412482151
0.13033439800759533
0.07525435582796763
0.05287364382291409
0.02500980089569802
0.00303193974633216
0.001847278941068038
0.005383937233406443
0.007477925376617143
0.03520386448782204
0.05080901313674824
0.009199550801538918
0.009687215746158315
0.012921210266215228
0.03637877304440981
0.021507084828165775
0.0410156325663062
0.05376983653729013
0.07805586675453013
0.002933344320771883
0.0016443995418591192
0.0
0.0
0.0
0.000371431993792797
0.008303444680040472
0.22232709689301192
0.023975320236985398
0.0008338303113507934
0.0
0.0
0.0011142959417748156
0.007657594006950742
0.11396135285694775
0.0
0.011055116944808518
0.04429286691712812
0.08144789461708493
0.0016610943498894188
0.0
0.0
0.0
0.023495748185359
0.0018939389778236423
0.017531532095702677
0.02269191853290908
0.010768345237063137
0.004890515634498041
0.1585764775527527
0.16051636079688808
0.15906679181185385
0.017153452395387944
0.0005965746613687683
0.0
0.0
0.0007972374175891979
0.005478724495150008
0.0815351211922522
0.05897824982384315
0.0033053489425147672
0.006270467494342212
0.0032693581927209794
0.005722040043682219
0.006849523373653225
0.015854299984740437
0.12389222827957946
0.016810336379567574
0.0013550430932618262
0.01254316097759303
0.01623522607693102
0.00770435162388849
0.003498982549390575
0.11345558815657646
0.11484350266833153
0.029342708338006427
0.011144836454163944
0.0012855067812869935
0.002974237399262822
0.004162878527762644
0.01233457720305029
0.03547790733730572
0.12806158620316324
0.102407709549084
0.005739288898440345
0.010887813996100814
0.0056767958563045656
0.009935544316283558
0.011893265776685842
0.02752883567740207
0.21512200458540562
0.021114157557619268
0.00780282470473516
0.009738682613771614
0.0006525626354064479
0.015516320105736914
0.014938731586126833
0.006628082723279586
0.005654760302851408
0.050949622307158535
0.019351492761805623
0.002232107691812106
0.00516435873603349
0.0072282723958839905
0.021417315762904697
0.06160256095865566
0.22236152757091016
0.07024597364007118
0.021947000323602982
0.01284324314493194
0.007705838356134776
0.0010652794791627754
0.0007440358644709141
0.011097244052508734
0.012806481929938317
0.04935277389875744
0.018238522771914664
0.022763446744091847
0.0015253166559974786
0.03626824493610168
0.0349181747030344
0.015492650707545528
0.013217581895782832
0.06007349774738686
0.05249056064477023
0.032665958810321895
0.010322255972847501
0.006890518495525284
0.013194900097624081
0.02438775384577099
0.004575949737991238
0.16419474207747703
0.05129948195995487
0.030020126227099275
0.018011824390950205
0.0024900116014874804
0.001739128529830861
0.025938983126757915
0.02993419961947248
0.02084671243903996
0.032780749648314254
0.055073573460739024
0.03473335678024235
0.04088923028870183
0.05309483083266046
0.024275034858571746
0.01829928908847123
0.056825796010444074
0.04965280870137625
0.030899967230918667
0.009764212743982188
0.006518002332400301
0.012481555585106423
0.023069299727149457
0.004328564110892747
0.05072465783844049
0.052933441668370336
0.043315942948359575
0.009855353234467434
0.06175090707948152
0.016144451752274906
0.013432821346143988
0.003678572293240181
0.019719694590295468
0.03100855223076422
0.05209617832153442
0.032855597246089815
0.038678671070237695
0.05022441075086297
0.022962674569413127
0.017309990392940695
0.022622229456730945
0.00928392175738453
0.05583602004817413
0.04504864875601271
0.15085495800297963
0.006121514176987746
0.0
0.0
0.043852686312500666
0.04576223304092893
0.037447674156711235
0.00852018983088081
0.053385143893799294
0.013957266713059798
0.01161299702918658
0.0031802141941915454
0.007937700479571333
0.011433963010559886
0.009430781944067192
0.006046159399689562
0.06284454061436529
0.04123699795362761
0.030190771823074867
0.011122027112128044
0.019557461288652326
0.00802617357958507
0.04827158183914836
0.038945639988178675
0.13041773831299866
0.005292196190183755
0.0
0.0
0.0
0.0
0.051640543110747124
0.06638170708545611
0.11595635256372408
0.11308598193516278
0.004462771692831497
0.0
0.007187599530696402
0.010353470426379512
0.00853958700630363
0.005474806283704876
0.056905824525522605
0.03734016267074225
0.027337788562993737
0.010071012008737487
0.00967345924240089
0.0124219721864407
0.014960702498087125
0.026510882733125872
0.019721878311083813
0.020655879704579137
0.019314033606581058
0.003388520324275285
0.0
0.0
0.04676058820598861
0.06010873399949919
0.10499864884210135
0.10239952399027952
0.004041046372000814
0.0
0.048176391557143615
0.02879441358191311
0.04739506810622732
0.034545153765366494
0.10922565896199601
0.03342576531859952
0.048523152276748374
0.041747818208267055
0.009386639301074026
0.012053658303640427
0.014517114769521371
0.025724829922078796
0.019137120796910767
0.02004342886807241
0.018741368766939912
0.003288050039939616
0.02702193332247811
0.004727916734142109
0.009784531213716701
0.006871413143566403
0.018443366471646638
0.03104887387523984
0.015289529780333802
0.014255029714056736
0.04674795221052469
0.027940653638633912
0.045989795151354464
0.0335208832611109
0.10598709700501274
0.03243468489873652
0.04708443140758831
0.04050998730734853
0.00823844582070049
0.0
0.0027943053321704257
0.034371085023306616
0.13881871724851239
0.15125405208572318
0.03397266094954229
0.0
0.025850795479889454
0.004523007553963056
0.009360467004852659
0.006573604253711823
0.017644026018766877
0.029703207348307524
0.014626877456110946
0.013637212900354873
0.011847112340909072
0.0007414121220362665
0.011005419865855704
0.018755743604051956
0.02909376560991069
0.03333171767276853
0.011237687045400452
0.0016906797425995579
0.007881389367722244
0.0
0.0026731993891130567
0.032881432973571816
0.1328022767855308
0.1446986608733885
0.032500276706097106
0.0
0.013002857656640436
0.014240816148598583
0.031960648941377
0.11071840533340316
0.16476998352046376
0.05583392655713283
0.013080732440054131
0.0033322328783598983
0.010114917812817661
0.0006330084888220215
0.00939629120037021
0.016013421635090928
0.024839896807043047
0.02845820779937207
0.00959459804208028
0.0014434814283932095
0.004608736140866331
0.004110029001649063
0.010858942655495786
0.004576064766343658
0.05206203292406255
0.01310529349645373
0.009405628038610541
0.00233441987112268
0.011101678851691605
0.012158632482374868
0.02728760629457657
0.09453000343775511
0.14067857156834596
0.047670315097979414
0.011168167377439817
0.0028450191682062565
0.00804869419254771
0.008987042656041912
0.050044459457753515
0.18774686254161793
0.1715119863516916
0.007476893843025454
0.00953468180380959
0.007654052411351353
0.004235835262630463
0.003777479387732193
0.00998032666855709
0.004205807385995345
0.047849603050288465
0.01204492134560897
0.008644602271728934
0.002145537888404252
0.013503928369022854
0.002098914979795207
0.012592738040450654
0.013988950931813437
0.020931583795740845
0.015341369613199094
0.01114371086431535
0.007594998756467745
0.007397460309479545
0.00825988536242621
0.045995274971542585
0.17255593648555653
0.1576346524398175
0.006871925323387782
0.008763214071731572
0.007034749683007317
0.011830133792121078
0.006661390743106125
0.012982258774798463
0.040702083078084886
0.20775355465068027
0.10067729486180053
0.01010730149125185
0.004692242313050215
0.01846340958676403
0.0028697669226867826
0.01721757357607257
0.0191265625590626
0.02861896141325585
0.020975673378140616
0.015236373622679001
0.010384354020516361
0.03961413607958133
0.012812317624210598
0.029646945888151578
0.01274146505381784
0.01719016945038045
0.011286069718385505
0.006446171902532903
0.008094907863676237
0.016174893682878343
0.00910786715883228
0.017750150516964706
0.055650415965554846
0.2840535633631502
0.1376522505395475
0.01381933035708166
0.00641552512266918
0.014742089720252762
0.01296266305757221
0.009330032734222704
0.004165623876432761
0.03675178234336699
0.032371942449249284
0.046772933991369066
0.03155362111288147
0.05652234912737509
0.018280905796648792
0.04230093577414225
0.018179811739914446
0.024527324217830333
0.016103220618442007
0.009197544484577113
0.011549998402223845
0.039181710417944826
0.05477793788443788
0.05097319913362575
0.04455806084839907
0.043420353356568464
0.014171096739773474
0.03320582814242186
0.026914910600138082
0.02103434845483624
0.0184954220758149
0.01331230262132091
0.005943606762092754
0.052438277802953494
0.04618902276126831
0.06673668458806821
0.04502142329173445
0.04673723597846767
0.010517514041000639
0.02036817054987983
0.005675636160575703
0.041908943864434424
0.020482880385031675
0.0335791893610129
0.047693504316090374
0.01660679419065709
0.02321710642368565
0.021604504199076873
0.018885509033450504
0.01840330256608438
0.006006284169399813
0.014073973494505078
0.011407628105783765
0.11819934741679582
0.08304675691734406
0.039282007165848024
0.004762160216250504
0.0029014555095013502
0.008456359243528682
0.011745312146026698
0.05529346126518102
0.01980913162430793
0.004457747995509922
0.008632854787450578
0.0024055642444992514
0.017762706070782324
0.008681473456816743
0.014232219085363072
0.02021443683698361
0.18841160285200964
0.08865500573688034
0.027962453671664722
0.0
0.009531635842232622
0.009391727194951382
0.018688884213121044
0.10727031895475574
0.07604761916540075
0.05343098994194932
0.025273431590676156
0.003063899712178784
0.001866751284453867
0.00544068982893813
0.007556750900748817
0.035574951778742335
0.05134459578693632
0.009296524143366422
0.009789329610647423
0.013057413975179054
0.0367622451584081
0.021733793059224838
0.0414479822584736
0.054336629509145605
0.12122109075194737
0.05703924988359685
0.017990607175304537
0.0
0.0061325060450409035
0.006042491000466484
0.012024137022128298
0.06901605247325715
0.07957740093278245
0.03786435683495505
0.031553237861401844
0.019212848031949052
0.01597793599757798
0.01654954594511339
0.025200324265141648
0.038574440906386745
0.0
0.014598687300489624
0.05849035491831743
0.10755493141629989
0.0021935359989143696
0.0
0.0
0.0
0.03102699703327685
0.0025010158681713704
0.02315103098785844
0.029965510501966268
0.014219994744915329
0.006458105223366238
0.20940605337448523
0.21196774033102989
0.0026678392914530635
0.0015872575148272235
0.01313445783988618
0.006739915992025592
0.009494805051355495
0.0029429373014121262
0.0024817026449021205
0.0
0.07159359965401983
0.0037304433258636806
0.00869054840434143
0.002022906329113564
0.01565452899772097
0.008015271111755718
0.007367432264810723
0.1323421158048134
0.01657842289989043
0.0013363490735958787
0.012370116962126459
0.016011246753267837
0.007598063269306605
0.0034507109859883652
0.11189036782760137
0.11325913482935737
0.02893789968693804
0.010991083564027887
0.00126777207663473
0.00293320515998608
0.004105447931310086
0.012164410785501224
0.03498845818194804
0.1262948631942502
0.03825407179163407
0.001993259837357526
0.004643555627527127
0.0010808843851353442
0.008364567210435147
0.004282739770318253
0.003936584892225714
0.07071337135609196
0.047490076405266236
0.0034755847089970888
0.0030046344553300974
0.0
0.005402109169746008
0.015491891035493605
0.03634615131798621
0.2513428148316007
0.035600700988305437
0.013521723543642507
0.001559670021317007
0.0036085604334703636
0.005050706022441553
0.014965203271784841
0.04304436919240565
0.1553736003503712
0.04908389483470598
0.01533531674485159
0.008974128525749326
0.005384401979019672
0.0007443567682997959
0.000519889984187041
0.007754123571826875
0.00894844187757233
0.0584244201654621
0.004275820060305984
0.0036964359535619465
0.0
0.00664591678521573
0.019058818589621513
0.04471466413063114
0.3092131942256254
0.04728835197818471
0.035698739178084124
0.014786765801706035
0.012281629220539379
0.012568372059027503
0.008101059161408276
0.0
0.05377654001550446
0.07611953091765848
0.02378208006970213
0.013917119985592696
0.008350155469432902
0.0011543519158202936
0.0008062477897969261
0.012025130665622653
0.013877285012906354
0.009664389687254844
0.01519692564321863
0.025531722421492268
0.016102140615807142
0.01895596040274813
0.024614391216178498
0.011253735917879657
0.008483422087193182
0.07333499475887935
0.05536176967493248
0.02293138473231512
0.019046407346448815
0.01949108946536414
0.012563159981073487
0.0
0.08339690674792416
0.01307326583283372
0.020486705318814195
0.1816066808345549
0.16977800305977692
0.0342451345584872
0.005851184602387331
0.008998437043384128
0.0
