0.013110302817043644
0.008825077173809532
0.018395059811157008
0.0
0.03348492488145218
0.01710072431394276
0.059165019259338036
0.0
0.02759860468196477
0.003939155717987332
0.030239804775128453
0.017817412682670602
0.045282612875111115
0.016153959618021147
0.033998688140535055
0.0
0.0
0.0
0.0
0.00902567569115294
0.2366207343927901
0.04167077055992867
0.017823139037927833
0.0
0.0
0.014873885829460637
0.08091747574932955
0.16654686666822463
0.09275094304421361
0.014657763846509972
0.0
0.0
0.00978302319466399
0.0013963333364330024
0.010719263344154385
0.0063158323963158295
0.016051566996852416
0.005726179401092667
0.012051694587457062
0.0
0.15777445759100833
0.06544387458968519
0.029125144030310586
0.009911860403916051
0.03308379745581839
0.015422738534442263
0.03478337105345516
0.07656419239795965
0.0
0.00527242488311327
0.02868324508545393
0.05903674763233931
0.03287791674922831
0.005195814982125601
0.0
0.0
0.12920586217630375
0.05190928639336551
0.05873666054732045
0.009709942635008437
0.007244441397773137
0.01523431986826475
0.025825991392343706
0.08691352123410992
0.08107826689991246
0.03363076642419268
0.014967037359807044
0.005093577728447088
0.017001338500170247
0.007925547204000264
0.01787472753835314
0.03934535488824144
0.18043975987863348
0.09901776623431482
0.016032559900230243
0.001258679608312291
0.0014176028369679012
0.005518846954579923
0.018588245225833598
0.028377632405116766
0.06639723272394049
0.026675515422752056
0.030184015292324545
0.00498981478095045
0.00372282536829903
0.007828721271979843
0.013271645201856926
0.044663742024057346
0.09053506755532
0.03837088546827301
0.013825725790109903
0.0034799668146167427
0.005834668107044449
0.010145795281447472
0.008078181283180427
0.0644282332878949
0.22526582520077518
0.123616429302019
0.020015476846319415
0.001571369308075827
0.0017697733198676691
0.006889876234685923
0.023206062802611876
0.035427395742948155
0.008779828399339946
0.006698066532915122
0.052948305327991184
0.022054498494580885
0.01610463741557996
0.01722630489598605
0.007029497755885977
0.00492580374579979
0.11302640125532591
0.04790324030861492
0.017260406083468422
0.004344483702999984
0.007284155813497342
0.012666282353349718
0.010085017703975439
0.0804339306790681
0.017738850103642147
0.014169141020445556
0.033438017007359044
0.02129989361826866
0.022716398942043033
0.0069290565845840256
0.008715094905592144
0.008460160569599704
0.01880950410886896
0.01434963238937747
0.11343403553301463
0.04724855215667427
0.03450184102265246
0.03690485029821748
0.015059675532219128
0.010552817387987754
0.012295129368347988
0.0074089584599484615
0.014152741391302029
0.02135732144187329
0.03961444241648145
0.05001520900910085
0.019581043518121653
0.010619456871436712
0.038002903785243854
0.030355321780918924
0.07163608326782717
0.045631921070509264
0.04866657750067046
0.014844494945723189
0.01867082202292725
0.018124662323416255
0.018563588079695135
0.009341408047200505
0.02000699853992036
0.04692133959225983
0.09338002112633029
0.02566419209928748
0.026754671879424208
0.007529101715507018
0.015283854300112374
0.009209943077862237
0.017593018413347022
0.02654890236442599
0.04924400125730811
0.06217300724404462
0.024340843207845197
0.013200855941150124
0.012124750024074803
0.01077115540548703
0.01940174119750086
0.0384503539648928
0.04187900499179533
0.04246339020254118
0.041893336596999994
0.007548619010675525
0.023076062642152194
0.011612136421993026
0.024870340238460614
0.058327073787475765
0.11607902565957397
0.031902695858198084
0.0332582516703829
0.009359290999147661
0.009344790913025878
0.009209943708876907
0.036199456484336395
0.047335237407235484
0.0697558095814702
0.03746172561163936
0.02820225166820232
0.021878283214211532
0.016396419956745834
0.014565940501624047
0.02623716744136302
0.051996795797199694
0.05663339465578206
0.05742366458405892
0.056652775427931866
0.01020807250844379
0.020049587987730527
0.00845312618239968
0.027354934189903604
0.04354340678995755
0.031772041878583325
0.019672895135590233
0.02718961224402657
0.006518805314680593
0.012637053622855733
0.012454698408535489
0.048952884764188506
0.06401191197676025
0.09433147454995514
0.050659863849827326
0.03813818521285072
0.02958621982313474
0.02277002307923679
0.010956335688278477
0.024116418427592844
0.0045624937729263435
0.04863674743841484
0.022045317709226853
0.025603437013253186
0.01586714875027858
0.02901430840021174
0.012232750625705538
0.039586075152220575
0.06301285762943541
0.04597819277552175
0.028469185847526758
0.03934683323233999
0.009433541872123589
0.01445357180457408
0.002895392123432255
0.04457297589872635
0.09641320203420509
0.06693474173593765
0.019131825801661614
0.014946817322014644
0.0
0.03295112459693477
0.015855213722620786
0.03489953021453244
0.0066025098113108305
0.07038357050653339
0.03190238358950732
0.037051435573764696
0.022961785925693142
0.03165626589404376
0.016250248516661594
0.025167035349873936
0.008189405597765412
0.0355408420027168
0.026363417831565202
0.059211724392115285
0.018589576799583955
0.010412214120830756
0.002085812639295347
0.03210994315697757
0.06945514349175375
0.04821914420188728
0.013782383307238529
0.010767543447807622
0.0
0.007765176543571725
0.037116095072603515
0.05203159311728823
0.09199610514710654
0.15819203635677911
0.025573646709934693
0.020899082717088742
0.0067958328376165646
0.022804869496024793
0.011706522744685595
0.01813009022216057
0.005899569031045901
0.02560328076481353
0.01899195265576595
0.04265555678349429
0.01339175234121997
0.0363738417052409
0.005439133639648125
0.04040847842331828
0.049045382074923566
0.03411932280606974
0.02955424433406186
0.045081389556114855
0.013591666564824115
0.006172764286529443
0.029504661591919955
0.0413614240401927
0.07313037497157343
0.12575144260497956
0.02032923426809761
0.016613287630152452
0.005402204831001613
0.0069142770751558485
0.002673562356605065
0.03809172613687467
0.07143081648122954
0.12341711879921934
0.009054688656342154
0.008998675085104296
0.006838323665412342
0.028914622839819062
0.004323725248497402
0.03212187270757455
0.03898759818176993
0.027122440309773423
0.02349352689111557
0.035836505439077765
0.010804410369164926
0.012149808843175165
0.012172527120007185
0.03226951675632311
0.05106366561700482
0.04277407005623558
0.029102430844583048
0.03317774715911903
0.0
0.006278147636839858
0.0024275884533721485
0.03458719947580065
0.06485901661368765
0.11206245921486133
0.00822163641581486
0.00817077622232312
0.006209182115975136
0.017393032960430044
0.01010521972177536
0.04077681098947763
0.002776053560960926
0.14024011981275564
0.03153707240425729
0.02676939912195559
0.0
0.011031998406733919
0.01105262654969893
0.029300646786867116
0.04636569060469037
0.03883875695501037
0.026424940083717454
0.03012531789782209
0.0
0.01731014668567497
0.015977325679043326
0.03400130268332731
0.057386391883013456
0.0552227214677362
0.06084250412922362
0.025526732975597412
0.028178320677921958
0.016251484434658788
0.00944198871990057
0.03810052626233476
0.0025938541793357308
0.13103580781090698
0.029467214973864012
0.02501245608775489
0.0
0.04091810885742541
0.009618209723643778
0.009013083204454025
0.024479882547173024
0.031027457389476494
0.04621034738156345
0.03189070404417002
0.020960926894116178
0.01617403819471355
0.014928693585021914
0.031769711618056605
0.05361997856094235
0.051598315280270875
0.056849257462529
0.023851349247966662
0.0263289065762082
0.032829063100333775
0.016106613661165944
0.015591600905202065
0.0
0.057094770070599835
0.08021347882461975
0.05194938218292831
0.0050719829680264845
0.04701495703878733
0.011051334716440544
0.010356043607023243
0.02812741493699413
0.03565058642548485
0.05309574556492208
0.03664245788576442
0.02408413059493583
0.02792426535868088
0.004848951555346762
0.01457859213451883
0.0
0.04748609398329636
0.04864995902268511
0.025385560166078923
0.007548165361026834
0.037720633587046616
0.018506518763089008
0.01791476847764845
0.0
0.06560196052466316
0.09216538511131138
0.05968990355913519
0.00582771462322734
0.015991444592097722
0.008824329454542954
0.026544023435183504
0.024145800116327037
0.08962308976816834
0.04273009858094265
0.05751144874125796
0.01475769707940792
0.03029945853029295
0.00526139558836971
0.015818623771693557
0.0
0.051525184886025935
0.05278804641677178
0.027544815150571247
0.0081902001860589
0.028808478524757156
0.009163427937580368
0.012561193139548215
0.007231096697297318
0.01917485168829457
0.021599581371729848
0.042920130202179274
0.006703951954405383
0.01735165119060562
0.009574912748150352
0.02880181544512653
0.026199603101750287
0.09724628587026214
0.046364652151757155
0.06240328022133978
0.016012963095594527
0.03684184576342141
0.02053383120946412
0.016817991469763222
0.019858779263366152
0.0819049683821219
0.09065935743081976
0.06504769406367872
0.02478892861432214
0.016630361575887927
0.0052898010474796186
0.007251239719436402
0.0041743180766356395
0.011069127321886288
0.012468858700433875
0.024776639402633846
0.003870011562510377
0.009166844368177338
0.0
0.0012806223113910927
0.0014317793127535247
0.0027540825489149375
0.005062104211040248
0.2517787579955991
0.18411285148692685
0.021267808907098732
0.011853629731197997
0.009708575164148447
0.011463940357756481
0.04728154032451937
0.05233521419801895
0.0375502882259845
0.014309983277345843
0.06476207061132261
0.02881334271150178
0.049450771013209036
0.02310717176627018
0.03230965119368516
0.014609964947135555
0.011721142512001043
0.02833692587358617
0.0
0.0
0.0
0.0058069514696327245
0.152237369073059
0.026810196889845848
0.011467075371566176
0.0
0.0
0.009569580841598204
0.05206079531332203
0.10715314900021974
0.05967422755377293
0.00943053198703483
0.0
0.0
0.0
0.0
0.06050852068115317
0.12064321265821996
0.058142472643833175
0.003143510774069537
0.0
0.0
0.0
0.005489905561499989
0.06364231510245226
0.14722162481146
0.10699766054198998
0.0
0.0
0.0
0.0
0.00492793904214943
0.026809160195884106
0.0551794477927468
0.030729763470312508
0.004856334622842955
0.0
0.0
0.12076390404963246
0.048517675403453725
0.05489896757821673
0.009075521504601282
0.006771109384031572
0.014238951018508379
0.024138591654888727
0.08123482914892621
0.0
0.0028270747070371
0.03277316473077337
0.07581305856191548
0.055099377656280285
0.0
0.0
0.0
0.027709246401245807
0.04969932437468352
0.031512517127972865
0.03630916678787123
0.003737177446486804
0.020152709430132833
0.06184067338314975
0.12038385120488798
0.07940601172320445
0.03190187607951053
0.03609777356416101
0.005967436815328403
0.004452214387724136
0.00936255183533255
0.01587187253520704
0.05341441920493939
0.10827301591842904
0.04588864409442211
0.016534510538048868
0.0041617741333696365
0.006977816771901795
0.012133595121493162
0.009660886927944354
0.07705123900320758
0.018219688754631497
0.0326788469202646
0.020720457194420342
0.023874403086807657
0.0024573100585209974
0.013251031372799768
0.04066216038871254
0.07915611519259201
0.038632972232964115
0.008979618359748046
0.01952229394077805
0.00833584607413335
0.010058632247739044
0.005861398755441438
0.028038209150258352
0.1323950729677972
0.1411041097570379
0.05980323183921646
0.02154818880724126
0.005423728425015973
0.009093665815947252
0.015812805464479687
0.012590310132840454
0.10041510706061166
0.022145486578252174
0.017689000158427035
0.04174459745210868
0.02659115475273783
0.028359544442733992
0.008650353810834082
0.010880074871389658
0.01056181044708534
0.050347458302146646
0.011702463849023861
0.02544194306921334
0.010863483661048386
0.013108661808773639
0.007638721857906608
0.0365400973434549
0.17254057946823428
0.028965375647561856
0.00794572728477815
0.02295346976599157
0.024901037901601725
0.018095016253858134
0.01150550386660994
0.0066987473211449974
0.0183381457575612
0.03696239426322459
0.029524201045106387
0.06967470612723925
0.04438253105941404
0.04733409939374226
0.014438056573858845
0.01815961982089115
0.017628413830472905
0.018055321914853643
0.00908564274891944
0.019459212175871623
0.04563664564077807
0.09082330067945658
0.02496151326176641
0.026022135991999432
0.007322956888482549
0.04834527482087434
0.013261984719561335
0.03831097574675854
0.041561605667602544
0.030201870824160915
0.01920350535590968
0.011180686352452356
0.03060767128111363
0.032866270361304524
0.036707317433265406
0.002196438914565526
0.05043440461543147
0.02916715075498197
0.049381053431249156
0.02786794942827907
0.019234426213192667
0.019341162413412268
0.009732692270223465
0.020845033110207686
0.048886737079746306
0.09729143671032608
0.0267391899384078
0.0278753467226254
0.007844473734364057
0.007832320511995106
0.007719298558601911
0.03034051250415142
0.03967394822799733
0.05846571242746657
0.031398481213076965
0.023637668973139663
0.018337245635645896
0.03520689777666927
0.03932149155720112
0.0023528620524235692
0.054026176630410774
0.031244339067945073
0.0528978092477794
0.029852612906208283
0.020604238632383823
0.01450894303867213
0.0032396154516798974
0.0015685747456893684
0.02043955265848883
0.07616596187212411
0.09284383649207346
0.04410519958816783
0.005659918394785734
0.010188510586817122
0.01004148833882232
0.039467822133246885
0.05160902709774574
0.07605390115493536
0.04084405863619656
0.03074856809188027
0.023853623074504872
0.018358125883495963
0.008833446900221474
0.019443644998169703
0.003678469483082127
0.039212939263658715
0.01777383871062877
0.020642540330495635
0.012792745670749376
0.018873655582230846
0.004214186112035043
0.00204044770361411
0.026588365265682017
0.0990789010358787
0.1207739659749
0.05737332789810261
0.007362586655829575
0.010171134773662374
0.011021748112768154
0.019808698063502356
0.028034795760734674
0.10441131078199002
0.03308073024970374
0.025381423231160254
0.008241049042317802
0.02255608397405172
0.01085339382277835
0.02388982906662848
0.004519626190763794
0.048179773715117426
0.021838187680073156
0.02536287615017384
0.015718066617438388
0.021669712355656078
0.011123807597605492
0.017227629395765484
0.005605906402901624
0.024328827210842997
0.0180465909350819
0.04053229272063144
0.012725151583218037
0.012496971178979466
0.013542094522619204
0.02433835892468065
0.03444552082209059
0.1282870761855181
0.040645310647209484
0.031185400809223277
0.010125532171010495
0.006204601328769471
0.016001421240717163
0.057969029794551874
0.20587303578087696
0.06070121323293554
0.0187736520784244
0.0056853769402265665
0.009546514367767059
0.017231527207869808
0.008845534731946587
0.013699229587731319
0.004457757773658564
0.019346027355539946
0.014350459184844374
0.03223085259969331
0.010118906616370283
0.027484342460625092
0.004109849403662411
0.030532943654924396
0.03705905161139962
0.02578081138983793
0.022331404502849317
0.03406382969392488
0.010269963274856115
0.004933833677896982
0.012724161767751143
0.04609636241239315
0.16370807139481897
0.04826896592842971
0.0149286105542612
0.004520951908572004
0.0075912877553984326
0.01866640077901911
0.00980327304082247
0.03551436240516516
0.12151604561602397
0.17606923095711965
0.008622984849728062
0.007080980336381798
0.008041083379754592
0.025756248243259686
0.0038514402021729995
0.02861316684218785
0.03472894191776392
0.024159827691734432
0.02092730429407379
0.03192204634219565
0.00962423328610854
0.010822672472906086
0.010842909208518587
0.02874468357655006
0.04548592783410522
0.03810181349575849
0.02592354178257264
0.029553707019327698
0.0
0.01749273983765001
0.00918688647536726
0.03328137595501782
0.11387565268877815
0.16499877437592728
0.008080809599343498
0.006635759527839259
0.00753549552696843
0.010837305460775052
0.006812406084968761
0.030511426311627354
0.00964835661384982
0.10783768504590009
0.07207644662103743
0.02409102556228975
0.008038544642216674
0.010681010296735889
0.010700982145832363
0.028368433215193205
0.04489054480479974
0.03760308401564601
0.025584218445185145
0.02916686703495827
0.0
0.016759416396837624
0.015468999704350709
0.03291953557946266
0.055560617396467976
0.05346578515191175
0.05890677183988351
0.024714588209871158
0.027281814428281346
0.010695451747726086
0.006723235847823755
0.03011205036634375
0.009522065515435283
0.10642615557616862
0.07113300993250116
0.023775688743600143
0.007933324999830885
0.011518914100287768
0.004372882239099702
0.03056732596764213
0.06021204526055655
0.07515979126659685
0.05087524124328458
0.02889931413304879
0.0
0.01551325922927507
0.014318792298546467
0.03047178237351459
0.05142937201396922
0.04949030236606806
0.054526720995147986
0.022876919134061372
0.025253257598562062
0.03148785479535751
0.015448589277668377
0.014954617005965542
0.0
0.054762203358130354
0.0769364135108209
0.04982702667710149
0.004864770667796506
0.01066241784595999
0.004047733772343465
0.028294472817756437
0.055734939972498794
0.06957123672617452
0.04709238001317898
0.026750487074170055
0.0
0.014831185798656282
0.017814738867054293
0.03322634182600999
0.04130789332151018
0.06679110668435347
0.04141632145912598
0.02132439374816712
0.008971696418367299
0.03150123634891969
0.015455154543108742
0.014960972345500985
0.0
0.05478547592979909
0.07696910956918905
0.049848201921673
0.004866838074092741
0.01335476707976913
0.007369369528929371
0.022167431359639778
0.020164628320543127
0.07484598917439779
0.03568473820845762
0.04802893184141223
0.012324440484049397
0.014837488683004715
0.017822309687102057
0.03324046219323442
0.04132544814671548
0.06681949124015706
0.041433922363587575
0.021333456084073346
0.008975509165756608
0.03255596192916089
0.017835458495711144
0.03415536136234561
0.003817861931311211
0.05441165368910473
0.027735256369476234
0.0703143340355605
0.031057967213298378
0.011670081944178507
0.006439733899202131
0.0193710409858695
0.01762088874100446
0.06540427261973777
0.031183158535211034
0.04197014945545082
0.010769729603363016
0.02477846945578827
0.013810299101224183
0.01131116205787339
0.013356284008308668
0.05508626713129259
0.06097414699052097
0.043748684875245546
0.016672121002187675
0.028449072995096473
0.01558554042265947
0.029846710433117665
0.0033362440036454515
0.047547699894522774
0.024236492680198955
0.06144427942052258
0.0271400482115385
0.03424615889099076
0.006373885134593012
0.06495697953999863
0.050223920381232294
0.06679695784269325
0.03164669471938354
0.03251046083581164
0.03149168897923226
0.02036299446202485
0.011349330700950207
0.009295535010930079
0.010976220213266124
0.045270001624983236
0.05010867276165135
0.03595275444373305
0.013701181513390436
0.06200684287545271
0.02758751221762663
0.04734694489138142
0.022124103745946463
0.03093507428061222
0.013988400808397266
0.011222479997966122
0.027131363985598234
0.028143560080946217
0.005238071218599042
0.05338177230853399
0.04127411559495272
0.054893870061579995
0.026007315361508767
0.02671716003842449
0.025879931342333795
0.057414099131067944
0.01578329670657
0.04983421584711944
0.036688687791121374
0.05682502039147936
0.026686907367428944
0.030648413107200505
0.025223595229723464
0.0
0.0
0.06520327244627792
0.13000371146403386
0.06265364682228858
0.0033874103536513656
0.0
0.0
0.0
0.005915857865986721
0.06858021257210445
0.15864429677844163
0.11529942449257005
0.0
0.0
0.0
0.06831560392089377
0.029068423910847584
0.01994623728639105
0.0023952608256076575
0.001514895941448197
0.0
0.010610911511084354
0.1232200353617258
0.01590640738520607
0.0016937051768256828
0.00780405251796317
0.017850159004109453
0.05546194786673234
0.010543149933152241
0.013476829104812897
0.012503577924442686
0.0
0.00350038800929371
0.040578620920292914
0.09386915757034794
0.06822218047068335
0.0
0.0
0.0
0.034308649010248056
0.0615360176645158
0.039017729819041294
0.04495677872797083
0.0046272463510507525
0.02495240124656936
0.07656902417831485
0.14905520120188961
0.009411753788447294
0.001002158169878622
0.004617624776760988
0.01056186337762009
0.03281659933058617
0.0062383371004192285
0.007974182624132275
0.007398314028406536
0.02633888074439683
0.006828481836825186
0.0026133086507120263
0.005011436996384917
0.030839592558527265
0.030047446052024036
0.10193738722572816
0.07516866390012958
0.018851640482923045
0.03381231599692961
0.02143914832637924
0.024702489147762012
0.002542542103883781
0.01371064472242725
0.04207253149218064
0.0819016529717754
0.03997296074212319
0.009291077321438529
0.020199426660345177
0.008624975729654046
0.010407516914146528
0.006064701958014838
0.029010717241331068
0.13698720932676858
0.01447247632419565
0.003752059272096289
0.0014359398162084507
0.002753644089292139
0.016945491248563198
0.01651022895811446
0.056011735558981875
0.0413030727908768
0.11678284135055243
0.015029682962913368
0.011019180423534265
0.007064120199758385
0.011080567348801272
0.004255003733625785
0.012374504456193789
0.16961758511328992
0.04830814692588975
0.01122845843817809
0.024411423442507282
0.01042346093571426
0.01257769869652063
0.007329317313760494
0.035060049716127806
0.16555186586795856
0.02779214025360933
0.007623887561564317
0.02202374513644936
0.02389242750525178
0.017362082085094484
0.011039476271255738
0.006427416213689689
0.01759536368823761
0.14113447074337743
0.01816368163234025
0.013316906654403278
0.00853713485757542
0.013391094018813395
0.005142259710514651
0.014954843681992794
0.20498634753949413
0.007293735852187063
0.007369155585587893
0.022402238520454976
0.024445375747469314
0.031353290416801786
0.02194441940073388
0.013147817227651619
0.0037698874150665913
0.050078008960031055
0.013737305084616673
0.039684072410843506
0.04305120756324281
0.031284330544109167
0.019891774673747878
0.011581411283976231
0.03170467522090658
0.03404422433700925
0.03802293767348832
0.002275161079367384
0.05224201487287628
0.030212525262466747
0.05115091072185044
0.028866759498996104
0.019923803759812786
0.01314241242397617
0.013278309481581131
0.04036607080688586
0.04404755209718373
0.05649476233537456
0.03954113721881903
0.02369074504241107
0.006792872158361224
0.0
0.004323471456748708
0.035069302379468266
0.03698075372199981
0.038702325792094455
0.09026187994706272
0.054974783055428245
0.004581812721653058
0.033682493974106345
0.037618932256677756
0.0022509867925704467
0.05168692738397729
0.029891507881685223
0.05060741655041429
0.028560041293698317
0.019712107212019547
0.013880728417786748
0.003099345151674793
0.001500657903878966
0.019554551884125422
0.07286809443034484
0.08882384307229432
0.042195513185477894
0.005414852749469924
0.0
0.004277533241691479
0.034696680246829856
0.036587821830473655
0.03829110166739787
0.08930281968866655
0.05439065906340265
0.00453312955113491
0.004775064292054777
0.006077920519649224
0.04019282438885518
0.041281718190073764
0.06713142167698954
0.05746552799711542
0.01964709838520816
0.0
0.015206305955308294
0.0033953254626807976
0.001643967271299275
0.02142196647172596
0.07982682932318308
0.0973063151464613
0.046225087338891246
0.005931958693599375
0.008194776396502628
0.008880106624542111
0.01595965985590674
0.02258734032074154
0.0841230958161871
0.026652796709695968
0.020449545958524516
0.006639726606443281
0.005231071914656062
0.006658347905964511
0.044031146382904375
0.0452240270297839
0.07354231755784801
0.0629533533332254
0.02152335095013374
0.0
0.022818545089471103
0.020036247784332068
0.02871354277062553
0.01810524441111868
0.0825337501088813
0.029011459173574866
0.06373937460496107
0.011432673056153907
0.008730717700366646
0.009460868770149858
0.017003427311971957
0.024064560446904453
0.08962477633501692
0.028395899136055437
0.021786953569684738
0.007073967098505581
0.004334700134055181
0.011179020072666976
0.04049871182800518
0.1438283990398944
0.042407488119837265
0.01311577454682184
0.00397195611435714
0.006669449802978161
0.024310886090105392
0.021346625547251908
0.030591418725558466
0.019289333863591458
0.08793148685066947
0.030908818967689468
0.06790795247461946
0.012180373958277499
0.020403554817032286
0.018475970496860623
0.03099016215481246
0.043071584907473724
0.05311030034811087
0.0355308435065459
0.02846849973175859
0.0033347249014890807
0.0038317705873952335
0.009881984678435648
0.035799886499823616
0.12714084297167588
0.0374871987998136
0.011594029018197179
0.0035111136048020337
0.005895633100057787
0.014496914599696068
0.007613530522179978
0.027581572095517305
0.09437318723855456
0.1367409087073965
0.006696881548878308
0.005499312290242611
0.0062449585447861234
0.018036251368804695
0.01633231322444954
0.02739455744827483
0.038074244376059364
0.046948227205565546
0.03140841047437316
0.025165468559729672
0.0029478165500288933
0.020987706257891082
0.028937461698413314
0.07696721031186447
0.04285317858385113
0.06980914325083787
0.013338563916285746
0.0064090212994966
0.0
0.01341708066079432
0.007046420286676029
0.02552709923288284
0.08734359692113233
0.12655546731274223
0.006198049888420344
0.005089684157940034
0.005779789343621352
0.008312305725826166
0.005225173573975192
0.02340252422995974
0.007400371819027876
0.08271242423785732
0.05528324933847587
0.018478022092045396
0.00616563230580272
0.019424391708362968
0.026781992475446985
0.07123414171262735
0.03966116718677564
0.06460925870923417
0.01234501222540957
0.005931631530332498
0.0
0.009145281444295494
0.031435241350819355
0.030606026489377203
0.053467860846671045
0.09123186699152162
0.02297074266975664
0.02201613047624435
0.015201714579987632
0.008856495991084757
0.005567255384610367
0.024934641345052577
0.007884859569604294
0.08812744355630367
0.0589025346624492
0.019687741762543304
0.006569284095168089
0.009538373783280145
0.0036210171326616592
0.025311637720039266
0.04985930001306479
0.06223695882550295
0.04212784842981643
0.023930420687360062
0.0
0.009744004987339985
0.03349324461651011
0.03260974269317579
0.056968296265757785
0.09720463742799619
0.02447459189751099
0.023457483126040495
0.01619694085805462
0.006025278645227918
0.005850449497722859
0.035933263746714544
0.03652616639969495
0.11208217848675214
0.04912813481211564
0.011450661821627848
0.011698420828816577
0.0109842994249855
0.00416992847123256
0.02914863832879244
0.05741748991046033
0.07167148264184772
0.0485140246961863
0.027558042090633596
0.0
0.015278915907592224
0.01835253773775108
0.034229392684333816
0.042554913474034305
0.06880742485861888
0.04266661488612226
0.02196814356463323
0.009242537783937658
0.006938652883803705
0.006737321320578875
0.04138040060903916
0.042063181596467124
0.12907275775470567
0.056575487103814895
0.013186471920767676
0.013471788808324399
0.01732521245713397
0.031497201659611555
0.03613664936002133
0.03690596538823658
0.035493380974589324
0.008129302887053243
0.016029885359462114
0.006491157786431278
0.01627686878018106
0.01955124632842948
0.0364651089460699
0.04533441683677479
0.07330162900951534
0.04545341410321129
0.023403007929903793
0.009846220478919185
0.03571420552728004
0.01956567069881441
0.03746876219500392
0.00418823151305796
0.05969011105124971
0.03042584484177174
0.07713550540217612
0.034070890816521246
0.01845682059244789
0.033554462990508724
0.03849693939975175
0.03931650383203765
0.03781165549849585
0.008660273881156838
0.017076888316903342
0.00691513220965443
0.031007417267344073
0.007179510583226686
0.026586971705744696
0.011131042851662942
0.034636217510754616
0.024730110633143614
0.06420437817433704
0.03234369245549942
0.028045813114243232
0.015364618525662744
0.02942363932302579
0.0032889534167205524
0.046873720823302566
0.023892945277012845
0.06057331913290604
0.026755343493391
0.033760726484935125
0.006283536596333391
0.06403622743554864
0.049512006423529376
0.06585012441632304
0.031198109194500633
0.03204963160016684
0.03104530062950215
0.02434964510609178
0.0056379585964779
0.020878337589322168
0.008741035758051964
0.02719928580096526
0.019420173314003083
0.05041870496092177
0.025399001339638086
0.02092330730709382
0.026138840382966905
0.01686676857680568
0.015715093291334487
0.051229441385848416
0.034397987596451574
0.05567074902782168
0.04905898844173899
0.024534666335463768
0.004566384964094522
0.04653654222204383
0.03598146970393805
0.04785474126050538
0.022672355694892808
0.023291175852969512
0.022561306332340977
0.050051797323454765
0.013759379312906736
0.04344389460259958
0.031984038645152896
0.0495382570933079
0.0232648025303871
0.026718318049808624
0.021989133249742523
0.01520543000290547
0.018995673196730716
0.012257453623637794
0.01142050573187829
0.037229567660958016
0.024997778074087037
0.04045716411500894
0.03565225152102507
0.06547860234926994
0.03801442124867375
0.02784125012658096
0.026617403401247956
0.0440030021214851
0.01844261479020749
0.02719169713310402
0.06744643799620295
0.07887834322916684
0.03356289027358655
0.02303026044574232
0.002765608362980077
0.0017491242873939805
0.0
0.01225153657596004
0.14227192155436227
0.018365805017636794
0.0019555804325666437
0.009010690058498852
0.020610093270224693
0.06403729615061328
0.012173297920438992
0.01556057314520992
0.014436840992562516
0.0
0.0
0.0
0.0
0.0
0.0
0.2313615611485608
0.1318631828035111
0.006996497149575922
0.003911160865133287
0.007420905533010969
0.0
0.0017491242873939805
0.005866741089188067
0.11945103537732421
0.04071881058981402
0.016818734755177034
0.0017908492742990522
0.008251661493164605
0.018873972126922395
0.05864302149356421
0.01114786248808582
0.014249805664194714
0.013220732721675111
0.0470673860521092
0.01220244678893727
0.004669963326461629
0.00895540103141437
0.055110124941461246
0.05369456496405602
0.18216136077526277
0.13432584919392576
0.006407137049591251
0.0035816985485981044
0.00679579477638367
0.0
0.0016017842623978127
0.005372547631949593
0.10938890390664686
0.037288802434672516
0.023454432983636336
0.002887657619015678
0.0022652649891104115
0.0
0.0056855488787503124
0.0017908492742990522
0.0757967607652292
0.07649805464708011
0.011862208819387914
0.0030753348349872285
0.0011769525525815517
0.0022569946199771746
0.013889188777010411
0.013532430744393975
0.04590941374878399
0.03385361726304223
0.0957197938756134
0.012318917219246786
0.009031752153150578
0.005790029781889966
0.00908206728305547
0.0034875678277089548
0.010142628849937002
0.13902522063140932
0.005911128811874311
0.0007277650311350884
0.0005709058561766473
0.0
0.0014329065985926096
0.0004513407231127231
0.019102760519458382
0.019279504867679983
0.18884390422533534
0.12314937345291956
0.05804216514137872
0.019436737916177196
0.013025708276910882
0.01090413316473668
0.009795176798712396
0.11917211127112154
0.07608364948409936
0.009791790619093644
0.007178960977919935
0.004602251828919219
0.0072189543643704475
0.002772121391112111
0.008061950271943953
0.11050531690148754
0.003931952549114929
0.003972610288716239
0.012076738264379426
0.013178165405525723
0.016902127068464983
0.01182993428198937
0.007087807196645391
0.0020322943868473957
0.15010409900130148
0.09788627184210325
0.046135282673649296
0.01544944775633798
0.010353589186688671
0.008667238112859467
0.007785775209216001
0.09472491294762511
0.003740340370304597
0.016662685746972297
0.03671603657571255
0.09663246271340685
0.08446593425948017
0.014676286350762291
0.014915599147002403
0.0038572074644313225
0.005518891520877099
0.005575958754405695
0.016950918805502473
0.018496882759595584
0.023723838118020008
0.01660450455235036
0.009948451450153693
0.002852529912148331
0.0
0.0018155548002644136
0.014726647536340733
0.015529323047240196
0.016252262580235738
0.03790365937607365
0.023085553418880526
0.0019240400136619346
0.005249944524258037
0.02338775810117671
0.05153465623167941
0.13563339649928854
0.11855644811698922
0.02059964643200449
0.020935546050707732
0.005413979264451103
0.0
0.0036934212657004253
0.0314611332437939
0.07234166774855982
0.16018699218422394
0.1265629780173675
0.013533127428471353
0.0
0.0
0.0019593746461420494
0.015893224374815853
0.016759484123575006
0.017539691579411064
0.04090621179083491
0.02491428408248803
0.002076453555895396
0.0021872746227567914
0.0027840633127980126
0.01841079814337601
0.018909578815763085
0.030750340946818812
0.02632276413127059
0.008999585572130507
0.0
0.0
0.00398599699908884
0.03395333856505395
0.07807223975035991
0.17287626409393547
0.13658871119249472
0.014605159129591967
0.0
0.005346671300072157
0.007062036891363829
0.007900608234817646
0.0299042898587054
0.1484778636002302
0.05792619461705255
0.017752445258507693
0.05713473973159202
0.0028276179137436876
0.003599121580052087
0.023800716240613362
0.024445519206641116
0.0397527653867994
0.03402897771612223
0.011634290964319853
0.0
0.012334398745271084
0.010830448153552028
0.015520896907915005
0.009786658311110785
0.04461301891921359
0.015681933454825683
0.034453855803214924
0.006179848349051241
0.006911954900262347
0.0091295083908444
0.010213578643400785
0.03865902563057409
0.1919460238519329
0.07488458187648141
0.02294962493664523
0.07386142182663477
0.039505620159905906
0.021693253429074022
0.006863987306640452
0.011800666831860806
0.011024871334536241
0.030073055285888998
0.11341061228108457
0.0475817435116837
0.013722350282242722
0.012049164806974424
0.01726741517470755
0.010887920539229544
0.04963318321393507
0.017446572663498666
0.03833084106242793
0.006875247467521104
0.011516845793465855
0.01042881522387177
0.0174924870617908
0.02431188123382594
0.029978263329057273
0.020055487842494283
0.01606912738109213
0.0018822951587838294
0.043951064753707546
0.02413432778223957
0.007636370454676586
0.01312855917625667
0.01226546582395558
0.033457082684993915
0.1261723558305847
0.052935969153541707
0.007136245521225037
0.0017476672028303272
0.030555876726477083
0.10840322901895624
0.1796410733409267
0.05222997411171476
0.008656392780190805
0.0
0.009791639600208676
0.00886659437493359
0.014872138786259117
0.020669997958969028
0.02548756453132508
0.017051205901487867
0.013661996246816875
0.0016003301725621445
0.01139394497837568
0.01570976086448742
0.04178446890082277
0.02326441741337625
0.03789845004565628
0.007241327922414825
0.003479371931091615
0.0
0.006067246665930281
0.0014858692821022442
0.025978652309803084
0.09216458821170628
0.1527311105048377
0.04440600247684965
0.0073596781498599185
0.0
0.0033225046983893594
0.003987005581385816
0.05177976935919092
0.16847488588639167
0.1647102786218877
0.014204429451773654
0.009329109618987199
0.0012252791695811043
0.009332726151768972
0.012867790421692896
0.03422545978487593
0.019055773677295624
0.031042440219246095
0.005931337267585269
0.0028499370037908356
0.0
0.004393980958678739
0.015103510238400463
0.014705102126630107
0.025689396645972265
0.043833652231174004
0.011036621072015052
0.010577964022829109
0.007303880674487023
0.002721447799413031
0.00326573731286816
0.042412562861083636
0.13799697790469515
0.13491340599564555
0.011634780619629073
0.0076414293275140445
0.001003620341406769
0.005875555582044634
0.00729518062949796
0.057645277054876404
0.1817710023981011
0.15665606964382994
0.0
0.001217068463425449
0.0
0.004132113336855409
0.014203387924601556
0.01382872369923525
0.024158388371466714
0.0412213026617166
0.010378872724839035
0.009947550211654117
0.006868592064842154
0.002555123307158019
0.0024809839924701347
0.015238120111541093
0.015489550705328802
0.04753038049042999
0.02083363271424098
0.004855850596386663
0.004960917075648604
0.0055253907129589296
0.0068604105155207935
0.05420979753103099
0.17093801505426273
0.14731985431026254
0.0
0.001144534962003715
0.0
0.0
0.0010237032060963994
0.0029660434664813364
0.07295790053765956
0.14057532717375482
0.12389012548804633
0.02890329577938254
0.005001818273173822
0.0036876679293691107
0.003580666763392502
0.021992334648501307
0.022355210496635795
0.06859796523879862
0.030068028027193085
0.00700818017820834
0.007159816807618969
0.009207785922943511
0.016739736425804317
0.019205451713957995
0.019614318116746514
0.018863575526366628
0.004320459611791419
0.00851936177547287
0.0034498388656062935
0.0
0.0014774541298020272
0.0042807262325917856
0.10529609637746919
0.20288458260584688
0.1788037552817519
0.04171452571392747
0.007218847240304546
0.005697610053321864
0.0036936352457390127
0.0042446416121503265
0.0038685258202031457
0.05982616392638334
0.0318250479358149
0.07669051329312526
0.008107053611120211
0.01687770427583633
0.030683632679402377
0.03520324399640429
0.0359526886829271
0.03457659115701324
0.007919323958413618
0.015615835323344448
0.006323491951295977
0.028354505391347335
0.006565250816737022
0.024312261355739436
0.010178700529217892
0.03167283516963138
0.02261426836135032
0.058711222911480995
0.02957645244034514
0.010443615692604807
0.006770366285889981
0.007780350942811758
0.007090937530827565
0.10966027133528525
0.05833473455183137
0.14057231727100003
0.014860081950417147
0.01881006000359195
0.0084440930138904
0.01182858488096335
0.01354998307881283
0.042873398519627466
0.04194254964611897
0.07843426487719532
0.0334656063018783
0.02755565288668148
0.006380283137480294
0.02362729398952856
0.009891928451913709
0.030780492899649493
0.021977139810796825
0.05705710809524639
0.028743173115419574
0.02367818466690512
0.02958042342363384
0.019087539805915564
0.017784228637874166
0.057974590523040735
0.03892701524307062
0.06300066508026553
0.055518363844000045
0.01828011023584288
0.008206191320290898
0.011495329388462545
0.013168229358503087
0.0416654944734016
0.04076087109541152
0.07622447817543565
0.03252275496148515
0.03816920683349873
0.027037645102457385
0.014153256594430437
0.006888204941256047
0.03065562227687318
0.05352807118534621
0.0464323271742547
0.029247369992800823
0.013451098202170532
0.0168040407628551
0.010843245627949902
0.010102860891707288
0.032934193280703614
0.022113650692309226
0.03578940466585488
0.03153886054167207
0.05792398571908901
0.033628494111437965
0.024629056162980868
0.023546411181305675
0.038926140373098
0.01631479166327302
0.02405444557313878
0.05966478164051773
0.021683155049210822
0.015359539785028856
0.008040179051322725
0.003913050024946098
0.017414839502929033
0.030408215503666666
0.026377266727257345
0.016614839839400597
0.14096105813890178
0.06675761317485711
0.031857963100116175
0.01311172079130234
0.0
0.003292615373675586
0.03632603657251737
0.11561601835232493
0.0
0.0
0.0
0.0
0.0
0.0
0.1810667667435586
0.10319795580656285
0.005475555710789759
0.003060928740919455
0.005807703598217352
0.0
0.0013688889276974397
0.004591392948194906
0.0934840370741381
0.03186710593816747
0.011635555885428236
0.0
0.0
0.0
0.008657613855608504
0.051054621266212415
0.21274179042801655
0.004328806927804252
0.0
0.0
0.0
0.0
0.0058502496555352035
0.07851635747770637
0.17454046094872616
0.022753331977802643
0.007407313291791296
0.004140814073567052
0.007856641833282468
0.0
0.001851828322947824
0.00621122088959544
0.12646488995172636
0.04310971339795993
0.027115751051743336
0.003338430955654651
0.0026188806846792023
0.0
0.006573082713032186
0.002070407036783526
0.08762889714163764
0.08843966542274027
0.0
0.0
0.0
0.0
0.007914197996077564
0.1062166634925473
0.2361177466961437
0.030780630732986956
0.013113053038272633
0.002070407036783526
0.0013094403423396012
0.0
0.015740540745056507
0.025799283962959794
0.10125069011038258
0.044858623909182035
0.0052133902383835985
0.0006418610099537924
0.0005035171982123692
0.0
0.0012637689875090814
0.0003980653095114615
0.01684790644694913
0.017003788223346385
0.16655312347261103
0.10861305206761897
0.05119097668026707
0.01714246177729432
0.0114881780688767
0.009617029709262547
0.008638972475623756
0.10510525846440305
0.0025211716457598063
0.0003980653095114615
0.0002517585991061846
0.0
0.0030263436668438123
0.004960280646961232
0.019466890607005113
0.008624710838699598
0.1367982787387634
0.00529292156292699
0.024960623093975697
0.009535800651644047
0.009166699220157217
0.026123600130528432
0.029147376824962677
0.19950390046745492
0.09963636620429224
0.06497512388084842
0.03062376011044445
0.010255061950648167
0.006872523872414492
0.005753154752857063
0.00516805573659264
0.0628766714427795
0.0024827697933894237
0.011060387225121532
0.02437143615775719
0.06414286822408588
0.05606694829561097
0.009741851495680532
0.009900702969838785
0.0025603440412954787
0.0818362520758951
0.0031663619398954825
0.014932087321002126
0.005704561439429125
0.005483755460967858
0.01562781012394437
0.017436711186650643
0.11934836928728532
0.0
0.028840074238082495
0.07247059880511962
0.05775026415786742
0.029131658493713287
0.03280084975229904
0.03559244123661449
0.013390042012343567
