0.017181187751710517
0.046246398625339635
0.02827890600704833
0.0038546473538332315
0.014594835236790105
0.0027694956359443942
0.013887336697693464
0.011703879037943085
0.04323378671177738
0.2262552753575838
0.07211559688732642
0.0018605753394563237
0.012809607457938868
0.002418167532382091
0.008062253451935012
0.0
0.07097670841135154
0.0581557582283283
0.01715582676727385
0.04789279149583124
0.014360175829425332
0.016715953998242196
0.007548242246757552
0.016874862997986618
0.1335025183901061
0.05609916499893729
0.02533789993166916
0.004265883855091956
0.002905828575549562
0.0008934075505529022
0.005415693248197497
0.016627138628913202
0.05472715680149646
0.28640350229343114
0.09128697435173083
0.002355195001128266
0.016214943201476945
0.0030610187953051004
0.010205541600575527
0.0
0.03369054277296009
0.03261417110592646
0.02636553895782213
0.011122098337928982
0.005855540534693311
0.0021724015334342785
0.005798389131884537
0.012984668740483844
0.1689931373820583
0.07101269707872986
0.03207378599116185
0.0053999363088635625
0.003678320780748289
0.0011309130850069712
0.006855413696671897
0.021047335709246797
0.029483325131003546
0.01645798667315347
0.018632826211026743
0.005881622843447294
0.0045340461225267465
0.007078244163730416
0.003594419825865388
0.009288058033817777
0.0894372741603965
0.08657986255584872
0.06999180606997893
0.029525501117382162
0.015544527961093077
0.00576700924177947
0.01539280984494085
0.03447001094196232
0.04015116062028054
0.053875649534751095
0.05362245108925202
0.007989952887957332
0.015761614995311705
0.006292978284392253
0.014073965505227201
0.003744199214741231
0.07826849958077985
0.043690523959037164
0.049464005298131414
0.015613767884429613
0.012036396351612669
0.01879040263945746
0.009541998583397777
0.02465672929006503
0.05308438821844975
0.040881713124632034
0.052821410803952216
0.008976228960516405
0.022733971858978876
0.0011491892506417197
0.02030068284450929
0.005768659491810432
0.04754447034429627
0.06379614392244623
0.06349632230341258
0.00946119793961656
0.01866390971384022
0.0074517477153191545
0.01666550170039015
0.004433644402261317
0.033459839640745545
0.0520778939420425
0.08481083736719591
0.028917940249494924
0.048410110958351786
0.01034797348220233
0.006097699076757318
0.0025091862942375385
0.06285918221059782
0.048409544512551986
0.06254778095365678
0.01062908381784914
0.026920134665081943
0.001360797381770369
0.02403878738644024
0.006830882492502354
0.07213043740884609
0.023504577924246584
0.026159804218306517
0.018719647748390654
0.020253179033392705
0.0052370549093109005
0.018907403637531846
0.07334650368105021
0.030882653743131195
0.048066684824308155
0.07827843026738918
0.026690586245433953
0.04468140643964029
0.009550938839670946
0.005628034420941746
0.0023159205882022508
0.020958205512188202
0.023029352990973324
0.06940934887237424
0.060652227302005916
0.06290736112127428
0.022386848186205916
0.010832716201722803
0.013555456703836124
0.06657471604034133
0.021694178729087858
0.024144890840369308
0.01727779946987375
0.0186932131773951
0.004833679872185131
0.01745109378852076
0.06769711692499612
0.03892231922139119
0.02836241563494756
0.0477617115072753
0.0319333966545858
0.04293546998254597
0.01017301095501345
0.018476730804212818
0.013241365170586022
0.018209359750076752
0.02000885873460241
0.060305726217859075
0.052697175144282696
0.05465652910594421
0.019450623864524497
0.009411913929030862
0.011777544005530173
0.022683992226049273
0.01776051403533821
0.03584693734568674
0.031261446866307954
0.08187916877580921
0.0536983226254373
0.020743980889755383
0.013554097125862509
0.03381732813897005
0.024642445145297124
0.04149735942848629
0.02774506182731569
0.03730412026431037
0.008838734600325561
0.01605335141997604
0.011504648231124383
0.018625633898556208
0.03462330685467327
0.04678464280200202
0.023775558568751517
0.05035629301680403
0.022677725885626998
0.04815187041189
0.029655104195065982
0.020097770394164
0.015735622266465642
0.03175999660590035
0.0276973019143835
0.07254405299220197
0.047576129806571575
0.018378941450370955
0.012008782634961534
0.033468045014866554
0.008772519190902358
0.020408055496839977
0.012832312572633344
0.052491433509964214
0.06556470571571425
0.02867720898575528
0.021360419093445323
0.016502109055965573
0.030675873299446106
0.0414506846783281
0.021064886301585022
0.044615127922270216
0.020092218484704525
0.04266203347029847
0.026274099778742854
0.04597144983665036
0.0322403011010818
0.02986355604166304
0.017255707366405387
0.020324757062044226
0.01157589039094249
0.06748587091536379
0.042571583199669
0.0363685052205155
0.009532777007132781
0.02217669040864812
0.013944406569962394
0.05704052844411674
0.07124677706882257
0.031162478245890253
0.023211589232872396
0.025591413638342057
0.007580649077628301
0.004866979793896141
0.011319113247744985
0.030725578041013432
0.052236479482719964
0.048640877438892526
0.03426276015491957
0.04995549972029195
0.03503436063818023
0.03245163837092771
0.01875114854064637
0.022086173034257583
0.012579098358691082
0.073334437300004
0.04626098850874111
0.038590409052091025
0.02141157286355171
0.01948179198216218
0.016967731145707505
0.009423111037254907
0.030521963238322174
0.036802401442986105
0.056439470279442676
0.02750821130986664
0.008148439927559023
0.005231516730703735
0.012166915179424686
0.033026924784790926
0.0561489934085277
0.052284080660620534
0.03682904194822225
0.015456778431757107
0.006498036277130448
0.008734962323224385
0.0036767940326366847
0.05380131630786882
0.03956404646785981
0.07324603049933602
0.026865385970078988
0.04148083188138735
0.023015300332011858
0.020940978803033476
0.018238614732318716
0.010128902344838882
0.03280805922709245
0.039558902447164264
0.06066678834567222
0.07253362794479226
0.026997982254854253
0.025521143546161813
0.014258870873731264
0.01573497458471009
0.0221711029580896
0.034544638228718054
0.08221116077629273
0.01395268242828409
0.005865713672649436
0.007884964894662188
0.00331900594409684
0.04856592102821649
0.03571407705565262
0.06611847398872683
0.024251120659376575
0.038896866012539506
0.01654680624485011
0.005510883987200831
0.013104394994220862
0.03807045586996617
0.026683513039924115
0.09084867767969353
0.05379123284007047
0.06547539518362312
0.02437081402632285
0.02303768619563295
0.012871343014034892
0.014203807369491008
0.02001363738406439
0.031183106423715044
0.07421120923979117
0.06440428354879696
0.025026344948527224
0.04385171644966931
0.005555313349710661
0.010333111116376803
0.030582288295363542
0.03613604382609475
0.029618525735978007
0.03153332762678172
0.01341434197622829
0.00446762241013369
0.010623611181690317
0.030863364607872708
0.021632075927406947
0.07365017831539772
0.043608052331198584
0.02544675445861834
0.0047345953868551316
0.025099399750653045
0.0
0.02864217809052408
0.03987568884349836
0.12148293915544012
0.0843995665282807
0.05221195386429463
0.020288625163486264
0.03555017880768013
0.004503640881231589
0.008376957108359503
0.02479277677753013
0.029295154749399133
0.02401146343136665
0.06347542196936067
0.022250875432100137
0.010126239196179113
0.0
0.0035062794486053436
0.018285012939002854
0.06641473900264687
0.057436511557447945
0.025477764494107855
0.0047403650802442686
0.025129986491225366
0.0
0.028677082147170227
0.03992428233027156
0.121630981227395
0.08450241789809285
0.022133916474600182
0.0037004471643312005
0.005589164253438
0.004591262513647418
0.06211552564042421
0.049457275886379375
0.04815576714030774
0.022363535782303556
0.0635527746663886
0.02227799089147804
0.010138579278186802
0.0
0.003510552286240266
0.018307295501641122
0.06649567362308532
0.05750650509099215
0.029548422944683194
0.006795998883173134
0.010930461335214912
0.010787301640689074
0.033386482181868245
0.039598268508289514
0.05832178808905523
0.020651656897838565
0.024175664448116696
0.004041795723568259
0.006104737934273177
0.005014784529910528
0.06784538590920161
0.05401947313387243
0.05259790642843083
0.024426465039156058
0.0
0.0020208978617841295
0.008560660688084533
0.0037273945603067105
0.08459923851172683
0.17934338675652634
0.10047544862426472
0.010739728745255868
0.03227412369164084
0.007422897288778953
0.011938744135341399
0.011782378643435653
0.03646622554386654
0.04325101946062739
0.0637016942064085
0.022556673512015603
0.022952704551352766
0.007783700762849667
0.01165725587600368
0.005014784529910528
0.01636941298631801
0.014786122955055183
0.04229288149062294
0.022055894121441034
0.0
0.0015948326489879608
0.0067558194901605265
0.00294154922564427
0.06676320966508788
0.14153248117491252
0.07929224376843183
0.00847547536573037
0.0108781501536905
0.0025715903821855223
0.02339101837372265
0.025359776202021057
0.03265452214638774
0.07990364657665484
0.07829633482942468
0.010202527929893655
0.01811359361267024
0.006142665763219639
0.009199560561781294
0.00395751920331111
0.012918255182030646
0.011668769652640316
0.03337628758807061
0.01740585742242386
0.008166012345763191
0.013489883298128133
0.00045108678466281515
0.02774172894604458
0.01266675316872459
0.012250515134366112
0.17535371870073682
0.06648420642533191
0.010106200287295215
0.0023891017399159504
0.02173111358721637
0.02356016178464486
0.030337248193375244
0.07423341694864968
0.07274016541119782
0.009478522472982063
0.02139580752749837
0.0075964419701763245
0.009899733316236718
0.007167305219747851
0.04869312017356142
0.020248013179540014
0.05575412848220189
0.03175634674519089
0.007586524836376721
0.012532596124982693
0.00041907615985681317
0.02577308320656579
0.011767878058700327
0.011381177665436336
0.16291003316500932
0.061766265089504696
0.005622496568940689
0.015964785796136496
0.00957463038539997
0.006687420733349287
0.013045257569444224
0.0615983938894846
0.10291018221963681
0.04337299218729713
0.07696958525495932
0.063066105645246
0.01860436896185805
0.05193659132193306
0.015572668872911349
0.01812735579295908
0.008185573664106017
0.018299682181113375
0.14477472541309946
0.06083586516992035
0.02747729068625459
0.004626071262269776
0.00315118051101801
0.0009688418943179413
0.0058729641386860605
0.018031041349889962
0.1850252419172825
0.056023739133589344
0.015278967837725825
0.00669014379491873
0.01715021662074701
0.011668667434467678
0.015952362912957513
0.051774115662778765
0.02742192667897571
0.008167622814143457
0.0010745041699057602
0.0
0.004604887133530435
0.011745324706693507
0.022272965182169386
0.0286491895895164
0.2836401525090516
0.11918858091824777
0.05383303541793221
0.009063319267944648
0.00617373867004984
0.0018981383793157222
0.01150621035007247
0.03532610615414126
0.049485174168496425
0.02762328649719949
0.03127356382657098
0.009871787849849272
0.007609998569167322
0.011880211736396527
0.006032918279309123
0.015589190413507837
0.053724567206901004
0.016001866168488296
0.0021051500926977783
0.0
0.00902181568719702
0.023011238194850295
0.043636810382979334
0.05612899959743874
0.023093874738858024
0.010772679012765003
0.02457870969954698
0.004917326174728144
0.007032545535519262
0.00824516381090622
0.009997557328074032
0.02773586744677119
0.09211660572616985
0.05142072214314835
0.05821570999942948
0.018376323908260172
0.014166005264238975
0.022115003106561885
0.011230271770309644
0.029019263467107256
0.062476650068997636
0.048114946236134166
0.062167143857227804
0.010564400090617891
0.026756311077127864
0.0013525161932721073
0.023892498355991224
0.006789312875829301
0.042989226364353234
0.0200533319707948
0.04575324526376117
0.009153598104395042
0.013091076978752548
0.015348364771452308
0.01861044367509312
0.05163029147615023
0.06303123144796037
0.03510751263159148
0.04471947818025898
0.033828707298842
0.028930314291901668
0.010933330350591223
0.012723368472041769
0.01532202035620173
0.06526211962353476
0.050260111153122046
0.06493881433436764
0.011035405094597252
0.02794921898455818
0.0014128170044426373
0.02495772555173465
0.007092008751663939
0.07488778996364914
0.024403094699094817
0.027159823150475763
0.019435249516496774
0.021027403576550127
0.0054372534281689235
0.019630182808121587
0.07615034317760666
0.06584142655268158
0.036672751924396514
0.04671325897401685
0.03533693211797376
0.0302201483270858
0.011420783803803508
0.013290629288216935
0.01600513990837145
0.0508731325732026
0.028860177877314746
0.03774057430721238
0.006443436837399095
0.011008753823257547
0.02117371983953436
0.04558847047787393
0.021770493805841368
0.07490759320557187
0.024409547825675587
0.027167005263189846
0.01944038895175305
0.021032964039213474
0.005438691249275481
0.01963537379131558
0.07617048028766395
0.04379406219452248
0.031912419895604414
0.05373984403059147
0.035930365588407516
0.048309522155433986
0.011446323944246547
0.0207893854779968
0.014898731150180962
0.05088658540646425
0.028867809629897042
0.037750554381716796
0.00644514073250091
0.011011664965585763
0.02117931899390372
0.04560052584110736
0.021776250770438984
0.03869311249929493
0.0269381981711424
0.021277904748313387
0.05296401763568437
0.06201062275065492
0.019033041640871537
0.019141223907934726
0.007400519916349966
0.0355265462362709
0.025887940148066082
0.04359474682212936
0.029147371364932024
0.039189570149577045
0.009285467857135002
0.01686473068260128
0.012086123884047355
0.019567023188753453
0.0363732612692035
0.04914926362078245
0.02497723880830648
0.052901434578065384
0.02382391872883611
0.050585594566225106
0.03115395237607112
0.03138856231526666
0.021852760280561906
0.017261026471905392
0.04296538222545046
0.0503041541683392
0.015439952358561172
0.015527711797173965
0.006003437448045974
0.018798385648902363
0.0094197868829189
0.02038947517426435
0.038362041034362235
0.05238259338424761
0.07739177547431604
0.0417791331656932
0.04061898164783463
0.015817723742042544
0.02940366517703553
0.03973161714885696
0.02019127076702694
0.04276482271429676
0.01925894201025936
0.04089272816088955
0.025184444634413317
0.044064894436898046
0.030903212095354966
0.028625036825293965
0.016540068373663907
0.019481836608958993
0.011095808157073131
0.0646870566065295
0.040806029097857195
0.015196367281949223
0.007614831606504549
0.016482583090979337
0.03101136853618146
0.04234539832916505
0.06256249162430219
0.03377370079352591
0.03283584959197238
0.02469434781745314
0.021804841229694383
0.049384781070551845
0.03852165945657623
0.04507203785433439
0.028219297605369002
0.017583484751513678
0.0434472723067745
0.04511896194552137
0.031642441638465656
0.02930977059434671
0.01693572003437658
0.019947857718057956
0.011361228760248226
0.06623442272345195
0.04178214194182608
0.03485420438655202
0.019338570260201603
0.017595624826002673
0.015324967624216179
0.00851079442061163
0.02756692067065988
0.033239306172637484
0.05097517442567334
0.025285056362512638
0.022326430466764368
0.05056610452116146
0.039443128352174645
0.04615019703880102
0.028894325767857557
0.01800409576628612
0.04448656580020297
0.06435741128788394
0.01730300166161035
0.023428061663930137
0.006379597945305755
0.037261736246292296
0.03863919532712053
0.039901672701955514
0.02783476776068397
0.03515049106896193
0.019502962502853303
0.017745200735032378
0.015455241256775989
0.008583142508537821
0.02780126001690295
0.033521865018114896
0.05140850135370606
0.061464356562647496
0.022877852036402014
0.021626391940600898
0.01208284141296274
0.013333678678184132
0.018787597094142437
0.029272821745986236
0.06966501252673096
0.0649044971908499
0.017450090055916943
0.023627217627690388
0.00643382927675032
0.037578488741652843
0.038967657250035
0.04024086662233173
0.028071384006574964
0.04573881662977215
0.01331031151150633
0.03844298085147578
0.009778142155180709
0.029586718562666228
0.04912025608805442
0.054790969339551174
0.04367800982735098
0.060713774441853684
0.022598475375504447
0.021362297690930364
0.011935289803539917
0.013170852263332557
0.018558169255633004
0.028915351858453498
0.06881428674398979
0.059720558134926424
0.023206333586039258
0.040662652190899255
0.0051513097511248634
0.009581647821183821
0.02835822751849329
0.03350809274118308
0.027464553452350767
0.04518026953177102
0.013147770448662046
0.03797352805458972
0.00965873476060759
0.02922541547241975
0.04852041598477556
0.05412188038674789
0.043144628611282265
0.04811536101949569
0.02610980751920304
0.033199119276501904
0.009545225385269562
0.015914557239328442
0.018578656321487415
0.02592701883426918
0.06791519740965306
0.05934546238250627
0.023060578130477336
0.040407256250283886
0.005118955157206268
0.009521466946939615
0.028180113799858596
0.03329763350149343
0.0272920527647514
0.07214781267307581
0.02529092273324315
0.011509746385952967
0.0
0.003985328257597747
0.020783220454756952
0.07548871672892718
0.06528383030587746
0.0478131557470031
0.02594581578498592
0.0329906006522022
0.009485273274811743
0.01581460032317517
0.018461966603750362
0.025764175168011414
0.06748863237294356
0.0522984436050845
0.060904520173556416
0.016985589130592914
0.024960909774664378
0.017346006664730438
0.0036137551944659513
0.037131404813429615
0.04228151652780433
0.0725100851105893
0.025417914860739157
0.01156753973718449
0.0
0.004005339599988867
0.020887578267621523
0.07586776469172646
0.06561163694975031
0.03371306247209079
0.007753846468814702
0.012471031923860402
0.012307694891150727
0.03809206879256472
0.04517936211031525
0.06654182827324628
0.023562360686809267
0.052561047334026736
0.061210337192276615
0.01707087807489987
0.02508624482352576
0.017433105356745283
0.003631900774413169
0.03731785099983051
0.04249382272929242
0.030151205157807618
0.017120507627070614
0.013141458483101455
0.0052276040188750485
0.02184413292519127
0.03362511275328695
0.04439606073250095
0.06219907576485619
0.04153681832978199
0.00955327367244676
0.015365171521724875
0.015163929031227196
0.04693205615930488
0.055664090374024644
0.08198412216645977
0.029030453583948675
0.029540145790964763
0.010017627979891863
0.015002895947590364
0.006454030974537199
0.021067445234894837
0.01902974992764929
0.054430966179075585
0.028385950180282834
0.03714836443887654
0.021093646286450128
0.016191183285494775
0.006440768726122341
0.026913478466585847
0.041428458209868985
0.054699009048212864
0.07663355153403698
0.0828903880448239
0.01563873875677627
0.011646378330124312
0.0042895089057521365
0.02674163377817781
0.02249251138045672
0.044015992624696104
0.03257699530013962
0.02336972060949102
0.007925118877764582
0.011869050650917624
0.00510589560888587
0.01666682055597146
0.015054764530433333
0.04306127942329656
0.02245661648532019
0.010535591727124299
0.017404321333088578
0.0005819812652101119
0.035791708070551057
0.016342338738096526
0.01580531848811161
0.22623712894856052
0.08577631597172014
0.06557602063062004
0.012372076902290204
0.009213651469881482
0.003393504737204516
0.021155769320153138
0.01779421504845266
0.034821813584386185
0.025772224817313637
0.061601285549112095
0.029428057275620655
0.002084155736484358
0.013715651059871362
0.00335896404344721
0.0027605795200776966
0.04391302182506516
0.09905451044615622
0.007773567410430654
0.012841582003148572
0.0004294083060442752
0.026408507716236884
0.012058010135075804
0.011661775806511562
0.1669265114076282
0.06328908633654567
0.005761116853398406
0.016358390864851354
0.009810688864285214
0.006852296274486338
0.013366882899567145
0.06311707634280402
0.10544738941184488
0.04444233503901152
0.04545181307209941
0.021713159821967778
0.0015377707803241798
0.010119938286651566
0.0024783736972006478
0.002036862432314059
0.03240072738145401
0.07308625222046043
0.019163773972257343
0.019138246523487796
0.009074825607645304
0.0035555103574092402
0.022924543191269398
0.030640043445217688
0.07639599674341672
0.06373714813891514
0.21987316866689258
0.06657533272879937
0.018156631158154024
0.007950175337068599
0.020380313694782576
0.013866361456149747
0.018956854454292526
0.061525328910476886
0.032586612763641574
0.0097059249322564
0.0012768778688509363
0.0
0.0054721783628602725
0.013957456472002713
0.026467888270078916
0.03404502017947173
0.06712918056114486
0.03672297486359194
0.020817353844623524
0.002766266604541079
0.0015767067337334338
0.006756692592973784
0.017357356674451613
0.1461687329602893
0.044235957428850864
0.0035960577757060863
0.001762811744486774
0.001873969218861102
0.002408329744439276
0.003945186543815008
0.035815332767438514
0.05627071241219652
0.07357190405193144
0.02191339686117833
0.002882850596793285
0.0
0.012354723222924524
0.0315122242319376
0.05975745163781412
0.07686460008156601
0.03162538899441034
0.014752403749612633
0.03365876294119439
0.006733922083092727
0.009630561813322553
0.011291154723541998
0.013690930736809465
0.03798226183437403
0.09987302574853578
0.008118941958111157
0.0039799600365860634
0.0042309240474404765
0.005437367982013557
0.00890718185329099
0.08086149502761387
0.1270443014299136
0.0730455694252965
0.025928797270724103
0.018254383636934764
0.004221384873115371
0.0014071283617650189
0.012158756611051744
0.03541867291885669
0.05288900169273913
0.042358519899662446
0.019759124161485203
0.04508198713680949
0.009019303212677464
0.012899014278896418
0.01512318479724802
0.01833740486678421
0.05087280962867788
0.06210648335375847
0.03459244090203091
0.044063386727325196
0.033332397265144725
0.02850586989518722
0.01077292452997297
0.012536700522264152
0.015097226887976085
0.09783602050335148
0.03472859971336325
0.0244496177636847
0.005654052672161461
0.0018846843187838008
0.016285236331967854
0.04743918128305696
0.07083864900669316
0.07596349396869864
0.019788129723691584
0.047393510822671174
0.02273821229384406
0.03819779727208331
0.00998551945859402
0.029900426315263608
0.0024573276196242838
0.06949621824624383
0.038708419681475134
0.04930626522883813
0.03729844985449194
0.03189763851627057
0.012054740082784093
0.01402837881868807
0.016893569206673696
0.05369704924829566
0.030462177467896874
0.03983551581607996
0.006801105567624384
0.011619838730379365
0.02234905183707889
0.048119040848967384
0.0229789521290017
0.08500200414706673
0.02214261873642911
0.053032623869996555
0.02544371664229451
0.042742759087257706
0.01117364568275091
0.033458126119059045
0.002749712547451737
0.030666855185037725
0.021949946316068877
0.020996846847709742
0.020939099818334195
0.0317758021805807
0.021750349034967628
0.047900889927387
0.022727738940635796
0.053177773714966375
0.030167593991291493
0.03945028778194365
0.006735335701862738
0.01150746946543117
0.022132926072729348
0.0476537072608106
0.022756734934776375
0.04043528494552632
0.028151101025771636
0.022235950689092204
0.05534874313866075
0.06480267516907458
0.01989001174673483
0.020003064962467548
0.00773373120521401
0.030370292379359017
0.021737680088419736
0.02079379753684982
0.020736608948206062
0.03146851533977146
0.02154001300620364
0.047437665960480095
0.02250795109521444
0.03458550127400228
0.026144443923067993
0.046182605834039964
0.057404151251992906
0.05186446431897941
0.01992651201890437
0.043549728772794644
0.011566831064238602
0.031062672303703426
0.02162587520602451
0.017081814819583662
0.04251929652169522
0.04978187407092851
0.015279647907464347
0.01536649618856132
0.0059411070909014775
0.018603212449984894
0.009321986466787557
0.020177782576382048
0.03796374926582854
0.051838734006674214
0.07658825964740741
0.04134536362716777
0.04019725731825419
0.026568827052435812
0.020084347006306
0.035477804919304815
0.04409827559308851
0.03984264885280151
0.015307687675081314
0.033455210111834575
0.008885721552964913
0.01634912093397985
0.025041253415237982
0.038038000699468395
0.00481329102556425
0.05733645616338232
0.03852682070215186
0.06709743071590189
0.03438132468538105
0.0159901665583564
0.008012600869845916
0.017343569291706534
0.032631282127876346
0.04455735766978933
0.06583051349164619
0.03553790790658632
0.03455106699641637
0.025984284752060247
0.02294384154925527
0.05196445045810974
0.040533881511708836
0.04742642626645614
0.029693364242759944
0.018501977784322093
0.045716789269552145
0.01405268942231864
0.021523906906733812
0.03269510405079907
0.0041372061626204215
0.04928285834413121
0.033115263379784814
0.057672786120653116
0.02955205235086265
0.024084346498588212
0.006448124477660653
0.020114411284292123
0.020130681183316842
0.023131289750932982
0.020885592852941705
0.07295700209304481
0.03299664616707926
0.024380666491753727
0.02152786402202901
0.048757468144124315
0.03803233593623852
0.04449950778831948
0.027860840409066695
0.017360129559141603
0.04289538091543433
0.062055490736766625
0.016684112021337072
0.022590092337043965
0.006151414006202384
0.03592896734339205
0.03725715779605409
0.03847447918098367
0.026839180420209965
0.02259798279063111
0.006050178940357141
0.01887305184189882
0.018888317645278097
0.021703743871453036
0.01959663999563248
0.06845446596822993
0.03096026052755512
0.053153573094067486
0.0317955840599492
0.03254070823507589
0.008833455665581027
0.022318336062163355
0.02696819675073255
0.05231044495871877
0.05365944872654024
0.05996940821696177
0.016123252151679215
0.02183069464015065
0.005944625580584171
0.03472116461973583
0.036004706083994524
0.037181105500022786
0.02593694365669797
0.04226101248063067
0.012298246486392606
0.035519924065970675
0.00903464973749434
0.027337057986407575
0.04538534025468912
0.05062487422504527
0.0403569015216121
0.05136674104455461
0.030726730823483726
0.031446806602435304
0.008536506640850778
0.02156807383431468
0.0260616229219798
0.05055195584621637
0.05185561095679911
0.03447516389453571
0.04189753382114849
0.022631956601703595
0.01157226588754186
0.017062054406604497
0.017940809869927753
0.03964190921259543
0.042133844276063204
0.0411468578744537
0.011974019801644009
0.034583489165664026
0.008796463380155214
0.026616353315906782
0.04418881695982375
0.049290217682426585
0.039292946233225615
0.0438199227663973
0.023778887338565136
0.03023530971781064
0.008693087411333967
0.014493805186377268
0.016920070178443616
0.023612416883254043
0.06185215370097239
0.03356627268731706
0.04079296183968727
0.022035295584503824
0.01126717870231603
0.016612236349910443
0.017467824610422043
0.03859680373228765
0.041023042288116644
0.08075026246711
0.03990012492074095
0.009819304902339614
0.0
0.012806557866200883
0.02999442566038174
0.04395864839060318
0.08211374959442604
0.04498355025704534
0.02441032996231607
0.031038201082166986
0.008923930252941886
0.014878684690818085
0.017369378565140023
0.02423943892417526
0.0634946227392207
0.04920339662838565
0.05730016145776217
0.015980373818965946
0.023483711162080482
0.016319461670564445
0.0033998914287749543
0.03493395046705948
0.039779276100005055
0.0828945662301424
0.040959663124073176
0.010080054178059
0.0
0.013146632924596783
0.030790920406634094
0.04512595970677607
0.08429426042959198
0.046710947814202965
0.03512740695614167
0.021004021846215228
0.004044518607018049
0.02932181562186751
0.043653227443225154
0.02736529287526213
0.015741846735212683
0.0560911990950277
0.06532140024354294
0.018217407555466893
0.026771109487235385
0.018603963067850848
0.003875829721131004
0.03982422566521012
0.0453478306067641
0.032176247187653745
0.01827037037171588
0.014024076793794991
0.0055787050046634465
0.023311247989001686
0.035883472451592034
0.047377828408863135
0.06637654535461822
0.05324984154147554
0.04004476341644078
0.02394429758722582
0.004610695886367241
0.03342646871100423
0.04976408214561926
0.031196059543469618
0.01794548994283927
0.05023538332020633
0.027007406318855048
0.019021015812476307
0.0028495666611656387
0.021163075130701717
0.011301845616216399
0.044834018242915226
0.052353954407152854
0.034169080656894765
0.01940194439773081
0.014892656943832024
0.005924221682959651
0.02475502839419715
0.03810591264099857
0.05031217067701207
0.07048757173951103
0.07624261249630804
0.0143845182425629
0.010712343505122669
0.003945492028869138
0.02459696558019804
0.020688621077773403
0.040485927843772675
0.029964333471565786
0.05334670803861763
0.02868010801447906
0.020199081007867093
0.003026054359749184
0.022473808610170613
0.01200182458134671
0.0476108098182027
0.055596492667790216
0.07852780935763973
0.030764567420016365
0.04243297274901131
0.01912596005526374
0.01126653800271108
0.0
0.011727880795294124
0.08414937071219676
0.07128728682094711
0.013449608351082972
0.010016103580017916
0.0036890580307092006
0.022998306102449604
0.019343981225361892
0.03785457837703225
0.028016826347463542
0.06696637687447757
0.03199105922281081
0.0022656728227407517
0.014910199515591313
0.0036515090559590944
0.0030010089381349294
0.04773757467918393
0.10768154622951345
0.07342395919827376
0.02876504975087614
0.039675076705571716
0.01788288406632953
0.010534278663618163
0.0
0.010965636862148373
0.07868015181212555
0.0900874220600862
0.0332514002812806
0.018484454385688978
0.010541458154217006
0.009639209335069066
0.005220759771343807
0.039527169301197644
0.048459820852766344
0.05664821904386991
0.02706188709740225
0.001916578682238323
0.012612840765302474
0.003088885713951194
0.002538614445257087
0.0403821845120631
0.09109000818763005
0.02388449639985953
0.02385268062812707
0.011310279481950401
0.004431359629587678
0.028571677484453353
0.03818778119687031
0.09521506107426105
0.07943788564116078
0.07620678101673294
0.028128035210566643
0.01563637559352579
0.008917233669087194
0.008154003058075223
0.004416346783354558
0.03343683575647891
0.040993147227298285
0.04862801141843392
0.028335098298849854
0.0013644642815255482
0.006615069025680191
0.031155971612727627
0.0024231619115504515
0.07129908237711301
0.05405945837910395
0.07114055750505473
0.03891739602959167
0.022061317386968184
0.0029315678637759743
0.0016709245535568827
0.007160446082260818
0.018394564335696563
0.15490320402661423
0.0468793250111535
0.003810944105761851
0.0018681504709419084
0.001985950280678014
0.0025522420986408374
0.004180935441820222
0.03795551679621421
0.05963322982267
0.12838004308585396
0.021781036722642456
0.006660814501410001
0.0
0.006817668445347292
0.025145271568251446
0.03455717748197803
0.11039558809275914
0.09449359319428201
0.038973137283333334
0.006544815167633626
0.0024450391824834077
0.003306932143582301
0.005582884144926644
0.012198093759520388
0.026671366066667715
0.08194824654929236
0.006661789330162975
0.0032656540030706646
0.003471576077448172
0.004461492666610312
0.007308559334236194
0.06634882323032483
0.10424293905418011
0.05993566618948069
0.02127520875173915
0.014978165722658398
0.0034637489529206872
0.00115458304233976
0.009976555501623166
0.029061882515817997
0.043396712155044224
0.16518122371794408
0.06812769301038692
0.011440781769984613
0.004274094682488697
0.0057807421621276925
0.009759260958977846
0.021323097007022482
0.04662336076122475
0.10135348181662898
0.011187611774947466
0.009850422464051063
0.0033671012529964957
0.004381334540788532
0.008026533573512204
0.007260979581659001
0.0611102105059585
0.06168077462295992
0.021894665388782545
0.015414275387945615
0.003564600714375833
0.0011882002978478477
0.010267036483146183
0.029908058749361522
0.044660266448870195
0.04789122786218977
0.01247543760894387
0.02987926578170514
0.014335318838704885
0.024081822957549404
0.006295376406868672
0.018850740731211738
0.0015492235916896053
0.10430452628022963
0.011513354306902155
0.010137230910644517
0.003465138985227692
0.0045089030545488054
0.008260237014572791
0.007472392877095059
0.06288951739458964
0.033824816822621
0.011073182243857713
0.17190714631838633
0.10297136945082541
0.07740703832755859
0.0013547567510100895
0.01331244321601352
0.03166117322410518
0.03559174236041432
0.00927147999814618
0.022205635083755976
0.010653704186281619
0.017897098832809474
0.004678589903350528
0.014009469737107276
0.0011513500362270925
0.0128407185183723
0.009190804875080207
0.0087917263937894
0.008767546759294458
0.013305052932046039
0.009107230198505479
0.020056893366660177
0.009516479486887245
0.025137884733362703
0.008229353623327164
0.12775773632875684
0.07652613256312617
0.05752726518027534
0.0010068264146773196
0.009893524770244511
0.02352991081087882
0.01435269932386813
0.03702591776993918
0.07359773265135215
0.16019797507204053
0.12389198597277408
0.040617806255726155
0.009930728960489474
0.0037406394688722032
0.011295021849165796
0.008084465189928447
0.007733425630945657
0.007712156610872173
0.011703462182178352
0.008010950783659211
0.017642552360187705
0.008370936842649121
0.012862701078890697
0.009723385657822745
0.01717578268365365
0.021349190008613354
0.019288923872076202
0.007410873290905733
0.016196588820075807
0.00430182258255039
0.012624998533037493
0.03256893682378543
0.06473843322370874
0.1409142039864745
0.108978534690005
0.0357284530820605
0.008735321191441443
0.003290361397636119
0.002264592887079438
0.0024584268492152794
0.02470103165497614
0.11893037842687426
0.15461553449675117
0.044587245905826856
0.05008544922775635
0.0059155437733247156
0.01483185082824955
0.011211937892193132
0.019805221707317532
0.024617535583670528
0.022241863489901526
0.008545403215360433
0.018676123143380723
0.00496038821415923
0.009126775615168529
0.013979094164533464
0.021234432030662196
0.0026869840487586095
0.03200765179273473
0.021507312175026758
0.037456643508311335
0.01919311974159713
0.002611279208143885
0.002834787194080484
0.028482510365705548
0.13713741934573467
0.17828561274345173
0.051413103364657924
0.05775302613780515
0.006821153836648078
0.010650894664454829
0.013902782112061324
0.058876095801093584
0.050804659796356046
0.07153073233127193
0.01696504658845062
0.029848196820820745
0.0
0.011552843420201296
0.01769499907181871
0.0268789415573484
0.003401234707282056
0.04051588479892321
0.027224358352200488
0.04741332051361379
0.024295010249986468
0.019799959681322976
0.005301061612168579
0.016536239937665637
0.0165496155692082
0.019016443085649825
0.01717023529922283
0.05997861307954361
0.027126842065876563
0.013482101843174539
0.01759840184729403
0.07452646418219687
0.06430948939605975
0.09054493998757693
0.021474673544844357
0.03778240627206707
0.0
0.08459685955256649
0.03606489585821542
0.04537268875945064
0.03237303281656217
0.015167822565863055
0.010861639196944153
0.02660341448878345
0.04878510777868027
0.017154371476296996
0.004592755822611936
0.014326736381159173
0.014338324816484508
0.016475545107135284
0.014876019921198918
0.05196452043132793
0.0235022663311703
0.04034944829350735
0.02413636939737502
0.024702001162586914
0.006705571081751643
0.016942088640846047
0.020471847836778172
0.03970942066936535
0.04073346392006328
0.0732933792719665
0.03124605457602905
0.03931017892891059
0.028047482908437647
0.01314116124321268
0.009410352173678697
0.02304877696841856
0.04226664472130631
0.05468656094543789
0.04827564419796248
0.05099968484283207
0.027748105516573807
0.04216121128825435
0.034039149498392485
0.06552333101650652
0.04582113302206868
0.03655939979012643
0.021869225369874398
0.02238172699537256
0.006075712664411234
0.0153507078311184
0.01854891457407708
0.035979490354499835
0.03690734459261269
0.024537108526258688
0.02981985343121338
0.01610790820302949
0.008236362409935976
0.012143625536821336
0.012769064714937124
0.028214451177466918
0.02998804335761576
0.049549818629690844
0.043741083236649936
0.046209253067769185
0.025141708893260645
0.03820098277208185
0.030841831243275202
0.05936868422061456
0.041517125805656405
0.018666451480986904
0.050574821880687175
0.083116541832552
0.08714991358545758
0.05269356961905264
0.007819933501177972
0.007649930780722752
0.0022690496765466633
0.023065668696275642
0.028031618276448213
0.015141950144756918
0.007742444730467538
0.011415397340081863
0.012003330219648799
0.02652248868729787
0.028189722199585553
0.05548899690335367
0.02741808931051091
0.006747512177324921
0.0
0.008800256842133248
0.020611209694391976
0.030206976793608564
0.05642594163484872
0.01754706285521723
0.0475419540417606
0.07813221411309039
0.0819237128743188
0.04953364484476707
0.007350988205152642
0.007191180197485833
0.002132979443711043
0.020511138503628616
0.022870485670021538
0.05425983977348007
0.16418596179516692
0.03898791596800207
0.008638118018226695
0.027931702507075166
0.01344915889683154
0.05302588493534496
0.02620102236590068
0.0064479955357247725
0.0
0.008409620514949995
0.019696294664267762
0.028866113375455804
0.053921239443366915
0.029879996441988434
0.02247025256350394
0.013435824520810297
0.0025871922374161183
0.01875653968613421
0.02792403797655922
0.017504993839970444
0.01006972340423078
0.0196006655532207
0.02185528319544595
0.05185128910241511
0.15689787893108012
0.037257273718408625
0.008254678903102233
0.026691836685534646
0.012852161544435095
0.0160726712068134
0.01978083474874236
0.05896651699928145
0.09871681760906874
0.06413247572349182
0.02703719167800171
0.032376755680978454
0.00845861360504228
0.034183132021260956
0.025706281840447813
0.015370770351363196
0.0029597839473534874
0.021457742593709594
0.03194548829925854
0.0200259567173914
0.011519903799610208
0.03224803474458715
0.017337098271554368
0.012210325437117782
0.0018292470092355077
0.013585396129398426
0.007255091650969998
0.028780689674869714
0.033608027433112114
0.018387359679359457
0.02262955040907659
0.06745851658094205
0.11293341401833762
0.07336844529960546
0.030930923783997824
0.03703945935909712
0.009676771753951144
0.04216820934725316
0.021404302070519906
0.012062865296626727
0.030980952834363525
0.1282517390433052
0.03414834426636437
0.016164945116279895
0.03237086100611925
0.03929027052187723
0.021123125379542
0.014876782209652085
0.0022287128630764587
0.01655213699993058
0.008839438306406273
0.03506573631813751
0.04094725461604408
0.057836349919072126
0.02265834614473234
0.031252218546441744
0.014086420178316272
0.008297893951602105
0.0
0.008637676550947965
0.06197667412082019
0.05137678515292544
0.026078513786762247
0.014697120135452043
0.03774648680233074
0.15625899568216234
0.0416055643305475
0.019695000691368994
0.03943991923941952
0.10882179864808139
0.01756869276402817
0.00236390689022277
0.007137218423065339
0.01606862850516067
0.008987477941316808
0.0012705617911326662
0.06721384152966044
0.06920923383120883
0.02711386141679959
0.037397624576088195
0.01685636021861509
0.009929583793005329
0.0
0.010336180914068615
0.07416370737970818
0.08491617077976767
0.03134268381071417
0.01742339884405933
0.009936351162254683
0.009085893761425637
0.004921074642893908
0.03725820743968658
0.045678101663801964
0.13022041188813355
0.021023383517730115
0.0028287432548830893
0.008540674151074873
0.019228348073773705
0.010754766911532052
0.0015204038329276186
0.08043070632273944
0.07832414508107971
0.03866059551920685
0.01941655075203281
0.008412982885398991
0.0060074014843499
0.0
0.015495387087679058
0.07356652524764076
0.0808944350172778
0.02985825521229232
0.01659820494292344
0.009465753177784348
0.008655574500218262
0.0046880064098416005
0.03549361226387402
0.04351472979555788
0.05161923200566895
0.03007805522636095
0.001448395611028751
0.0070219771035230465
0.03307244693188849
0.0025722161620659444
0.07568485257080307
0.05738477973446277
0.07461461587779072
0.03682958149477565
0.018496958690514
0.008014533522589453
0.005722883457130977
0.0
0.014761506228098534
0.07008232285375417
0.06741215586047486
0.0415224897081994
0.02410378988865867
0.022378004105344143
0.0012051380053824106
0.021329389748727005
0.04170813531875449
0.06376745438201827
0.12357834712826225
0.020966378046189706
0.006411685389930423
0.0
0.006562672651395639
0.02420478310961248
0.03326466304256453
0.10626655030511431
0.09095932498909166
0.037515456235330404
0.006300024686354576
0.002353589339684768
0.0031832456084776952
0.005374071999471374
0.011741858225651278
0.02567379831744892
0.08699962317984498
0.02555085182131238
0.006710076683309814
0.0054937316954707174
0.010798767086810128
0.00645830495505456
0.0473420061718631
0.06730109482801949
0.052502221797549514
0.00950484694319529
0.005110710379657785
0.0
0.00470377261720426
0.0
0.026113981808276523
0.1410533036093233
0.11769075934680998
0.04854062551703797
0.008151497269022586
0.0030452701425750053
0.004118748604324701
0.0069534224718363485
0.015192595271405235
0.033218901081992186
0.072213826541269
0.007971114969575357
0.00701837456816895
0.002399042060249033
0.0031216779816227607
0.005718863257741418
0.005173410036157146
0.04354070587690145
0.06793175247825624
0.012298163540175917
0.0066126632476184435
0.0
0.006086133237904862
0.0
0.03378844718728313
0.18250652599003164
0.0794521173318025
0.08955972633304451
0.06943064471895927
0.0050512868967342766
0.011861022361406914
0.0018758949877249833
0.015089886559432058
0.03438656715395143
0.05529973200173753
0.006104101426070328
0.005374514151881323
0.0018371327119308812
0.0023905111257441756
0.0043793774773443345
0.003961681609145788
0.03334249798801504
0.01793309813107649
0.0058707328658641035
0.091141002788794
0.054592924559994586
0.041039335752906615
0.0007182591967018297
0.007057934764557141
0.016785986731291738
0.0608426530743163
0.06858283380864705
0.05316843365822877
0.003868162442460499
0.009082905438857695
0.0014365183934036594
0.011555497369971527
0.026332463451255415
0.021871102818649655
0.06976711000370833
0.1365130214091206
0.08164347879001224
0.06763331911268991
0.02351376002058188
0.011077530107151264
0.005282131830035802
0.01081803883333654
0.00354148600865603
0.05498028841819657
0.03293286935691249
0.02475674446346377
0.00043328575048928676
0.004257658760803971
0.010126050445254844
0.00617665568506401
0.015934030270396027
0.031672638263440016
0.06894088081528829
0.05331667042031853
0.01747979235564766
0.004273669510280385
0.0016097767757708094
0.013193617627622127
0.04208660989825705
0.08235069902956693
0.04925096141131875
0.04079941275292635
0.014184541185307252
0.006682456650864457
0.003186415801802126
0.022390184608799067
0.018355037491973994
0.038544118576264205
0.13895537209561035
0.15025802421708456
0.009695109795558385
0.009468520512668855
0.019348228391092733
