1.0
0.0
0.0
0.0
0.0
0.0
0.0
0.0
0.0
0.0
0.0
0.0
0.0
0.0
0.0
0.0
8.0
0.0
0.0
0.0
0.0
0.0
0.0
0.0
12.0
0.0
0.0
0.0
0.0
0.0
0.0
0.0
2.0
0.0
0.0
0.0
0.0
0.0
0.0
0.0
0.0
43.01437350914457
1.9300349076034744
0.0
0.0
16.970936536788937
29.644511461257938
0.0
4.196420502258844
18.873846995535857
27.050412357551977
52.19027614024817
41.0020411018806
56.441178367660186
116.8487567024822
59.718427180718564
57.012982253100105
33.11799901269997
38.72509773747661
71.3967158025429
107.7625942539933
97.16043794202668
99.16451203248326
35.792038090344434
49.0
50.52051829671964
23.839687806740223
26.847174127966355
73.03625646796718
51.46730432963159
175.4962222590468
78.98228912763516
0.0
0.0
0.0
0.0
12.145015202615468
24.494001091243987
88.99015164878512
49.438977199172946
0.0
0.0
2.1226700853433615
0.7057569909963604
0.0
0.0
0.0
0.0
2.0
0.0
2.1226700853433615
2.5580155928754267
1.883809408451134
1.8838089819550077
2.2051369843937207
1.0613355821513324
2.0
0.0
5.306675213358403
1.7643924774909008
3.0
5.979432968085895
11.59699062901418
7.43912711250523
0.0
0.0
4.245340170686723
1.4115139819927207
8.0
17.907648075014365
14.72894034980436
8.844564931687819
0.0
0.0
0.0
0.0
11.5
13.035235927820032
10.937815673686053
12.8160308911436
0.0
0.0
2.1226700853433615
2.5580155928754267
6.383809408451134
6.383808981955008
6.79255041263459
25.666045138467236
3.0
0.0
3.184005128015042
9.80194157030678
17.863243656025404
21.15393766744637
16.28039876271377
20.899601084085415
0.0
1.501843413616234
0.7342245967139661
0.0
4.5
15.961376657753137
36.27192746119508
34.64364810162515
4.246866569805842
7.420941369559705
9.632018999379808
6.17466664249996
5.267618816902268
13.731068998658522
22.83310327483777
24.454479783106585
67.03592149450695
99.94790440471829
19.825133258154846
1.53816679956135
5.29069571740547
7.5025107215813485
6.136208249347328
12.03578531878593
5.0
4.898923972462263
0.48624076523915366
0.0
1.3272631153096879
14.666267389638234
5.215929103263624
32.18730225686086
0.0
60.73767488755316
60.71731109807383
149.76547731111788
138.74268331071653
112.9050303838565
191.94437351183734
95.93569743876289
1.9821635246276872
45.53073989028817
106.72757644662508
80.2934153572738
133.4416365872312
80.89301972896209
33.70904362208603
44.52551407978244
23.278181494343677
98.01162940588858
53.496911727302
51.91119360939738
21.924011024420906
33.2077188046198
174.6040210650568
166.47409965061487
12.551608042287535
96.68576999821062
63.90180669719993
50.96664957392131
18.859582090070763
67.96767384057603
212.14109603772522
211.10207963582798
22.458287088470435
5.787923963470484
41.05140798733482
142.82018308803382
85.01306694900121
221.26224629695278
269.3862112031806
175.7939411717278
9.653603416933038
20.307906287656806
33.42230220385609
8.448999447144889
0.0
174.30659891574032
145.56874772283916
197.535451102216
8.19037503156028
16.80714561799032
5.963421336251576
14.469011726741245
21.723850470462867
31.871827755964475
11.591605573455853
5.650780147787918
3.0
3.003686827232468
4.2551184340996775
8.686097958550453
16.09562483912314
22.054489922302672
20.938154992000634
9.304913585748363
1.0
0.0
1.0613350426716808
4.057395699256313
11.767618816902267
19.079642052793496
13.629018190175149
17.468487684017788
0.0
0.0
1.0613350426716808
4.057395699256313
2.267618816902268
3.0352359278200307
12.702205453778694
18.122708801900266
0.0
0.0
0.0
0.0
0.5
1.6514269458650235
6.615410953181162
3.9182317696640894
0.0
0.0
0.0
0.0
0.0
0.0
0.0
0.0
0.0
0.0
0.0
0.0
0.0
0.0
0.0
0.0
0.0
0.0
0.0
0.0
0.0
0.0
0.0
0.0
35.0
0.0
1.0613350426716808
0.3528784954981802
0.0
0.0
0.0
0.0
71.29185585196933
249.39077034006883
755.92109413897
216.33380337535692
50.9553947900451
30.016043664455356
21.200535316181778
50.0877195105626
5.190375031560279
132.5183796729239
282.06441800889485
474.07243561181883
211.04958006423112
357.7474180012254
513.8235740036926
31.077353283269623
1.0
0.0
3.3199956888274755
64.266273036293
708.0099163594981
1027.9516059116806
413.3514823602808
35.89514318172296
0.0
18.867305869449048
89.04791664477433
197.30773158343425
1143.2327450846428
718.1465638134399
104.93977637566968
34.03081395566405
11.234332737354816
20.973233362125757
32.51282636490018
57.30099104767919
814.1065617958392
1451.2061874426672
96.12445477670845
0.0
1.0
38.51915276771179
513.6211602514561
646.3278171478094
441.34163356058684
272.2367669684401
405.19369086535266
79.23745077712884
11.350338633238332
40.7214635060439
15.289461179483306
31.936400718739016
95.47381656577292
240.87944222803472
934.3736626004539
1017.8209100949855
37.155015553089925
16.005961819396635
23.6953130299054
56.295481835383775
28.61300950188306
65.64710268741183
12.177419816027394
30.568049513392907
0.0
0.0
0.0
0.0
0.0
0.0
0.0
0.0
1.0
0.0
0.0
0.0
0.0
0.0
0.0
0.0
0.0
0.0
0.0
0.0
0.0
0.0
0.0
0.0
0.0
0.0
0.0
0.0
0.0
0.0
0.0
0.0
3.0
1.501843413616234
5.643563922729073
16.581912053430187
18.299002736613055
8.0
0.0
0.0
2.0
0.0
4.245340081222866
7.616750315757281
20.151302409073015
14.984018066662612
7.297245072406439
1.7253347374797159
39.88392055914208
23.205812087800062
3.1840050385511858
1.058635456749107
6.0
16.62121246120769
7.244255866152707
5.650780147787918
142.71433435506307
25.867673053079013
0.0
0.0
0.0
0.0
0.0
4.933546802667842
415.1764042361243
951.4460338448063
294.54081781401305
35.818671976760385
8.062257766723633
8.062257766723633
2.0507001109072016
14.962344950144688
32.87462600173562
41.74636127548224
15.473682132993417
34.16416788913775
48.542965399799506
6.651119168222067
0.0
4.669448549250228
10.426006966668343
17.449841607355825
67.62418390720376
93.49639033912155
83.17239673283513
129.13216871351833
7.689792425979429
1.0613355821513324
17.83669015252683
37.8920499570688
26.999700102998666
63.15799591156433
45.385312386599885
33.15536752565659
1.0586338383101972
3.1840066569900958
9.229143544235217
10.403179530214198
30.205950869020626
63.214860433269
61.85658694201739
34.02386383212143
32.22027243789016
16.257856162442476
10.0
1.138776466085801
6.712114947429291
1.4115139819927207
10.890958309610141
9.18700020246579
4.511405539742918
5.973310117233268
2.0
0.0
0.0
0.0
0.0
0.0
0.0
160.6359560260462
73.3319481130302
73.38349146214914
67.42596459346532
51.487957376764825
24.856842601929383
40.26904911724996
97.1815825353595
338.1838230340101
45.393098677283525
5.779818211907148
1.887058899158
16.980902984386923
8.0
37.25401581587503
21.358344189017227
124.93553904757499
0.0
0.0
4.1279086043941335
21.81161924643893
33.74757518299616
36.37750481244111
18.882953186904707
2.7866703196310483
0.0
0.0
0.0
0.0
6.5
30.53314542443968
49.144355336226
32.82890384217408
0.0
0.0
3.184005128015042
8.076666866660524
31.411908605109282
32.867701658833354
10.15084218817683
7.456118790595246
3.2291435442352165
5.534581861437276
10.3822404865075
28.75384120536728
524.4659944308357
407.9510861388669
1.5381657206020463
2.122671164302665
0.0
0.0
2.786669240671745
22.28075413516299
492.7560620800655
424.5140676543325
6.869047894949653
1.0613355821513324
28.06606518276878
17.569571388304734
23.096250141571545
36.05945177192844
480.29759346508223
380.47047441323645
32.779483929337765
7.696011803564761
143.0718281339946
133.8903419640756
60.676323857477385
195.70093226084933
147.12256897385708
3.36041569913068
110.8186981053077
135.36485085228344
263.3886814243738
225.8832799398271
64.29779562050982
0.0
3.0
6.656012044441741
35.645791998258936
35.11327175441802
5.913093006627605
45.5693247816198
76.35930023820455
32.13665626975508
51.39072236666051
59.64218681230541
36.22497665822793
41.59096167666557
2.4582870884704335
11.913729061764888
18.314353745699734
3.178823647659192
14.044602457459588
4.074314170075377
19.86079030659057
27.869503569295922
15.658864100627397
10.936510334229752
10.882271222945928
9.51664939579714
8.77471405971155
0.0
0.0
4.933546802667842
18.0
9.395985137301615
2.96696514322175
28.363618959485212
14.036255772198455
0.0
0.0
2.466773401333921
22.771684670382612
24.357347875067923
21.96974864348008
48.40379126915254
26.595418651247744
7.5253826367999865
11.660718084122708
0.0
0.0
0.0
8.74242398832439
8.33731987382771
20.319478254239584
19.106893049495557
22.60409823532354
81.62675095829982
62.06023531002316
53.79555703069095
0.7182089715417527
0.0
0.6613292789852491
21.784264706263457
57.50884256598583
77.83878114328182
132.52841862665537
186.2471518769829
71.01037932965247
36.037048895363206
370.08794026502744
277.8381355005374
9.671464277834275
52.76396658429894
0.0
0.0
1.327998310656767
16.978920017632984
542.6899132946652
559.4244225634388
9.200838775871306
0.0
0.0
0.0
0.0
0.0
407.4670201274368
687.3639412033849
45.854449830643716
29.611299804672676
0.0
0.0
1.7253341980000643
4.799066147818802
521.2370606090894
650.345593012944
20.24726213659087
3.848005901782381
3.0
1.138776466085801
4.58944486208593
9.259651119969158
65.31787763274984
38.52344971006387
0.0
0.0
1.0
0.0
4.245340170686723
5.450068860641749
67.47452470298276
60.30225655646791
2.500719159751861
0.0
4.0
1.501843413616234
2.45955879471403
21.590186534697068
83.35399366102601
76.66779108301307
0.8324098085649894
0.7342250232100923
2.2468665698058428
3.6994820973389326
17.188772585246625
43.89266170015598
11.831569606369339
7.39797547453054
0.0
37.06418765278213
154.71475855568107
221.6694821891594
2.4237397925740862
0.0
0.0
0.0
27.292821363416273
401.18215781810164
64.72180867478482
131.84571324665566
77.46371186609613
35.49972053261081
92.36820408780986
55.375590779108464
160.5370405915186
205.97343569631994
360.0271227810993
455.2413733990489
78.95160065731906
194.17648341645761
101.69502925786072
93.15189196948121
35.17755335882103
24.589253883762282
54.02571568094858
217.3679571715037
146.13276358164893
46.174763512201025
42.508122678715154
73.90174725811667
214.74539019215737
679.2417591632926
0.0
97.54474974014755
176.3907485672213
70.09477202991383
359.75644587197326
254.29301088617652
305.5637195267278
108.64415944936044
102.9602787039612
76.64540954262685
153.6567740692404
241.19938696732532
513.4821434726701
344.1500278498978
40.246371495194026
73.48257066000951
32.75928884587492
187.4382711568005
63.81104770606444
29.704261472404323
10.156012044441741
17.58485390964743
15.975638605916537
16.34796207156032
104.47220932076233
288.0030552970544
764.4992359346129
157.25550471185272
82.27328090169648
202.39772443820274
102.59279769340593
333.0066689148356
430.34503175779116
236.0623192012268
146.96550309399572
135.46265389315113
202.2040805253814
218.03518135947562
118.12838927165923
203.34609431490753
0.0
0.0
0.0
5.038788880054108
77.7782078304247
110.32267519401594
12.239489654820135
2.122671164302665
1.0
0.0
2.1226700853433615
0.7057569909963604
75.58814574840908
131.2810443010023
5.930703494251976
4.24534232860533
1.0
0.0
0.0
0.3340376748908967
85.30226432225918
130.7507188074247
8.721306923324844
1.0613355821513324
4.0
1.501843413616234
0.7342245967139661
5.836979301099199
89.50221618119123
94.42273846229055
4.53381462835041
1.0613355821513324
0.0
1.501843413616234
3.9182297247290085
6.244023056690457
68.67064638806846
100.206941831662
14.740219649622302
2.122671164302665
7.0
0.0
2.1226700853433615
13.719643919873214
98.51703067731961
61.959081219910146
7.832716456333582
0.0
10.0
6.4761440595925714
14.926013249949575
28.24723443278149
97.68312346918198
51.325943977475255
8.049789187865462
0.0
443.63605449875286
135.5943455866963
0.0
9.996678401550888
90.8038654967233
79.65933994114748
116.41499631690894
376.0598905047496
20.64595099694975
49.79840157732437
34.7146367105297
170.42766518220452
467.2795749212441
563.535256524333
218.38175073118543
55.0503945036282
192.81174838084
456.5772257140612
136.89996127312952
254.02572994496913
530.7416036883774
296.38255988995667
112.09264732809388
51.22122397632338
116.25655198813274
59.263922591253824
15.756227899306076
11.361952626634912
3.383809408451134
29.29554993668789
263.32018989650675
224.97577647365543
12.824669563678572
11.515506064983539
11.673506195486699
104.83934816779055
380.3275399758667
735.1679028366864
394.27024498657926
22.270541024455454
53.78578631715181
129.47878400310393
234.01559963201015
358.335164193851
244.4551186881872
71.43390504044655
36.98776544353241
7.535922812850913
9.409887940194654
19.052164535111046
55.64355218453193
33.4640422288434
64.28886560976444
27.36586073404633
8.04818578412196
13.962851620355286
195.79734296030693
389.9009649803878
285.36001447492765
281.3989747514286
33.54234615875466
0.7676179639100156
140.47073326357568
467.714449587572
138.01894033987782
118.6603828565333
75.05635050799083
144.34283874625524
25.103311346623016
24.082326714520967
20.21073448431798
105.90437042845389
0.0
0.0
2.1226700853433615
3.3904254014404165
11.674505125856603
8.767617963910016
4.4102739687874415
3.5911212107228496
1.0
3.003686827232468
6.775124406786337
3.6166510793699675
6.883809408451134
8.419044909775039
10.672806965950075
4.979567351815422
3.0
0.0
4.245340170686723
7.784574538342804
18.084960140329258
29.293422600081247
11.206846982900057
9.818682967867426
1.0
0.0
1.0613350426716808
0.3528784954981802
0.0
0.0
0.35287795601852845
1.0613355821513324
0.0
0.0
0.0
0.0
0.0
0.0
0.0
0.0
3.0
0.0
0.0
0.0
0.0
0.0
0.0
0.0
11.0
0.0
2.1226700853433615
0.7057569909963604
0.0
0.0
0.0
0.0
0.0
3.7734610213072304
5.66051992046523
15.91726940083754
43.901172556201345
79.58443594444398
112.48820382513023
129.40885312608208
0.0
0.429812993895666
17.02683257601393
4.69259142526089
0.767618816902268
0.0
0.0
0.0
25.951873929875546
76.89699841661113
123.5927180667737
98.43881533960976
51.057654739807184
45.70358120993478
72.54051863673811
170.99760344053502
57.93214223386904
98.69663368103637
27.929251889903387
34.14948680206016
75.27360635315546
182.22212038824216
6.914800884660508
14.073097421831335
35.26102751360705
91.04419873532679
144.64732135129196
117.4241127856054
81.41963668753306
29.714481704304127
127.38224113216238
347.1697965850836
1.4749738845308913
8.157349053257303
12.647787898240859
0.0
8.647070185389023
14.37791417435219
0.0
0.0
36.23333581829024
26.33579144119212
14.477304864425744
7.08921416918447
8.952024996390719
11.79354798986551
1.8522590283751923
23.03627281988447
62.09659987069386
131.67074510283078
127.65524460356374
179.5406790654859
149.2340679676694
142.7799981646687
119.58913979891405
77.84916135339152
4.4366419906389645
40.785463035606156
0.0
0.0
19.39797547453054
13.65741011506907
0.0
16.505643834048534
2.0
0.0
0.0
2.1666814848609643
9.11870173962634
12.793206438986818
5.2042282778196745
1.0613355821513324
4.0
0.0
0.0
0.8324098085649894
16.29069571740547
24.035110538035767
8.410374200895967
1.0613355821513324
0.0
0.0
0.0
0.0
3.0
12.926140729933106
14.381828803243478
7.039598620218748
3.0
0.0
1.0613350426716808
0.3528784954981802
12.0
13.91904490977504
13.142952658079775
13.877366473294934
3.0
1.501843413616234
3.9182297247290085
2.910894088373607
9.883809408451134
11.03523592782003
10.232059761648996
9.959134703630845
23.493733139611685
14.478815791588977
24.180593485730967
17.11248603474346
5.302856450706804
3.3838089819550077
2.2051369843937207
1.0613355821513324
52.65717388635839
30.10885131332675
22.004692204443522
12.732869839115343
3.6514282253534023
2.5
0.35287795601852845
1.7955606053614246
12.0
0.0
4.891083510301405
6.678224328093487
68.00722346176626
105.14523170739048
167.1530078502747
227.5403096801052
17.390116274382603
7.316621493399158
46.00536746085226
90.88297926512168
18.32288568675576
1.0
0.6320274612395227
17.09329852729843
6.949947575844272
31.339596467719367
72.40908403024942
39.421095607494316
19.24606823477643
16.93406990910389
41.20790350267198
82.78214232558385
77.26965968494673
202.23502289276934
209.67297015834959
79.79846713657462
264.8445006338967
256.55524536898815
106.72292660945968
86.09042698980775
30.0
13.899255023128353
46.71743019194982
224.54694206371641
9.060100901137048
9.147581836496101
76.74244365536288
65.74716817124718
24.545172082440672
46.161342228420125
28.635735381284032
11.766208349999943
20.59405924641178
56.94082447729743
84.80756974616253
43.237675644058434
23.298575899735397
33.520672811875514
3.135605620475416
8.490451492193461
0.5
2.706341090042224
3.178823647659192
0.0
41.51745345667969
98.5553553893862
23.772539051018242
47.97943763561634
34.99269800401726
18.06273163128153
16.610265967942357
212.99965694255243
3.0
0.0
3.184005128015042
1.0586354864945404
7.0
7.767617963910016
9.821971718671739
11.684469351646658
22.969743253652744
22.15309926318189
14.294251673699595
11.635778740104524
9.386320556528608
7.156012044441741
3.3742992646290073
2.122671164302665
11.0
3.003686827232468
8.897794492129698
4.322408070366328
4.883809408451134
7.095623986130886
6.803179513139002
5.306677910756662
1.0
0.0
1.0613350426716808
2.2051370973772464
4.383809408451134
8.13085991395092
15.270849494695355
14.364484842891395
0.0
0.0
2.1226700853433615
0.7057569909963604
5.5
5.5
1.4115118240741138
6.448017398235606
8.0
0.0
3.184005128015042
1.0586354864945404
5.5
5.5
1.4115118240741138
4.24534232860533
19.493733139611685
11.112062016826076
16.61801328628658
6.117458546983606
3.5
3.8838089819550077
1.8522590283751923
0.0
36.12356265631196
39.698242289124394
18.51778685794079
8.302561463925894
4.4794342475742726
1.5
0.35287795601852845
1.0613355821513324
5.0
0.0
1.0613350426716808
2.2051370973772464
3.383809408451134
3.0
2.8230236481482276
76.99300107487576
13.596280523162386
20.26564078726242
4.493193105415822
8.255292109050014
4.328006022220871
5.857768076830507
92.56031832756945
353.13327268918914
46.986258468187266
20.442515959643742
35.448866637585155
281.0961744197743
414.5962267707204
337.45123854765734
286.391506921309
141.89843521630758
30.550615433467737
34.59553372501004
114.52394676310396
491.96068837516464
807.1804562011968
371.82706516677575
27.81856965953048
0.486239224531164
7.269039375680222
143.33932539295765
168.79638652184312
443.2848714493314
843.4721013805429
434.5555932835559
107.06221552819625
104.04699458110119
7.63503293937356
17.28061825614168
18.685244606718335
21.344638735557233
8.086216141225306
43.32887659979315
92.14850124572695
160.08610304159083
90.47706971686894
138.51220648462885
65.01692744993044
3.178823647659192
2.706341090042224
1.2676179639100156
6.64607014425037
0.6639991553283835
95.94548356406771
265.2714007726735
198.37466015539087
62.57390596162618
8.409739007910503
2.661329278985249
170.84076155820475
343.25276421014394
3.2291435442352165
2.893961981735242
4.245340170686723
2.745785658288696
9.82800602222087
12.514668895905926
16.064474655014962
8.243578003597031
24.969743253652744
14.64388219510072
18.71647314415991
16.733057413109876
6.151428225353402
5.383808981955008
2.2051369843937207
1.0613355821513324
9.0
0.0
4.245340170686723
3.2637725838717873
5.383809408451134
5.767617963910015
4.4102739687874415
2.856896187512757
2.0
1.501843413616234
0.7342245967139661
0.0
6.5
6.883808981955008
5.028160632541948
11.020470285782176
3.0
1.501843413616234
1.795559639385647
0.3528784954981802
2.0
2.0
1.0586338680555853
5.386681816084274
6.0
0.0
5.306675213358404
3.6166510793699675
1.883809408451134
1.5
0.35287795601852845
2.529785628571517
39.96974325365275
11.640195367868252
6.368010256030085
2.1172709729890813
1.5
1.5
0.35287795601852845
1.0613355821513324
46.66122472709996
22.968688170629843
6.379385294402665
1.0586354864945404
0.5
0.5
0.0
0.0
0.0
0.0
1.0613350426716808
2.2051370973772464
0.383809408451134
0.0
2.1172677361111707
10.773363632168548
9.69148147344722
12.117612126805351
8.478263447500286
0.3528784954981802
6.155806047436636
13.0454961578278
289.55937632361986
900.5400000819171
60.99621739583536
16.663747493123353
38.69413624490244
21.503126288844033
41.33676146665748
46.43556490549818
70.34534950244706
339.23160712131653
14.17128602244136
10.002872823672282
26.092333082289766
123.0385263304306
186.14054520292848
109.17155224700294
15.085332420888516
0.0
14.000000953674316
12.030370942452828
8.815849468498891
25.003167060621124
6.56583588696194
11.838261367417363
1.0586338383101972
18.653750895163103
5.215471359406161
12.42155838775527
25.68981875976606
0.0
0.0
8.768964992754627
4.832505954510998
16.46664524116495
117.6195149978864
516.737593585319
1407.455460244334
225.02237524623524
51.52903188418823
0.15689711180020718
0.0
0.0
113.1188672966864
139.1205117387648
332.19717368945686
34.77092821006827
6.058314534307738
3.8280060222208707
69.28618129092973
582.6864951831736
111.38710984932415
194.73993623560807
43.69381139578877
0.3528784954981802
0.5
0.8838089819550078
1.8522590283751923
0.0
25.0
7.50921706808117
14.28447341028664
5.69386670591366
7.1150281314228785
2.0
6.22362546720542
2.378699972247705
2.0
0.0
0.0
0.0
1.0
1.0
1.0586338680555853
3.9182317696640894
1.0
0.0
0.0
0.0
2.5
2.5
0.35287795601852845
1.7955606053614246
1.0
0.0
1.0613350426716808
2.2051370973772464
8.883809408451134
8.883808981955008
3.969526764486364
10.039138608958456
4.2291435442352165
5.534581861437276
10.630344672158301
6.990951422958278
15.539821452892875
17.38631970353636
7.282711365685462
7.446340753149342
41.47601011404106
7.311216524062479
17.715585189997
11.202831703862648
4.151428225353402
3.0
1.0586338680555853
3.1840067464539974
85.20293763862955
20.189499389807658
13.160128908257914
4.675286565864507
1.883809408451134
2.2676179639100154
3.7045180567503846
0.0
3.0
0.0
2.1226700853433615
2.5580155928754267
4.883809408451134
6.711815004175879
5.656676396800867
10.63034749960334
15.21660982345859
26.61992942900363
33.30625192449487
18.036671060534037
5.863243656025407
2.5
2.470145692129699
7.429349075059326
0.0
1.501843413616234
2.766709039700757
60.74231728812283
29.869725557712083
29.318978795478685
218.11198530671533
652.6005683092059
0.0
7.534495496748469
8.829408025742987
17.541368332543016
41.33901307864294
33.912577809011786
64.93187572363931
67.58357688476026
13.481199493284656
29.121393615167293
181.13501569618018
173.56480712066914
122.46087629708491
11.460350019151338
1.8522590283751923
0.7342250232100923
31.19888775156228
169.5002524602659
1790.918235221293
953.7716689193755
248.9347359941359
30.033296775101917
0.0
0.0
34.58303900294095
33.87232490587863
551.8799655391508
381.9916476363971
53.382035554898906
6.306339133041911
0.0
0.0
46.77860254351157
37.443636445630595
10.805735139580975
0.0
0.0
0.0
0.0
0.486239224531164
5.0
6.396179037407819
2.280929683089789
0.3528784954981802
0.0
0.0
0.0
0.0
56.855051430348695
153.28253871831345
62.8875875243959
2.2051370973772464
0.383809408451134
0.0
0.0
0.0
7.0
0.0
1.0613350426716808
0.3528784954981802
2.5
2.8838089819550077
2.5580149404122494
2.122671164302665
3.0
0.0
2.1226700853433615
0.7057569909963604
6.5
6.5
2.470145692129699
7.429349075059326
0.0
0.0
5.306675213358404
8.137453033840984
38.92363086134401
51.39134114669905
17.084982172250417
14.221468710326189
3.0
1.501843413616234
4.582228880057392
15.930023935981808
37.07505908669741
45.87985983315792
28.07948050495561
9.421346541044478
4.246866569805842
5.919097955943471
29.19915077259079
41.12686269280458
39.498689948041424
31.32800602222087
4.275823763795961
0.6639991553283835
5.692619937499648
55.320020691223824
60.49909335391683
34.82304795937149
13.019255700467147
6.383808981955008
2.2051369843937207
4.262334006695346
4.0
1.501843413616234
3.9182297247290085
2.910894088373607
4.383809408451134
11.714325725757227
14.381558777629651
43.932813590419585
16.740599709417527
13.251763626981711
18.78669858554549
11.939246723730818
5.767618816902268
5.0
0.35287795601852845
1.0613355821513324
286.6560899379134
28.675393903029
0.0
0.0
1.0
5.412682180084448
393.9056320879499
928.0774387559713
0.2468665698058429
22.498528336775053
365.9028130249236
339.5116894088894
152.0573833047837
90.90836980520598
42.492574445976786
303.1237400664577
0.0
0.429812993895666
1414.5537564455885
1359.8150807800594
228.53874246901688
1.163631557654844
3.6313763814086997
18.431744394357157
49.33075172567124
73.25117414691425
62.790909859374864
108.5105263932673
61.77109258287169
2.0
0.0
0.7342250232100923
15.229143544235217
7.39949238271654
3.918602899799953
6.462894616287121
2.206341090042224
1.8280060222208705
2.745783500370089
4.24534232860533
41.26151322817443
22.59663952167696
7.47993786418565
9.645784872212925
3.9316290885257326
2.0
0.0
0.7342250232100923
50.34197948876776
65.14500324587875
35.148367497297116
17.776487822713353
17.757392515135873
4.523492632682246
4.790555044963912
12.611520256393122
6.648948439803348
8.654497853073849
0.0
0.0
0.0
0.0
0.0
0.0
0.0
0.0
0.0
0.0
0.0
0.0
0.0
0.0
1.0
3.003686827232468
1.4684491934279322
3.178823647659192
4.2063410900422245
2.0
0.0
0.7342250232100923
3.0
0.0
0.0
0.0
2.0
2.0
1.0586338680555853
3.1840067464539974
2.0
0.0
0.0
0.0
0.0
0.3838089819550078
2.5580149404122494
2.122671164302665
5.246866569805843
2.915411128711003
1.0613350426716808
0.3528784954981802
0.5
0.5
0.35287795601852845
1.0613355821513324
3.7405997094175287
8.746233386133008
0.0
0.0
0.0
0.0
0.0
0.0
0.0
0.0
0.0
0.0
0.0
0.0
0.0
1.4684500464201846
7.0
0.0
1.0613350426716808
13.105818159795627
8.85660652024235
0.0
0.0
0.0
442.31982060189614
188.51975890007824
140.12248921681484
9.855038720251923
6.573370565565346
12.064478305000012
22.432155126986984
96.71354748241758
0.0
122.48386900929455
299.55401920809976
227.59898218442865
139.39783021083386
125.05018961264287
258.4038701536032
397.9157722724383
0.0
65.20110702274461
42.45740768325663
64.17232830281395
108.659086749982
50.5424938515036
15.330868487744555
1.7159290313720703
0.0
0.0
11.674685379924632
5.880520712755423
21.171334123995436
29.8409024761595
29.135067236330904
26.736228820144245
17.443729992238968
14.437609527340602
20.589847303744637
11.223130118364223
7.267618816902268
8.03523596874329
9.17342609108873
5.306677910756662
0.0
17.334675302489632
27.013396623478496
51.32677442093519
61.0512151164527
1.181568180898466
74.23398262438786
81.12461307554767
35.60085229307759
47.10818900529732
96.61096415326085
34.8627203544591
12.58139143481094
6.0
0.0
0.0
19.681021922231547
9.825900009705084
8.834785032772654
7.156059853043189
3.0956248391231385
2.3280060222208707
1.6871496323145037
1.7955606053614246
2.2468665698058428
4.417254542327237
0.7342245967139661
0.0
0.0
0.0
0.0
0.0
0.0
0.0
0.0
0.0
0.0
0.0
0.0
0.0
0.0
0.0
0.0
0.0
9.0
9.383808981955008
3.969526764486364
13.974362056712561
1.0
0.0
0.0
0.0
5.0
6.535235927820031
8.467669981556353
7.853455217418195
13.246866569805842
5.919097955943471
8.897794492129698
5.1386928210792115
5.656012044441741
2.3838089819550077
2.2051369843937207
1.0613355821513324
32.66122472709996
28.981110180510612
11.444572973670804
1.764392477490901
4.0
4.0
0.0
0.0
1.0
0.07537666891212245
7.734873136538317
0.0
2.5
8.386319703536355
6.224077497629877
4.996559029905438
16.016467735020797
44.452818007708906
108.0884326935815
87.36287713773892
37.342937541336866
18.63402663424968
3.5364991180278587
2.122671164302665
433.93907954584745
919.0967241492382
283.33229775219695
9.852213532270616
0.0
4.81105205963395
78.40520480727227
92.48125089193401
187.5595428519161
254.47184838590124
336.79239154076515
56.86155735288307
9.50536384703364
9.57072673601706
4.763481043773208
18.088183063421457
63.906121943202656
696.0694896284984
1506.2158406844396
451.0878096264309
163.58177202348378
71.89104555102675
79.84572005449881
36.67073616175549
1.2291435442352168
4.395805395351476
8.460609915697843
83.43626752918644
59.30139109139441
61.587751316155845
3.6166488084678345
9.970509235730242
144.9122308464739
63.75562484313379
196.91732175646916
65.83596642897058
173.13117896893192
344.52256188363106
115.47560065319229
23.02785607826991
32.70515365827628
34.57942985190648
115.21395520155393
51.276501551767026
4.802856450706804
4.328006022220871
4.628701719814489
1.7253347374797159
25.443683282923303
33.633535010634894
20.883761944406654
15.850154175391662
5.41904704225567
3.5
1.7643897800926422
5.306677910756662
7.246866569805842
4.417254542327237
1.795559639385647
0.3528784954981802
1.0
1.0
1.4115118240741138
4.9795673518154215
5.0
0.07537666891212245
8.796208179209998
0.3528784954981802
0.5
0.5
0.35287795601852845
1.0613355821513324
5.0
0.0
3.184005128015042
2.910894088373607
1.383809408451134
1.0
0.0
0.7342250232100923
0.0
0.0
0.0
0.0
1.0
1.0
0.35287795601852845
1.7955606053614246
3.0
0.0
2.1226700853433615
2.5580155928754267
1.883809408451134
1.5
0.7057559120370569
2.122671164302665
38.21547135940616
5.88723499526161
9.959129534801379
2.8230279639854414
1.0
1.0
0.35287795601852845
1.0613355821513324
47.414358157294124
25.313323741541968
1.9532396557293394
6.357647295318384
9.412682180084449
5.0
0.0
0.0
28.474974264759293
16.848599310188593
33.36783208275087
17.886766356848153
18.659795446866156
14.513003270926129
5.106633696621975
0.6639991553283835
365.23940155136233
423.0102752363289
292.45268315392843
20.581993843764845
18.327793307434696
1.5
0.0
1.4684500464201846
284.2072722096753
1175.539754911128
1027.6176178834692
2.9971183233355982
16.904635102262546
8.5
0.0
15.469744238173007
877.2340173626862
1142.9964186073203
853.9066031131216
52.54098658288494
25.26833539889776
0.0
18.15688163661689
28.550670031087066
93.77628159833168
191.0718561466339
354.396981756791
47.21330458958255
0.0
0.0
0.0
0.0
19.0
4.142463293318269
16.67124448223067
14.312119706086376
9.691249678246276
4.883808981955008
4.67528267652342
9.224909680420751
31.205011808190488
5.881437260405505
25.07507868088128
21.84254994793873
29.722676992887273
32.15316944635233
8.07633652600507
1.7955606053614246
17.11006842852464
52.61365512620557
164.79102125190266
31.37588861506333
9.974612755023463
1.5
0.7057559120370569
2.856896187512757
10.0
1.501843413616234
1.795559639385647
5.391667375552288
8.095624839123138
5.5
1.0586338680555853
6.855131862504457
7.0
3.003686827232468
1.4684491934279322
0.0
2.0
3.8280060222208707
2.392905544351561
3.1840067464539974
9.45187837799633
13.753709435145835
19.45439782319886
8.706132079494544
0.5
0.5
0.35287795601852845
1.7955606053614246
14.246866569805842
4.417254542327237
3.9182297247290085
2.910894088373607
3.383809408451134
3.0
0.0
0.0
