1.0
0.0
1.0613350426716808
2.2051370973772464
3.883809408451134
11.598134707712234
9.410608202301045
10.680936200349059
4.0
0.0
3.1840050385511858
4.76315266050724
4.767618816902268
14.651301556080764
14.911365009905056
15.956581395787905
420.53441270160084
152.49887434673897
3.1840050385511858
2.392907133045082
4.828006022220871
3.0
1.7643897800926422
9.97612638172086
118.36535024884496
103.34860188109438
19.80158208076605
7.225504545350032
7.61870173962634
2.8838089819550077
1.8522590283751923
0.0
49.74059970941753
11.386853265835043
8.100933532843648
9.899482260759669
3.151428225353402
2.7676179639100154
5.116029880824499
4.24534232860533
46.1287235516505
19.76145490175381
27.652864275948286
42.62937208200256
10.447919813888983
4.5
0.35287795601852845
1.0613355821513324
8.0
4.134752718543496
81.7247887824548
36.92757675621756
40.16997691389188
10.383040760860967
0.35287795601852845
1.0613355821513324
44.38688594409145
5.745859798706397
14.947655233962724
59.45549335055184
70.17933641955969
10.610817150466755
13.077866987531888
26.687511257798906
7.0
29.465691257955044
32.71498854890378
40.468776807402904
30.44565700913663
22.66563183245598
66.99559523225307
79.22044354117115
39.73145732498515
11.4825929679836
30.94812620900484
59.245374136652394
56.948784101873756
66.69989907440758
93.15414238514786
61.922860354300795
1.0
0.0
4.245340170686723
3.5978102587626837
6.148791260995541
6.178442270492087
25.65596396774963
50.069063300694694
2.0
0.0
0.0
0.0
0.0
0.3838089819550078
7.498306235435482
21.650817516993815
31.67282682715852
14.67719676398244
6.775497503571296
3.9898279596242903
1.5
1.8838089819550077
6.205322939949292
14.718365117368556
199.0609784088711
17.21244955438574
0.0
0.0
1.0
1.0
2.1172677361111707
7.836463539328178
15.0
1.501843413616234
3.9182297247290085
4.245165764669582
7.711815430672004
10.680300143994463
11.82655513216141
9.976126303434832
12.246866569805842
2.915411128711003
7.032009411358469
8.245353338664108
10.211815430672004
10.211815004175879
7.892472572263795
7.439127112505229
1.0
1.501843413616234
1.795559639385647
0.3528784954981802
8.0
11.29069571740547
8.500723772388119
12.045975184844245
1.0
0.0
2.1226700853433615
0.7057569909963604
1.5
6.685774058128118
23.96380942903179
16.37009725546195
399.74167106519695
162.95162854147475
6.832488938936784
0.0
0.0
0.0
0.0
0.0
103.34682757199712
59.71255388615781
20.542316975764013
7.233302158739934
3.267618816902268
4.328006022220871
2.0400275883330323
2.122671164302665
13.147801091917813
70.3764838644806
112.37413054938253
58.79909020014529
74.65716084781124
31.733855527464765
3.1865307046711675
0.0
89.7860792525009
271.4205805169781
352.1856499363625
197.80564824249598
136.21588868169457
20.616034847324045
38.534453983398265
20.81599799627147
42.93404300105087
122.72337773140549
103.70901379337155
15.905860627690528
13.863265004452296
2.9512102666747517
42.82787766019938
3.983994931970301
6.433236771926112
168.12324886936085
88.06431633609117
65.2855091075954
98.07854765918646
93.16125724817466
40.73326171553708
22.68175472315852
83.85263923121619
154.9105619536228
96.66789307957906
71.35494379407464
64.69810667662314
104.66164665045143
79.063036090479
54.43262349908764
1.4749737879221358
22.84006868669694
35.754796559087296
5.621488080778362
152.00099424817017
150.06544842176933
91.0897379585078
15.874889680981868
18.836933045897784
11.545464128937422
11.420657087193103
59.12510373038822
20.93154458513509
14.032099765078783
48.231427104714385
4.362728234505632
0.0
0.0
8.73229271162436
10.178573468532296
1.045138687436383
10.065751052352244
8.055725649318992
11.272389230768022
31.458287088470435
5.787923963470484
3.184005128015042
4.237459134153733
4.7063410900422245
8.002510721581348
12.253661911268681
21.517579600802314
225.26422161451535
78.78597758106262
4.58944486208593
8.114791398512626
3.535237633804536
2.3838089819550077
4.322404720504891
9.136052547331746
10.0
3.003686827232468
5.3164534767713585
4.000187573994526
6.0
8.211815004175879
4.245164572726753
3.1840067464539974
9.0
3.003686827232468
5.713789364114655
6.450302862046828
9.595624839123138
7.767617963910016
5.4689078368430275
7.5093529803869385
0.0
0.0
0.0
0.0
5.0
11.635445012527635
19.07764762473744
15.936805784589524
2.0
0.0
3.184005128015042
1.0586354864945404
2.0
6.039821026396749
7.343825999369981
15.849047332872395
432.0159144118024
195.21852514480742
9.586698348511025
0.0
0.0
0.3838089819550078
1.8522590283751923
0.7342250232100923
50.8014435899052
55.65559416119122
46.27037333667558
35.902572693414825
16.265131488771477
12.067289696396074
15.432715215046482
17.395352811473273
50.536877586726945
206.4905331638591
411.83347490729125
230.14384385205994
134.50450759272428
45.37299757754772
17.790609186139406
29.933342898017145
5.662820930438556
54.82305110560074
344.3083131718322
664.8094115533532
185.38257336316673
215.9453066212293
237.00652536354607
221.44896131664137
15.82038260252084
30.38430137498508
28.02029855238561
54.34887734075946
120.89911421872347
303.1384900291017
328.0232849368189
105.6920042877253
37.230467386215196
44.910317871249255
51.98706732973023
107.20349267029287
80.90548694413302
87.45421066131931
74.40766958136555
61.57827445002113
33.37883751236261
20.660347349768905
51.844667318476425
66.49458489064891
111.17359085790703
55.62115618446841
46.39383828084847
32.82558855465741
64.1027236719779
161.16377404427953
192.28511656812915
92.19382316711416
49.002621952914524
14.396892365052738
53.02085605938918
7.258490457580775
21.21547135940616
22.393986813879405
118.9411970674957
124.19761623384403
96.42509561729202
65.8976371190558
27.034456651191796
16.640771647448126
45.22667818281707
42.14224650690194
10.72211709144276
48.34992883995
65.75940167808366
115.67910078728274
131.9093519070706
73.23565537948525
28.90375675599266
25.515556417339123
22.59418227297824
25.201529039843898
20.367278561026254
29.84260604967458
49.374174136024884
12.333866680436767
233.25259697328548
90.71385844747185
3.520893837385711
3.6473090784963462
2.0
2.3838089819550077
1.8522590283751923
4.66383132497358
14.0
0.0
3.8480042833434256
7.704704777752658
9.267618816902267
8.5
0.7057559120370569
4.325346233932941
11.229143544235217
10.403179049816412
8.977798107464379
6.8031813277995745
9.09562483912314
10.24705093199591
11.654200686227522
4.652456792874181
0.0
0.0
2.1226700853433615
0.7057569909963604
9.0
13.03982102639675
8.873866292541242
6.864030754885061
2.0
0.0
1.0613350426716808
0.3528784954981802
0.0
4.423630008351757
10.607596881564676
17.141377125076545
323.822523223155
163.83306559391298
23.85828326343503
5.387181348146897
0.0
9.872087532785372
2.4972295219631633
0.0
24.344819128497328
182.42553569820248
689.2846849979106
594.8976955904592
172.56683746707225
47.602192684018334
39.01382263706928
28.855204905146092
10.443032753865737
97.23365184932591
712.7072748692286
970.0446945882343
107.01492190881169
12.324961313477251
3.6473079995370425
7.192020615463662
31.1761704812262
73.42821989929898
105.28515522992892
77.77253776742346
82.37141147739531
219.20915592306483
120.27328953459582
28.182547555111523
2.703758389463474
39.33904261261186
57.679975870586624
108.20522389000888
386.67850710648196
751.282833308311
355.78140142647754
11.016680148438901
0.0
9.769561297277686
28.244727538558802
133.93426466479104
471.2715935791923
1313.607236164924
291.9805815730229
9.372710688825464
0.0
8.47384153438179
40.727818438315445
284.08057152436675
1206.2251222514788
931.7968526374459
141.79221364499824
24.47967123552662
0.0
0.429812993895666
35.821576374541564
134.7392523048522
293.09940045979926
745.1653566985123
929.3753362331917
600.5332246900072
99.88366780342446
407.5205263778222
615.2418603601993
402.58665969098945
323.3917649483254
545.3206035040391
223.6852653307029
32.78715522650164
14.708642916346435
20.378149075841065
57.40723575510092
58.419617084450145
97.24605209414968
262.91008556507273
719.8959406888096
882.1422921359994
1.4811994932846566
26.959067849879467
17.99267266309198
22.572975327778842
20.178497145365693
73.51558722240298
116.43966540278342
370.5224820582618
100.21599783470144
75.0117290692878
22.682758796336245
5.489208066005176
0.383809408451134
0.0
2.8230236481482276
11.686065935764054
14.0
1.501843413616234
2.8568946820573276
6.262532796633559
4.651428225353403
3.8838089819550077
3.6166488084678345
8.977803026807123
7.2291435442352165
2.893961981735242
6.368010256030085
6.15582585163811
14.032600669446675
8.5
4.353063911574099
8.110339908477727
1.0
1.501843413616234
0.7342245967139661
0.0
3.5
6.095623986130886
11.627649820083386
16.254663173135487
0.0
1.501843413616234
4.979564767400689
1.4115139819927207
1.0
4.741577017862256
13.058005423544271
22.199020153297894
364.80523239901953
196.25918327286092
117.61327283921037
100.29988052913015
50.02568235580692
23.414226317692375
23.303214216019843
0.5598108664329624
168.792110987112
593.6388883764478
348.04917307268795
117.46245811806729
54.188045238378976
0.0
18.67228663752085
27.195958124461505
29.865650143006132
35.728837542410524
27.93549349848926
9.912843459706984
16.34131488950866
12.819478015821005
0.0
6.877001781637954
93.64325001748796
143.03520859328054
36.38482255670333
36.432653014389054
7.192203826256808
0.0
0.0
0.0
58.605698706731026
90.21076191539804
44.60858055010429
34.529800377620006
10.753428019354578
1.1592448026640336
0.35287795601852845
1.0613355821513324
35.611238680619635
17.326671420222556
21.98235399348259
45.01076326571743
30.751002156160574
1.821041672723913
2.9415520874999856
0.6639991553283835
13.92788896887455
13.10437808594652
0.7342245967139661
1.6648196171299787
9.08139143481094
6.918156094218102
7.071110264367416
7.763149408367461
1.2291435442352168
2.893961981735242
3.1840050385511858
13.051867569405113
9.787837351062809
11.71432595135484
3.735291244667678
31.46197106572945
7.0
0.7840709686279296
26.53285503190373
12.993954378440048
1.3150598239315512
14.776638732074755
41.34852444582576
64.01698128593597
14.202937638629532
17.548879510105625
11.26280261047673
15.563179457645811
8.973959906944492
6.383808981955008
21.169791671227905
44.719046066912604
0.0
0.0
10.19010391995107
20.90678493292326
3.070475267609072
61.76572884256457
114.05071790703079
832.4027918278007
75.33473160326403
99.85679446939238
12.964720112646319
3.178823647659192
9.609354054101823
3.487250824884904
3.934452432634133
46.40961969503842
13.246866569805842
5.919097955943471
4.652454321442975
4.579203439560479
9.976797283216412
4.535235927820031
10.937815614195276
13.814354067129536
7.0
10.512903895313638
11.50758243302785
5.821788176747214
9.767618816902267
10.535235927820032
7.761914069519297
1.0613355821513324
3.0
0.0
1.0613350426716808
0.3528784954981802
5.0
6.535235927820032
12.820733863385064
18.1991879836527
5.0
0.0
0.0
1.3342716762959752
2.8280060222208707
10.2071045158149
13.427905703188113
36.92119846190727
228.20698312186394
141.84346800147304
18.79556843712562
28.863585370415056
6.946902083477472
16.781916619220283
23.57226858892027
156.21548016428352
134.2567595324832
231.27077770791763
50.662949276684955
29.815750989780646
24.28429540366451
12.809495604331095
0.0
0.23940053714759452
44.19467991160648
71.50956206502514
64.852018442392
67.10871467354264
30.587682185301492
12.822682622162029
15.288351919435264
26.13336240406097
117.7138765868822
87.31008838140595
120.50540595800351
56.81321586933827
14.702208452212655
1.262867868968896
7.95863470041877
0.7342250232100923
34.18350513164082
116.0048219127288
111.75410054810281
10.828923990287148
40.68029049457363
53.995205347662704
11.832847959045466
3.042251713736914
13.0
18.836858773027284
17.612346636069148
32.46063334503096
64.7152082561469
95.97437257325983
40.317321876698415
4.523379589210162
21.65271296077228
16.23739639089465
37.23948690014708
45.067661476548984
82.23240466013795
69.58926800757071
13.597858256396464
6.040902933966754
0.0
0.0
5.545677499001794
14.26996823607551
36.160005720552
62.744523339062106
56.342265340954505
101.09255801452947
13.337863413262722
22.99447940938194
13.43122947253096
31.53169536024193
33.111275124124454
13.740038376607483
61.05966031272436
30.879120733852687
7.215471359406161
2.8835481680291424
2.7717491723183234
12.374681441417168
5.863243696948712
2.5
1.4115118240741138
22.010203250077026
0.0
26.405535841840358
1.4512394419731203
12.431461798087547
8.121484292610695
4.0
28.13030632926566
128.88283102196874
518.6824610045735
382.8681082403628
78.8454186991589
12.584688054153181
14.843330916844208
10.476796856720284
17.017402427261366
15.332989032507975
7.2291435442352165
7.036425275053511
14.151238420080155
13.008505999171346
5.979434247574272
4.151426945865023
8.732678689292333
9.55202023936199
14.0
4.505530240848702
8.570684046171984
7.67404677862628
6.151428225353402
5.383808981955008
2.5580149404122494
2.122671164302665
0.0
1.501843413616234
1.795559639385647
0.3528784954981802
5.0
5.383808981955008
10.911264777796532
23.63643757386417
11.914216307208333
14.595807685856654
1.4684491934279322
0.0
2.5
8.746162116438974
9.111137852700448
21.470552605660487
255.75967312842485
149.1233876072095
44.39728651049409
15.294592004817604
5.0
18.54695870048308
42.96369566941721
94.29891675325342
128.64093536864226
87.5191931095132
31.239732148754772
43.23892105711475
22.672866748152046
5.149487432080786
0.0
0.0
167.7760187376086
138.7894295142354
72.82875878447967
57.01831471164001
7.238271804435
8.615028034814168
7.554338147563975
8.072928367563874
23.797689862212565
97.68673175595673
176.7434151585707
104.4646945584421
37.968584710295005
23.068508598064547
5.912498412730565
14.06781084184695
11.246866569805842
16.51715063803067
45.270499228034986
7.76332678197823
6.4097390079105026
0.6613292789852491
0.0
0.0
3.2291435442352165
5.529533506021448
3.195380166387622
5.556776003132472
3.315059823931551
7.919130683708682
0.0
1.4684500464201846
3.2154713594061604
7.7824721404914055
1.5475758079108344
0.3528784954981802
0.0
0.0
5.883104174999971
5.5439254346802045
0.0
0.0
0.0
0.0
4.0
4.383808981955008
3.263770852449306
4.24534232860533
1.2291435442352168
13.121026875004167
13.28727410991987
23.78571492625683
36.74319842695445
49.32040167181858
58.08840227056753
30.69933484304129
6.190375031560279
4.08603587476323
10.20164838551609
12.965810608144011
2.6866659410045486
3.2906957174054696
21.87874387207885
100.79169595806378
16.0
0.0
7.659496935259448
7.961003629315747
6.647591085592285
12.378705530008302
4.681426384689985
5.948719641921343
864.1817356538517
615.801493933747
34.384858818995006
8.325973111122039
6.0
9.357768035907249
18.63756581869602
51.84865577913824
9.0
0.0
6.368010256030085
5.821788176747214
4.767618816902268
4.767617963910015
9.11621583638007
10.560121631721632
9.493733139611685
11.838195911886942
9.968907798214333
16.50641234665436
10.567838303251209
5.035235927820032
8.820547937574883
4.24534232860533
0.0
0.0
0.0
3.1865302781750415
7.711815430672004
7.711815004175879
17.75504452329278
13.330544846475279
29.74253949423
23.127456576631815
0.0
0.0
0.5
4.918156094218102
13.894319838325824
35.63092601212247
284.7900457666602
76.43294015597156
10.531098262298656
15.274939163096315
21.193711580104353
1.9190450325448185
12.084319382510147
227.15126960616033
192.4578489634515
237.3247137158755
40.17959626455449
42.59100563708271
2.612461468077526
28.134737718954785
17.73262043318864
39.28331220422988
51.53621293284128
117.14318787779152
71.35363796634502
102.24949811850075
66.08161171956598
54.768543678453355
32.36418559377453
12.193644283628963
31.81868860218674
230.16716271170316
86.53053853291186
77.37513843252964
167.34324507292476
78.91307036141225
163.9382219468622
74.48824878341837
2.4686654747096313
31.09963633703319
184.90648764841188
209.2999502132605
22.400922434106725
191.55626189968098
359.87003280158535
203.17327824799867
288.5562002261264
173.2831719610487
66.68703459447862
111.07958169380109
99.81898805933452
57.389864261791814
39.69922017753997
0.0
0.0
0.0
6.045163715624952
119.74724003951778
130.4423706928057
54.035717687663784
52.415840079542605
237.67735390561432
49.71197544681618
169.98154542073317
251.3317163435613
180.416209282403
108.74719368168442
318.17585239963154
329.89544867148436
233.7579648104758
125.48692205246462
184.92986840044085
197.44513125808552
394.5145001761688
140.96051280582472
307.95815548112006
217.5993724700704
223.93085696361086
94.70237952327096
129.3179786177314
57.97576421922713
42.21147563748327
147.40492859288406
23.777687492406223
17.728672273847224
11.674691314200755
36.89980972521771
185.5922122280008
199.5494410995398
190.80280237018815
68.56557364528162
36.66703757209179
5.736443038293509
77.30979029998052
455.5669579185179
618.6999245299152
99.39571115470113
17.74129166464231
38.48352925159302
5.30254611408709
14.497254573667485
20.90937956885082
5.493733139611686
7.3326656710382405
5.236822868757782
8.26565172342025
5.828006022220871
7.357768035907249
10.852868439150551
14.238460298952303
7.4937331396116855
7.3326656710382405
1.3982237520423495
12.50114292202511
13.635446292016013
7.383808981955008
2.910892896430778
3.9182317696640894
1.246866569805843
2.915411128711003
3.184005128015042
2.910894088373607
4.383809408451134
10.270128685491365
8.429214482023598
20.899974979711985
85.5837911458346
37.3919969706205
2.1226700853433615
0.7057569909963604
0.5
3.095623986130886
9.028616613711346
15.660383071961768
368.167864489159
130.19345077204397
45.16646527163393
39.1971394272492
30.00555451195978
0.0
23.43576284268056
87.76290959340113
361.15538986690433
194.16920092344753
69.2605384732069
44.999470473365
13.918308445857113
27.607176699760746
218.47942126594427
259.72701422302276
82.95145163919511
102.13527821451288
202.07523857264454
206.9755405922904
200.2341919058639
147.0728204137311
126.62512725746346
89.0494719571434
48.4623842738487
205.67811502345666
195.75915129685998
141.9197092999606
544.694585695368
324.84892785849524
499.50189944390144
410.9444291115186
52.97167438880979
226.4943305542666
365.1811005205552
450.46550391174867
399.1476570975953
299.93983520868926
51.40848147345532
134.93983455272098
167.69169183361657
141.12734391249202
68.46929191191792
71.976742455161
139.96366313281177
162.20059801302978
21.395555103167315
19.54058738505701
43.81576033967992
50.80594988257302
46.549634418074405
28.44749393945322
80.96397736568805
259.75908873985975
186.97192482805693
213.49009297082887
34.9077733252514
20.354040636830725
123.97339921788114
146.64719248541388
318.6592414987309
867.6448641568995
428.82029649548076
234.6390322748397
39.172139898414024
94.10587171925236
363.6488770410344
384.16669692525466
498.05541576898975
265.9105400391432
261.81837265418017
133.8254793156613
0.0
0.0
79.29644667675603
175.54592734148352
210.2905642256996
96.28428979377495
161.54658370984833
107.29877723101818
120.95129800798858
618.8580512606601
440.1089315247518
178.32188362799786
24.113082267444405
75.63075500492123
191.46931375649294
166.51343540249655
36.9929129111735
232.6048924104317
115.9500134918264
30.65218458548543
37.27963877973016
68.59278874589728
77.52256723192369
56.264486368547296
8.246866569805842
5.919097955943471
6.775124406786337
3.931073962351866
9.11870173962634
5.151426945865023
6.968288909199691
4.24534232860533
7.0
1.501843413616234
9.224904848623556
4.675286536119074
6.383809408451134
6.767617963910016
4.76315192480597
6.120906839294366
3.0
1.501843413616234
2.8568946820573276
0.7057569909963604
4.0
7.656012044441741
8.433119058494775
18.757678996707185
74.6123464882954
53.9310934753778
0.48624076523915366
0.0
0.5
2.7118150041758784
6.480960748189681
16.23603190792819
287.92246866334597
167.41500264489702
85.71601881323741
21.019058267954463
0.15689711180020718
23.188338712784752
12.443950396982835
30.240471743672973
30.925519946774784
28.73922866696585
55.93401403878114
46.69826066442248
21.451676586543904
134.39748627783337
46.89739508707061
261.9778501906636
251.64723399993443
260.81398676625395
42.95594456316185
3.175906608210789
0.0
0.0
0.0
0.0
93.93830518917655
80.19293927717939
50.17285000342208
84.5773750389725
163.65856169077853
183.21431429762126
15.315561929683826
2.2021682559032345
0.0
15.400674078329757
8.003050189913665
57.30975147370937
116.5242084598969
49.968658739923555
10.279576936652665
6.437983460742544
404.8925299254052
359.9261834035649
111.86296605810958
27.176839196883883
65.24391398182487
21.224115438362055
29.598259801531825
17.911021823620832
45.826330512237405
11.516729504394675
0.27990432105070795
16.14661264780025
17.075080557894218
1.8249191015202086
30.504133143710717
91.23061332670295
24.08310426906621
14.426210267982128
2.1226700853433615
0.7057569909963604
13.316596910353837
24.800645902756514
18.57806239630336
27.321488044030772
7.0
4.505530400981297
27.053550750105206
14.366539201708292
7.0535635863743655
16.752022362780554
15.236696186307562
17.598120311468485
1.0
0.0
0.0
5.556776003132472
1.1514282662767072
0.0
12.701339428456595
53.96999895996177
307.6344677945232
339.87223302551354
149.7809437609132
13.110903048349066
26.003248234806236
68.27196239652112
88.60192624623015
38.65476623092254
25.832251247527708
20.621061892539274
9.762007136873217
13.991134330323076
13.29688730595999
3.7676179639100154
10.999134026079082
12.436659447667443
5.0
1.501843413616234
10.286239980759092
9.548967015833705
7.923630861344009
8.009194981772271
15.351011685965931
6.38500517099801
13.0
1.138776466085801
6.712114947429292
10.672806991388052
7.91904704225567
14.40939745703181
6.646399292962997
4.255120366051233
0.0
0.0
2.1226700853433615
0.7057569909963604
2.5
6.174504699360478
4.449058617032824
25.016005838658568
217.77262743473742
43.08327714442524
1.0613350426716808
0.3528784954981802
0.0
0.0
6.470331647685271
18.149478517436183
282.9599154705003
96.51679050316024
10.1158519334439
0.0
0.0
0.0
108.39499188739573
153.75596397814587
36.64105608192408
57.70415604616223
9.293966147975699
4.002815230081614
50.151132020736995
130.8720304147564
166.97153047246576
394.38906335973206
56.28515594927453
20.094645800908573
0.0
0.0
8.390958309610141
2.6544022555754054
4.681426384689985
26.067048755497673
0.0
7.618936706784279
137.7148678243567
76.33111933964337
15.066447055118989
0.0
0.0
0.0
45.10919031831454
89.93602071917103
70.0247022607022
28.389055496535548
1.535237633804536
0.0
64.4960382193909
119.41376652302134
0.0
0.0
8.490680341373446
2.8230279639854414
23.18580923351692
43.60070653768344
170.8358614847137
199.52023519156063
26.1524627112251
19.87755792616167
274.40399000164473
304.2484588618318
51.523427224608895
17.020084819572364
5.663602042601996
4.933546802667842
102.30087774870127
454.1527976931728
394.6657747523775
134.33488072692163
0.0
15.586050514694218
112.29222393859236
235.76671842338183
0.0
0.0
4.888918193596692
4.3306262171088745
15.207425565204721
34.49269436523118
68.37813857942092
147.40764433855293
13.861885437624641
23.54894030131163
5.873796930283698
9.808459055747516
0.4871713992695736
0.0
11.774671724662767
20.37643804126528
13.443683282923303
72.25452809420604
151.6776907392232
87.17240974338922
119.97037294199691
67.71009767330597
60.03976208708464
22.713362554384002
113.15039080969878
83.65129452355318
2.1226700853433615
8.1147915960079
3.0352376747278416
4.479432968085894
7.5968046734586085
7.262246326773311
5.246866569805843
7.420941369559705
9.632018999379808
4.3224080406208945
5.383809408451134
5.0
8.218789779904181
18.037560475942886
9.246866569805842
8.559717835645506
16.344134036272955
5.7339220523590475
5.383809408451134
5.0
5.4013387047391
10.550715925613986
0.0
0.0
2.1226700853433615
0.7057569909963604
8.0
8.767617963910016
9.469093762653209
18.223865265595304
196.82474081660453
86.46786355213185
3.591119278771294
0.7057569909963604
0.5
0.5
3.1759015446759795
23.388056366971252
245.81552850102366
168.24873517866388
30.80880265733431
0.7057569909963604
0.0
0.0
0.0
0.0
78.94520590844495
96.75984768784565
121.56457011596726
21.34794068827155
460.25692776713163
246.40939223913884
72.02905102533987
178.9647549514426
102.21847391015423
67.17136672140525
17.992522687837482
0.0
0.0
2.971188344829716
6.877669534808955
100.17158058524947
39.32998392099975
168.550440876075
177.3468118466519
114.13652277936362
52.81815881059083
138.9408842518598
55.45070986845022
186.48921754117328
43.18787142232322
65.41512941237016
35.01670053520211
94.44906999240919
73.09786376683914
51.83205281395567
222.75721255501594
296.6227591678453
0.0
0.0
27.829236892297196
144.89456724812553
619.2141060176349
547.893562197654
354.5453497725328
119.59800361382732
9.615035675817307
15.893926067040049
295.0440713501401
696.1470585896294
864.3103895965024
293.24521280680057
118.95726329627215
0.0
12.10980609734229
14.45972915808984
81.80338862785867
354.43096877977007
23.783051501033324
183.35044266641455
81.43509011192108
175.81676667169086
161.68242830987637
155.24635137935857
87.50099275511093
142.0427522361866
298.28588812981707
29.439216624161055
144.27855567722435
182.5491649540156
102.48632421029725
118.04692748425185
21.407755547939495
28.042639657916745
4.492620315130716
35.89062366093531
18.88806917273068
28.705784948923245
43.31237274685998
43.03162826381761
12.578306825009575
5.097190365143569
10.532600669446675
5.0
1.0586338680555853
5.650780147787918
311.6362711078429
54.6026271694398
0.0
1.8522586018790663
2.383809408451134
2.3838089819550077
2.9108928964307776
4.652456792874181
12.0
1.501843413616234
11.347575023430775
6.197328307573751
6.656012044441741
4.1514269458650235
6.615410923435774
11.318551884201952
10.0
4.505530240848702
10.693354131515346
10.232062371501705
10.535237633804536
9.383808981955008
3.616648808467835
9.241901358510766
0.0
1.138776466085801
2.466774776742568
0.0
4.5
8.558313681315486
9.830097146102526
19.85525700109629
238.68904265051935
69.06892482155706
0.0
1.8522586018790663
1.383809408451134
2.8280060222208707
3.4515394124071457
9.304913585748363
156.60663174722353
139.48316995728678
28.22957340830708
6.225623056127915
0.0
0.0
0.0
0.0
115.05714672380667
73.24980941943998
15.626077012874475
6.301319460068589
4.558314534307738
2.3280060222208707
1.3342716762959752
2.466773401333921
54.75569903020239
31.083018347836358
1.9449630609566146
0.0
1.0
1.0
123.97776283927377
681.261037823622
23.0
1.6437526217014238
16.16074032873803
0.0
8.0
45.03491747922162
90.78031290955478
109.92118398385502
74.34863943306739
39.91990897710018
26.237382013569004
57.996402825458794
24.31030646409199
255.05734407500273
551.8353865295156
562.6335612135194
42.25951284648758
84.22003060490974
86.86085571385775
255.95741920347865
465.77055597266144
545.679131293665
228.95349207964827
7.008137817670647
84.60077432159368
8.65219637390192
74.32574113891461
276.53258615237314
520.4059032984379
297.0339987558134
198.01880022534206
255.29191780972178
31.036620396558966
112.30322760931362
419.6076457294281
602.7076492555913
368.9777878386753
116.86862091358725
186.4978889573027
22.760650429265663
0.4937331396116858
25.410004261680935
12.23219009770646
11.766208349999943
80.68576487160789
87.23924440031224
6.982063715654659
56.82145583171623
45.13791603184764
69.59505865351039
232.82012671904909
46.852848175205146
4.1214842926106945
0.0
0.0
20.531212480628167
57.906929459709005
134.4383230013834
114.08949241880467
10.943980837099936
10.29069571740547
7.383808981955008
1.8522590283751923
13.101302797297102
286.5857273254297
54.64181459809326
0.0
1.3342716762959752
4.328006022220871
2.8838089819550077
2.910892896430778
11.054453641962208
13.246866569805842
4.417254542327237
4.9795647674006895
5.116031185750853
7.267618816902267
8.32800602222087
3.0986614563886175
7.509352980386938
6.0
7.5092170680811705
10.039133239599915
2.117270972989081
6.0
10.423630008351758
7.0788173213793915
2.122671164302665
2.0
1.138776466085801
2.466774776742568
0.0
5.0
11.965200416765947
14.085406538316601
12.677920312710192
168.70046713467994
112.25387454313731
0.2394029816065993
1.8522586018790663
1.383809408451134
2.151426945865023
8.026922747509888
10.118263279756865
134.5362691032302
93.40695819653449
15.218976625478309
4.353066069492707
0.5
0.5
0.0
0.0
76.49706626715403
71.84659520372875
25.73349283878006
9.126157530131287
0.383809408451134
0.0
0.0
0.0
33.82752174074594
43.92726885352677
48.140192090863636
26.04816170320937
39.81930020615673
11.300956625891743
13.61738282577553
298.485230803609
0.0
3.003686827232468
1.4684491934279322
2.497229425694968
9.872087152216409
15.22211259281303
47.97279494636313
45.35790940529715
6.716284662489123
39.21702068913946
5.398054034815505
0.0
24.787444612175747
49.76927305231875
33.359136038501305
130.12413067461458
0.0
6.050468038976032
15.350244892913542
93.87908308040932
371.41092519407493
338.95697154535395
96.59732487019737
66.16784902531363
7.703758389463474
93.22902797623202
152.78729362935695
265.1310573398854
436.75145351881366
276.2315874469035
24.87049934284678
20.05674566019734
8.60418644380579
82.98698668906962
128.90482969642207
186.31003265382262
77.6617265102881
26.16278286962188
6.613710202887887
1.7159290313720703
2.0
8.304600505026702
0.2394029816065993
0.0
0.0
6.941670465936112
23.090401482152448
16.441947448362043
162.38941866298418
348.1649092800296
411.8327931111002
41.210477862761046
11.41327964605225
12.100766303153797
13.536996720222668
0.0
43.95543323108177
27.130023303973754
7.376114013293819
6.5197475246082375
8.11870173962634
5.595623986130886
31.78988213252451
51.41480811177279
281.27338395967035
63.31042398558117
0.6639991553283835
2.9415520874999856
0.0
0.3838089819550078
2.9108928964307776
9.802527420664955
8.246866569805842
4.417254542327237
6.0408998100723705
7.3211682831281
7.151428225353401
11.86782704861762
9.855260012818688
5.316455948202565
5.0
6.007373654464936
10.366243685557631
9.361196950420435
6.979434247574272
5.151426945865023
6.968288909199691
6.71211572993925
3.0
0.0
2.1226700853433615
0.7057569909963604
4.0
6.979432968085894
13.008502453088296
21.2874647147426
207.2708814584168
99.31607042743401
2.4391892808362168
0.0
2.0
2.0
10.931564893975153
13.770391190520606
203.18549706616494
107.79750250024424
5.883790728238
3.2840709686279297
0.0
0.0
0.0
0.0
27.18417828693998
54.1613528532296
143.91337016322368
53.50710586589626
23.402561561064793
0.0
11.45497047093322
4.087919849918216
538.4972851588745
684.9064167296584
268.12118305029253
47.70311709865419
23.847236190364494
6.264981852544406
183.3993682399001
725.028108171004
11.19037503156028
2.8718827351633536
0.0
19.069752065142847
24.612519241215026
17.176869187636115
147.89612225551625
142.70383253237907
12.59622142252672
8.627313638355849
1.0613350426716808
0.3528784954981802
4.327263115309687
24.02105546555722
43.40849412873886
39.12298279532206
13.811152329518519
13.008668989371152
0.7342245967139661
8.005630057775852
17.468036610162383
6.500000476837158
17.998297191868186
5.037305377711892
10.19037503156028
12.267867872464969
2.687060822171042
7.025814876756884
14.431623115339063
2.3280060222208707
4.618342644923905
19.293313153251074
0.0
5.634985644910284
15.714166047588424
0.9880742215027567
0.0
0.0
0.0
0.0
22.987467232897686
93.5353810024146
317.75557348126875
24.046878500093776
0.5
0.5
3.980503304344893
5.288464694590949
117.1735592194968
558.0584155874133
872.0534213107507
225.52218549767875
27.066187392112806
2.1475470440309437
332.9309206631384
667.8017361413047
37.93708237977999
43.660087817806286
7.182238557542588
21.03055009274644
6.974591103678039
35.985240352711116
48.46169481922552
513.9309369805699
107.94698015197686
44.50814514804857
19.571955034908296
24.1876435043373
11.303603130034025
23.976388040386155
39.393488333202185
18.986167220554126
15.21547135940616
2.8835481680291424
1.0613350426716808
6.347115142169376
52.69850700413081
67.56294972311771
8.990580271157523
10.773363632168548
4.4937331396116855
11.838195911886942
10.646148006608339
11.039544362418928
15.43726489672722
12.115027796395589
2.165081609121989
2.466773401333921
7.0
0.0
0.0
0.0
2.5
2.8838089819550077
7.959353645151349
22.317822323200385
320.2640469855271
114.88520262376944
0.4788059632131986
1.8522586018790663
1.883809408451134
1.8838089819550077
4.3224046907595035
8.649813233336682
190.94461221181768
97.36229832230322
57.28352625932593
40.752697634730424
16.452054475631304
17.255946176484574
0.006730062529096215
0.0
407.5697972058294
70.17810048005695
551.4516268414769
134.9319499522695
19.443423286480535
20.493227437979293
20.61770292882757
47.10755884459468
322.0279028019931
821.7287153823846
636.5989006406776
488.9564572527294
283.72685139265633
139.51147059389478
67.43884007521557
182.45820060634867
41.66667194221113
11.311518524335817
10.85487710164707
19.074555240590144
3.291448845001741
18.248000375327866
822.0664942136617
2033.673341350717
90.88082017888857
15.703029814106207
7.370972297817207
21.217445511621413
21.821380890024784
25.662021948085204
85.11930662684664
89.31065741874828
13.000000476837158
0.0
2.3786983314843377
13.426780509303992
9.70928928283838
51.16319810496152
79.49491679537768
83.74858456327419
13.96870740437098
19.557817523652012
9.602997872422566
20.81563348111149
44.113688761625326
20.581219976089415
30.573505590828788
36.357437118476085
65.043615460293
49.348372527757284
75.83860290350239
47.83872158307513
33.22955002969466
17.870246165661772
23.198860228417104
1.0613355821513324
356.6551505109036
350.1119664634781
1249.7124618184657
347.1033239198667
25.08753545848249
1.663631557654844
0.7057559120370569
2.122671164302665
42.35941187886513
45.98395815155711
1227.4075259048398
191.6775966108195
1.0
3.9794330090091536
7.596804870953928
2.122671164302665
74.42729058156888
21.29382612499544
2.466774776742568
3.7045172037581326
2.767618816902268
2.3838089819550077
2.5580149404122494
187.88430818333907
11.0
1.501843413616234
1.795559639385647
15.469008704029783
18.423956523684545
38.71705299378409
19.857634086812688
8.902069783470141
13.0
3.070432873597701
10.899644909988911
11.304472320318155
13.630074460263131
18.649965346134195
11.664924491620148
9.009722661344677
8.0
1.138776466085801
4.869349183136638
24.97067534113985
80.71451666353424
55.28649742884626
18.24211470584669
3.4318580627441406
