0.3306990688081748
0.4757529184583841
0.05643014841789295
0.0016541066617827358
0.08182032572143545
0.0008970653234047135
0.005397322131500837
0.047348787722350585
0.1601420983206652
0.4243499320766288
0.34999825100645787
0.004327626873831777
0.03401484145892522
0.004693970577404939
0.0
0.022472607939709156
0.151679545721549
0.22973465448477443
0.16523261412661122
0.13863230056612919
0.21297507200415974
0.02029787983598216
0.03778825259806601
0.04365909644780901
0.2624316057890843
0.05471906334265683
0.06736040102089523
0.22200995995066108
0.15136440621251168
0.09144198758264076
0.048465043280465844
0.10220713027917103
0.08440007075788625
0.13459679335159544
0.1768256274222818
0.1110150335474556
0.2510818308368365
0.05922817056872067
0.05387916744483276
0.12897257311852225
0.24511882576864186
0.08171930094632819
0.09144163234246722
0.0652327224302728
0.25568585248679687
0.030425822948046688
0.07784008029247304
0.15253510809708662
0.17216314393520263
0.052738393114088636
0.10467796268416818
0.14567439847820687
0.25571699297611566
0.07904154887207716
0.12479241740472793
0.06519413431779564
0.18937978177107023
0.09773127805222043
0.13561028656381655
0.05900526903101607
0.15251104450922737
0.07495274960729187
0.1412971391922333
0.14951195101224432
0.2270394967430709
0.2202439462717196
0.11379275160849193
0.20475698004464413
0.11982668238243838
0.03806003478734238
0.0727459169960665
0.0035334760409646824
0.2510829108865449
0.12101517423514173
0.2213342157518132
0.21712984863655202
0.12838478852949523
0.04274242006420285
0.018309955449941146
0.0
0.07521308193231942
0.15948021688511066
0.4158362550699228
0.09837908279319509
0.1310977947957347
0.06158332902893348
0.05840948852578738
0.0
0.1281502432918549
0.02607009196251513
0.10058326521435461
0.3004985310904544
0.26058046108651317
0.11666549810986782
0.056382893173490455
0.011068186993610504
0.05855157087971814
0.0
0.009834538689143269
0.033165334445737465
0.1591205230870685
0.33603533874484276
0.3647098112139554
0.03858210225192273
0.28594867228783444
0.050141469819611824
0.10703551318340901
0.03585042477890023
0.06014058176059735
0.11683840058939655
0.19036899763792442
0.1536749868702956
0.25232781219448064
0.06371460814988177
0.07600478045189242
0.04852557924009049
0.10176357265220619
0.12912183448455083
0.185934888692832
0.14260588408788594
0.3463019368824117
0.08005664987386431
0.08468927136127355
0.0012922205528159692
0.005312268177613406
0.07572387104735909
0.023407340657522833
0.3832161799200903
0.12369818988776138
0.28088615006986617
0.2022686901842715
0.04188303559565268
0.20161782977901296
0.03294705084012524
0.06994247876197295
0.046755875066832514
0.36349790446694696
0.19185995470309763
0.1373394947939955
0.05863497875557889
0.021717432369850093
0.11010685488015769
0.04097991405062376
0.0758624165939583
0.1312077755633683
0.00528943888065897
0.0804061036183993
0.21115459177709747
0.1748130970112677
0.13364215353598244
0.12055696656737702
0.1429294285419496
0.0945816378086487
0.06228061714051592
0.07402937716580782
0.08445159645159159
0.09132548895156167
0.25377695698951147
0.22288426436383435
0.11666928060335921
0.12744858944901044
0.14999663066953123
0.13150708960456267
0.16838304156982817
0.1704430647230758
0.05989106268541322
0.08179552867604688
0.11053435976333306
0.16616549552813056
0.08652905535817297
0.21738808923877448
0.17048941737569828
0.1726395807050486
0.01834009142863116
0.08988142201941172
0.0785657631992568
0.0431822094838425
0.080674390278727
0.13041091596464574
0.24632465232924042
0.22279138754781735
0.1293709375535189
0.10051084868004205
0.04673294821661264
0.06523286172143265
0.07502341038717061
0.3438308549347345
0.19375473058661177
0.07816268574318166
0.09636196632690085
0.06660720349225226
0.081025123456114
0.07116268042333795
0.3198825120302444
0.29005192374961924
0.1257466443224031
0.06029013718208424
0.0429871698205993
0.02798549640840005
0.0618925440535235
0.06485593916526096
0.3010689003906311
0.5415881910753392
0.08837126150918968
0.004115049451666815
0.0
0.0
0.0
0.023788361006870658
0.08396544111531973
0.23280357724944545
0.31916142283000953
0.13802534120636634
0.12283343813883658
0.033622851595086926
0.045798555621856155
0.029948534564220693
0.01519429534467543
0.08134034397864459
0.1462778702261071
0.42058108835174624
0.19204749173960126
0.09312094799871816
0.021487978175893218
0.009352663186997436
0.004632005137637646
0.019390241008625957
0.0
0.12650692275448425
0.2545263951907061
0.5320394681678017
0.05355148235400874
0.05526900733143463
0.03369981820732384
0.006112329703939129
0.013698469816167909
0.03871087966437484
0.1608556778584962
0.41835490948048204
0.2732979858961862
0.1735132814336972
0.06382910779450429
0.09395568383470985
0.048731644528973266
0.06728233793154759
0.1018205851459088
0.1300216847341449
0.32084439404827425
0.4990906775593905
0.06232135262598003
0.10298434213865357
0.003112181109005235
0.008977310005652103
0.0
0.004051105593007579
0.3194627573741012
0.1655621887382668
0.19215537445374664
0.189822168381104
0.0652633116622305
0.15119088951588044
0.03082450208991446
0.11419661404464969
0.09098385959540373
0.3153174427919485
0.2571841495401286
0.11695519566651436
0.1674085713982334
0.07178546499184578
0.0347882580665382
0.028988289234391812
0.007571453048228607
0.12061557405872539
0.22049514692065125
0.17249052276766969
0.2883588459854767
0.03554370632581778
0.04846679566029375
0.049267441397449784
0.06476035619204357
0.13321550568111695
0.10870395406244422
0.15315344297540356
0.2452662775173477
0.08331972661558804
0.13502061041029845
0.04059552914953294
0.10072348967149064
0.0998203033875438
0.18103740462737755
0.31616501067111197
0.11191810120132804
0.1727371125425986
0.06019167605303631
0.058128441027361345
0.0
0.030809823597017418
0.018270621168381237
0.36690343478768583
0.37999408226876275
0.17020905676996717
0.011910987154601524
0.021900686914373756
0.0
0.0046216624561367025
0.06328316788304254
0.41758696414513025
0.44529409879469517
0.045306437258003686
0.011414664283225026
0.0
0.012492069821061963
0.012251646045957234
0.014752935370800234
0.5623346631604089
0.34449248493892615
0.04438101574891507
0.007143875622521166
0.009591112055692215
0.00505148295143204
0.018824519136858196
0.06415688985108418
0.5249040723971082
0.31299823982275243
0.044745512157236704
0.0
0.034370113308874774
0.0
0.09062063009304083
0.08448616938650037
0.2799262627271318
0.1815446751891187
0.15362556708229802
0.0756721397865458
0.07206697775489587
0.06205662109129168
0.18904020615684713
0.013264355609802799
0.15055266388305671
0.1885725788049231
0.2856003865035453
0.07251807654364784
0.07019075805232527
0.030259648657510217
0.09450870554991406
0.08120625776615745
0.20444064229369202
0.08000617681225172
0.14403358338427094
0.25247239915425457
0.12359875083072475
0.019731007684600857
0.12677223957932632
0.0500407130143902
0.13836241360890258
0.09959047573982772
0.2700036730584817
0.08715593689821621
0.21049756600971514
0.017574776204947632
0.01194962824124619
0.006228434960156028
0.006232113571511991
0.006228434960156028
0.0015450845508471409
0.11606241769739759
0.6875063253542203
0.16424706623740845
0.395672216185318
0.11647595856509613
0.09760559929219456
0.030780257446051288
0.025296942425148496
0.015245654375285774
0.1593649576565459
0.15955720613203242
0.37392203154629555
0.005871338062335165
0.0010066443584353143
0.005476737510388305
0.010370313632438427
0.0
0.015498971062257288
0.5878536757094266
0.4324419780808744
0.15045949977400858
0.07187032552038673
0.029360635068396267
0.11166071467843258
0.03633622862413856
0.09658302820176527
0.07128628393880704
0.17681685038106904
0.3409557791183967
0.11103518147486377
0.12585656072897852
0.1210066733467562
0.053552539246481026
0.05666765404854593
0.014106571993252465
0.26429573288982167
0.1840420743293278
0.11167083657279184
0.2152434641490976
0.05858112373037984
0.04459729596139094
0.043925978334853115
0.07764227478028586
0.10287574879197649
0.2004699204487618
0.5030923686342716
0.05569560416746351
0.021116426574023697
0.00830976363582539
0.013037429720241285
0.09540126301061672
0.06738376372957348
0.2080916041420136
0.5371360652294314
0.16466711444152332
0.022720429845574094
0.0
0.0
0.0
0.019682628401098988
0.055734311206265735
0.361303747996354
0.41074677480156163
0.1145335186172718
0.008509667065419661
0.017019334130839323
0.012469083767804657
0.12728378683552208
0.07563724480133865
0.35201971946401
0.29057553110511786
0.060814333381629414
0.025436894996066776
0.04002967252466618
0.028201888452751282
0.02036725338607881
0.05649478695346574
0.3184183522541163
0.2825036133129587
0.16178017482835155
0.10317174859601676
0.04762924783476536
0.009633677919621353
0.025021587197727187
0.18134815412647112
0.17327740929313912
0.2013613622287904
0.27319463901172586
0.05667754020964816
0.05384233099207379
0.035275754420192554
0.02642698950382673
0.09743551816471864
0.41210921496099095
0.3196509363741885
0.0710718792925175
0.028315647910871905
0.013236563457828565
0.03175271642877778
0.013986754226195549
0.025896993886346135
0.25780011378494266
0.5391491314068475
0.11552994532712338
0.029299670484151944
0.0055405661704672335
0.012796471513883464
0.007542418212914886
0.00748447286141841
0.0859732869655464
0.4851566077394636
0.3324957034737881
0.037609177580156396
0.043737988370451064
0.0
0.05702093650380668
0.004456107613188373
0.010388214405338592
0.03598479081139488
0.15022034877364207
0.4294419228714422
0.26368765268443034
0.04879967327668171
0.05069338644772148
0.012686971139603737
0.040583624432145714
0.0
0.038204613540996774
0.16923037805964214
0.3406030782885895
0.34799694289497846
0.1045962204929507
0.03980862951946017
0.010622892092160746
0.009890716636832156
0.01008916536912216
0.016250190663827744
0.07369531191367634
0.7350464189778468
0.2476572962496727
0.1442408278901988
0.057279557240660924
0.03902864083378028
0.2185077732283261
0.09195258285592663
0.018951699049082896
0.18238141411255537
0.2249649313802613
0.17482456280064682
0.08093577166318548
0.016853981953787293
0.21038281909000284
0.07506951217241672
0.08638383533128362
0.13058327993593435
0.15259957160736362
0.15870466596982793
0.30521119234226796
0.22290116520964084
0.07177527636140368
0.015224646617098695
0.047997829300801924
0.025584706192647088
0.02169053808618939
0.04777468719865602
0.2557625499361719
0.516087539155932
0.11391226530167733
0.03134767189918299
0.005079598381900418
0.008344502411759719
0.01782429494970289
0.06457493582688856
0.49381320042373483
0.33744495565760074
0.04921884719305922
0.029085982597289707
0.00803712476077307
0.0
0.0061633916125935434
0.03923694853845059
0.21091183278197762
0.4195189769217095
0.3099675735144652
0.00864517748726845
0.005555606072206149
0.0
0.00788241233534027
0.04227389538345099
0.11297349067838354
0.10943210470961147
0.3589718304967359
0.3291986327016874
0.0104892889694805
0.028777714132323103
0.09452054204048199
0.07093247970777782
0.12511338412238007
0.10075685965136379
0.20306711168402916
0.1139123057970687
0.13994791211170862
0.15174789758050203
0.0643724423036001
0.05888501609541951
0.2600922287157949
0.11673420964400597
0.22671150771839263
0.06195433800796822
0.1253896120490045
0.08585877281294721
0.18965302198890044
0.13147376906864658
0.0672052617372769
0.11980584657674992
0.19905302229114485
0.10407803410452317
0.060350273839604354
0.12838018714943475
0.16355895060729375
0.06239957674728234
0.2545926952071589
0.11077874161191188
0.19635655971088867
0.04844540546280199
0.09670742359778135
0.06716013200050681
0.10230005244363956
0.1909896777803901
0.3365833594896274
0.09781367726358386
0.14386432358760903
0.04807943138884992
0.0344259804610189
0.04594295604432762
0.007789719041546256
0.009262212386652513
0.1401343728309677
0.35638380345774767
0.39567725736066367
0.05189905573374832
0.02335932195261089
0.015493794351413312
0.009283252419561974
0.035925675266821874
0.022750267184197027
0.24106395547387244
0.44222113487450204
0.12592053067413955
0.0999153434136709
0.022919345586438537
0.1495641559600457
0.12869688383055522
0.06493976053361285
0.10941004571721427
0.04623111409614476
0.10714843839673327
0.19220023845819478
0.20180841249585
0.17309854273164668
0.13809817648102077
0.0
0.0
0.0019120045820207124
0.001874874739872206
0.0021864608068518985
0.682829700674621
0.1729674105551035
0.2805394087159702
0.06703539454388101
0.02410915500338698
0.02327860036762616
0.04552359320004432
0.1875376358353071
0.19900832369089114
0.03315984083818455
0.0035293785444892854
0.000801304126440272
0.0011332151603015896
0.07599337761522597
0.10320133129120566
0.5503966307275905
0.23178469234994178
0.3817316485079785
0.024154141739951375
0.002814801680608964
0.006053460195301972
0.005971096170352626
0.009960460732952507
0.04661293396814105
0.5227008200877882
0.21639669313868906
0.5406907299685432
0.14327318409893522
0.027613213351655622
0.02248474444625855
0.0
0.031674472219600416
0.017866215670021005
0.006481694166720557
0.054175918663262226
0.6493256560874572
0.21458747691271332
0.05676394103096526
0.00932244091827859
0.009342361543496684
0.0
0.048196133579849754
0.06162741687661906
0.06639763025075864
0.2668739859191086
0.44496676013175385
0.07895212731046253
0.025958381772220044
0.007026682209944961
0.154003092497329
0.09602912613599279
0.08856584192032593
0.17608329822432106
0.09759766595366721
0.07535245356234878
0.2348118007616941
0.07755586543196018
0.05700408774136446
0.02388794034327659
0.045144125556827
0.11016764913372275
0.10483788513109728
0.17809408909799584
0.27713858892612697
0.2037247059188209
0.020875923712952122
0.11167635491026615
0.17222340421584584
0.15462003462597487
0.2893373688959922
0.13288272542134028
0.10187865114537971
0.016503866998351872
0.25563013789709904
0.10138247763192029
0.11838707374444402
0.11867179893516339
0.13819180784371388
0.10439806992965227
0.007208596929276783
0.1561284059694156
0.09878592991537594
0.47802478812422516
0.23431362578144418
0.008378608206870175
0.04696312730231345
0.07638267330513969
0.025082068078345288
0.032068331430758636
0.18889441342883315
0.13833929802216663
0.26500462741182507
0.29897224644715925
0.06005689727407245
0.0027122594864627202
0.023536543847227424
0.02248323264517076
0.07833190056633618
0.03227965937375073
0.018011347430689474
0.06835287417733626
0.3601368664609283
0.2685595398098799
0.0502279385745873
0.12409965944033485
0.09619647680189211
0.07872231754390512
0.01854526777548188
0.06413764668923436
0.11094418512670194
0.15768811570053787
0.39155696581868604
0.0822085558306417
0.4565542811658064
0.15351025718219682
0.05005842693014817
0.03231737121312114
0.07314665802327555
0.037683614733785536
0.05849555900142921
0.13823219892961675
0.12638093275742898
0.033865096885148945
0.03796538371554956
0.0
0.0012288784720084088
0.004096261573361363
0.22869202849675904
0.567771155939003
0.08472603226153527
0.03894525469219681
0.002334167394614699
0.004094400550416249
0.20031053953544375
0.27095249629018386
0.1851643635321326
0.21347233141927727
0.05007938494532743
0.002038713363894653
0.009453783607223138
0.005996035814545749
0.0182882530359799
0.0069648403338954225
0.4262273866135601
0.48095131052867107
0.10172752936048227
0.0
0.0008813022877502342
0.003941303763519346
0.0037390490076515495
0.01620469352110889
0.11979926675286415
0.7537064564747294
0.2080361745561326
0.15228071102510046
0.10577216216722084
0.11593955016118321
0.11108065647110967
0.03553196363835147
0.08263747241840988
0.18872067566106732
0.02625052237876611
0.16212200604431462
0.6481351725319209
0.09396547255188546
0.030041555989796336
0.0
0.039484489929968794
0.0
0.1371017930792682
0.21509990790931816
0.3869897130857377
0.15862700689546208
0.05007816580522707
0.015102419093339314
0.009747515848168076
0.02725286238692547
0.011005300785635155
0.02833284706828588
0.05727131306443419
0.16579527541652375
0.42871979666224524
0.24003514914863103
0.05131755984801725
0.017521774605024836
0.11464088447988037
0.036617777200964714
0.026823827618813058
0.05629083307571141
0.27988102898747197
0.20216803681735754
0.23426363515394144
0.049313044494440794
0.34957633223551376
0.116640946935985
0.0740147867740378
0.03386446371234324
0.09622349942608299
0.011319674060551878
0.10108882067785366
0.21727079466381422
0.029023549147836815
0.025851963163294658
0.0066655627662133374
0.020597957386511444
0.40399592136868956
0.23788868827966028
0.26996734656295057
0.006008257202489249
0.10365179379465261
0.11706933877506617
0.14780161764901797
0.12769463538960502
0.12085984145073607
0.18282559342116184
0.11531941506525212
0.08477727738091237
0.04669306552022217
0.09487499394358297
0.07143789300780992
0.14350974916608294
0.17201899332420112
0.1749169997379275
0.19088060160173917
0.10566717878890984
0.09011891349817135
0.27338866955620883
0.27336546361751907
0.10760686898283416
0.07427149054079926
0.0442081969682263
0.033037290937405574
0.10400270732077871
0.051303825152410935
0.30898265905239347
0.37770776607059375
0.18362935486868567
0.01056896929457921
0.013129407576557214
0.012264937173039904
0.042412329240590026
0.17062310203912484
0.17308752486338796
0.0969692106345106
0.04831439189598709
0.1511568033721369
0.12882770787378997
0.17530687066781445
0.05571194411692339
0.2029767657782237
0.0033004502250121
0.026509128612679855
0.06844399580928869
0.04162496733828249
0.007388135157368047
0.3694452834787294
0.2803109113459749
0.10100887700624744
0.34580875931575206
0.18209866412840503
0.015170096321846856
0.04772391218201241
0.054115459844539256
0.08892188059204628
0.16515200494112092
0.13641342908693307
0.11380450896234635
0.24311377131362816
0.02687302826330672
0.015700300419845176
0.014610137888064338
0.3005780363465009
0.1489064737133669
0.045551559004887145
0.024270705099659465
0.00828234230137147
0.03842454850276156
0.00935051652124086
0.027199646900200877
0.4013919505147388
0.4455284193656484
0.13833109639071497
0.020422639908189967
0.022960145568845437
0.0
0.03265343272008798
0.01272170770956345
0.192887432804947
0.5800227554768335
0.24407606668278947
0.16268463389391946
0.13262924174225363
0.1107450619145076
0.0477185006371447
0.023452321259938423
0.08142093933826489
0.19727255898839718
0.07193268140370537
0.16690694126715888
0.1939919665392302
0.08055692153872845
0.08564747418684913
0.1561109941818026
0.13435831654987107
0.11049436451168454
0.12476189880157579
0.13029291022763223
0.19890566328854445
0.2234856598512395
0.059938810089678475
0.10614071487725639
0.05901308330109895
0.09746064881096224
0.09388403214517832
0.3243386990308506
0.2293484875291514
0.040929131119658145
0.05206640847131922
0.06458307045331316
0.0774389746100811
0.11741039047341656
0.7597458237319146
0.040979472376461344
0.0
0.0
0.007299359836099058
0.010224866982063723
0.03456913885846646
0.14718060658308138
0.13522847878833166
0.10091593043010962
0.031342154281903116
0.03559048530454803
0.0668486677793583
0.04965488460348261
0.29708480431627204
0.2833327552543151
0.02248592939132956
0.014363626228991894
0.01383153831963973
0.006163472955874957
0.08973183419581911
0.5962940278461939
0.19472843965570316
0.06240039890839355
0.04366611982216805
0.03702366436083246
0.10365801085927145
0.2422912223782557
0.28667460825760477
0.26490988834959556
0.01607308044319509
0.005702689759814507
0.05800615492060736
0.13365632104546044
0.5354299414296492
0.06679293255910694
0.04773770809160667
0.033516841230195334
0.10321427402996176
0.021644971619403496
0.06591817947576495
0.10080874720860987
0.305965237303727
0.09345509345619658
0.17241791788409455
0.10507757915405948
0.11851310267926181
0.03784247982225882
0.19371214345407609
0.14719259988018052
0.11485321013366458
0.12631492342362696
0.1558554389627204
0.052253074506918615
0.1417168524858045
0.06809876601246669
0.4945250376993681
0.024475123972810025
0.0625455763051577
0.04517118140620145
0.08816562340849046
0.1263773379641658
0.07891390421223714
0.07982446373428435
0.019483614087521698
0.3077189947936809
0.0838510656455096
0.040189137488499345
0.23485096785828183
0.1503728642840579
0.05445098667138032
0.1090817573752899
0.11938760587701255
0.007933962307449947
0.024727919536825706
0.004294938098909715
0.05634293395108592
0.010970942493541058
0.7272260884052415
0.04911474009558889
0.17271770408139675
0.014619765396990345
0.0
0.004496504859869075
0.01723107065835604
0.17016541043337235
0.2515965625867985
0.36917272958669833
0.21807154444686272
0.034422899362937714
0.0
0.0036290808117542947
0.01791000773625353
0.036123429330423576
0.09560644545943657
0.5942361615541574
0.027149354921049543
0.012956798592990862
0.03217173626666407
0.21269613517922936
0.26870379196233213
0.1715068882493966
0.20108346257630952
0.0737306862772581
0.0
0.0
0.04285711932312588
0.34259688438210223
0.3409395282812622
0.1549959573623434
0.07167775072072077
0.04693189708161438
0.030297819169917365
0.05106569092420093
0.0910720089117604
0.491173580454341
0.23290043472464383
0.05312117273448702
0.040771440292678394
0.009597009718220254
0.04138658921604362
0.16515840373902585
0.3741191624056172
0.20984121612848367
0.1323769172345471
0.02785037093286036
0.037669507643021884
0.0115968139535889
0.20264654194714138
0.020250831007548292
0.04971865864560836
0.0
0.018292246170695376
0.04072992839658436
0.1456446680558455
0.5227159665513599
0.250200261179342
0.11050738589402556
0.05659584842997954
0.01668597416581242
0.09392665111366623
0.11838045495120188
0.08556351812838692
0.26813839589560323
0.12064184045905328
0.009469756529257
0.1850382636357507
0.07525418591006588
0.22778580178261074
0.14027185143361245
0.12219020071930602
0.11934538912790947
0.12250121997870357
0.03404593808935279
0.06554080715682159
0.11494932565619673
0.2695588310461178
0.24615631883625314
0.07452851493230492
0.07271703253270824
0.08893867339260518
0.06495756364542346
0.17854688899258997
0.08981564655115218
0.31071632114287434
0.09630340763797819
0.09873687971628957
0.07198333246763716
0.07349002431134694
0.04764976383195746
0.12330890366112159
0.029205291759285913
0.19148148705331974
0.22983709566665966
0.21262222929342733
0.09240317762465243
0.12032727810516304
0.06295408596258552
0.0943016856264515
0.06155487920495132
0.18227032120159198
0.1789748294745799
0.22929967220621872
0.07031435363356774
0.24572974533179168
0.014279369403863448
0.12504485086846207
0.04393609462364002
0.0714234333324164
0.04034405463484177
0.07647844018798529
0.382762649285636
0.0822667107253244
0.22233409809651009
0.23980300614289538
0.20873570082730836
0.05997437726024989
0.09245236739820846
0.010087778033380937
0.08434558694242798
0.15309136039646154
0.0661292872489684
0.14701844657679466
0.02420586974086677
0.26915204272522275
0.10010404670034871
0.15296699819402157
0.08732704949378288
0.24239911300096764
0.005802108800588279
0.007829460995399114
0.0
0.00967676627200131
0.27720383015684913
0.20043046228191808
0.2566579543157292
0.21265304218805253
0.02548239568054014
0.1168441454791246
0.009736907488791875
0.13036739586135293
0.046867339958447905
0.24313639575377757
0.21491178082784587
0.06298386035281552
0.020119456471719338
0.12969714700382715
0.12906345833554952
0.37243320072973485
0.15945587015424872
0.12624412768991733
0.0
0.056281145931409746
0.06469321884917288
0.20101992449084818
0.1682791105844487
0.2854181208085747
0.07397170901080895
0.11358412183599806
0.03675039724290158
0.18950118190098983
0.19896369244242793
0.17220357433192846
0.20334883728020503
0.1393432252233933
0.022511690834796136
0.03682091377866602
0.037305097179374865
0.31695074891932107
0.26805713496498634
0.11928471113486427
0.07447593757839618
0.07965687535868542
0.05089217735399272
0.039554655880739
0.051126155158397704
0.5404500673811402
0.2543274472349581
0.061966399366586336
0.006031741743030697
0.036240679675707724
0.008530170999523566
0.047387651386709785
0.045064621473659854
0.24575563300039865
0.13262354891203249
0.09297172440392018
0.022412694048075082
0.06989270954481473
0.1481608210167519
0.23446423946687472
0.053717575662321104
0.11386058496367549
0.005706152594403058
0.04959844398722827
0.08486822697580149
0.1493702043475626
0.2249893469900832
0.2211147395255104
0.1504906674195879
0.05193267339015181
0.04188347039322448
0.015694489827197268
0.09481111007379402
0.13737110948840242
0.21751145485411708
0.3147056554529404
0.1260886606710733
0.2115688210544389
0.1828248144336246
0.07880475325636227
0.07762527729643337
0.17056639526497186
0.020465294780647167
0.20704290814610857
0.05109949361697072
0.2509062594492967
0.07261380804300094
0.11077916361523953
0.013763815648185953
0.15357966071658216
0.10935488456130549
0.1492907015832549
0.13970892078273658
0.1345746288956844
0.05183772779286466
0.060779468567347485
0.08210267758310505
0.3988434785822311
0.07290055266163092
0.12185883574123971
0.07710009332476087
0.2983293308999184
0.057868192698245134
0.08238926981700256
0.015598952699424162
0.17838702696860695
0.042516761010855664
0.21020027986417347
0.11470822814973701
0.334049031695625
0.07062471446565569
0.019985073196893147
0.0035931861292679544
0.02265836728468835
0.07485281290662116
0.19193268819804432
0.2823035683787789
0.15216181972811318
0.10049175146982466
0.0738232059147723
0.04976205330913332
0.2922676467361997
0.0920922703998483
0.19551377736500486
0.043883620027073786
0.11173211410767574
0.0501639341381332
0.02693159026603808
0.003292030118801736
0.0775993887403134
0.23486259664216677
0.2763674776708827
0.21905020205594522
0.18645773516095687
0.01203864414623873
0.04874233908187599
0.013593863535556985
0.03707766521833282
0.14930420152268298
0.2987253985290747
0.2540596874082539
0.12268365799601892
0.1334382604834014
0.27618919080135257
0.20128967686752863
0.1540852054964617
0.00873423108796932
0.08747215164702228
0.016105125737473146
0.0
0.030714515537445055
0.06887051153344281
0.14577529034570577
0.3458290139523418
0.11533492433154462
0.17347191461358952
0.12000154542888777
0.384778821501013
0.12431818589118447
0.023510709723885047
0.05479852284054876
0.16181507435541398
0.09136605779095915
0.04877441122130013
0.11063680118674686
0.27413469551913405
0.2878133861029247
0.1875409282219717
0.051044530288114794
0.007396905396529266
0.005230401904139081
0.06442030618802323
0.12241791796156684
0.08253878281619287
0.01530094531309516
0.05923031641510567
0.13269073978938273
0.4110777875632984
0.24051823211131598
0.026816735599734246
0.031825745168881814
0.01243374086204054
0.023077297503269707
0.1751945849540295
0.19511021312552074
0.3898960049700444
0.18625117716275896
0.018036269673473042
0.0
0.023749043153105994
0.050425480666694666
0.22715364855509562
0.18031588625666825
0.2872619651934306
0.20018468248252064
0.002971398789221668
0.027937469671289232
0.2418561595212439
0.23325115204967364
0.12352180355393884
0.049451108311526014
0.08330000352667205
0.1216646349121799
0.09235637668152537
0.054598045108642905
0.05575051142975353
0.06411799644104003
0.24782249138666393
0.10440216187175176
0.15002729650363275
0.10185263271590966
0.11789623920562747
0.1581295109475077
0.22146160908182755
0.04108377913023906
0.02474601409550287
0.16093358181186723
0.24978229425609294
0.09061136828195869
0.08393542318658644
0.12744435264688492
0.08936362210589
0.07895392546515367
0.15118237357904749
0.03560484488494652
0.3115889700529909
0.09669684397876795
0.201001447264855
0.03560484488494652
0.19331001426339922
0.30075434754054564
0.1895929991872574
0.07695166474465308
0.07585860797581981
0.03793269188530864
0.08538080029458135
0.04021662970620612
0.4601421225322045
0.03796205434714738
0.05222271883965227
0.08186560099698997
0.07481899155048302
0.03259613105628069
0.09532305360019105
0.16506889282382184
0.19241852649706453
0.06449186559004848
0.1654696689572625
0.05041326291532189
0.31569393985346883
0.0
0.15806161371620578
0.05344712055339841
0.2326977227845128
0.06501077947218603
0.15387106853591972
0.02598920598457003
0.2087851666429455
0.014094626429019418
0.2336925694513751
0.06585482658205052
0.06007333232006163
0.020178438857802947
0.02211859242974743
0.2122474621497775
0.08140887245535042
0.09605165758188235
0.3908643244952499
0.11705688386002173
0.13579968726202554
0.026334422061932854
0.03963703863586828
0.011854746930058653
0.014150802071888189
0.1215604694292502
0.2356056054395773
0.41505662836133894
0.12873043856374158
0.0
0.1463029762056793
0.07762350934877069
0.27558545665486833
0.17127159288041063
0.1703287975516588
0.030154177406697253
0.2221968984135828
0.15238534642103826
0.22743495579674336
0.09490589086126537
0.09534029675361055
0.04401809334948364
0.09972868294006028
0.06398767953417955
0.27547777814888236
0.1905117393192948
0.14496926127342769
0.033131908414066304
0.05841922492665685
0.0420975124002639
0.14581077345193524
0.1095805738591584
0.02217925370190785
0.07344707499698945
0.1130311112131304
0.26289936077500015
0.2542014996672381
0.11063711446557578
0.1385078182226824
0.025096228976274462
0.07631381117950578
0.20195734114061298
0.3473844767959164
0.0643615050149482
0.12436867078680251
0.08603885642257648
0.04229225600204314
0.05728233156941973
0.03035874381404979
0.19566990489487812
0.6077980892581484
0.09068722295101184
0.023008504448894303
0.02575529776868116
0.006650935886846635
0.020070973546799986
0.13236275839855788
0.16252148983083975
0.2725540580034529
0.1931375309414594
0.05240480230875249
0.04330340165563364
0.05150958399375642
0.09220568217661992
0.1246868224532281
0.23159476725235972
0.2167458960555341
0.1056123218458709
0.07599960653507964
0.10442869534214845
0.041597916990770686
0.09933339668807555
0.24065543348356808
0.2069544854117779
0.2402713579371586
0.1414731487435578
0.09623285689892117
0.023549702926610256
0.04359351893361984
0.007268951174283933
0.06123169348465747
0.10514253789674305
0.09105598988856685
0.03572499421076255
0.13759056818842152
0.2122283359094972
0.2929825175450268
0.06404151443180715
0.24234525296247317
0.09280582138223459
0.09460053740303083
0.0
0.26548457984089746
0.08390629980672024
0.07018866617592444
0.1506658405057216
0.25068387174483486
0.008510431307242411
0.015397360127440904
0.03179505558538276
0.13403874814185732
0.03679118677021406
0.05329926758372297
0.46948372281922446
0.15606276863299023
0.09552574406065255
0.20121393066129248
0.09956511218320527
0.1024583546008039
0.09818736041625739
0.1936643043616401
0.05331774127266203
0.08310609486533206
0.03688375011631582
0.24314676806772534
0.019966495612977784
0.16518757780734272
0.028236888961091392
0.3974352593348197
0.026033124299850316
0.2350366370131683
0.03576621628219362
0.12683274826584967
0.02718650787671665
0.21037791259158975
0.16318334351430455
0.12373134510688398
0.07788187705307702
0.2816809411555801
0.07479007993610938
0.05699370683235208
0.016820179101854613
0.004570459183967361
0.19899630012539635
0.258075363465809
0.10807273286023737
0.14394184407631186
0.03723081638552736
0.08754444119648369
0.05369670351424408
0.20150934971720846
0.10304020183767132
0.19846109243104218
0.17457302578308095
0.1731633285650398
0.12390765667170271
0.1432443934600347
0.05641731066396572
0.054702311059162005
0.06193007418471729
0.24057057750743133
0.14606149820239425
0.1130349366110357
0.25524935602272364
0.08608706868142717
0.25623499674974215
0.08919279494112746
0.030235684124868645
0.07943345182786052
0.09053037393116757
0.04685333259218203
0.1799663841081573
0.09659475676758181
0.03607059653750162
0.21670637876799898
0.202487686411466
0.10911962166152157
0.11220071868098089
0.02795757959348053
0.07414041535342553
0.8131946279624427
0.019033380450577373
0.01845622033122638
0.004443876459820734
0.01442399858367022
0.028349414400169578
0.10207871744008316
0.05978804471342399
0.07856572617598935
0.1418603848212775
0.14422005290595763
0.17203084333224053
0.2295282141571653
0.07192652718974932
0.061533047502469115
0.4282127015693915
0.4196288225737008
0.008474205652355815
0.030741299620743515
0.019897622052613546
0.017566753105285146
0.013945084761915257
0.04243010343140966
0.21231171396401458
0.052213700704221315
0.08546689798995723
0.059807384374353276
0.23773417391046744
0.25861883845988654
0.0514165329727415
0.05270869215895459
0.25851962761730163
0.32622645716720194
0.06492663952332575
0.0747246159487009
0.06367143758009593
0.10047080084837699
0.058751071670735865
0.16728178787433926
0.16395640947498502
0.07252659737749662
0.17864601382730252
0.11525720977182691
0.08189628303048399
0.16056165900784497
0.05987335869132243
0.14770596569746108
0.06854080355262768
0.21679069940136736
0.03627014847187415
0.13524196600892074
0.13000990719379027
0.05634548223791663
0.20909343374511172
0.05111821867778968
0.029342631311501256
0.0
0.0853797976021406
0.47622465674970804
0.2274878350217203
0.08723546532590795
0.043211056601946095
0.1992954959818046
0.1917612577586779
0.1591479937302559
0.25022087159013817
0.03057581074823273
0.1591254488376675
0.005805803199160493
0.004066686911518237
0.07164473021013243
0.12222735671824898
0.08395441958948162
0.19553402833230837
0.25458691376209375
0.12551132207185578
0.06650610029386593
0.0800348684774472
0.16206029099774452
0.14526443711637008
0.18022040660431038
0.12670552628462375
0.23639132693416584
0.030320305658633927
0.03292688498448069
0.08611060967877142
0.3103106547946297
0.04003604312429005
0.05236274462725853
0.013649327490331242
0.005402768816219871
0.07875610005551456
0.2946021454653267
0.20487993772381446
0.2627061577689556
0.024478953645675247
0.008349513436259951
0.08269133575466606
0.0875685222123801
0.05726828406235035
0.3829400044750926
0.09399603375954188
0.1940929946018096
0.07215215241325439
0.1084698278668338
0.04922510123653327
0.19580381841275024
0.13128177358386803
0.09875268400233236
0.150218632464482
0.377507936425602
0.07400010240810592
0.18554757729010973
0.046320289932866014
0.11634800016794812
0.018151992885828007
0.11105114525596065
0.0710721444276036
0.08113227700141994
0.2791858609083797
0.2343885294186537
0.1358487686731265
0.08132843773430268
0.0
0.11696368152239589
0.07115182535846674
0.08226344468544318
0.046167732000703024
0.028841360847011544
0.025012666892130688
0.15195197354977902
0.17175916458748378
0.34500332661033767
0.14899859499001092
0.08638900288303225
0.5286564453270851
0.2847852257563335
0.03866453765880523
0.01666288976698437
0.017906928120532864
0.009974873673593737
0.016959410896994605
0.02856849807819848
0.5224358055105418
0.37493898678998794
0.01836739822150787
0.007097673358218992
0.0019838600430108016
0.03927771153154437
0.0073294986531211295
0.2378076582831706
0.30617026258511826
0.14080913908317144
0.01632918884005195
0.060369067668448254
0.10104657589013179
0.1046448987821943
0.032822505921778815
0.1435288818678873
0.40423195470511974
0.3373407635124387
0.024946844195217793
0.03935232088501706
0.027038568171943736
0.0022685888186538784
0.021291787464352886
0.16757289676502282
0.25918399029367556
0.3120292991270549
0.021170546249201765
0.04773116584177813
0.07352699569820488
0.07834699054100994
0.04043742162726273
0.3692242310460952
0.21227595864795346
0.13187570460975917
0.052784798318065894
0.0036988144939698805
0.007189202875700845
0.03580107557024945
0.18714942535778079
0.022902895365801687
0.032643839646995194
0.012458309998514676
0.05251187481993328
0.23920895631870714
0.2394655683915036
0.28043620562676835
0.12037222069122083
0.030571082679923298
0.25020379649091257
0.31692398496669844
0.11584814496628523
0.1545845874989566
0.08058969817257523
0.025557737493848126
0.0257208250086723
0.004561974461106776
0.3162740758011774
0.21294736337120185
0.1963317425421075
0.26480072135540217
0.0021622945472331225
0.0029215910236793986
0.0
0.37357953766001506
0.15133925364371764
0.16356747286618117
0.12066052819382314
0.049644983149302505
0.013564729012722416
0.052381137247739
0.07526143928194161
0.46037360916430864
0.179634044419704
0.09865284872497204
0.05539336502084691
0.010518737476329159
0.012033042348364354
0.008982816811788101
0.17441072300191937
0.12842671161381858
0.010053715342928149
0.028588176212457676
0.007045727857103809
0.022833518296826904
0.038854387566647254
0.29667250453467586
0.4675249851611335
0.1134156538620838
0.0763446818901671
0.07417565430797202
0.024096193073317018
0.17204832455850813
0.174707549507997
0.23525751068500478
0.12995140769751382
0.15258660253663467
0.2546052406144776
0.32648994399017855
0.12260937975448469
0.01699047247974482
0.0016497864616029905
0.023801174492753357
0.10126692747369173
0.18609789756836997
0.10777584137017703
0.092368532118728
0.0
0.19614534420430726
0.12291161650545843
0.131353366370393
0.16334585033797056
0.077181321008476
0.28373677829857286
0.24913686250632158
0.02634523893070154
0.13204234449150037
0.07304568646200255
0.1281612859079511
0.030349607012555565
0.15047335604701917
0.34841050353145925
0.2817732816995778
0.004678881974821104
0.044311186190626066
0.05351293755214747
0.06350215792600371
0.05333728405199695
0.06982288429155181
0.1153394962831624
0.07408358006852256
0.1063711552610868
0.09843025416127835
0.07211982880378352
0.34803012402571826
0.11580129462558814
0.15906247410409144
0.4147615178404641
0.3478626422798459
0.0068623159017864605
0.04815792294634054
0.021466531112413118
0.0018263344513512352
0.0
0.02637754890224733
0.2983422568589171
0.1892408774259315
0.07872071821236026
0.03486809673341348
0.17261500695270698
0.13987822582212847
0.05995635197709158
0.12951243852115923
0.40753228856110196
0.2721905535665373
0.008508515237138758
0.03308650960553086
0.06366225996872762
0.03360300554401538
0.05190375357087577
0.16642734677937518
0.364775320875867
0.044083028950806354
0.013666382286268656
0.10674240222192727
0.07696438108389762
0.07001749945702625
0.157322200431655
0.08476816019959715
0.0
0.017800174569103294
0.033166568846983824
0.17675588221680993
0.0998199573556283
0.41053850997665825
0.17714975516532105
0.1580566506582365
0.15757793217620658
0.005043185765393384
0.06441422856735543
0.14325294149341475
0.12401523133744248
0.2764389713716974
0.07120065200185033
0.12817298128712606
0.07261114537235748
0.05427660781247502
0.19280238203569414
0.3317954785955799
0.008414968586011463
0.142349626777103
0.06957610237237685
0.20215652922049637
0.18611788131163862
0.24014023516382316
0.2519768112782373
0.07886439594701283
0.0026533950808838684
0.003356308688433097
0.03473368386349915
0.17071381721436582
0.1410553121230499
0.21504155300980393
0.25890615140719475
0.15593184708672247
0.011849862206266016
0.024205106448994415
0.022295354687208
0.22484977073706577
0.0132270180507157
0.0043710658490288875
0.0021781866863281748
0.005157148338999997
0.18128398662749456
0.2032843640782985
0.3656482304533968
0.16746499259879394
0.1945576489279274
0.16352549612936
0.07237906264448982
0.021154765054681803
0.1193421353429037
0.21506287850423667
0.046512592389443774
0.2459231874147935
0.4323781503217237
0.155868337553154
0.017916907833096938
0.03295316899291425
0.0
0.06848460595321046
0.04647454382773528
0.4433118197141914
0.03651814748001123
0.15410857290909352
0.021986835729841697
0.10338251566294292
0.11510229284597931
0.07988303706926608
0.04570416556278646
0.20206790520492465
0.4258276338370526
0.27782827752987366
0.07570048951772096
0.0013262857906383414
0.0059313304580037845
0.011317653250333012
0.0
0.15875873702614232
0.13205115853876054
0.15237579112507338
0.06718905411039637
0.1310995219017796
0.06302731201828034
0.1565431111890018
0.13895415157083976
0.16747706614202754
0.5093123236617484
0.2588449674147361
0.02036656056130855
0.009952057814094207
0.003423612017700424
0.03062292244092316
0.0
0.10099774166768528
0.45206024329002975
0.21393109742780245
0.046007210077154866
0.02314254627021457
0.082965981275193
0.03976781917637039
0.04112660002995755
0.25265915145422685
0.3808979462193023
0.22288662845104557
0.0322336688932601
0.056198502518034446
0.007801615886036343
0.0225559865839229
0.024765643695846357
0.3151374965831201
0.3068177942551606
0.009253473581023294
0.06458980225194635
0.051146568821382965
0.07940029463389764
0.11559299492090744
0.058060877011845424
0.2213421645028539
0.06660858744400446
0.21240676103642478
0.03759285603656865
0.1852025118411244
0.028591603028046916
0.13846793976164623
0.1097856372173088
0.26763996273733626
0.13866048453774518
0.04489944031987485
0.07311040425833461
0.2802138927290977
0.056322644245394245
0.08541534993164242
0.05373666345720691
