0.35355212881155273
0.046425352426040324
0.17188088600389045
0.02513170685253714
0.1999732582543645
0.046425356215628974
0.13147451828366133
0.02513170685253714
0.6319968863121078
0.11767091139536615
0.002627549762838276
0.0034651649305293556
0.0016222675638887304
0.0
0.004107983053289229
0.2385089774191702
0.34283109199850514
0.20651621109871754
0.19122273405406692
0.018206184141823383
0.050385562503093166
0.014571557450219767
0.06337602080749401
0.11288903858507306
0.06841741230808765
0.10419629744600886
0.637613216795309
0.1496258608935438
0.03725103481567331
0.0
0.0028948676737948487
0.0
0.03644344474097291
0.02603432053156599
0.1449410811832335
0.5092407873040451
0.26419379486925587
0.01914555729246425
0.0
0.0
0.036067290991882765
0.0
0.0
0.1844858750808309
0.726006221642642
0.029661048062347258
0.01578256839031732
0.007995992220404417
0.03124252416270435
0.0
0.020320965683538417
0.4318796521730866
0.47370633688849284
0.03864160697358477
0.004207961965475761
0.0
0.016749770589918358
0.0
0.25522322001603126
0.6022039303936888
0.12582231329656327
0.0
0.0
0.0
0.01840579066115176
0.0
0.1480647491618801
0.6701342829565977
0.16339461628198843
0.0
0.0
0.0
0.04012641444713224
0.0
0.11911170688220821
0.7085871187496691
0.1321740658424704
0.0
0.0
0.0
0.04695475942510311
0.0
0.19946964121007654
0.6302028008193533
0.12337196379418837
0.0
0.0
0.0
0.05125936251948901
0.016189609347163486
0.1627776417201037
0.23742652176271006
0.36086082291012955
0.17148531271835948
0.0
0.0
0.03187972716428092
0.0
0.02233037682636261
0.22119180045008494
0.6162716928574371
0.0944055668282353
0.013920312719102068
0.0
0.06138011407312694
0.0
0.0
0.00819424857266791
0.05972571867379597
0.282202352896811
0.43696333194846704
0.15153362003399037
0.2769951579749819
0.016202554387656016
0.012060340076332133
0.04777803100104534
0.07224413615313417
0.18122660633033794
0.10035208127149141
0.2931398873594842
0.16604387023924325
0.05903620510763767
0.01707731954876099
0.010160392270115927
0.16457659407500264
0.19309424429244845
0.266703724097673
0.12330662220972274
0.26445181174895255
0.043429675891622645
0.2947743993153669
0.10832675173107677
0.14869053335035792
0.07667788685293118
0.016624107253183553
0.04702007575944121
0.46991600777450376
0.21831826097480425
0.006953086994568532
0.008764093599331899
0.0027888394449932575
0.0014039253922012067
0.011740613600427028
0.28011492301670676
0.4127986159292641
0.3384862974446394
0.04608272996372875
0.008912654310267039
0.025594541940448436
0.016499369630974994
0.04155463753605348
0.11007025134743098
0.0
0.24165691567449235
0.4880072216820582
0.2703353329619808
0.0
0.0
0.0
0.0
0.0
0.009611060841564713
0.13669924510644996
0.4119780265935726
0.4015240035055423
0.040186996774681995
0.0
0.0
0.0
0.0
0.044705553935666824
0.2758607649912012
0.5702421204720107
0.09641737515966428
0.012773462865267732
0.0
0.0037714920675489495
0.0
0.07199486333444086
0.37800556669962115
0.5275593820943322
0.018667932507739047
0.0
0.0
0.0
0.004823170663932917
0.2603969217748512
0.6345089700108109
0.08940466780261686
0.0059824070737784
0.00488300654161371
0.0
0.0246807162827256
0.15195247537287462
0.1797706941958336
0.32391677643168976
0.25371332706382077
0.03311265491423478
0.012499536634935814
0.020352239538043004
0.005252591436353829
0.07528203781380087
0.22386868740851
0.3148145959144043
0.33728115399165637
0.021214395472872755
0.022284857133142287
0.0
0.04567116252657602
0.17775251659792443
0.43917093182673916
0.24700745771926863
0.06309512321839299
0.0
0.012200829487867932
0.015100652074299998
0.05334095037861609
0.08811300006367599
0.3444869233817437
0.338686207558323
0.11801628743629651
0.013375428221071219
0.029472045363823324
0.0145076895215088
0.05780604100159762
0.019170936781123065
0.06701790256866823
0.23510519367419883
0.3775377997608407
0.11476870483865438
0.08976622572660792
0.03882600603313059
0.0
0.0
0.004982873245825683
0.0
0.016442643718849206
0.061207685670059846
0.6060898557878921
0.3112764661835158
0.07285490729415613
0.01555660383195454
0.009712275910007933
0.003923254604939605
0.019688180677878312
0.04655592206871242
0.21694457148395796
0.6147634901174976
0.04221195795475261
0.0
0.013821874513040877
0.0
0.0523046952293122
0.09008820182331073
0.4097933577060838
0.3917785940896968
0.20159798825522335
0.035655920931257204
0.19645761952721186
0.032873133542016666
0.24845391274347897
0.0822306012938057
0.17751317763153265
0.025212543415516302
0.3711378849390089
0.015874745617079238
0.007844685139941918
0.0
0.004712541340827725
0.0013719081654523175
0.015301663322790138
0.5837563279556244
0.8819676662511698
0.043501225273918545
0.02705346072846956
0.0
0.005266827913601586
0.00384673606017989
0.022417098925833635
0.015946434346782442
0.36408671558015143
0.3993846271663759
0.05998364151135525
0.035325486678477805
0.01797263375537241
0.0036003434248806023
0.023068064885159847
0.09657745651982394
0.16857064730227236
0.1662178380576879
0.21701226017403505
0.0670085046386863
0.21185489992317347
0.08089267124335629
0.04911775135603345
0.03932248298669754
0.08033113127554471
0.026184208507755782
0.06611020494561215
0.2088857812716768
0.3862859738833995
0.18641810891842128
0.03081087353101841
0.014971393764854846
0.06683762505971459
0.006211116044528261
0.1784041858068615
0.10027256745320087
0.4180871248701738
0.13609675881068853
0.08263611257426834
0.01145273165544574
0.046137639960092285
0.0711783573901801
0.059568746076665575
0.13597482297747215
0.4286455705702359
0.11669022506521222
0.10704163466548693
0.034761055824024834
0.11435586844852304
0.052121470531227274
0.17313543455076008
0.21425484942652875
0.2773345689519533
0.03358620370495738
0.11447249547485272
0.020736927068186653
0.07231930761239729
0.10133974622600996
0.2796452691397802
0.16749763104976148
0.1984031283416656
0.044018430200005225
0.052329217402546396
0.08444502523157181
0.3096477638157225
0.1583612003436917
0.11936595104368368
0.11713137186477708
0.09527744908352123
0.08608184777848468
0.02738797811043048
0.08674442662791014
0.15353226727944042
0.027850883959227735
0.14259889909679394
0.06857176505556874
0.2351735981749995
0.13638189679415177
0.134328868110101
0.10155934970716705
0.09258824131833669
0.16119165755607406
0.15546262863890611
0.07116581426592293
0.27110387914339024
0.0693411899342466
0.1332992129896622
0.04584480772121813
0.27301837915219096
0.06503827310330283
0.05153665260711233
0.0
0.010670174742924386
0.0
0.03343282080959564
0.5663030215126015
0.34250819765579227
0.06000050767458453
0.049309663361791295
0.0
0.0
0.012946218948661926
0.024897460766315677
0.5103373168149021
0.035165566939657604
0.02827720936186197
0.09399140673543588
0.019995006441709963
0.2235479261527403
0.15747386987651477
0.2358487660454487
0.2056982250942655
0.2748894682641542
0.06932682213087651
0.10182664266150672
0.027714620179040483
0.24264976219765103
0.06350183380871162
0.17757426056097894
0.04251228825603073
0.2257925547913305
0.0040641237860309255
0.006745161256511549
0.001181754513943911
0.007221655281604658
0.003342506530571502
0.1306885733307307
0.6209634313389816
0.46404294479975605
0.42313957330173607
0.033635215299878854
0.0
0.004721218680051167
0.0
0.006914294939370464
0.06754627522547368
0.3103032681810878
0.08871703742962993
0.0726692190653169
0.04774805410281495
0.07665688992804563
0.04680295111849963
0.09451208185191104
0.26258902439023524
0.038128799342226544
0.04366545932198722
0.1198640316592195
0.28627791689899756
0.32954701036051076
0.09066841770878058
0.08397875553246364
0.007868016801192894
0.02088554243061598
0.057229741903334796
0.04374452086242088
0.27198851214218966
0.36721681048446103
0.1548461242196525
0.0385027012862285
0.0455841701374547
0.005147273208002885
0.045166868825048674
0.04203642451232248
0.260278735045123
0.3001790168283659
0.16712004872670375
0.15565432604345117
0.02441565968355561
0.06407180417065762
0.05875783156294157
0.16233548092306752
0.24951161367638555
0.3118563145017782
0.03749983399338321
0.09083135137970556
0.025133226488410734
0.08435816084406171
0.022273202717172653
0.33281876729742577
0.18024609972416833
0.15762513546694942
0.09166415360029509
0.11616380381282607
0.014848911817909266
0.03392742883182008
0.02416944510077712
0.042093262611445255
0.16638284128485337
0.4528193607086988
0.14785150461591487
0.06967750992385678
0.06307732172661455
0.024191975620661277
0.04811851838547967
0.05448960367473185
0.16756734139946672
0.6012872029659382
0.021362406533856532
0.05233922023854762
0.030642363987300022
0.028441001147449782
0.07609043973750139
0.17544872100836625
0.19899028427102744
0.39818328989559304
0.08024242406455398
0.026718456442134518
0.01588377610826209
0.052892283828931456
0.06524616955089024
0.23756321591305776
0.2181541635167085
0.20439780699151447
0.13998072127586247
0.0545034647646489
0.027260058467033152
0.259899598570772
0.09371477148095436
0.014700467707890501
0.03076192472260763
0.027659172953739656
0.0
0.1551525805169604
0.4181104649009797
0.12846252807734337
0.025634893082118294
0.011618304739452762
0.004973533157424068
0.0049771357324360655
0.0
0.3157987845943965
0.5085343833897442
0.03204763755400851
0.06367700286750956
0.11171115922930912
0.2228587365756685
0.34763022918999953
0.03312841103863794
0.17446624639983446
0.014477647075313151
0.2645601590791205
0.06406742794175033
0.09445727554026596
0.02265125631751405
0.2670735767179949
0.08989382978007736
0.1451070101525799
0.05218488017879555
0.1917691205232954
0.0017638314082443157
0.007055001405796451
0.00287338929162297
0.008546965501927767
0.0023039621081861524
0.25711389362576303
0.528573583716164
0.44955266357687024
0.16574686394588103
0.05062261569003902
0.007604872822191185
0.011398602695599844
0.008696504455675038
0.013926988351617289
0.29245041120188253
0.015452582618971178
0.12262954152193846
0.4178385052150546
0.3998911299747681
0.028526719410103735
0.008969891145438542
0.0
0.006691274478459254
0.002435960114652934
0.0
0.025776349040779235
0.48408804714240267
0.4709729056828293
0.006269936285906917
0.007351159931643418
0.0031052520481672126
0.0
0.0
0.006431635153247021
0.2687309892059295
0.6360021254776822
0.08028298352492713
0.008551898469932422
0.0
0.0
0.0
0.0
0.018069411651361205
0.3365293983744928
0.3780929508939085
0.23391422905283882
0.03339354782009368
0.0
0.014536459447404733
0.037018405001797566
0.23141260809424916
0.4602832882136492
0.189109855698408
0.06763799668530615
0.0
0.21414740204176602
0.2706139235013473
0.3435592945131868
0.12079015301071798
0.045272222033798354
0.0
0.005616286014573783
0.0
0.0
0.11654779205752759
0.19044869616336824
0.4340891066292182
0.25891402554641874
0.0
0.0
0.0
0.0021317557788800862
0.0
0.012323929493047942
0.38698107190710795
0.5698252546667548
0.02225950395342503
0.0031075412407411355
0.003370601879118452
0.0
0.0
0.0
0.29553466179362253
0.6741889599209437
0.026482150405528166
0.003793884496679246
0.0
0.0
0.0
0.004623073987904439
0.03969915377947358
0.282654297094208
0.6413613924260099
0.031661751912162514
0.0
0.047128296319548686
0.08584197829136807
0.07196356442283235
0.07334417484463882
0.0980307761138247
0.5215423056594259
0.06096550065283811
0.04118235088408125
0.016585058897407592
0.002687030003688539
0.0
0.0
0.009999763133993764
0.043607941284995025
0.7067789456997634
0.2203408764437256
0.14028040305159137
0.012902465624886655
0.03352047652943855
0.027989376959188465
0.09108202143815113
0.0653949939257447
0.186243539200362
0.44258530710764393
0.16991073557233777
0.017018568562652412
0.15243549500636625
0.0240678904119774
0.34665863676925884
0.017018568562652412
0.17120073368034383
0.10168450043593079
0.2294110077761482
0.006743770804543796
0.2674690107713669
0.20954162812557756
0.02858490000894743
0.0028564153615927065
0.07267763641665133
0.182715358217239
0.14421517781029441
0.1741559521146922
0.1303227419458299
0.1810996177028657
0.16374526653013852
0.021797603739728427
0.10605005176919322
0.07861344602945308
0.1662433792325284
0.1438784570744727
0.12501056815040476
0.10631641627052041
0.27567785878165885
0.052377553357453914
0.08542903513289599
0.045066346747102026
0.0007099364735184357
0.03277998910864032
0.0692825732739338
0.5832190093403482
0.28065367349558906
0.0025597123344235856
0.023148401887804457
0.007646249726399151
0.005254998874992613
0.013709780895651337
0.043696589413641455
0.21642309547350339
0.4065491294133172
0.24042869815904222
0.039901677001098
0.034035504047922306
0.007073932434285438
0.019265079941043043
0.012742745437537107
0.007231510969068231
0.14967412534138028
0.4831158152653639
0.2439570240139013
0.07693927874576297
0.0
0.0
0.0
0.1367246877703452
0.5185092160832279
0.3044268515647391
0.04033882169342334
0.0
0.0364556275979114
0.29888074250872126
0.29930769966302406
0.32545592742266943
0.039899611976573844
0.0
0.0
0.0
0.04326705837986358
0.13283017693071567
0.2912381396243936
0.23805377538846034
0.18216184958543652
0.033697183933943345
0.041289473449545214
0.03746181657378126
0.018485278740458307
0.0015421242355219045
0.226391272331067
0.3985237643061511
0.334318262085836
0.009956263263205213
0.010782593656055616
0.0
0.0331500924205299
0.020541430449030215
0.03029915468474232
0.18446569969940982
0.5675562709407871
0.1531464406658029
0.003184895150851329
0.00765553554915356
0.02350373528368336
0.008137642250542903
0.06156150442114417
0.14750114394885652
0.5019216574342392
0.20505656197764852
0.04994135292035396
0.002375920910953605
0.02202404886675483
0.00460256702963474
0.022403783600421792
0.040097265963043
0.33282569740119544
0.3282767881643275
0.2297243336264278
0.020045262937688987
0.14819236361718616
0.018457291802083806
0.11865174160866396
0.04357305387417851
0.1626767792383456
0.25911506064189105
0.03336846152777693
0.21596492791703734
0.14217361458872022
0.031062089792262187
0.09892948533164689
0.1540069498055624
0.3246288341294137
0.09781180273068833
0.09100705298864797
0.06037984363334402
0.09676811486071964
0.030557244809299156
0.23008501494517178
0.028172386606668643
0.32992474454453685
0.05512039156698167
0.12314025396213088
0.10622747570765322
0.24764446902996148
0.004102137724461368
0.007486567331048798
0.004448794963133618
0.02863161517039188
0.2266788365004243
0.23544697639145695
0.2455603781767667
0.24152053247785366
0.01920815868399866
0.14044334831765207
0.12106471160792243
0.1861179856887036
0.023720908406923442
0.22220608163356262
0.04571814486353975
0.2518712187571819
0.12601521271897506
0.07507625235689784
0.0
0.140251255370911
0.039878836280309554
0.17789754834555557
0.1890093348487533
0.04123787347942798
0.14070769096630967
0.14870906874417925
0.15344802281622644
0.09968125331079586
0.1892320096242179
0.21216256176862397
0.01482114922423582
0.10511997389618609
0.16708865728230507
0.09177099319533376
0.24340245706620636
0.18290630404535477
0.1348087525797984
0.04072714994777941
0.034175089890159514
0.04508436775372978
0.007793876604055156
0.05265049397979529
0.1710420808733922
0.11045598213310404
0.13707839009648168
0.25083884471204254
0.22505534551728992
0.03964142203779697
0.19962456478121648
0.1608664556725046
0.22379162005001155
0.31647148368872435
0.002692151539358609
0.015246139186815676
0.04166581844817471
0.2059884562460949
0.14054084502425873
0.06855359237885456
0.010788212489913051
0.03555507337415481
0.26762847351321106
0.18515446073992287
0.08579053547285204
0.03473468356266543
0.08845074424365312
0.17689622292516244
0.10620470196146584
0.34217050695946927
0.08500372175163406
0.10037980032581056
0.06615883231396982
0.040573870550719524
0.04104320293651994
0.08301061474365742
0.16806301310863214
0.3419409582946175
0.14267886889238646
0.1253525945852524
0.0573363457235776
0.053249709098563316
0.11621766162440479
0.07906511017325168
0.23295701964031307
0.24909650731179434
0.1620080815265536
0.08779157451842125
0.019613923403329105
0.14213147643271232
0.08323303881014592
0.06327980577382653
0.26627966665319325
0.10829715096547841
0.2155025359873827
0.060964696907658454
0.06031111435730157
0.10688277711756826
0.16954671171774005
0.07485419956094978
0.03480047636614248
0.004191840546433723
0.08865909484442114
0.1466039968534631
0.3744605702356313
0.046729353963153676
0.06931984654594615
0.3775609955814422
0.05018604526022253
0.07064849424330927
0.05373046222478261
0.045379801301635714
0.28644469472805956
0.4037212101594353
0.1699390544694077
0.10533074300005232
0.03658223013822641
0.06467319805445682
0.005958784204470154
0.012608641628520876
0.2011858548811418
0.20316622188337563
0.04987749838650368
0.21982544432538276
0.0
0.23261616664484505
0.09975499677300737
0.17124243439504258
0.02351247900072755
0.43635769525907386
0.03974820232700839
0.032548873865660924
0.003849713007606284
0.035574610873715704
0.008166474250522165
0.020109073906287744
0.42364457738300215
0.28869568177951244
0.04402482465981231
0.015693890507794794
0.05309300071392998
0.09913995415276206
0.054084594296433634
0.11152640600921197
0.3337414730058453
0.3031908698434157
0.04892025378510573
0.02774535421185524
0.0
0.11544318062557408
0.06929089938851454
0.06599684822342389
0.36941177170846606
0.03264461445016295
0.04889480172711332
0.07873421589633885
0.13758829404910006
0.5077543926129193
0.1363707287134996
0.03646838125741254
0.02154378301243595
0.018246350771604462
0.03210834145826266
0.1569994246362638
0.35966916825898504
0.30779002319483767
0.020215443542679783
0.0634798961236692
0.04149057534955423
0.3974665996953165
0.22303830063879246
0.15447976674981992
0.09807824713183672
0.05189758822472733
0.026952333267333144
0.01587874916489613
0.032208010585274824
0.5230594266913252
0.39815235896401646
0.023095186964339792
0.007646613625760904
0.014933818561110127
0.011981261681602086
0.00697807280588609
0.01415287381451689
0.03508440844002513
0.0
0.013141336086554222
0.006917837263365924
0.003337111308856628
0.07478085196874973
0.2975289046708007
0.5692093251336915
0.05417555024274362
0.05414564189221829
0.09198602533191104
0.04832104270157231
0.2223419394260055
0.3045960913052568
0.15614421787085617
0.06828863887873651
0.009761971836756375
0.020748868298370943
0.02271000730621205
0.1498892638058235
0.648859064598553
0.08741294568621763
0.01220246479594547
0.04841463271437402
0.017061317885933673
0.022347731134015062
0.28436850438897215
0.46301515917194785
0.17337202121231732
0.0398346754724169
0.0
0.0
0.037437714972124975
0.0
0.5584084412205721
0.28352604957089816
0.0499222464867399
0.0432920405213114
0.00989072182852614
0.017522052685292895
0.6260830651834483
0.19151742185432075
0.03540451643788644
0.00568736167214551
0.02322371520163747
0.005055207665892217
0.0
0.11302841327288488
0.5847694173457852
0.0557764097555701
0.038956228640419435
0.031102060162951608
0.008804433595601017
0.015225009004477374
0.00726107882795756
0.25810486336319194
0.46417994456950507
0.07175939168316174
0.007763319421162987
0.014971361059557384
0.07316739530084491
0.14659388873884888
0.06146150190140293
0.16010285045786435
0.0866568986012739
0.10723202877548567
0.19041482593679016
0.07752922298258129
0.29506412127962683
0.057805850165526994
0.14071494403643034
0.044578192156087514
0.18366306141941763
0.0070724269441152085
0.026264123762799494
0.0
0.04334495570194822
0.012774399701733134
0.059999313181295276
0.6668807071653515
0.08102641266134857
0.01879521609350515
0.002192851888228986
0.002044006670682332
0.07827822610823704
0.23895456331576634
0.24550997775455136
0.33319856581749824
0.019542842265893735
0.04078178522432799
0.0486921987805999
0.08058048880896088
0.2792108226154925
0.35294298146195685
0.07146839915693218
0.10678026335664564
0.02248312717181334
0.03243516779499899
0.02189144698342873
0.4024950376211528
0.28137001934493644
0.1833051781552339
0.04156482743414913
0.014454600451227916
0.03444136455451578
0.16472137960636593
0.21917388275868321
0.2683252059019314
0.18043872214580245
0.052921223873140244
0.0799779438268664
0.0
0.1571289853882215
0.583622782352038
0.21059752695051068
0.024240797347220948
0.016664351501368083
0.0
0.0
0.007745344707207622
0.5588604711701899
0.07488603665879381
0.06777741403744936
0.018120396260364078
0.019907850187432546
0.024819553235763295
0.06619167634822316
0.16943571264835128
0.09971953318707219
0.024113879715151755
0.003216782200690534
0.018238146760195913
0.0
0.04239723551763021
0.520414303298052
0.29189975538383983
0.011080940746561583
0.0
0.020614249161263136
0.02271459112036666
0.07500784701286263
0.38879086539905433
0.4639739884471016
0.01781732190766703
0.02279266818129957
0.049080798529565886
0.06364377402807728
0.06638152542350602
0.44694863835414034
0.23526886134978306
0.0824289694463709
0.03345444884643409
0.036612211772200795
0.062216053227135346
0.18731820210260464
0.19415736987218554
0.39505052929924084
0.01673099766122191
0.021023339547491023
0.0868909425012156
0.01596237952669909
0.11348739033191185
0.41907075152513046
0.3026604971896238
0.061064535666414545
0.037296281131857976
0.029552591596940257
0.0209053695204278
0.13889034108470727
0.5978338627225506
0.1798223881608232
0.03895523214972413
0.03595198446086002
0.0
0.003247562271508652
0.005298371503261132
0.8245100049148717
0.11534774232094727
0.03289152501588154
0.00422860373320403
0.014178263289279841
0.0
0.006729130954606978
0.002114301866602015
0.4428964449560704
0.22115026513975128
0.009239660941100519
0.0838752679352207
0.18168956700532843
0.0
0.013661401827549777
0.04748710152101136
0.15616757331286815
0.06302625157927425
0.1311663746276321
0.07361995170237647
0.27037126759327584
0.0787828127940646
0.1822949688285306
0.04456628977059143
0.3688172419841135
0.08560502206391371
0.09077449312720448
0.01056313435282237
0.07457196692836446
0.09193618390123835
0.06462475951522899
0.21310506029905793
0.10807591791792297
0.026105554636151315
0.011424627007427813
0.0
0.0037756375066839805
0.0
0.17888384824928122
0.6717341769003946
0.04357044119242626
0.0020543890839012646
0.02028214472041771
0.2400598775608168
0.350751758896523
0.16694989966371543
0.15621699145122117
0.02011390943052064
0.03191136437882633
0.0324112629720531
0.05043603057955574
0.35373823865266973
0.4473557550330882
0.013824504717605714
0.04748834657614348
0.022834003120785953
0.029511058321051914
0.0870669315364623
0.08958946001137805
0.18098109935538317
0.47497880289632155
0.054369143508491424
0.047619590087117955
0.035883400957207205
0.23752616313145866
0.3799602155893536
0.1285284822812918
0.011330934961393327
0.06705375307464509
0.08484259943754777
0.05374735182130016
0.03700985108244021
0.04744094890106026
0.049670473972463686
0.07362144311588553
0.21180470875072424
0.37337898967348393
0.09128096722250789
0.10092566193733572
0.05187595260144118
0.09767024614524074
0.03363120492518685
0.0454900584326778
0.3252367246711737
0.1524076559204323
0.06438665627669243
0.0875432191748654
0.1936336708162971
0.15084760442612946
0.02926674639301262
0.08999967722725835
0.16794757877573388
0.05733681241196804
0.19539793559225768
0.1897343651191911
0.11946862945543407
0.02784104069116347
0.03709677895283783
0.09709013110629246
0.3656951496567331
0.17682615529018927
0.1565135023619668
0.08668309428358305
0.05225369274366528
0.015511088837024305
0.0028495885831228227
0.01747197910015713
0.4715422595142185
0.35630806728940784
0.026170169801234412
0.09963306746892195
0.010513371605997081
0.022621903651907208
0.13138236968818096
0.12608799072446925
0.35134099266410523
0.303463272189034
0.011912371367380346
0.030532594657995005
0.022658056888858417
0.18245136151630006
0.08948231336533538
0.16692815551990756
0.11720330349711358
0.23018267483498672
0.1205152405532513
0.07928711949365723
0.013947008543415634
0.7671523088381341
0.18129561714441136
0.005560906034647302
0.003416909119010646
0.0
0.0035968678929669015
0.009057727009637898
0.029919304449907633
0.43976132026593967
0.15302181733465992
0.05851326961239107
0.001202694916922477
0.12401966334011758
0.030513686216010402
0.030763007887813654
0.16220429701781097
0.16004450917253701
0.027271470800847266
0.1722795180025945
0.08894578028652597
0.24551684801470888
0.07124539220371504
0.14400186030915763
0.09069071843476734
0.20442709563363415
0.09129993790211804
0.15045697819939582
0.0980201220060529
0.24216134390054
0.05972078358318334
0.15390970364473827
0.0
0.05190007670836931
0.002049257278348168
0.013184295634702007
0.0
0.002519095802619595
0.004245625412565716
0.34137756101487515
0.5847238926379632
0.13036730836131405
0.03880213774456841
0.1332045486746882
0.2096974747005657
0.09154056164923016
0.12791914699979234
0.16666968595629467
0.1017974197337126
0.23412346000369494
0.22199340310347615
0.13007362994679225
0.03980081537387628
0.18647161242215685
0.060089793058327796
0.10083099629109361
0.02661462530474606
0.30168203989522363
0.3556991385638052
0.23883817987948644
0.036730423136312244
0.03056345781375192
0.0
0.019751134661046665
0.016734372539833793
0.1249997865205515
0.09698349848313195
0.1049134058609095
0.14322232647131053
0.180697445808586
0.15809350500620348
0.10023503238139954
0.09085455714067704
0.0
0.02772928811283401
0.09215023947744996
0.2971953655886424
0.3044634353391941
0.17130729967104133
0.08781130953962271
0.019342541473219985
0.07453786652290993
0.046146776077373046
0.1233302746410287
0.22591918277565995
0.31107931052879517
0.1817531001003168
0.03155281328124773
0.005680374165851779
0.09531515743989011
0.1303771465299222
0.26589852158546184
0.10120695462683406
0.1315586511505054
0.1418401474147232
0.10024307185291173
0.03355965509162236
0.07922338398471351
0.029605259810690423
0.0362775689389523
0.0074598704934381
0.060733383256865635
0.2801339455229092
0.3830877955078403
0.12347728271297315
0.09411625248532358
0.01834453558799581
0.062206777754218484
0.0
0.13145924560923528
0.3609584683801922
0.22707048382655207
0.10584248618562632
0.073075998844149
0.031205446592125503
0.05449697417120616
0.03867899605814693
0.2744146731952014
0.28598636793199866
0.17623330079019794
0.06590612839920253
0.09252285935082961
0.4372239217348601
0.28074721886540466
0.06862172573696726
0.057472564600860226
0.027231862816145643
0.03617880433236358
0.0
0.4582344344614358
0.4344703946627282
0.03911662227180611
0.0
0.005172531828512912
0.0
0.015994762545113048
0.047010848654817604
0.048540794624480355
0.016460471475420683
0.13871998657253468
0.31732865323649306
0.21204613478808215
0.11272882992319205
0.13116164783026144
0.02301305145670618
0.10235630180988105
0.01550257197917761
0.008744682551508438
0.006435517053986338
0.22838693685459044
0.00592566767985649
0.47702652012434105
0.15562123660496177
0.1330283710884759
0.0681515966272322
0.3817779561616517
0.02591828876449286
0.06286108517291089
0.07888954803953802
0.2234508422717545
0.02591828876449286
0.0570349823244435
0.02185324564126774
0.0005055455291503819
0.00746490144371552
0.005777604845222343
0.011168495464564
0.38839366303815864
0.5078013329296839
0.020381787440129348
0.011012394906509718
0.01857753077346041
0.02046111419136717
0.03478104668620726
0.06638173203675304
0.7269477876716451
0.10145602099496799
0.1750507202653113
0.1982817030464222
0.38050930142664835
0.12165059292392426
0.0
0.005910902175462145
0.026042708884523015
0.09255237947881231
0.04507892395181609
0.059278123809226445
0.6743809133847983
0.1496179607930453
0.04192848851119662
0.004861172253336735
0.009928417310457072
0.014925514106093541
0.04651633362010155
0.2589581025057526
0.23379898180885073
0.2175508338857336
0.07625987562944384
0.09899014922174017
0.036200335597300674
0.031724878929690115
0.05184807004972861
0.15128436757894662
0.17840790844058108
0.17065513241157654
0.3493419223635116
0.06254180573437372
0.026909622578347187
0.009010666024912791
0.03676055974572854
0.04109881020852117
0.042228745405839055
0.06511914693146047
0.4253093948236237
0.25703303632769664
0.11893630914434657
0.013513441113814513
0.0008548676697735099
0.02040826171128072
0.0355427480316044
0.0445305755577012
0.24297920370252685
0.29208465702425035
0.2961961510129273
0.0674029881746271
0.008264078548030018
0.02271290664248737
0.02464221617657503
0.07661855695324635
0.6119868867331636
0.19261631087607445
0.05950428998428752
0.003654186873003719
0.08434729958880377
0.0
0.0111044205284014
0.034948710402476185
0.06288070001550863
0.2656476583387246
0.3649293871439988
0.1761409864342027
0.044744630529985396
0.04947715983412578
0.17239321031448024
0.0806658395402701
0.3038313668066578
0.13233766143534756
0.21654813241492643
0.0
0.17584257468073874
0.4835432814718614
0.29937605641228915
0.0
0.026526710995101833
0.0060687360445027694
0.008642158930066908
0.0
0.3313498805276211
0.18276686418627908
0.047901724511956595
0.041400267211553626
0.02653553910401143
0.0710759692618573
0.13693424625204717
0.16203486088112576
0.16047766557777127
0.011546634867153504
0.029438258150964406
0.008164703793585549
0.19421416432565755
0.17208648207354446
0.20938301971864995
0.2146874190728273
0.09796440372014784
0.003789412327353017
0.03828084443529143
0.11828520827615911
0.3634671591702102
0.052135244325806615
0.23298268681465342
0.09309479840798933
0.005559420862852635
0.0
0.00662365439526145
0.2424372661973602
0.7369139914536321
0.0062699695524983355
0.0021954491516737087
0.0
0.07266676652419947
0.0
0.020052117351749988
0.14405359194466547
0.5095006505992961
0.06077694102652495
0.08061565670633118
0.11233408111195677
0.03765409070994728
0.05774061708490242
0.02972763456900748
0.010750171211518018
0.0
0.08422970784454369
0.39114624097828876
0.3887512157762082
0.19322874292638487
0.04121894991995731
0.008892227660862334
0.0
0.046102733398224904
0.11940737459325694
0.3176942788571476
0.2734550328392472
0.052892467227095154
0.17071680421379182
0.3352428126862016
0.21350881822072287
0.13491594684218752
0.030068698962752258
0.0183083498757065
0.044345724776897605
0.0
0.001586806915391306
0.08538078176094861
0.40094036614180356
0.3576329965810136
0.10959501712718854
0.04124510084771136
0.003618476455309079
0.018721258475225926
0.004012891188783503
0.0317810330568808
0.20885010795767409
0.5257200496023587
0.11659474467269001
0.07483823968580212
0.019481292508417496
0.018472314906201444
0.06815408612480027
0.08377499698123472
0.4786530389763085
0.30209344082025114
0.013978837064542258
0.00481077451927408
0.030062129446840998
0.015352991203225985
0.02028635031391814
0.22794053799448044
0.32345528681205543
0.25835932906351966
0.11943289954056166
0.02700387895294456
0.008168279486822812
0.0013105393576396003
0.0
0.021527270220243862
0.13911328487794297
0.4942553927360124
0.2731535090173472
0.05942074955200375
0.011218834866215832
0.37382061081036716
0.15031875532807218
0.11992096299731206
0.13745972292462852
0.01782122457380012
0.05574551863141773
0.020016296198087875
0.12489638840763838
0.11553625704466634
0.5202611591679492
0.2982211123678946
0.04242863972934878
0.01638041441071982
0.0
0.0013528739363450942
0.0058189311022116205
0.1775998654392786
0.3562859544431898
0.2908526690094927
0.04987185346824548
0.04107362350143122
0.035770434230921994
0.005185601074945277
0.043359216587406886
0.22606889530161886
0.26028067464587074
0.05221854907610519
0.043288183872981216
0.05751547627853281
0.02328678993126219
0.09622654119781933
0.24111448569005334
0.07617036855590051
0.00875750778171002
0.01938556993572439
0.029970616532868644
0.03329005012398652
0.14308045985599108
0.4344950761604387
0.2548490977809049
0.2989375324762626
0.011686901562414281
0.009702638196432925
0.021891897243363517
0.026957332206195693
0.023822455088405105
0.23810422268521786
0.3688964825897847
0.016626270281293574
0.11345102403847596
0.30741302192971665
0.2891259060624917
0.167986952586623
0.07868702014533756
0.02113793839998552
0.005571204446183512
0.004443100042045631
0.1857973281821616
0.19472280410865261
0.2823743108209492
0.2717202495043321
0.04753074033767983
0.00885090071530971
0.004560104838709826
0.16737260693754316
0.06453304152270585
0.07859217090390844
0.13142325590052278
0.062107301393102075
0.0765220569925276
0.23932709255693393
0.18012196069374872
0.0
0.0
0.007120154210937351
0.03280282244119619
0.15859009499940505
0.1818789794645939
0.46210117346654056
0.15750624794920395
0.03513469105823611
0.028897104560968688
0.0377856550134514
0.08300569510028012
0.2966587609210739
0.17296193140993005
0.2694343115546124
0.0761208897811259
0.1327669521112394
0.09671560275681325
0.11482360729346981
0.21171026685136693
0.07504244799059819
0.2429467232558483
0.06265562894382727
0.06333806563763987
0.02331186368722988
0.017852981231002197
0.07579893639705636
0.5145655217411826
0.24413598466518027
0.057343716539136766
0.026426612795818205
0.04056383679469153
0.03316752944664689
0.09896427133265598
0.0799963716896869
0.09677793796881548
0.6272652915855853
0.026666610591737062
0.020501342411345772
0.016660067355594128
0.09286216094655264
0.24712412345438672
0.19029351216021084
0.2581416654108356
0.10040286642283099
0.03463233497133252
0.03265906428259804
0.04388372090828967
0.13113112512273023
0.08419691447084121
0.33129644132913233
0.1513739610503967
0.09203709556701262
0.06106448657497338
0.05251299117339645
0.09638592484600036
0.029753037986951072
0.17446455385009074
0.5033529973109243
0.1464096237879225
0.12562123024615948
0.010710906749464259
0.0
0.009686924456464904
0.1645827697650739
0.34787423813850776
0.23980953134201574
0.12187598522623788
0.0
0.0
0.03572927129138792
0.09012753031615463
0.18131818337481664
0.3828457495096607
0.1254735608662196
0.08008697421140504
0.05261256002738547
0.0
0.02125387149572112
0.15640851491571614
0.6370636308796336
0.23869679333090457
0.0010068916976131595
0.0
0.001350886949271912
0.0
0.016069864162016768
0.10581164479134408
0.702827698574529
0.06076240942458703
0.023802323984825024
0.0
0.03821242696132203
0.014011836000436808
0.016088135893727155
0.14429405752633417
0.05351742682936222
0.1779217001647268
0.289856181837952
0.10903913461207289
0.19199314321528946
0.09577454304774419
0.047239659431554615
0.034657895822300284
0.04845726008546573
0.1781793295980815
0.32130886934542463
0.19665666675152596
0.08846236294601778
0.05258042449189999
0.10169030428669802
0.012664362353299922
0.06593131583585975
0.16084132227427106
0.33108045793179064
0.29435251092206527
0.08586898835994801
0.0046914331727670455
0.01951612002243711
0.0377173365533862
0.1958548929765346
0.20618455493371435
0.12271247040442101
0.03979811032891381
0.0700829985679208
0.04238797694726989
0.15874190159312157
0.1642362475891016
0.0
0.0
0.0627746887642514
0.0
0.5950750345256334
0.15581534826796917
0.15046747408752
0.035866555667160224
0.0
0.0
0.0
0.031273062352964835
0.11289389490963575
0.399410493186912
0.411413750483185
0.04500835213028163
0.024327916236836524
0.020645985951851065
0.11089476305803943
0.12346282237951003
0.09396433638353392
0.11218963828168034
0.4258723312665942
0.08864147551713436
0.0077590332062165476
0.028109336760426762
0.004367389453148971
0.21327566741426143
0.47304550312887256
0.15952948626461472
0.06425853093766468
0.04965455872107414
0.019649265340502285
0.041248752555842726
0.2632961893285702
0.5080029911362204
0.11269924323945896
0.04925666418304667
0.0
0.0058463802566213596
0.03322052015907521
0.12445942503860286
0.29242351835455616
0.2647209097889362
0.20711513626147715
0.032006952331779734
0.03443916533115256
0.011613450832795589
0.36685087425320295
0.27587765632779443
0.2639448710736374
0.041355002688992996
0.002358279855171274
0.0
0.014353787434836939
0.035259051084084905
0.03908918202213273
0.0462768130236875
0.35041243195159494
0.3894309700961981
0.16656712643434865
0.0
0.003836075480219215
0.004386720072829796
0.05003636609118788
0.26341028194442273
0.28959752728534316
0.23963173494500478
0.10244826499281368
0.03509060572203576
0.008498623875469239
0.011285749769553231
0.20868652492611353
0.5824795588130438
0.16607315298732717
0.003567962530658972
0.007983015035483708
0.0
0.008881748692160114
0.02232772335291134
0.4873700818189912
0.04162783278533505
0.01643960940029455
0.0
0.0018894731218591716
0.0
0.01662620171502151
0.43604641875603
0.7261052572979173
0.11819750727798718
0.009332120214069465
0.006955752123122409
0.04399203856375269
0.017767696480066594
0.043956302080704626
0.033691918217145685
0.02606249407875958
0.006692639137330396
0.10209542586200691
0.2908749218585712
0.4714011586394763
0.0063882675353202556
0.08480190409730552
0.01168255027618461
0.05431825091167207
0.0693004872317344
0.304180421331759
0.1723382202244662
0.2043235060750252
0.13774572857772605
0.040505600004266326
0.017287014335230694
0.2919798400061531
0.0947065716244133
0.37220567452882475
0.027798365994325242
0.0526185639680673
0.026070454210584626
0.08140667686284876
0.05321275995135165
0.23330776922646457
0.0638638375845679
0.05465260197946287
0.005923096476242275
0.0037460950877402656
0.012564784637457336
0.40921678872075296
0.21672382753688382
0.17699709379197318
0.0645041359363725
0.07809650493764392
0.024489931459303175
0.16892595722099685
0.09420202717589717
0.2006491216338828
0.1921327496371397
0.12564755402567582
0.012776350783048434
0.03711335226286054
0.05239812772631731
0.1691586097647425
0.16741136261195577
0.3446742646805644
0.09081924812992127
0.027442095433947638
0.0
0.1084804830679741
0.2030939050393717
0.18453454294675775
0.1642753393078947
0.29558872968463645
0.01658442984533451
0.030330998360180293
0.0
0.028156909495722984
0.2575328712971391
0.3602898297033648
0.16595189303502383
0.11186993631644716
0.04586693560376865
0.028021501638758214
0.0376764343302697
0.12247948866583543
0.392561761152345
0.3596876591341055
0.05957261044954479
0.0
0.0
0.021097457731231842
0.0
0.03546934544445914
0.6110928446928326
0.33233986990387115
0.0
0.0
0.0
0.0944088529280591
0.16414055566844002
0.43197181287812975
0.22592059181673435
0.08026153158513737
0.003296070057667641
0.0
0.0
0.280733078870143
0.13489963850440925
0.15672808383124667
0.20857713724898444
0.15618395818747138
0.042279212581666996
0.020597267829278097
0.0
0.14048930179259334
0.6016707443043767
0.20362317224231072
0.02567870373060161
0.008582616957321659
0.01308048202028454
0.006874568582138226
0.0
0.47763988488168263
0.19520930200361328
0.15260669102503746
0.059409537606362826
0.016191705234298245
0.005289717074677613
0.025300955845056424
0.06835152924548597
0.7555008904736998
0.053361560188345425
0.017219721873627983
0.0029559594912939384
0.0005797113494838336
0.0
0.005000193384576117
0.16538159222370918
0.6411586423428675
0.07354021831049092
0.049200109421095706
0.023482786009212206
0.08743897844554521
0.0
0.024504248421314764
0.10067343285550198
