0.29748772681493363
0.09276716981002688
0.253621297902534
0.03769149426916395
0.14044629310810214
0.016528813852025582
0.10759957511801467
0.053852898302694435
0.10695364756445863
0.023450600033540235
0.188047948269498
0.014009047010888485
0.0979522406239315
0.04600603691733298
0.1304688571931868
0.3931112971443843
0.36602286341036433
0.22680319701926366
0.014649606826124411
0.00931784839538291
0.0601950760252297
0.09174479156571884
0.029467092077250595
0.20179913497322324
0.1735796823044474
0.2536231094974215
0.3393485347926392
0.09847544422495269
0.06531379941590337
0.004635167093745916
0.05445312891213395
0.010569807096540778
0.06289918645120829
0.010521164059097613
0.22678021145291408
0.4014922698157262
0.26482720465813736
0.026704114623520105
0.0
0.0067747973363587784
0.044700209406262334
0.010989697736726103
0.060067356547595534
0.18006643227329366
0.5301372837912112
0.16082999856364788
0.01320797320289728
0.0
0.029344574233562418
0.003453498090548883
0.17852520290476787
0.3169846493777026
0.43437644989137175
0.02101311023374374
0.006906996181097766
0.00939453063838873
0.016286771047183856
0.0
0.33358804227468475
0.534554844067952
0.10556216200737883
0.010007436064695592
0.0
0.0
0.03324776926183483
0.0
0.07530222421145633
0.7276518808981385
0.16379753455711685
0.0
0.0
0.0
0.020046125643850263
0.0
0.175375679373286
0.5836917610674349
0.22088572116429486
0.0
0.0
0.0
0.06008048685747148
0.012059535489059506
0.23326850882135838
0.5092568865508448
0.185333764163998
0.0
0.0
0.0
0.059886086363156676
0.007673131960672345
0.07533008762239791
0.15359049719489937
0.5027450356014567
0.20077448025136216
0.0
0.0
0.04802341844528602
0.0
0.08882259405255084
0.22653275538746295
0.4617122044049093
0.14035261371030264
0.03455588408590542
0.0
0.08229861587715492
0.0
0.0
0.013220489259110273
0.024465196536801483
0.2360357720730238
0.5051890966922916
0.13879014552117427
0.3267766872772676
0.07739169827299534
0.07415190822372214
0.1099665873100349
0.058924477030562215
0.1021179962381394
0.1493465583451101
0.1013232515177061
0.23225027069155277
0.055149816863854305
0.09174805808109529
0.04690806795968162
0.17852193663315322
0.11026494553616904
0.0978329457968309
0.18732317007233898
0.10813332150897803
0.07556045497524305
0.17786869005072792
0.027865318465950473
0.30631841361718487
0.07895921482697807
0.11193804176490432
0.11335221945717287
0.18353504491824266
0.004917343523416671
0.22630025173608523
0.11565697613128272
0.09554550182133302
0.1158043328656827
0.012116656782210406
0.24612326280177566
0.2570929275399484
0.0053204538867706675
0.006608592034874164
0.004000253204883902
0.049661426205951646
0.04078343235413733
0.11917642861164167
0.517356241969017
0.17734909940993188
0.35754095317853696
0.32886908578114404
0.1254383344529368
0.006315108085839354
0.0025144645230397453
0.001972508240898631
0.0
0.0
0.00524245457958863
0.13405852127317425
0.498559926316347
0.3311500874721986
0.03098833932450535
0.0
0.0
0.0
0.0
0.07566027844402765
0.20756601002373445
0.5216752990392892
0.16754114405459047
0.006248227644335854
0.02130833388774824
0.0033697919824203317
0.0
0.22027632673952535
0.343344863638512
0.3463471472810527
0.04683488181987886
0.039826269649654564
0.0
0.007038453235805371
0.04458915832984572
0.3731683684374221
0.38600391455319627
0.14834297926131873
0.011733148986652224
0.02912310459449051
0.0
0.09833776600030013
0.08926032906763917
0.15460459191239975
0.29737740174233585
0.21833855361182758
0.07857806200146428
0.022825766273202753
0.04067618154432505
0.062477022648857246
0.059778266804747855
0.25636616616813535
0.26162842570754224
0.23660427383223828
0.07871946510844777
0.044424910641260695
0.0
0.05862422408488799
0.16114376912695783
0.2740241484312663
0.3238975683960603
0.09307654189809172
0.06615613460140664
0.0028084892365348468
0.020267853247630814
0.05837089773529963
0.10333249524187921
0.2315601197232414
0.24305082469606717
0.2286305679021734
0.0
0.08514929457249933
0.04990460937092528
0.09452288051474698
0.07704706219864714
0.10727303060750959
0.09395572526837197
0.291487517750132
0.11756333391034246
0.1684982632264498
0.04965116768019575
0.07795313922275349
0.01843565643126402
0.011802219208927298
0.007124909716654398
0.040571875380149364
0.055305241953817405
0.4618213274835248
0.32698512704155636
0.2262281431969067
0.019922219582381395
0.0060001164081477385
0.015018851318461871
0.02289186471815919
0.07881607121918412
0.2147213687073204
0.41640050618268887
0.11629952498554258
0.0334906732966496
0.007636701299184883
0.05384652039765197
0.14403005640338024
0.10889137059051729
0.24184225341582294
0.2939615440657314
0.18614036285527016
0.012406982949592279
0.2632954634625071
0.06871574522342369
0.1840032620467006
0.05255682011706239
0.19245434346101803
0.04042346879874721
0.3311498537367234
0.049762602275424
0.22616261650238265
0.025400396640245106
0.1560119486506246
0.035987301091613313
0.09332392417568829
0.08219741420651513
0.60665249011624
0.029626226473131508
0.0060049689702407994
0.004961671509792093
0.0
0.004876548852847491
0.015088303360147017
0.33278958323683977
0.6734826721037235
0.15405277280223995
0.049204491322708446
0.01253447064620861
0.00991379649926231
0.004088802200098865
0.012909038612190605
0.08381343244688619
0.20032371188527384
0.08900133416316776
0.22451833922739473
0.09456429495817045
0.13766019022845505
0.0756926349064193
0.08906468546244785
0.08917204490746972
0.06527412895843449
0.0
0.15046634580744217
0.1451283056033111
0.3265007919749056
0.16193914211186236
0.11134179442820713
0.03934761121278383
0.058002227951058874
0.07251264629486526
0.08691892779019775
0.11356094769355189
0.32512799162821987
0.19019016860284083
0.13828863635358202
0.015396895629411758
0.09012856671978228
0.07607337162179266
0.10568699110985924
0.2345416612345098
0.2607891579611835
0.10949634027715183
0.07858483377198736
0.04469744391032779
0.09496371292007816
0.10198282242657926
0.1732933908403926
0.19655269152842908
0.22870858809807165
0.023075784684235726
0.09678126080431164
0.08464027312782407
0.09852941703920289
0.057945983072663056
0.3080999267158744
0.13523415725390733
0.13875742599873758
0.088537215248601
0.09775688896312387
0.07513681543488289
0.21163191927782485
0.07410793056830753
0.1668397510183769
0.08561064830333813
0.17325792651561528
0.13600577117230508
0.07275100203814693
0.07979339399441035
0.1318931534633707
0.09109799397442252
0.1357662432620373
0.0769882756285179
0.27116235716029247
0.045377594203992934
0.15201313618500817
0.09569886782274724
0.259421889972585
0.08945231387724967
0.2627613763421664
0.04458369752379041
0.07129046738686654
0.06649717807511704
0.11548468559582438
0.09050668998618862
0.2567389153881338
0.07377944623911431
0.030554391554262723
0.03263754945711676
0.008580184259285615
0.0
0.11579972111436604
0.481909253519698
0.39390130808308194
0.08313173191650164
0.06571336828937048
0.024145809995204166
0.033501431341059165
0.0
0.10719239547279773
0.29241310862224723
0.1395274430679012
0.07457473684332996
0.06654107851347202
0.0689707867332152
0.3087534858778093
0.006189893784635569
0.18890911977406874
0.14653168375461478
0.21355956155250838
0.0
0.19909438029938092
0.06483466766609525
0.30868640948106396
0.0635096732232772
0.06816701631786913
0.08214325955035669
0.2696000774848776
0.06423566396649126
0.07019842589103621
0.07957493068086124
0.2546333933911576
0.07124530163437684
0.15321904778184992
0.037289883360155096
0.45967811127047353
0.04480321018107366
0.0007693818538378446
0.010159303702443506
0.0
0.0034846128645212035
0.22405693904409835
0.2570482669923085
0.3979569844868366
0.1434859829304367
0.026183588231152535
0.06458766559601438
0.05637880052560858
0.0
0.04158314223756952
0.2698231060541309
0.04914917692868309
0.034796881783378746
0.12627042716942155
0.3118049081145496
0.2094655069406473
0.09404479109587181
0.14454066907463778
0.02992632976208742
0.02210047355268233
0.018832200362634006
0.17682435789273515
0.23885996322281938
0.3050030181524364
0.16956218250816033
0.04805562762178787
0.020760776124802156
0.033439958999017604
0.06343218413122903
0.06465969877731373
0.19192876726203995
0.33610526392206413
0.14955302520536512
0.14768346235937999
0.013196071056288719
0.16222788679299135
0.03348273929240739
0.10816651455226978
0.18381067057679393
0.22480730582504427
0.14020010208953748
0.11990629437581292
0.02739674180535297
0.08343941956495506
0.06513851084577213
0.21648350232709843
0.25394045281361866
0.22281906934396636
0.0933188383725016
0.051931206465936276
0.012927830172534432
0.017822282271405806
0.031946908314546225
0.030453377861763553
0.2678657614189579
0.502460254580821
0.09462139994074763
0.05482899375390341
0.0
0.07927725979540726
0.003401979312780153
0.14393013379648023
0.17370853000637207
0.4762738203324684
0.07776948136472109
0.03012240903765878
0.015515412650830184
0.11065699884248101
0.024739885191905918
0.11784834411436558
0.168829429542913
0.26191230457404724
0.19292792006085563
0.08079638189707958
0.04228744156115266
0.162255380947309
0.11982410379529052
0.24048019920204192
0.0653109941227193
0.1990573526054888
0.06136571026793055
0.10063571432888406
0.05106894801299713
0.26332024310032276
0.05308414276410221
0.03740147306259229
0.027209224558695223
0.024774696253252338
0.13018274932371468
0.22490133287328942
0.23912536025300152
0.08746521458695437
0.011085611533039838
0.021188549089178384
0.006015356164566202
0.0
0.06077493909611765
0.4577475702893503
0.35572223042625506
0.19923675496783963
0.06597876467804095
0.10944780262184622
0.0834610447948791
0.23511117953127125
0.09991486237140684
0.09039674849312197
0.11644998668340648
0.13682467805377121
0.04701633182379925
0.2598406943486542
0.058636483187577706
0.20220358179675993
0.017997016801162728
0.2265728125867261
0.05090325035484564
0.12325670376040808
0.10304290419975932
0.18828819318875062
0.02629816888544505
0.19627266366254273
0.11177780557860806
0.21071992757299654
0.040339551075981035
0.5087983381499559
0.022539633669404674
0.007416584110799894
0.0012068543118207225
0.0011708206876773198
0.06969166059707135
0.11436726581532258
0.27480865532663745
0.022362974652600426
0.24726339442122117
0.3832366289571651
0.18561790781280488
0.08043339136248899
0.04583761146449906
0.010255825632449181
0.024991935879090623
0.003172667374475141
0.0013913066983390137
0.16333431088268335
0.33212105935696457
0.40534978786745124
0.08927599900366873
0.00535447060121036
0.0
0.0006105252441503061
0.003559943204577279
0.035308315581278844
0.20886160270601004
0.5143051018279835
0.18600014509564833
0.05135397560419549
0.0
0.03658788734787465
0.00421163305027776
0.01335663598606878
0.03339530485031924
0.12283057876007754
0.39324252227048784
0.323014697916672
0.07336020072919179
0.04903075070438834
0.01474486266180912
0.15854716748858444
0.24798495610664528
0.37085477599726524
0.0747452032028088
0.051618438404077205
0.03247260633343288
0.13595976372770327
0.2447708328439163
0.15711924382601103
0.21932333042289406
0.13128566142398376
0.012596567417600386
0.026892406924488303
0.07205182734576372
0.009360984131094137
0.01421715064722335
0.05918036459361766
0.5002760952207969
0.3366155352985164
0.052616330832112666
0.021528232316363367
0.006204917557252575
0.0023348971657936733
0.006348153643923589
0.05428631902353665
0.3313555973823963
0.47333573608311336
0.1280774072358898
0.004261515881800151
0.0
0.0022791480900872653
0.009510294350772898
0.007289390565601332
0.30663302917957913
0.5264031139620089
0.08883030617963455
0.05569196704682587
0.003362396849733319
0.021432552311833452
0.01051989001831968
0.019921325349236595
0.06702636507805962
0.23470813586330133
0.4167810594120404
0.1787003041459831
0.0509100532536115
0.05653132073181332
0.09644424499222402
0.11708207526178271
0.1052144461571346
0.18020857877937715
0.17383018406939033
0.16182830942013932
0.10885944409353367
0.06004216997326385
0.0
0.0
0.0
0.020378405633509598
0.12190720052613156
0.6021776331661153
0.19549417396583024
0.27480379491825563
0.03299339306103047
0.020364108749637965
0.015178509991415767
0.13499384417235843
0.06338842983501475
0.2646722751898797
0.19360443917843684
0.24323846651549907
0.08312251701521105
0.18334752839487206
0.04490124995498351
0.23428385957523815
0.0
0.15937917727184134
0.05172265758538119
0.16634864958133555
0.28587570449472677
0.013968174391961284
0.20016664097975148
0.16269678587242084
0.001456213447378915
0.008734919971917866
0.16075265277670167
0.10396672467814916
0.20949613398421757
0.1400191127095746
0.2071813183306981
0.1987456072628845
0.08813512101538204
0.022493287113091242
0.029962575768484632
0.16289303101464425
0.0113018939042226
0.0770215898904202
0.12890258516424005
0.339999857783671
0.17038588169986332
0.009868065042210012
0.09962689251088466
0.08229995789600494
0.03924307165642327
0.0706291458088593
0.4953147478851182
0.20035803236439226
0.05937898264809502
0.02776562201523457
0.025009962570562396
0.10004310019737417
0.08097127526350723
0.11464877189894006
0.3422402517380779
0.12482018577579516
0.05283046402104095
0.16716413506214467
0.01728130621447791
0.006085177620980241
0.03903475118939138
0.0023127233941998534
0.08042848734292644
0.1408533655253382
0.39434351614758867
0.2954530498893648
0.04148851837240806
0.0
0.017347436992442393
0.20196596578817136
0.26769411528923287
0.4280714509350599
0.07714697779567675
0.007773613457426042
0.0
0.03710138574774098
0.2957279969075923
0.28360898135209206
0.12116957778998048
0.12344760953870783
0.03309552243223042
0.061534174018378775
0.04431432001797349
0.11355391776017178
0.1334615775321362
0.06109461495021389
0.15225805569796855
0.36083074583489716
0.05887488176833662
0.058473203833595035
0.06145247981950679
0.06593876887504062
0.010043637933751397
0.03818264954185198
0.3652617605266015
0.41830741275203387
0.025967064719470138
0.06007124605333553
0.01622678098344124
0.05761914025246824
0.0
0.030760997216177813
0.29227252500172873
0.40273522056935906
0.16089253504729803
0.04678902979157476
0.008929883216556501
0.044054658509672225
0.007355370026658433
0.06845052268121352
0.16190345188844668
0.16690707729591278
0.25227641439044535
0.2497210988583486
0.0493309939878048
0.043724503076795485
0.005805699783623748
0.018824462786001615
0.040828973528402514
0.2557478664100688
0.4085075551088538
0.15866201277370517
0.06789864186795025
0.20828040994115876
0.0
0.19605955387447718
0.2786399197979603
0.13962520012632215
0.022262655559455065
0.023039220682011054
0.13209264756251027
0.10300953402042276
0.016415473411365435
0.0983889411001323
0.19320684019509193
0.30690721717502284
0.1635077314494972
0.03409671878996223
0.08446712493465523
0.18332560869078748
0.02532623355777844
0.14121535020435266
0.07338681242466616
0.2540122764082395
0.148600302282258
0.15191634421140737
0.022212576711117923
0.1506200674289516
0.003598103806378253
0.00803152950110235
0.0
0.01272774147483963
0.2577846055878206
0.22473243354306444
0.3425052953845126
0.26958988399255457
0.05563245344626785
0.025317298440208587
0.07133608539688892
0.11884815198367929
0.008971961642564315
0.09949970051759317
0.3508042714140567
0.15898350088187754
0.07503970563647623
0.007134768746951132
0.0712155136210233
0.09580629242746518
0.2007801887497785
0.17411110090457232
0.2169287564106551
0.03763324128678584
0.04513861819190708
0.14151742270187198
0.3515123446834801
0.25264812192122527
0.12685383539448386
0.02975219428680785
0.01494380223407829
0.0647537783716656
0.14196027328615204
0.4422219476104944
0.1871692368570891
0.07320303258069387
0.05515394172555322
0.018229528251541092
0.017307763653332094
0.18849433435087834
0.0971700310179442
0.2400136672996598
0.06792930248022372
0.019753794466776164
0.017510335352001135
0.1544341101446319
0.21469411624754423
0.03646347775157842
0.017123093137948808
0.18678496203270076
0.12435049489873364
0.20517030892010313
0.11174499667715877
0.22814437815396946
0.0902180215075801
0.2449128677701269
0.16949846550950384
0.11813047859427891
0.01420795379888511
0.12279183500081556
0.10796562010803656
0.09709958465575987
0.12539279717996524
0.01065838275230164
0.021846965140723713
0.05871421661679331
0.08434928756114068
0.15638622871319605
0.45402234290148263
0.13164591694284222
0.08237611104380196
0.057069155993261046
0.0
0.06624196487875172
0.09342118937741477
0.5415802195154494
0.19732637421969393
0.015796596430740394
0.028564031901065115
0.03533568527833889
0.05468347252821056
0.11414559906487369
0.26358541581267325
0.36787518026176147
0.09413377023414807
0.0702403822857282
0.0
0.0957581134279556
0.15650268930181768
0.2147107459955633
0.07590890155833324
0.021774757994480243
0.11086870302270102
0.007099081418652393
0.31737651911611253
0.1712883159317141
0.287339235760375
0.18145245042949273
0.06011979608323139
0.040778771172763566
0.0
0.03659816743573685
0.22242298567816224
0.008831947345668414
0.07437984377577625
0.026985323928024746
0.11751904627190543
0.32366605874288423
0.18669064271883845
0.0815167703041744
0.1804099710862142
0.42229610705388
0.0339628844369085
0.08001780886197486
0.03373678732652442
0.13050945322658047
0.003208769434849519
0.05906369000454678
0.23720414746309554
0.14673073251679
0.05878527292238626
0.25759446776904577
0.03000585139356941
0.1618965431046581
0.14015005590855265
0.18181898047792083
0.02301343831469401
0.6737913688057642
0.04935854886482949
0.055727350715901444
0.048427423183082206
0.040707711684094865
0.028128334410545228
0.08044114152636844
0.023416686356280338
0.2642011182097453
0.07177644868728407
0.06273148982907326
0.025660531904471824
0.007729061361187962
0.1936303472941752
0.2541994615707429
0.12007142336714635
0.29132761300575394
0.04969111277393748
0.023758604540934286
0.06023302868565824
0.03188403694986783
0.09595926127819865
0.1652603405576098
0.2818856251010661
0.004433693653210282
0.0
0.05305524608944131
0.20662267450355473
0.3567595206764815
0.1513051037312802
0.2116277859626171
0.01619529364996425
0.02457107804671003
0.00879225075951763
0.3813668076598618
0.33071703055496704
0.13670526630310148
0.02001417032743316
0.03583914334249805
0.06199347536801916
0.32897483056885757
0.23053585947192623
0.2074869807530831
0.007139178444939577
0.005985935198198328
0.0011597362867705786
0.0
0.2187173133082799
0.22516211684790607
0.06526023096017881
0.030160807979700534
0.02722824383258022
0.017676359679510607
0.018895874469389316
0.1449092996576794
0.47070653197064033
0.15599826232553865
0.0016302334610402806
0.09149375088391036
0.03132889805144006
0.09210921174504692
0.12245699347932595
0.26757585414273444
0.23740661697800852
0.03436746591118706
0.02268286507612677
0.059328288442159385
0.025823488709999547
0.4638084293733232
0.2854666827807793
0.0924916530911406
0.016030047635595686
0.022462634172729257
0.01471165132260547
0.1619109358569339
0.26080049994659443
0.42733796904924404
0.06466510653146298
0.044981139426833204
0.0031294303414343056
0.0037752236360784563
0.03606394478357778
0.45160380006649403
0.44136143216135065
0.03751724689272647
0.00921649526695439
0.02046137396419282
0.0
0.3010475971905107
0.09188885875674475
0.1925210422842947
0.11196599016461514
0.029628389907666777
0.022010501626576112
0.019805237379559273
0.23113201020911195
0.3416145504986824
0.11330622871249045
0.1571529147697295
0.02614734201045913
0.0012901472717770526
0.01572261338821689
0.0053175819244771156
0.33944834619274944
0.486309356092163
0.07331355640011983
0.0729912913217048
0.024672537925714475
0.02975440707077267
0.004496398769875143
0.03371826485050233
0.27474354409694574
0.33391010836616714
0.07240787518849874
0.06251787513749939
0.05362898680655786
0.08397038099706912
0.010091983273934053
0.033903839996046396
0.3495686516728726
0.09940663780323293
0.06681837751571033
0.10290122438018018
0.11125189483379379
0.26088818531861574
0.05491299663278252
0.14866050793226984
0.15515676806425946
0.1744752206339654
0.10022763967597852
0.06426384746897276
0.1042811106012196
0.25455942248331676
0.10560391533682427
0.13772874213657543
0.058856131115185895
0.06265506305220088
0.007696961241368885
0.00030640931004649813
0.030977604582774584
0.08058819653715127
0.2341170171801973
0.3865903607003531
0.19706824873088047
0.060057575401874806
0.02659256053658628
0.0842583455065666
0.15550774021469488
0.2707975522899886
0.11140680262461188
0.17875958807671646
0.11261968307528737
0.013194660926366893
0.0
0.061680984361523084
0.28918780124742127
0.5247838761356408
0.10214400722413229
0.0072467584271652076
0.001761690560346817
0.01616030341589193
0.3542381735359266
0.1564945589201948
0.0906265184249139
0.30069905664457725
0.03769577125421574
0.039907615157664444
0.004177806496490303
0.2809465095389699
0.36446421850932287
0.1926788160062003
0.008221317009613519
0.010664141784403518
0.00265904035882342
0.028599077615542697
0.11176658732325151
0.2209742192567752
0.06278843127225532
0.02368435722042803
0.07942111326149828
0.07583204228040033
0.04459360745006734
0.12149541780606661
0.37121029247549786
0.048042007050903036
0.019832925301429945
0.0026138252329894625
0.0
0.029825775671323107
0.1925635946445405
0.4882237406754229
0.2188978701684063
0.03263532670985446
0.06121290175129554
0.05318408443589416
0.23333025539638758
0.22325174377916596
0.11994447862294598
0.275540205958798
0.0009008210323019404
0.018465050672331767
0.020536985655641736
0.05054036980588638
0.24135411486807165
0.5085644398240603
0.15560328405966664
0.0
0.0049355637002276185
0.024955735585257974
0.08908917033365982
0.07800581975965334
0.5528537143847986
0.1382475126851311
0.07761544749706586
0.023816498365078667
0.015415914024963303
0.01673029698199363
0.35615565420476125
0.37018881725851155
0.0960850674835649
0.11714265168298345
0.030783452767931235
0.010853865301493865
0.0020600513546536817
0.37304910420044424
0.05785867939142339
0.33595246941420437
0.05661171932009123
0.050259965312819774
0.04211947115344682
0.04010570380057469
0.04404187045570975
0.5564225457770692
0.372524315934859
0.02823943088634958
0.0036454478413170534
0.012374586222932827
0.0
0.01510739780408028
0.01168584229007792
0.39824976605499557
0.16927557166588603
0.04383659131468257
0.0640303936561437
0.09937233744179466
0.04227489622542994
0.01228709677629536
0.17067306355242506
0.12299893104990364
0.005991223649340441
0.06614008766561096
0.05792400112483043
0.25646663134145836
0.23160149245400313
0.19442076337384062
0.06445669483306651
0.026444565270097264
0.025321670892866775
0.06117367718833608
0.012706454932914314
0.05861917888886981
0.2828791254395073
0.4612637424737949
0.07159046868802783
0.27245601900006383
0.06509843631500511
0.06003116960658281
0.05363446605485232
0.03096418244407693
0.04858123477890363
0.20494691364717596
0.2642873406831071
0.043123936157467006
0.053188390715594926
0.07487099721940565
0.08355230360253826
0.09170874432156634
0.07731227875315665
0.09967109131987889
0.4765711689750403
0.06563159498112159
0.11193416320451029
0.024937243758890542
0.07363117802433601
0.2987239065287276
0.13770121189384352
0.17496031638960008
0.11247919900296538
0.25446052622626597
0.31537192691189186
0.024220700036230218
0.07285432115126016
0.1068354549429166
0.06624614275947924
0.12001094454714636
0.03999925137538088
0.09348034777264039
0.08930743039788701
0.06712005302086815
0.21056310762034564
0.2552245631202022
0.2466601557343042
0.0328929539163558
0.00475082380565613
0.022519535726675796
0.0243392829218298
0.12195802535319974
0.5591568450385901
0.2156537304978295
0.041064360875117695
0.0
0.015307755166136675
0.06932462111735549
0.04574757208847539
0.018791023315965216
0.108314124944955
0.45731589403617817
0.11413829330067649
0.11083598430477974
0.07553202872779655
0.20907737011146774
0.10853974133986226
0.15771274619929299
0.03264881875311445
0.08930269741701247
0.0351334920511779
0.12214332114215225
0.24544084294855717
0.04885661530828402
0.06991064703218168
0.043609782161116536
0.42757647719719155
0.15831441697853868
0.060889230959773666
0.16737814776141463
0.02346388169554544
0.07649652328736714
0.0803314136025578
0.17097599532871852
0.18295946550402475
0.16216832739438955
0.0852682034864293
0.1809342839540865
0.060864452250016216
0.09166054591074473
0.12259971246624222
0.13812783994566993
0.16761344308437465
0.07660077854207976
0.0884532553760144
0.1854631059419836
0.1294791385903524
0.22269194669034276
0.07037234571728716
0.23497363391192
0.08315861347686827
0.19515957948490653
0.0569425529059513
0.07181436109568747
0.06488507120384807
0.6504857001624862
0.27921982437910126
0.04278747171386183
0.0019248181632500608
0.0032778471366012502
0.0
0.010300652031837967
0.012003296857059597
0.37886279253434446
0.05504439474583485
0.015318909723849222
0.006610374376346484
0.13884737369395359
0.1267024234929033
0.044732171993334874
0.23388127485581886
0.04192859532706144
0.04945834721822007
0.017776987658679418
0.03239840777504959
0.22397538093973626
0.23812769539833636
0.33209862491190084
0.06423524234647669
0.0
0.008496308408981197
0.0010951007967826111
0.0
0.04744845884515206
0.346154720308478
0.5507083404494062
0.04609682339817176
0.15429001109384702
0.005985169623938644
0.03960444605940193
0.017194781712445362
0.04776501682443904
0.15162143310643253
0.31778242983303095
0.26575639891764885
0.06111603649463545
0.03258649640743965
0.05133662692913722
0.00406120101843034
0.007900434419964913
0.06959537011061036
0.5263444654075111
0.24705905459235342
0.35330931377922214
0.21434430058663448
0.15058361841514165
0.03725110113575458
0.0714734715048133
0.018825285965713364
0.05340637163020167
0.10080526166062993
0.14525179427835808
0.2537935002965993
0.2243055728481597
0.23519751854524584
0.02911850956587243
0.044771671313184935
0.045604947049942585
0.02195573667505089
0.0515434968152878
0.27426871531319663
0.12150442932898547
0.041005002203934146
0.1554603769092212
0.12256629282099037
0.17175737564979043
0.06189388895951382
0.0844713311865523
0.13540445777451307
0.08494158031809308
0.2521902497045419
0.25029096248286276
0.14593862512905442
0.025472190561532458
0.021290138455819976
0.026459408003167508
0.007366265241424003
0.12633119650905392
0.09842870224008583
0.1462380204373492
0.25386748482317356
0.27684829562544094
0.06446019127298434
0.04754808909168386
0.12566072336102074
0.25123408987780105
0.06997240767462691
0.17095713833034826
0.1604756035729545
0.14787277703469837
0.02627809181927809
0.06850321437213373
0.007780128121940621
0.0
0.008870710782599487
0.07155204439466988
0.3202917679908869
0.42031589805182684
0.10268512288465624
0.09831415898917056
0.05424249049184398
0.0842813756031931
0.17618879883817146
0.26466388968539784
0.06718114615752019
0.15999428233855875
0.09513214383293792
0.03358191963287297
0.0446613222553654
0.09864715248679641
0.12244285745186918
0.2360051316571562
0.20263595421740768
0.2064120869965551
0.05561167085370651
0.1505572924694658
0.40900902648832427
0.1417948444957322
0.1762380814286249
0.04658626124985104
0.01654852986878116
0.017606847406630127
0.041658484461222556
0.44516723404551856
0.22224662235064435
0.1752438580982158
0.0
0.011144476069293075
0.03297959937332014
0.058079070437653146
0.055138567560395715
0.12035706872883
0.02325771764697844
0.024689100887694628
0.20858332877746477
0.4428360019892416
0.09074682164625096
0.06167278017947668
0.027856693329694645
0.13500625846342582
0.065559797633107
0.018459424020105853
0.02143305795311079
0.3240919307047222
0.21596095916841737
0.1523314988024119
0.06715642596044014
0.04967715436672044
0.03798426180901235
0.061493367284141266
0.07438624682281536
0.2578447570058544
0.1809395003856691
0.28782694684195853
0.0498472116903832
0.027150103011315582
0.0013059071493572013
0.0026118142987144027
0.021166420632625933
0.04265226136146043
0.58100670986273
0.30591883908205414
0.018187712797915517
0.16124403384062128
0.07274803565583227
0.02408046194958117
0.01514352360951156
0.08055798131895579
0.018530164899849363
0.31405984585450814
0.3136357835665647
0.3042340119474512
0.2786555272058366
0.07675385713543717
0.03184441563478851
0.013184822726970313
0.02654347662795648
0.04419058670271034
0.2245924784669528
0.05920234522060177
0.23155740397074995
0.4420454326123448
0.20274942203558755
0.03902835931999058
0.01563770912916579
0.0
0.009778961498283053
0.09222181154965571
0.10948237730793982
0.08612532217226931
0.2721434200029386
0.21141384029180424
0.15631819199284125
0.02571726176645754
0.04657725892973084
0.010276814871387784
0.02551668140864856
0.033024824973167936
0.2815084155241019
0.510350434232873
0.0872437323967008
0.0256691920458474
0.026409498500473957
0.06268497752079175
0.009552126062633913
0.1688211345680208
0.16139173385446282
0.18137049041198192
0.2416745438398094
0.12193720707666918
0.0525672418671574
0.015009778179017197
0.008889762276519154
0.0325395769009461
0.1668253307965335
0.39742616462561875
0.2268835775862259
0.10358313133171151
0.048842179365774584
0.00488407414829972
0.014857820747723077
0.010504258697259813
0.04640006429216592
0.08690560110839976
0.5050019682296707
0.24173701826704008
0.08970870027589276
0.26694034205915096
0.0646103892157317
0.035872455216632196
0.008599152309636595
0.11748667216830762
0.1450362956645521
0.1638465146426699
0.19760684393878744
0.04596772039728418
0.2651832015345381
0.31569742349313046
0.16414061580821965
0.13269477692463683
0.04717408277155911
0.0291413395087546
0.0
0.1755757697039739
0.1853764774165209
0.25697071252742903
0.1287228367955429
0.10106053121107421
0.01504345707859256
0.06611453471753627
0.0711351800641807
0.19623545060806372
0.17814856818891722
0.21933756316897218
0.04674132125386939
0.06952866966945191
0.06280184705790177
0.0800223425396624
0.147183682602158
0.016702745099320647
0.0
0.00572873849826674
0.0
0.07076067967304968
0.17395898618360414
0.3978016277248485
0.3350465999573634
0.08174259970968314
0.17856073126728486
0.02747506373314905
0.10768597284946742
0.2577937788101389
0.18248513242604228
0.09138395882161969
0.07287132869813798
0.13706663324903415
0.07491581234193789
0.07374298314637268
0.1272541435192873
0.21557062492616985
0.1403078087842787
0.13446577793332595
0.09667510655934104
0.042158094267043617
0.0
0.008400919793261342
0.00594034741845506
0.053470533325869804
0.35434037193906326
0.2991636244544463
0.23652518672447898
0.10740902307679474
0.02268265295935017
0.0015533296576489644
0.0
0.02677992256342007
0.15096481697054256
0.4250487848436352
0.2655613587813873
0.03973882016786642
0.004770152779165585
0.007110924066510269
0.016944941381516594
0.03240468691185082
0.24099383454811918
0.39531816064257896
0.2627180244032519
0.049308704201917596
0.004985969735673996
0.2621050801782753
0.2650848885278492
0.3171576070067705
0.028930343811245755
0.02842721899814551
0.04399964028457965
0.014881570048030554
0.009538626697089348
0.12586305256892572
0.22531966460641742
0.48012571447493085
0.09284806891507222
0.034166914534151875
0.017255864679849218
0.0010102698515709423
0.021972619693244946
0.056762429216261054
0.27222154017666317
0.548590958305931
0.07794946567197682
0.014753053184756098
0.006739340613243454
0.01863650979390942
0.03204485601548348
0.027651192747339483
0.6190036239036393
0.23133040267198707
0.018309735885054062
0.029801793463570096
0.023221431976290126
0.06215938550781393
0.03725309728460872
0.04898054415890829
0.3949207671187147
0.32591503009647077
0.07168315084473506
0.05600373891195002
0.0030838073995676425
0.045887781979692295
0.16096553279874712
0.042727136734859866
0.13725132112895913
0.32219415472018686
0.2093075414863166
0.021572133452710633
0.06009391350556581
0.26663767221372164
0.21301950479637685
0.25134091769039063
0.12098424359099115
0.07393507154700922
0.0
0.038137099163420715
0.03594464878453992
0.2492698665274485
0.23404689661423936
0.33956328333636304
0.05457632069340419
0.015260180552011891
0.038160862368172975
0.008124107990598286
0.06099783738862209
0.2345934013217499
0.07897735090714902
0.16587731303579237
0.14946159620507182
0.1130725299544403
0.04053562300745377
0.07366521955982616
0.14381616226430505
0.38595019314653406
0.3504144597586492
0.015678728885607552
0.026074418836211137
0.03629580848983275
0.044088719718738026
0.03675967602621644
0.1047376126276998
0.4245202949862473
0.0
0.0
0.0
0.03405187994815101
0.029434963299815778
0.26298914093559944
0.2490032269120515
0.11004702200997504
0.07725223366785781
0.14520000640159406
0.013919969739613462
0.2948812519334069
0.10894768523927496
0.05703700830020688
0.1927120055043074
0.15619228115895364
0.1116975610285337
0.057411823046309214
0.08619429503713633
0.1247193064785953
0.14518683132194962
0.2187747666483977
0.09982132425227373
0.08946758778430511
0.04705933058596437
0.1676062603761809
0.05681712834821774
0.12657830139667917
0.24450324753510436
0.19369260092675436
0.07427346319288759
0.24109195885095738
0.09425143073107559
0.08336501629147418
0.03141319042151504
0.04457542277794751
0.07320243376602635
0.23173213881632893
0.20036826458106832
0.08175113630420698
0.0
0.02254052205089439
0.028776326322117116
0.19353240616753659
0.20578832847613412
0.26737367175047133
0.20023721557531934
0.04989894522494199
0.025819774897072607
0.0294584924660842
0.05590042681035818
0.12507262441734987
0.2826514138319317
0.32399976383812423
0.10719796676311281
0.09991096932090883
0.07611794479125748
0.029344000015245442
0.29442881229841045
0.16134008457150817
0.04643897168082951
0.16654887196430723
0.1258698455739929
0.007424158283382178
0.0403380386833976
0.11511516592322045
0.2760720931181337
0.3218671465751531
0.09183230419587056
0.11329808703265656
0.034052631031590896
0.03425475912047986
0.07949860506003942
0.29778327017676687
0.2752661661495518
0.2722330343026435
0.015353882874982027
0.008952738660406788
0.016657122395343647
0.14372987171882246
0.23845637240632034
0.26173921277451795
0.06835911947038407
0.11456897695322693
0.03775989825996112
0.08536148817139615
0.05002411098262092
0.10858761523581967
0.17728128239799176
0.37406261424513154
0.18231689082659774
0.08715956323457713
0.003718366718030618
0.017882654449895438
0.0489903528667508
0.08928527318043462
0.1395564970272981
0.320151123424036
0.1508977848415768
0.1682060881525197
0.03705847732417169
0.07039055948706797
0.024453500436701785
0.1700637608729265
0.16035747684191734
0.16651842291917585
0.195388171237368
0.1050145363714829
0.039588596487233126
0.035821461146908436
0.12724679869107516
0.13970217487793493
0.15278864459313704
0.3076402569421044
0.10479846328697841
0.10321308859539768
0.03000869261760061
0.030164904840608363
0.1316829553722479
0.4718045391499899
0.3455062592321087
0.03974498332039703
0.0
0.007770274324568684
0.006614900131936316
0.0810091749514224
0.04754947063201084
0.8741579905832736
0.006132920591438952
0.011935611624069207
0.002253661199753492
0.03777152260946472
0.0
0.003577437045705391
0.06417040023734238
0.15768733296229323
0.05784929859954524
0.1776009708803097
0.15328168004791284
0.1806057279125934
0.13325542721865918
0.09467172252593203
0.04504480789465329
0.0267205093910066
0.44440255337599666
0.24613920313386187
0.14184236932015398
0.03320353627965248
0.02348609441632169
0.07211505977306149
0.012090194678215937
0.0232948414639972
0.28821878174712623
0.2670097590872516
0.09217227450367123
0.17052587517602893
0.1456095221039565
0.005633424364956693
0.007535223215090613
0.12476655035629752
0.12752629715423877
0.23373010220925092
0.36219819483160637
0.04049833965620843
0.030017972342475108
0.013942558816754684
0.06731945882632387
0.052548142834536855
0.10588512652481841
0.18506355349224035
0.21228721813573556
0.05280857715432643
0.06510431968988908
0.2155844555369334
0.1107180420560035
0.008966643362293051
0.008965487061662654
0.015328614019238972
0.05383452472069924
0.08838983490102154
0.13249909433499152
0.5180085376191851
0.17400675076647842
0.08196387981490529
0.015699274023380703
0.14694233942042936
0.1505787053106859
0.24096039091272756
0.13494692077991
0.18150165082803305
0.0474063395116151
0.01685535946254616
0.03113290190655553
0.18243787788444538
0.1457552454838566
0.27965099917238156
0.1636657052680761
0.11118100521923686
0.06932028128769786
0.008128151499588246
0.018323372980483078
0.11488095863447732
0.2771813434313525
0.42289012850640767
0.1088138119125438
0.02892996375535727
0.02085169127790573
0.08079087878604836
0.11789290963221492
0.2323532725021652
0.35769812777030013
0.17168539144635325
0.0034763354859179566
0.014690037526633086
0.021412429786689113
0.2946620137395037
0.14038383815251937
0.3192999320996479
0.11024375944914061
0.049857780372375475
0.0
0.018849524310191632
0.06670262386299562
0.06398274393985047
0.06427518331686956
0.21285145090912022
0.33448096806611954
0.2012170933544684
0.09370829538335675
0.029483286603932266
0.0
0.14024682363070443
0.15404103548460021
0.3568496046203783
0.06370864810211206
0.08811204778859702
0.0960182929117814
0.04229884660774327
0.058723484963540885
0.21877203084115918
0.2650500537604663
0.4056510534174011
0.014166327471248422
0.01289951353036025
0.0
0.00612938585224307
0.07733124284642716
0.6075964675853754
0.13372914957297044
0.04657027336651675
0.015609435768851753
0.007506338006783343
0.014398476268509753
0.02372364668453483
0.1508654229644874
0.8681651796092401
0.033484387998062165
0.0038379895211460018
0.0
0.012890875199112861
0.0
0.0
0.08162113345348486
0.3121570288011538
0.0664164150017085
0.24485498716556475
0.0
0.10464641972776659
0.02226886923879616
0.12697417112914738
0.12268132055650029
0.1681631127772163
0.2438505959891996
0.2508489495861652
0.09811334933837469
0.03469326277447545
0.11264944743259159
0.0695507558835905
0.022130100960978682
0.0355638901979781
0.03936624163784406
0.031962242286075075
0.11587618095625365
0.5626584151589276
0.056268255875418074
0.07182858386089494
0.08647516868946135
0.1665276901211435
0.19345432096507972
0.17778727973136776
0.11326390758078649
0.19178615696333856
0.04519471103550319
0.01433771760186285
0.0976473565398086
0.3306390538563149
0.07787969774393229
0.04411995802140466
0.0
0.0
0.06363861056579977
0.13511963335388097
0.34860202263650075
0.13366190977141656
0.07118961406837769
0.0
0.0236032830622588
0.22991076795651466
0.05072648988793375
0.27161251413613313
0.21929378308913747
0.02717861530811048
0.023928969335689332
0.06270710048498404
0.1680213750138518
0.1923621109189868
0.19681486452190547
0.22466002691030712
0.10432621274309008
0.036586692336516034
0.017984972851968404
0.12470857823190655
0.34135954679705954
0.29253829428503225
0.1653930323925815
0.02142823661740829
0.0
0.05261849531997961
0.09392360560452133
0.22037019273444475
0.17602905945200914
0.39193609693119624
0.03362138478180613
0.031500458412650645
0.0
0.05865122484784698
0.009366387509144126
0.1099838355201366
0.30880332437718505
0.4256669064641188
0.08385377828368584
0.0
0.0036737994731555123
0.04541975291787051
0.26239481745239096
0.3658728934916347
0.09004485043359309
0.09889122607049862
0.046451807654013744
0.03657261602419325
0.05435068444582735
0.27863737815707773
0.015156479966115988
0.2052463704432606
0.17842835895411455
0.15012637732708417
0.07888299848755992
0.057889000397326876
0.035631835410474585
0.1390145230161177
0.3720276140135244
0.3901230554585783
0.03229218403441346
0.03258999242306068
0.0
0.005728580651646375
0.02822353191072618
0.4144740107737434
0.2780809944308747
0.0857912306202462
0.09543929462856338
0.05181470492763218
0.016591282173493205
0.014225368008366109
0.04358233375529779
0.553805125321198
0.30288547656897136
0.03138249005389725
0.004320915298147664
0.02061426005641472
0.02860141052948078
0.037759882291574044
0.020629769175728778
0.8227525726428156
0.06728260565335678
0.00633776771312098
0.0
0.018806067209948724
0.007979966390786093
0.007979966390786093
0.06886042053165858
