0.13145325970903493
0.05852280534184956
0.03200000987493042
0.009989845188307304
0.006358755453096944
0.0020556121251741268
0.015000687650240952
0.04214691122959021
0.06070761057870067
0.024798139472907862
0.05817488163728324
0.03979666818139883
0.02549070520295224
0.011449373058167445
0.00568993698694897
0.020054825054645505
0.07657593540436543
0.06657339068757036
0.02889197717713861
0.008324333354246132
0.009792862291498741
0.0014140022399849463
0.014775772143809596
0.040499284875166144
0.024472199513101724
0.06813228464560514
0.04745791669739669
0.021248990394705354
0.02044043768246586
0.010024619375895823
0.006002080969413078
0.011683702032584304
0.07372788805170594
0.030116725621723066
0.07065195154097698
0.048332066911203724
0.030957829531536224
0.013904979738915208
0.00691028741200727
0.02435608785176301
0.051085681978556535
0.06282448485042132
0.06746971504222801
0.037512825183639825
0.02278011882729181
0.0029692849963056313
0.020744762993453045
0.008932483454192031
0.02972087962088251
0.08274497064163072
0.05763646330465964
0.025806372052835647
0.024824404828567858
0.012174651712718228
0.007289378540380584
0.014189566469118994
0.04023199398916916
0.030257546367228196
0.012289321820433678
0.015722870763953883
0.012791719232152244
0.013366404041240386
0.02035893133798235
0.02731712810723229
0.051327683352844364
0.0631220948868129
0.06778933030683153
0.03769052967727212
0.022888032039940293
0.002983350993311599
0.020843034386909206
0.008974798114347203
0.05361936448396914
0.2050193372747733
0.07401165683301093
0.009599652605094284
0.008589373474284116
0.00832174442863244
0.0
0.01711791645461766
0.040422579637801694
0.030400881398098892
0.012347538382382657
0.015797352618463018
0.012852315734220755
0.013429722920855702
0.020455374982698525
0.027446533887629267
0.061753708167164856
0.018585004366396877
0.013514046506566015
0.0159212216388832
0.002001277740376255
0.00984235908514899
0.02595631777082015
0.027375641608688803
0.050494693394004954
0.19307182535941614
0.06969862390820629
0.009040232379630675
0.0080888273146215
0.007836794364705581
0.0
0.016120369035305043
0.021757655631623015
0.06360560267053841
0.0908626954592788
0.019161452173890686
0.019877216235939774
0.021741129004614636
0.012587605526953247
0.01232433119807222
0.05815500780088738
0.017501962327211566
0.012726514784885071
0.014993411668535564
0.0018846531820935451
0.009268795127679743
0.024443712082167245
0.025780324753908384
0.024049955438828964
0.06381623220317986
0.060339337001484125
0.01745332394786215
0.02733962774580007
0.0009619862599784
0.01342189810477729
0.011593992740430591
0.021313893097659513
0.06230832212279732
0.08900948752812837
0.018770641016885904
0.0194718065725852
0.021297703542714562
0.012330872548927108
0.012072967883271285
0.034894998786874805
0.10633763303431813
0.10667757176547606
0.02114281647996017
0.016160069733421545
0.009339075470134657
0.0009142292077114356
0.028276227847508655
0.023559439854432433
0.0625146557194834
0.059108674215989025
0.017097351255200708
0.026782017004481882
0.0009423658804856007
0.013148149148804335
0.011357525186924039
0.035456454525198036
0.04448164683007875
0.0632788520336923
0.011973984722394216
0.023424288512656634
0.007807938755309411
0.014943200886145966
0.0038049319638897767
0.03990879990234467
0.1216164913710156
0.12200527335331907
0.02418066948287449
0.01848198916234485
0.010680937302416212
0.0010455879576977758
0.032339027321697036
0.046755072137870404
0.01822946335160755
0.05975602307830435
0.027157042508762504
0.020330088378597656
0.020480202424562072
0.022702606678112525
0.004944339964809156
0.04055092701206657
0.05087288162726899
0.07237091651118167
0.01369443693746466
0.02678994915047906
0.008929803016717995
0.017090277541148738
0.004351634150107164
0.03811348667922047
0.03710469772740174
0.021864379434695828
0.027763074558639356
0.0166169423593903
0.019761218897563458
0.006653323157121752
0.006858200273644945
0.06479533810592078
0.025263232144607777
0.08281265629975976
0.03763548361391274
0.02817437531333656
0.028382410290462252
0.031462320735091864
0.006852094651586135
0.06591382951267029
0.0744261947397817
0.04287187935482381
0.012811060653019433
0.008660148232773755
0.013669419417822043
0.03365778058796157
0.01730534999767473
0.05281942991111985
0.05142140359607396
0.03030066671204553
0.03847535081503697
0.02302852608778657
0.027386009716272388
0.009220482479899176
0.009504410649149801
0.05105355007165484
0.017518792516197385
0.00599515959256874
0.02807164766117487
0.021043331065578503
0.0083377575329002
0.027832015600816034
0.023297564463794166
0.07206771943897367
0.08137482165841939
0.046874511707305014
0.014007135250425783
0.009468682638436168
0.014945632665871619
0.03680016024384503
0.018921023367121027
0.049223951832868866
0.03473569071659351
0.022857568912993363
0.0
0.005608374943439133
0.013851825141864891
0.07819140567303143
0.057772522772707405
0.05582004489999112
0.01915439344522098
0.006554883591250959
0.0306924911326293
0.02300799226062313
0.009116192687844608
0.030430486387612865
0.025472686867106922
0.03093881208873692
0.06142307207739599
0.040760667371300935
0.03312674765014769
0.010290952280612203
0.016421407757621336
0.005993815808031071
0.04409396824181117
0.04881126909729856
0.03444447436087467
0.02266593610586872
0.0
0.00556135556714808
0.013735694500595062
0.07753586620515622
0.05728817070728225
0.013368434576014093
0.033323073051789845
0.010032530960491623
0.014843451527315626
0.029085768540261635
0.033132258626353675
0.06247426931083805
0.042902170787948245
0.03067942792447017
0.06090811461323104
0.04041893894259669
0.03284902031758352
0.010204675210595435
0.016283734303479742
0.0059435649806988565
0.04372429415513961
0.028219891087998123
0.005217900831225004
0.021877773536524144
0.015293368533528888
0.013490978856265419
0.04021126701106687
0.05713792786639627
0.07833404242128292
0.013465372793205206
0.03356470787257624
0.010105279617762959
0.014951085500451298
0.02929667749387878
0.03337250979895666
0.06292728751972963
0.043213266296264104
0.04188465037325297
0.00288511491442238
0.017564328155365697
0.008268913096863967
0.018449843388275267
0.05706785854272228
0.07739408535171316
0.032081212605572784
0.028424521324683143
0.005255737273568562
0.0220364153244375
0.015404264979336158
0.013588805675931789
0.040502850031717816
0.057552250787293896
0.07890206423225224
0.03022771641215459
0.022953097437600507
0.013967191898509482
0.014099031419461032
0.013615695606958815
0.035379899333102406
0.05472162322428114
0.05687628365731334
0.030194425573736708
0.002079864264805574
0.01266203237973187
0.005961016239934887
0.013300395683620694
0.041139920998866285
0.055792991684897195
0.02312717851771241
0.011346419221546267
0.03226947036795265
0.0179468638183678
0.022345339612833744
0.07101249363388723
0.047536214667756795
0.09803661991273888
0.04067549788883092
0.021791002797857086
0.016546767994724196
0.010068875650038979
0.010163918071727443
0.009815483810305524
0.025505184541348
0.03944853221873257
0.04100181566510489
0.015351186963271616
0.028496473390080126
0.009602939387784963
0.011401144252396342
0.005752597022687573
0.036524091311787785
0.15009658891660627
0.04300639541446686
0.007370586111769035
0.020962111965378376
0.011658207107162148
0.014515438447784596
0.04612941661331352
0.030879324727479267
0.0636841751626325
0.026422632019395046
0.004863294443613177
0.0
0.0002929182213905833
0.0012427466984304013
0.03249302694258192
0.1232702803189339
0.08791311299090245
0.010044703778204529
0.009972066360442493
0.018511189028206664
0.006238028958894931
0.0074061352611944084
0.003736862784120428
0.02372589580124473
0.09750211164345467
0.02793677322949462
0.0013165036003291303
0.006639120348893116
0.0
0.01662473795175
0.014235419748144403
0.11533067345052468
0.11687562102511877
0.0522067175830439
0.004315018340373925
0.0
0.000259895326549677
0.0011026424285719952
0.02882984133844417
0.10937308578915701
0.07800200035457325
0.008912288065037272
0.008664473802394863
0.005644625542498466
0.0
0.0052740125920023116
0.010014626225877449
0.038653321365509585
0.13541422169721923
0.06374990737045656
0.0011680841549803439
0.005890641909836656
0.0
0.01475050503263699
0.012630552809080552
0.1023285710780363
0.1036993449837875
0.046321057972831696
0.014310271191327125
0.008237066868890435
0.00788990592190139
0.023372257650286436
0.018197383798636266
0.036997519646271675
0.06979463090306297
0.036202097067004044
0.013825692751725958
0.009006993411135679
0.0
0.008415615227043972
0.01598009854725262
0.06167817656573088
0.21607722131751156
0.10172419610886319
0.00802687536861814
0.0008294174613332318
0.002250702510646794
0.0
0.005413762468887107
0.0012441261477819322
0.012492794982117498
0.00410938277856524
0.0228345560500718
0.013143689772969615
0.012589733387627195
0.03729455020081213
0.02903712828073193
0.0590360535297497
0.11136961627365662
0.05776681682368452
0.017267981771407488
0.0021714431352359105
0.004414153522965713
0.0011281297322610108
0.0033383408364653297
0.0014981151808833577
0.10587537684483773
0.06015902161629995
0.031423288461085545
0.0032469700780494693
0.008810959555775334
0.0
0.021193579307924988
0.004870454943971689
0.04890629072715524
0.01608724622195088
0.008712534850592462
0.0
0.0020535641229140976
0.0
0.021055292555598452
0.006493940156098939
0.010267820787673004
0.0
0.06759999967921741
0.008500678144590245
0.017280350459402686
0.004416356847517333
0.013068802275888693
0.005864760982944397
0.41447666180647597
0.23550811529681354
0.013794846846771399
0.004870454943971689
0.01633168082126749
0.0
0.010890668563240578
0.0016234850390247346
0.002650267187033041
0.0
0.07463392078864756
0.06488504699251199
0.028159258188350498
0.008113222945281644
0.009544509051027338
0.0013781422403361268
0.014401049127887294
0.03947219715187063
0.02385156890790904
0.0664044064044146
0.04625435362799132
0.02071010243077963
0.01992205513158479
0.009770388627786824
0.005849864363689999
0.011387395888974626
0.13776223101366136
0.06015971397363851
0.009937887885544255
0.008506669037000666
0.008473045240033871
0.00386011742154086
0.01028818047530294
0.10323900241553757
0.08133683760494183
0.0421188812176264
0.0028466757582588697
0.008894611247680737
0.0033910019064738307
0.0068593826901825125
0.02257155332408262
0.04501654781014649
0.03513618454352087
0.09782155156907921
0.06813813847169901
0.030508432536771227
0.029347545576234577
0.014392939064650005
0.008617542713050695
0.016774982181254724
0.0475624807673608
0.035770634871993785
0.014528502685838544
0.018587662806859036
0.015122439621672968
0.015801835109426014
0.02406843867762274
0.03229445651064531
0.11981879042455662
0.06204609805514433
0.004193490380609066
0.01310281530946822
0.0049953472341095016
0.010104682714476156
0.033250570060651595
0.06631470397090111
0.06931378645483979
0.052679085886230284
0.0013198900547394077
0.0
0.009459248901892096
0.0063724538456163705
0.007769335918313903
0.0347856692315661
0.05858670244995907
0.04406169543472947
0.017895977042534005
0.022895985502356893
0.018627579052613568
0.019464447538963574
0.02964711748611372
0.03977979457435494
0.08950309846598523
0.026936284883388457
0.019586662421580907
0.023075515792287688
0.002900563609391813
0.014265080761645184
0.03761994112106412
0.039677046434837375
0.08537961261045963
0.06488925473101784
0.0016258194412084432
0.0
0.011651751377854078
0.007849486639591445
0.009570143616066342
0.042848430525747466
0.11095276442752
0.0316629743810569
0.016174902119017235
0.006044929337012189
0.02019741332525393
0.0179640709311498
0.025756773435623534
0.042907855524386994
0.08538775815101932
0.025697758161789614
0.01868607034286317
0.022014506709292374
0.0027671960884630307
0.013609174285100646
0.03589018133625626
0.037852701227010684
0.03531203685131625
0.0937000132496116
0.08859496214867604
0.025626343466309473
0.040142192567320954
0.0014124639170005548
0.01970708684662682
0.017023212369158255
0.1058511713840231
0.03020711511813298
0.015431182315771353
0.005766984306861298
0.01926873900291149
0.017138085388850793
0.024572480490241893
0.04093495815329374
0.027425516240591988
0.033025779704812984
0.03401668863639955
0.026449674955924565
0.006073104446915707
0.02074536285665539
0.014824521482007304
0.014844667737258817
0.03571134988282264
0.09475958498999101
0.08959680531792565
0.025916129437564613
0.04059612561776669
0.0014284362397234186
0.019929937106554347
0.017215713033045966
0.05374481995230955
0.06742518765845076
0.09591795217208439
0.018150141113501196
0.0355064877603312
0.01183525730990782
0.02265087279288881
0.005767507949355562
0.027735647487814284
0.03339923944794019
0.034401353704529236
0.026748771265023914
0.006141779889161187
0.020979954074569866
0.01499215906798222
0.015012533139666183
0.047524001523799396
0.03450333059648597
0.029573569673819574
0.010554900817496457
0.031785020868386166
0.010705659789811627
0.012883225843599366
0.006906230907943358
0.0537488043791605
0.0674301862932657
0.09592506314695529
0.018151486692659622
0.03550912006988849
0.011836134728737307
0.022652552038364623
0.0057679355294192195
0.05051806433721184
0.049180950637812845
0.02898045346182866
0.03679896301685821
0.022025163172937748
0.02619278934123629
0.008818742041015824
0.0090902993362287
0.04752752476395359
0.03450588853596735
0.02957576214046457
0.010555683315796082
0.031787377283213084
0.010706453464780889
0.012884180954641203
0.006906742908390897
0.04045392114618693
0.10335221236695569
0.05824326415590208
0.009310120484486666
0.017523961379430162
0.009208176219050982
0.0162418567051001
0.018589852361104806
0.055735707769031466
0.05426049332086474
0.03197363371606264
0.04059966025658306
0.02429998208121852
0.028898052044001185
0.009729565764982703
0.010029170238097575
0.05387232978760942
0.018486043900740982
0.006326165648557502
0.029621545580314396
0.02220518003946019
0.008798103616126549
0.02936868290249441
0.024583874662585763
0.04463211242744457
0.11402671066960056
0.06425878728921676
0.010271695113931627
0.019333883893098088
0.010159221766791394
0.017919359952101945
0.02050986300171377
0.06556761117463916
0.05790016263342634
0.0710003209960243
0.01206420151329688
0.010584096560959072
0.0
0.010167191133592641
0.0228162445659048
0.052239798359448794
0.017925848197876508
0.006134459362942291
0.028723902870203166
0.02153228071572013
0.008531488440614987
0.028478702869497337
0.02383889206816558
0.028954425025852146
0.057483452506889084
0.03814631550885161
0.031002028404823707
0.009630900029354449
0.015368153708464023
0.005609377953317798
0.041265821515319503
0.06358066933763264
0.05614557292907647
0.06884874789917705
0.011698611456141973
0.010263359174204609
0.0
0.00985908752776857
0.022124827720312844
0.05418205320527527
0.14728429630222645
0.06775877992396362
0.017206621791852412
0.006453502522287669
0.010154043223540066
0.015918070971786717
0.02365557298234861
0.028473885420012588
0.05652943336869884
0.03751322348915209
0.0304875059269441
0.009471061631601635
0.015113097477198738
0.005516282398207112
0.0405809568845105
0.026191164560926856
0.004842786207326422
0.02030498151587454
0.014193929051799548
0.012521113076255254
0.03732048108215902
0.053030285154276026
0.07270261211784103
0.053282825454505085
0.1448399052418536
0.06663422720472437
0.016921053584357196
0.00634639752691733
0.009985522525098942
0.01565388808631485
0.02326297531526673
0.03404682174007279
0.015428145533097326
0.025746530804795484
0.01826763299724264
0.03471276355030148
0.020894925253819693
0.034777473806642686
0.014405782085156318
0.02840323059893608
0.005251800585959579
0.022019909460723498
0.015392726773388416
0.013578627297496789
0.04047251231513326
0.05750914261412039
0.07884296447851295
0.030205075045120124
0.022935904954497363
0.01395673009868633
0.014088470868314993
0.013605497087247191
0.03535339884343521
0.054680635266763956
0.0568336818015766
0.03692236466975701
0.016731183306917512
0.027921043750081295
0.019810489575995207
0.03764455091532841
0.022659678952082894
0.03771472650178238
0.015622472592651962
0.020461346494388404
0.0199942457118612
0.0335893228782607
0.035108867655518974
0.028852338570945074
0.04765369741303946
0.05393878637890527
0.04224421875038412
0.025346647106946084
0.019246708974954937
0.011711817039019322
0.011822367560492522
0.011417079178578347
0.029666872973402484
0.045885360775298305
0.04769209393657035
0.017856044636415765
0.0331462512997277
0.01116985382038106
0.013261472299443461
0.006691249963809348
0.04248373798900156
0.17458789329326782
0.05002376155077509
0.017170178460126008
0.0167782099356178
0.028186545217476336
0.029461674154412747
0.024211495679962662
0.039988692293106566
0.045262836847145625
0.035449317817457617
0.021234014519940145
0.0314551072275127
0.013565088275239938
0.023453673998288085
0.0387674959831544
0.028390267631473474
0.03753452064573399
0.017081368673262026
0.01055305175637619
0.019589674679828313
0.006601464539198131
0.007837626215178856
0.00395457721016901
0.025108196968096987
0.10318270991566977
0.02956440552446539
0.0013932047912196628
0.0070259240288058486
0.0
0.01759331654038695
0.015064793589003105
0.1220499866355785
0.1236849448404551
0.05524834801239029
0.01254945643267344
0.01859019627993806
0.00801706545672894
0.01386129126695501
0.02291187101655095
0.016778853872335
0.022183173658593135
0.01009521264922536
0.0007068722996836502
0.01344302540980396
0.008962664225228508
0.01373054385501966
0.032883784266095034
0.04850178155652629
0.12872589322170802
0.07960591184091209
0.001195203013436967
0.006027402162503725
0.0
0.015092960545314086
0.012923790391662195
0.10470428521070549
0.10610688372718152
0.04739647211090584
0.014642506002713657
0.008428302962251309
0.008073082143426042
0.02391488032377053
0.018619863868596948
0.03785647359599823
0.07141501990365194
0.03704258406617024
0.0006064118556162871
0.011532507339026332
0.007688893519407835
0.011779163763341153
0.028210352344281552
0.04160872532075713
0.11043141428709959
0.06829234748493941
0.027293347009499702
0.0020217615347439327
0.0041420123368648655
0.008671072332834168
0.02909341582425361
0.030802766757068015
0.05344654603148624
0.05093940000374056
0.020708263254995935
0.01191978453024475
0.011417411082111927
0.03382178141942246
0.026333268546492872
0.05353877409962803
0.10099917543154988
0.05238772532143123
0.015660033486994504
0.0019692441573690056
0.004003119351262987
0.0010230813084441653
0.0030274834651847766
0.0013586147015081063
0.09601654488561456
0.054557174401006714
0.03859980080444763
0.002859289939341178
0.005857868991915885
0.012263122756320794
0.04114556031351828
0.04356302144382845
0.07558713959790474
0.07204139135292174
0.043281869088540266
0.013306054274386124
0.009950034465454146
0.006907364795118032
0.00978406860044478
0.010512502785913208
0.028558152503970913
0.0970410635549988
0.03753879842883747
0.004720491788349836
0.009595911179783841
0.0024524368383945015
0.0072572061637411756
0.003256746766520238
0.23016207004205214
0.13077946317210465
0.007660384283949019
0.002704600995060311
0.009069107651817794
0.0
0.006047671803117646
0.0009015336970618219
0.0014717137010162064
0.0
0.10375133365374871
0.03189605499274162
0.02385131158684092
0.016557702442573013
0.02345347341121835
0.02519960914456037
0.06845698837342087
0.23261795239048616
0.005644493682909803
0.0
0.00726604044994446
0.0
0.005644493682909803
0.0009015336970618219
0.0011403599117836144
0.0
0.15224007669211123
0.06648207859100341
0.010982290303521781
0.00940066037736398
0.009363502954816161
0.004265788728680351
0.011369396191232412
0.11408869854757137
0.08988476960453837
0.0465452806591198
0.0031458414441032662
0.009829372597480276
0.003747372458373422
0.007580255772065491
0.024943665501306028
0.04974747171705702
0.0433824750179671
0.009581507796235449
0.0065918409616468185
0.009350718975176905
0.005862696371738617
0.008283477882034273
0.026389239128099925
0.11857209542025926
0.027826620437192178
0.005306018119919561
0.013688180750650272
0.0030069702152986755
0.024644270738573254
0.014014031838910021
0.0283060621453574
0.041577074128159766
0.12029191344721771
0.06229109666806774
0.004210049025854473
0.013154553801925203
0.005015072135139376
0.01014458261675329
0.03338186507837426
0.06657655783437626
0.06958748265927818
0.05288709740309842
0.0013251018447271545
0.0
0.009496600208950939
0.006397616465056304
0.007800014342630468
0.034923025825751464
0.037240095645639744
0.007100992473351189
0.018318759244213015
0.004024199010227052
0.03298118797764125
0.018754842588233116
0.03788172782331944
0.05564219416056249
0.13342839546048454
0.04909326277958799
0.020567001221799663
0.0
0.0
0.0
0.025366332103946572
0.06211811526273737
0.07457211274021304
0.05667546000129146
0.0014200203884524687
0.0
0.010176852421837069
0.006855884967656778
0.00835873819120491
0.037424601660886174
0.09690817051931314
0.027655020010542784
0.014127454874789346
0.005279751667215575
0.017640789615939307
0.015690147586670748
0.022496436253801155
0.03747650453983636
0.14298602232449537
0.052609868713165996
0.02204023877900188
0.0
0.0
0.0
0.027183351159908317
0.06656770610978227
0.04543818892181583
0.05855982755642784
0.059812657069269644
0.022029471080421918
0.006538705266325474
0.01671009600824172
0.02512435704871608
0.021641280657276173
0.09949938620347415
0.028394484198269076
0.014505207157725443
0.005420926299398294
0.018112484525551666
0.016109684518340297
0.023097965703239687
0.03847858419762746
0.02577980003973953
0.031044009873054956
0.03197545757634684
0.02486251582278779
0.005708677163575623
0.019500500975250613
0.013934950071252408
0.013953887415125078
0.046653155081667286
0.06012565160214893
0.061411980369654805
0.022618514405370296
0.0067135429043637665
0.017156905215642483
0.025796154149932842
0.022219944206117892
0.01682238600882979
0.08265468744859349
0.1620679742745253
0.024117031411812
0.014969344066556258
0.00447597872460522
0.010637750211347349
0.011180186722327413
0.02429381855059825
0.029254592424162094
0.03013235026007481
0.02342940779909506
0.005379621523908891
0.0183764665206181
0.013131721270948717
0.013149567041480828
0.04162655551217207
0.03022167242609381
0.02590366552159644
0.009245100385432796
0.027840688772195095
0.009377151065695751
0.011284494120005335
0.006049208716682142
0.01585272161369188
0.07789036284754786
0.15272616365600494
0.02272689408740498
0.014106491439569232
0.004217977439866754
0.010024576335840026
0.010535746094824022
0.02933859409167367
0.22082414408942058
0.06464976698783449
0.029217895718149083
0.012574811595565564
0.0
0.01075623819396844
0.00586125924202379
0.03652182137727189
0.026515538182001926
0.02272705568731735
0.00811135826006531
0.024426538536463982
0.0082272153445147
0.009900657729491892
0.005307384132705851
0.03108621560767304
0.07941947445734883
0.04475617235477025
0.0071542239791369516
0.013466028169999745
0.007075886420613327
0.012480813851867164
0.014285096283344683
0.02574075322093542
0.1937441099075445
0.05672165791669984
0.025634856290859057
0.011032741414595343
0.0
0.009437182711325584
0.005142483216524658
0.0067196333368364685
0.1519921999066279
0.06878943812055703
0.0560487826640586
0.01655944859185415
0.005536928382617095
0.0051768676170689636
0.010261195352960833
0.030664373859535295
0.0783417475843164
0.04414882850100664
0.007057140744946708
0.01328329338698863
0.006979866231634167
0.012311448484274658
0.014091246698546889
0.04504805246232207
0.03978015238255969
0.048780581262166306
0.00828867748802828
0.007271775326302952
0.0
0.006985341563849609
0.015675840003693816
0.006628447522859289
0.1499296569415689
0.06785596145693168
0.0552881974336659
0.016334735914365652
0.005461791943440492
0.005106617223356741
0.010121950337089312
0.01608504971408227
0.055694249034206195
0.12452884200047934
0.06193966132910634
0.03171619587517391
0.004882991096633115
0.009717048492556998
0.0
0.05230506957688401
0.0461885370047711
0.05663889019514194
0.009623942190936702
0.008443222150566166
0.0
0.008110645334136163
0.018201139832961438
0.044573234164474985
0.12116442695438279
0.05574222063544653
0.014155144313230335
0.00530901769294619
0.00835329264109515
0.013095109227110298
0.019460417822158012
0.018676271191665716
0.06466631544622163
0.14458981885202946
0.07191783258770741
0.036825517226356505
0.0056696166669207215
0.01128241665741816
0.0
0.004136803497684493
0.011805492818902558
0.04372502184750775
0.05328050189687747
0.03642174415858854
0.007760393863446537
0.0009148103862512761
0.006962857168886277
0.05818001515225368
0.15815204636280303
0.07275853551985004
0.018476256571089193
0.0069296907798844344
0.010903285380567344
0.017092626719487854
0.02540106018747712
0.03717604289612674
0.01684613631559743
0.028112877640468978
0.019946599218595398
0.03790319098332242
0.022815364191045403
0.03797384871707289
0.015729808110684473
0.005399637129517561
0.015409331720223018
0.05707287077786557
0.06954533288389046
0.04754013628894472
0.010129393592951863
0.0011940727015038485
0.009088394485667523
0.00904359083455312
0.02026220562363942
0.03799998516438374
0.0526462601703671
0.02040783923076756
0.033732059209589764
0.020252630991815637
0.005878514197563815
0.03901227178210839
0.017678214173004556
0.02950145140921926
0.020931817622948483
0.039775335750018584
0.023942278932585947
0.03984948346714607
0.01650674739129835
0.02161951482811744
0.021125974860117695
0.03549057068322167
0.03709612586273703
0.030485460071334205
0.05035102739296155
0.05699186963327252
0.04463535740067947
0.009490279116299629
0.02126301271232779
0.03987691086679586
0.055246606418455954
0.02141583957122093
0.035398180094950195
0.021252965162620395
0.006168870479064247
0.016642990948538303
0.009179048433829384
0.021953431926926333
0.04102690577113903
0.07410894651966955
0.050716398572588
0.03854948961933536
0.012716244481261268
0.017725333863957058
0.017320692003232937
0.029097887690074924
0.030414244778574552
0.024994314722454124
0.041281628104473334
0.04672629912430076
0.03659548414264684
0.021920564047258527
0.03247213059718772
0.014003681972849614
0.024211990744388224
0.040020947421532095
0.029308196966245606
0.03874810686529937
0.017633652631510545
0.013645198488635312
0.007525686831392485
0.017999104672706837
0.033636999163957175
0.06076018956997408
0.041581187377409644
0.031605823683850266
0.010425751027165142
0.03319607351237242
0.009276670712773232
0.013446347980937797
0.0033036322299469937
0.015049306373478807
0.02090157146878572
0.12345683988533802
0.1017141513956988
0.014262821004592662
0.021128296942859354
0.009111627280821469
0.015753759319676444
0.02604000555263606
0.019069653791558602
0.025211819882696426
0.011473501803976324
0.0008033808585719671
0.015278388048826344
0.010186327691124375
0.01560516109605997
0.03737337401481687
0.05512368065149881
0.1463007090010195
0.09047442632959002
0.02159933720416658
0.006035952980479032
0.008748992681215557
0.0021495393576165837
0.009791972623763218
0.013599803907020135
0.08032835310629018
0.06618126850491901
0.020010422870539616
0.021065169744093438
0.01785783780228488
0.009745754753678847
0.01130588584459026
0.07310087785527392
0.10131431213574657
0.02396738368638274
0.0006710359942104558
0.012761504341167873
0.008508284030711475
0.013034446463564674
0.031216675032076677
0.04604288670291314
0.12219987652269826
0.07557013087244038
0.030201946212343646
0.002237216751220314
0.004583418580554279
0.009595131740656352
0.032193844879179645
0.034085358034854955
0.059142241071300734
0.056367913340439765
0.016714007885839283
0.017595001140014704
0.014916028700765754
0.008140288831489912
0.00944341188516745
0.06105861214625467
0.08462430918830384
0.02001911916248946
0.01399966527208724
0.023528624022764722
0.026333663201840194
0.03135974612285655
0.027099208399212385
0.024658678406928737
0.03701008230197026
0.04508747431242088
0.038775318132023485
0.0028722914294644084
0.005884505334314628
0.012318884456875375
0.04133265347558993
0.043761107054261686
0.07593084221980528
0.07236897108705483
0.043478676269836224
0.013366558293529935
0.009995278311854074
0.0069387733045964285
0.00982855778271463
0.010560304234538938
0.02868800940746621
0.09748231941086657
0.017973724966279244
0.030207652026033992
0.03380895261033171
0.0402617806118824
0.034791811740132336
0.03165849290709413
0.04751606751636248
0.057886374207203495
0.09540656787076073
0.029852464699689118
0.000377802293045351
0.0019301079399871492
0.007176220122412605
0.004327444503959505
0.016514617409634804
0.03672665210374944
0.09650795110556777
0.02966923708154944
0.02218613613303983
0.015401729129393606
0.021816072965186527
0.0234403025152321
0.0636776748222341
0.21637776773549158
0.005250424271016232
0.0
0.006758763013250009
0.0
0.005250424271016232
0.0008385932680771899
0.001060745869315254
0.0
0.2117703016089568
0.06626237159885681
0.0008385932680771899
0.004284186610114789
0.01592878072916538
0.009605462687232705
0.036656863231181294
0.08152074188051632
0.006750545491306585
0.0
0.005698017054520562
0.0011859499699990142
0.012496438838692253
0.012992334241931316
0.021733910621396003
0.0040391999488926114
0.06877223991829907
0.015189123088732326
0.010449741927584693
0.014823264198345686
0.00929386258571845
0.01313141603897084
0.04183364558678186
0.18796688272119794
0.044112259985845795
0.008411386187690353
0.021699242614417257
0.004766811413780661
0.03906742755324009
0.022215799339457894
0.04487229684789947
0.06591022102492985
0.028402418901709015
0.03843302926219781
0.012411143154373458
0.026150741481094534
0.021295720954328815
0.013172970765358982
0.025147260016471367
0.03653868059528262
0.04323382609833068
0.014802643934796812
0.014133467709799338
0.017714413854495487
0.027078573855854344
0.015174708261168682
0.018191071010124155
0.03560339533854537
0.03758785464923116
0.0071673036367418735
0.018489825224344145
0.004061778168222957
0.033289176044522285
0.018929980843329444
0.03823547857754719
0.05616179739099036
0.1346743891952394
0.04955171015603235
0.020759061949028056
0.0
0.0
0.0
0.02560321039935101
0.0626981925556182
0.03683934515791351
0.01261326508376575
0.012043063088039459
0.015094370893097562
0.02307352873167032
0.012930299391786181
0.015500528271772677
0.030337490063618605
0.015615445638745942
0.04575419563725332
0.12409113570983137
0.07567453076635258
0.023320219160177683
0.019791605319985833
0.015072761436895909
0.01503818949420869
0.10016066836856784
0.03685283027969503
0.015439026914797052
0.0
0.0
0.0
0.019041739719809426
0.04663019382822544
0.03182912076215342
0.041020733161517366
0.04189833112052154
0.015431484220280291
0.00458031546785701
0.011705300682398957
0.017599429324769995
0.015159559653078072
0.011613592468441793
0.034028524971067765
0.09228964144988837
0.05628101694263007
0.01734382276795539
0.014719505533177926
0.011209984828598987
0.011184272821237799
0.029497958812189546
0.0617623892872427
0.22727688837395274
0.018555971940652293
0.009864519952573746
0.002895256001199619
0.002309417294434562
0.0018183042053669042
0.027807115088384706
0.035837252827560034
0.03660395535854473
0.013481524070503265
0.004001535584584949
0.010226190212789105
0.015375522320606572
0.013243960557767397
0.010026803610386067
0.04926544415815245
0.09659888607542465
0.01437469913630713
0.008922317740948005
0.002667859340067824
0.006340517461050846
0.006663830953194312
0.025770524473246292
0.0539579424727968
0.19855762398121893
0.01621119386822943
0.008618015045487771
0.0025294043601551065
0.0020175936675513482
0.001588538831536062
0.010420782698163638
0.09349121309308134
0.12539628350332474
0.05744637396274057
0.034137151242821934
0.010302990310871457
0.00811678027341631
0.0
0.00986767112994343
0.048483566639291466
0.09506579328269704
0.014146562472015857
0.008780714234129173
0.002625518521323026
0.006239888954691977
0.0065580712325457695
0.018262075431987344
0.13745400219124773
0.04024183700497446
0.01818694562873444
0.00782730614778914
0.0
0.00669531855033307
0.003648394264217628
0.010255397490339801
0.09200744127334783
0.1234061556013977
0.05653465928911746
0.03359537045568368
0.010139474551726924
0.007987961217184003
0.0
0.0014087596000967092
0.03446822249362213
0.10712442833268733
0.04333874847280743
0.046491493710440646
0.003929469432113145
0.003410782300949845
0.0018177991305225948
0.023257841853010226
0.17505586683908822
0.05125037865613824
0.023162159569306416
0.009968541045532391
0.0
0.008526887350734504
0.004646447613833402
0.006071468387772322
0.137331278458642
0.06215412032559039
0.05064240786062919
0.014962150999107431
0.005002845238017955
0.004677515350787564
0.009271417067465822
0.0017941393413899408
0.04389733635131493
0.13642934627198822
0.05519448004920727
0.05920968907694289
0.005004413597933537
0.004343834612115888
0.0023150755704458917
0.020699067517390257
0.012596482843643706
0.011572666315614962
0.011501968777541926
0.01208623443261405
0.012176425834395785
0.008916051498078843
0.01628124356337355
0.007806684566702936
0.17658034327047328
0.07991767080266633
0.06511592890155962
0.019238310377214636
0.006432650590406502
0.00601434192971354
0.011921173579330478
0.018944241306056004
0.06559415804228842
0.14666441660764246
0.07294972110696545
0.03735389561422399
0.005750965230089038
0.01144429856902996
0.0
0.02661482867284463
0.016196537959129897
0.01488011626704069
0.014789213483046923
0.015540461349459625
0.01565642931295208
0.011464245085449475
0.020934397535347277
0.03337267539599512
0.0036821647265498306
0.01716608867107459
0.019791136001819958
0.020026798081911885
0.013779843159999298
0.016025979266172063
0.008350004579497174
0.02084591801866538
0.07217868580547539
0.16138700703104641
0.08027262116821612
0.04110358567925199
0.0063282634431133
0.012593109742265803
0.0
0.0046173813652128646
0.013176952344888098
0.048804614767226695
0.05947016741924878
0.04065290576662617
0.008661928958396759
0.0010210851041254812
0.007771741383957401
0.03672271927543768
0.004051790873057637
0.018889269375172497
0.02177782640777011
0.022037144916352138
0.01516310292835979
0.017634712552181128
0.009188201739387409
0.010848983584990476
0.020157338663235384
0.07121984613152163
0.1096806440980418
0.04231564222821899
0.018188589578810133
0.0032379115894866357
0.0
0.004256327902818415
0.012146588185719455
0.044988366173317855
0.05481993211105749
0.037474075338189375
0.007984614438741587
0.0009412419456154615
0.007164034566267957
0.007128717557770497
0.015971923501505024
0.029953938252199417
0.04149903794779484
0.01608672091672744
0.02658969508310787
0.0159643761845996
0.00463380842194494
0.01000065359511086
0.01858114723753903
0.06565085149947429
0.10110422963775914
0.039006795084890404
0.016766343347867012
0.002984724967493724
0.0
0.0
0.0054793613826562655
0.06172988241995841
0.23888321298897428
0.08636089220032794
0.01927625360118608
0.005657246767420444
0.0009147227702986441
0.006806480318648144
0.01524994952920361
0.02859993954415565
0.039623169629803376
0.015359557791981721
0.02538776922993021
0.01524274337135557
0.004424347797308208
0.011936444539350327
0.006583263963382596
0.015745121982847294
0.029424722207240222
0.05315134357381876
0.03637407967529122
0.027647905733066
0.009120160400779748
0.0
0.005231679486187218
0.058939525427812965
0.22808504818549752
0.0824571472075918
0.018404915006167994
0.005401523972318213
0.0008733748367222758
0.009386060191345474
0.015891549688157786
0.05331751993329006
0.036320005209806716
0.03866731860749214
0.044632023047139105
0.032082409461627076
0.029632629315299114
0.012772052019286929
0.007044123526049234
0.016847354867858252
0.031484591701072324
0.056872188597020326
0.03892043700575786
0.029583389683832922
0.009758614692925936
0.03107188056584269
0.008683063204101837
0.012585925813025473
0.003092235171853174
0.014086312047153013
0.019564094894369954
0.11555692520453867
0.09520553576450153
0.010043128724372003
0.017004033203951135
0.05704999808631559
0.03886257707235756
0.041374213491558745
0.04775647540646135
0.034328329612484956
0.03170705328840294
0.00592764988169859
0.006418749900249183
0.002564288569519397
0.0
0.014666312054977154
0.0402300946961241
0.11300578286667451
0.03593229826952378
0.01966983614569265
0.005496752283964763
0.007967432095378243
0.0019575177957256704
0.008917241081609496
0.012384913108029723
0.07315250132533109
0.06026919692492832
0.01822286190307765
0.019183386662790333
0.01626257047459495
0.008875151922902018
0.010295914172870898
0.06657066723520377
0.0922637532849513
0.021826341498162007
0.0037524571985584785
0.004063344622175054
0.0016233049005783982
0.0
0.009284406020153405
0.0254673793921684
0.07153751855453314
0.02274668949637551
0.018469341113275393
0.011253732896007208
0.003449522862416206
0.061400626722848656
0.06242400772051248
0.03850088852670957
0.11906864817809049
0.10364191022439703
0.015502979243481433
0.016320139330183333
0.01383527427548136
0.007550476800806825
0.008759180888470988
0.05663455487185425
0.0784927779022854
0.018568615676662473
0.01298530679243831
0.021823836170475976
0.02442563368471567
0.029087547196587897
0.02513571060856726
0.022872011436478025
0.034328483128998666
0.041820620355137755
0.015712669801417334
0.009574038832452458
0.0029346587610874254
0.052236177099070774
0.053106811714497236
0.032754376280729226
0.10129686495306062
0.08817266966678974
0.05087676182265662
0.03134741691444314
0.040243969229395736
0.019505310240200184
0.016867788537143456
0.017706334710185147
0.02229156228347682
0.01722928454665156
0.020323572711485268
0.034156938172034176
0.03822906536983009
0.045525522800344116
0.039340421475875215
0.03579745899864862
0.05372822021836834
0.06545431942524518
0.10787982585203953
0.0337553143869417
0.0004271953859135159
0.002182446272708502
0.008114424345821516
0.004893205676404913
0.018673704441164247
0.041528218879522086
0.07962827407588122
0.04906249171940426
0.062986670080732
0.030528165199580123
0.026400125333675004
0.02771255132346176
0.03488898600259976
0.02696591022821658
0.04722483646796098
0.026158770926440096
0.012913517530664692
0.0011620971074302714
0.003072573106731199
0.0004271953859135159
0.005000546775828803
0.015857189782228068
0.28847213846821296
0.09026217505414906
0.0011423263390065587
0.005835891357886352
0.021698082333652644
0.01308449929621978
0.049933742576246234
0.11104702860182886
0.009195549512414733
0.0
0.007761802066944658
0.0016154933971509202
0.01702256835659301
0.01769807387527089
0.029605792817012914
0.005502172108671474
0.12627986240364145
0.06994891333250726
0.034530923532698425
0.003107463652638045
0.008216102757843975
0.0011423263390065587
0.013371530872807675
0.04240234363049025
0.003065183170804911
0.0
0.011374153613853416
0.0
0.0137933242686221
0.0
0.0028898823580818175
0.0
0.02665146876356292
0.036063712827252584
0.011646021954805713
0.02453860257956632
0.019982883985198024
0.012360884475764403
0.023596983663171513
0.03428614682140266
0.040568550508901874
0.013890091678869048
0.013262168778373907
0.016622357030284658
0.025409236015377156
0.014239219012236393
0.017069629262207193
0.03340851995830988
0.08275177720346422
0.05139285967505141
0.061905621746683154
0.007913350779318913
0.01187089530194233
0.00403612449669863
0.007882887690868841
0.008674027707460109
0.025260594535489345
0.0984276611592959
0.16886263178318814
0.05780907737265046
0.018581030866013832
0.010489224845356866
0.006075217920091045
0.014470245171430847
0.028433354869888818
0.009735174191000787
0.009295080708814615
0.01165014205061053
0.01780861814225895
0.009979867709499397
0.01196362256529912
0.0234150910430963
0.012052318123318891
0.03531401754737447
0.09577605906730519
0.05840713993880038
0.017999018825731686
0.015275562991028176
0.01163346343338503
0.011606780105797269
0.01770443951391214
0.06898517653819884
0.11835106439657508
0.04051675475259476
0.013022921396853961
0.007351602376640088
0.0042579491962857485
0.010141787440083852
0.0093622644175744
0.010578719241917653
0.12169860555216955
0.1682763452047809
0.017104897344062314
0.0076756158809017285
0.004626339076743889
0.0
0.010227978181464545
0.029968591708143498
0.08127859158909276
0.04956614543553818
0.015274536396543336
0.012963325675874179
0.009872524849913425
0.009849880534555665
0.025978566059438664
0.05439353686480737
0.20016054995529156
0.0163420644094914
0.008687586990822229
0.002549823862899603
0.0020338813991931637
0.001601362867716778
0.007945113563405003
0.008977435584348631
0.10327728405159987
0.14280462642958697
0.014515756640439886
0.006513770293473398
0.00392605759762033
0.0
0.02272578437286377
0.018832972500619227
0.06119392517395006
0.027860816581398773
0.01727932863412461
0.008063139776664334
0.017067868263926995
0.008266998633697346
0.023889908648225506
0.05002033691085923
0.18406779044192623
0.01502817457179554
0.007989111450932021
0.0023448199186346173
0.0018703588457068077
0.0014726144828349653
0.00966032130857824
0.08666864900340718
0.11624543228956831
0.05325419851530068
0.03164597699780309
0.009551124874691612
0.00752445451589243
0.0
0.02089864819269849
0.0173188155029392
0.05627397905208331
0.025620827626579364
0.015890083449079478
0.0074148693288788314
0.015695624335547862
0.007602338085256972
0.011142808800997375
0.013654588828793947
0.026111449430963482
0.09535928754929428
0.032753128625496335
0.025668028975383346
0.008710016689411218
0.018652071708583663
