0.005419161476689453
0.0
0.0
0.0
0.04119460458333869
0.03301647586024859
0.06813400413089182
0.03913602374297373
0.037030936757377925
0.0
0.005109234350575199
0.0
0.013103777412400812
0.027706785397962706
0.04250349175404384
0.031634415070310035
0.010984890698090699
0.0
0.012364550037204993
0.010317699095450073
0.09509007946322175
0.07126218841205516
0.052026708571527074
0.01118551262016138
0.07517724233761833
0.01513257698940535
0.026540017947558843
0.02020981941537892
0.03584482677479701
0.024094815583422916
0.07149312735875338
0.12428587807075966
0.0313228319386663
0.0
0.004321675412827433
0.0
0.011083905879549372
0.023435944606725906
0.035951824220410905
0.026758152871407283
0.014515458703284382
0.0
0.004497003456035496
0.0031499351574477805
0.0263405890970963
0.06063410110375801
0.1291485119191422
0.016939955853797723
0.06358910504429657
0.012799977730610212
0.022449027613511443
0.017094592589062346
0.03031955395278725
0.02038073905765687
0.060472875090899054
0.10512792848494038
0.01783509216621671
0.0
0.002754538429886888
0.007981715662910253
0.014245366808437188
0.06506014305273292
0.10546649087180006
0.0663219853405691
0.014627484641140144
0.0
0.004531709974100198
0.003174245408154366
0.02654387782930893
0.061102056831581666
0.1301452412313991
0.01707069333034247
0.05965197072555664
0.008327391750361863
0.022270751938372125
0.0024345351824250085
0.01261440729307107
0.012437499619222667
0.006709224558584846
0.012720210346158814
0.01797273803518345
0.0
0.0027757971277534597
0.008043316140105868
0.014355308258406897
0.06556225763908514
0.10628044947922569
0.06683383844560066
0.0023096028380747598
0.0017214763409289372
0.0
0.0
0.003174245408154366
0.06213175006465766
0.2235208224440741
0.030956111688424912
0.07839633712081479
0.010944097957836053
0.02926886330256054
0.0031995362193810288
0.016578217193806487
0.016345720036217412
0.008817456052440574
0.01671726661191271
0.07174242887736654
0.01583689561841996
0.020264461595799033
0.0
0.0050589108933754585
0.005910446013723469
0.01454095978903048
0.008648149930216845
0.003035346536025275
0.002262413763157567
0.0
0.0
0.004171684691973701
0.0816553345133369
0.2937574993199673
0.040683413110367245
0.06208327159174871
0.002262413763157567
0.0
0.0
0.0
0.020502578393174452
0.10093706739096338
0.06637793463203787
0.09673050303959459
0.02135292746184964
0.027322626159463525
0.0
0.006820942686303091
0.007969069698951961
0.019605613819902026
0.011660322994383925
0.19679654030786717
0.02203897674485494
0.019292539305348952
0.0
0.0
0.0
0.0
0.0
0.08370703620418132
0.0030504183482276165
0.0
0.0
0.0
0.027643679655319834
0.13609370991270714
0.08949754152681035
0.04039353755547784
0.030694093775324845
0.03584773510227125
0.0
0.004092565611781855
0.0030504183482276165
0.11633745557982288
0.0
0.2540927160441073
0.028455497495904133
0.024909450663182436
0.0
0.0
0.0
0.0
0.0
0.06574213205179423
0.007877060053590278
0.02241850290923579
0.0
0.019375005632475774
0.0
0.009963780097296199
0.005569922565474219
0.05215388264470782
0.03963050184563147
0.04628459607021689
0.0
0.005284092445220666
0.003938530026795139
0.15020843364265266
0.0
0.15701070018048097
0.007877060053590278
0.00747283486300118
0.0
0.033465918819730885
0.003938530026795139
0.03423409340956315
0.02009450391244348
0.09091155237262422
0.010892797894660529
0.031001442115432494
0.0
0.026792739820013765
0.0
0.013778420137500432
0.007702371237726707
0.024357036200012516
0.0
0.09644893515533307
0.0
0.03653555430001877
0.0
0.0
0.0
0.21712235437199556
0.010892797894660529
0.010333814812766826
0.0
0.046278368780023775
0.0054463989473302644
0.04734063953814028
0.02778769850966752
0.04493303797501881
0.0054463989473302644
0.0768992740164548
0.015404742475453414
0.046673627996312736
0.027231994155934323
0.07978488464495478
0.0
0.025050110075988133
0.0
0.0991933674734898
0.0
0.0375751651139822
0.0
0.0
0.0
0.15321217769011777
0.028006874300842477
0.014170481920843062
0.0
0.012525055037994066
0.0
0.046628949386170626
0.00792154044386894
0.04621159726002287
0.005601374979616728
0.0790874252128745
0.01584308088773788
0.04800171537096762
0.028006874300842477
0.08205514522966081
0.0
0.05511024216717389
0.005601374979616728
0.010627861142011714
0.0
0.027555121083586945
0.01680412434160902
0.15520713518689203
0.0
0.10570001952875446
0.019321748474366626
0.00977611726656884
0.0
0.00864094866396569
0.0
0.03216898901268891
0.005465015850817528
0.14890476284858292
0.003864349777279833
0.0
0.0
0.0
0.0
0.05220666545188454
0.09027769427761355
0.03802017412144904
0.003864349777279833
0.0073320877439103605
0.0
0.01901008706072452
0.011593048919806958
0.10707632687943103
0.0
0.08986586610524319
0.003864349777279833
0.0
0.0
0.0
0.0
0.09099182248430561
0.15205336389518886
0.10312251087594823
0.0026762169611809707
0.0
0.0
0.0
0.0
0.036155206340400745
0.06252091828295289
0.06736462909516837
0.005352433922361941
0.0
0.0
0.0
0.0
0.11876509834262276
0.12232588903206634
0.062235710782723566
0.0026762169611809707
0.0
0.0
0.0
0.0
0.06301548066197034
0.10530304318036358
0.0314305865179519
0.0
0.0
0.0
0.0
0.0
0.15334753842613616
0.06370698866101358
0.06529126599726369
0.005187695555541566
0.0
0.0
0.0
0.0
0.11510972050517135
0.11856091641002219
0.02552008742459067
0.0
0.0
0.0
0.0011600039738450304
0.002593847777770783
0.143234427142977
0.018341271824006296
0.030463209140429968
0.0
0.0
0.0
0.0
0.0
0.14862777478165595
0.06174620121005365
0.10904037354143287
0.0
0.0
0.0
0.0
0.0
0.07363012207847099
0.08149159783168156
0.02235623386926021
0.0
0.0
0.0
0.0010161924486027367
0.002272275426659696
0.12547693501442886
0.016067412134413345
0.17413504873012403
0.0036639339460124015
0.0
0.0
0.0
0.0
0.01136137689101932
0.06609216541203589
0.09552209016865726
0.0
0.0
0.0
0.0
0.0
0.06450182562550057
0.07138867470137567
0.29823998593672985
0.04147758353361074
0.0
0.0
0.0
0.0
0.0
0.0064269654352353215
0.15565835648490606
0.003275170279990197
0.0
0.0
0.0
0.0
0.010155871934790592
0.059079420941330285
0.11641107465470542
0.008604192460965505
0.01425810512803585
0.0
0.0
0.0
0.012725126213283745
0.03860735141886751
0.26659507312017616
0.03707658240480541
0.0
0.0
0.0
0.0
0.0
0.005745028838993087
0.13869237627135517
0.06813560263185825
0.03700398054003548
0.013235629732147335
0.007266950453703151
0.0020311744302725187
0.002569254928209152
0.0028725144194965435
0.16492118229878883
0.012189678667581987
0.02019965507603918
0.0
0.0
0.0
0.01802786260861338
0.054695569646707035
0.0941185448891358
0.025898337529784
0.04321182125338463
0.0
0.0025737973472161405
0.0
0.011977340435527943
0.0
0.19648741099887979
0.09652865224393255
0.052424051908512716
0.018751100016638395
0.010295189388864562
0.002877592956591371
0.0036398990529387396
0.004069530975801709
0.016729682756904913
0.005755185913182742
0.042277884035059714
0.04069530607617045
0.030885568166593682
0.011510371826365485
0.019257136700482104
0.0
0.15756471463636795
0.04335664312748836
0.07234130417897291
0.0
0.004308817619563133
0.0
0.02005137489162812
0.0
0.028007314527160366
0.004817404620726122
0.0911165088351644
0.0
0.040933767385849765
0.004817404620726122
0.006093588211091016
0.0
0.028007314527160366
0.009634809241452245
0.07077779136152565
0.06812838316279164
0.051705811434757595
0.01926961848290449
0.03223854823190363
0.0
0.051705811434757595
0.04335664312748836
0.09366886985208114
0.020438515770679233
0.023698496907597233
0.0
0.013957786166886015
0.0
0.00882143480017639
0.0
0.009929372534009879
0.008285645470661945
0.07636224694290322
0.05722721928440253
0.04178013510969891
0.0089825445693742
0.06037120987044751
0.012152241195617093
0.021313005687038332
0.016229529195687955
0.02878524793810178
0.019349381849414586
0.057412675190802565
0.09980798171933039
0.07229013570479563
0.012500066476176875
0.0068444007695833715
0.017352459064581847
0.020808159338505338
0.007472943645589206
0.01422351318360118
0.1137899869215807
0.04663327889579123
0.022843016914838612
0.019193518704948394
0.006880905103609284
0.0296011842018357
0.04092266300919711
0.03953933315965505
0.002293635149821524
0.05728101250206044
0.011530209206473813
0.02022206524990218
0.01539879466977238
0.027311828776591246
0.01835895265312566
0.05447391517311528
0.09469914982553596
0.01606583606793645
0.0
0.0024812859078586547
0.00718992277618257
0.012832214475767576
0.05860612230653953
0.09500412653972194
0.059742788781320444
0.044246279595424785
0.021673760394922317
0.018211067614115554
0.006528694921157678
0.0280860000317992
0.0388279707575463
0.03751544886878288
0.002176231749769936
0.03289192186510792
0.01325308402148314
0.004866202067023718
0.002176231749769936
0.018619333492813188
0.015333030357656955
0.15938194602579475
0.0050136906982605044
0.014289664453857258
0.0
0.0022069653199155875
0.006395034997639636
0.011413538535016364
0.052126874640127906
0.0845008678193735
0.053137876025420534
0.001836306160650489
0.0013687018210009427
0.0
0.0
0.002523761359450543
0.04939936578482599
0.17771569055996778
0.024612412864293193
0.029255528607871145
0.011787878504731692
0.00432821512732932
0.0019356366731580446
0.016560857887611986
0.013637874676749843
0.14176134494841303
0.0044593980326085875
0.004284714374851142
0.0
0.0
0.0
0.001836306160650489
0.021875076061209163
0.23536095437727267
0.03138837073537463
0.0019035533839516904
0.001418824942603392
0.0
0.0
0.0026161838254503272
0.05120841606906244
0.1842238028689631
0.025513742097584106
0.0389342107474878
0.001418824942603392
0.0
0.0
0.0
0.012857758419626147
0.06330054704390703
0.04162751784315136
0.004441624562553944
0.0
0.0
0.0
0.0019035533839516904
0.022676161498997927
0.24398008935299245
0.0325378417882599
0.0
0.0
0.0
0.0
0.0
0.041534929133583434
0.22448462305929648
0.003416982853196283
0.055603653493614215
0.002026286110903289
0.0
0.0
0.0
0.018362728565536002
0.09040228673475141
0.059450083448761876
0.02683201278489285
0.02038901186777905
0.023812395367762338
0.0
0.002718548051591777
0.002026286110903289
0.07727889866522449
0.0
0.0
0.0
0.0
0.0
0.0
0.059317853452945976
0.3205963330344156
0.004879943035059642
0.0
0.0
0.0
0.0
0.0009061826838639256
0.012329114508572806
0.19174662982095667
0.03132059234862952
0.0390147116692788
0.029646356597249946
0.03462407933672381
0.0
0.00395286664635347
0.0029462928856707382
0.1123662981869434
0.0
0.11745486406570801
0.0058925857713414765
0.005590197368780365
0.0
0.025034822093571975
0.0029462928856707382
0.02560946982091646
0.01503207885061899
0.0
0.0
0.0
0.0
0.0013176222154511565
0.01792697594271852
0.2788064964038975
0.045541267797874596
0.08959831065067865
0.0
0.0
0.0
0.0013176222154511565
0.0
0.07816355095093595
0.0672155510877286
0.1575047973390708
0.007901848383213969
0.007496351135893255
0.0
0.03357123275935041
0.003950924191606984
0.034341824718710355
0.02015773933063471
0.03259530351240942
0.003950924191606984
0.05578423559617403
0.011174901122801258
0.03385796151622143
0.019754620536771468
0.05787751391639096
0.0
0.12014967513872778
0.0
0.0
0.0
0.0017669069873342321
0.0
0.10481587416373032
0.09013480911428304
0.0388719537213531
0.0
0.007496351135893255
0.0
0.010601441924005393
0.015803696766427937
0.09521445775619611
0.0352223934002491
0.04008176244375506
0.004858368777605847
0.06859670683603442
0.013741541997485836
0.041634426561063594
0.024291843370010387
0.07117076736986731
0.0
0.04780002782274277
0.004858368777605847
0.00921810607805678
0.0
0.023900013911371386
0.014575105814798692
0.13461935728238675
0.0
0.04780002782274277
0.0
0.00921810607805678
0.0
0.013036371224384393
0.019433475110423388
0.11708322567212384
0.043312239888540716
0.1781637400665867
0.009716737555211694
0.006145404224710804
0.0
0.0
0.0
0.04987072322316343
0.006870770998742918
0.03832311615334048
0.003895140640302418
0.007390509295375413
0.0
0.01916155807667024
0.011685421505591667
0.1079295034043125
0.0
0.09058191090789568
0.003895140640302418
0.0
0.0
0.0
0.0
0.09171683882696748
0.15326491423862482
0.14284070566245086
0.007790281280604836
0.004927006335355471
0.0
0.0
0.0
0.039983272098077234
0.005508560706789967
0.21915838014749636
0.007790281280604836
0.0024635031676777355
0.0
0.0
0.0
0.014148924880927196
0.027542801042056315
0.07038445752574643
0.0030266237288031983
0.0
0.0
0.0
0.0
0.07126632549600725
0.1190907515451339
0.03554590690713522
0.0
0.0
0.0
0.0
0.0
0.17342588634865128
0.07204837513881272
0.17029165695772797
0.006053247457606397
0.0019142048598010028
0.0
0.0
0.0
0.01099407588485519
0.021401459636415314
0.16067513285420923
0.021186365133489943
0.0
0.0
0.0
0.0
0.018590351548150412
0.04410344643696166
0.030635611507112265
0.0
0.0
0.0
0.0
0.0
0.149468913350116
0.06209564539281135
0.10965747262563655
0.0
0.0
0.0
0.0
0.0
0.07404682168641176
0.08195278838669298
0.13847954313938524
0.018259690297763642
0.0
0.0
0.0
0.0
0.016022288847424414
0.038011016421591846
0.15417639677210776
0.0
0.0
0.0
0.0
0.0
0.0
0.12719231836480835
0.08126618549590202
0.0
0.0
0.0
0.0
0.0
0.05487544626432601
0.060734488434510694
0.25373006365999823
0.03528738736152766
0.0
0.0
0.0
0.0
0.0
0.005467792468877109
0.11425876740699838
0.0
0.0
0.0
0.0
0.0
0.0
0.09426110496980221
0.023342414982865472
0.0
0.0
0.0
0.0
0.0
0.06838197110608127
0.20839327124573406
0.2238061037648344
0.031125726937927103
0.0
0.0
0.0
0.0
0.0
0.004822941794922257
0.11643201050900899
0.05719972081341183
0.031064777797757154
0.011111288316609593
0.006100592363769047
0.0017051674285860833
0.002156885077924465
0.0024114708974611286
0.020589499227720534
0.0
0.0
0.0
0.0
0.0
0.06031726118793517
0.18381616043266305
0.012201184727538094
0.0
0.0010784425389622325
0.0
0.0
0.0
0.17215559388027502
0.0619041962079157
0.16345746924993468
0.0803019853826167
0.04361145993644118
0.015599001171579356
0.008564546677049844
0.0023938636059413717
0.0030280244647428963
0.00338543436934266
0.013917388350205997
0.004787727211882743
0.035170883948653975
0.033854340630506026
0.02569364003114953
0.009575454423765487
0.016019972038202428
0.0
0.01712909335409969
0.0
0.0015140122323714482
0.0
0.0
0.0
0.2416871234110652
0.08690654059704968
0.04762619328866076
0.015829306253439045
0.04660093575905552
0.0
0.0
0.0
0.03551860302780071
0.0478256302569748
0.023773349463069932
0.008178280958887894
0.060078061630295165
0.057829173865002796
0.04388926054720602
0.016356561917775788
0.027364932562736016
0.0
0.04388926054720602
0.03680226562299742
0.07950861460297658
0.017348752857101846
0.020115911084136094
0.0
0.011847738131208391
0.0
0.08135392274444145
0.027039241835584378
0.07960260238694145
0.0
0.0
0.0
0.06067202703353907
0.08169459619726743
0.010972315136801506
0.004089140479443947
0.05857511513609846
0.017348752857101846
0.13166778164161808
0.0
0.0
0.0
0.08534192653531016
0.014756920076242316
0.008080139039180902
0.020485399180102525
0.024565016904290384
0.008822163651880916
0.016791530481362497
0.13433446499494153
0.055052792788729425
0.026967262578560615
0.022658857218926808
0.008123234133169682
0.03494559891030416
0.0483111404635041
0.04667805410610929
0.002707744847156073
0.0059938486550318824
0.0
0.0
0.0
0.005137584561455899
0.003087304066782193
0.12030492222968103
0.1264939049215409
0.04579593328277887
0.017231981711610427
0.012813127514718643
0.016246468266339364
0.006989064906737451
0.008831298106751848
0.038935707796005296
0.03351551205275509
0.06035989044457819
0.029566910821013388
0.02484317452490364
0.008906315147633334
0.038314359996972844
0.052968341802756266
0.05117782567041092
0.0029687718650973044
0.04487050252457457
0.018079592383903623
0.006638375617847508
0.0029687718650973044
0.02540012267818966
0.02091701361185778
0.2174256658170061
0.006839576661295096
0.050210668264619764
0.018893147387587517
0.014048314969393528
0.017812630295266668
0.007662811834081611
0.009682636596704703
0.04268911599031756
0.036746412547346556
0.017837353583242968
0.0020992387229704403
0.004754588925343586
0.0029687718650973044
0.01798970075069596
0.0109683191968448
0.09560321231715914
0.03778666364584376
0.030277577100728266
0.012199690700000057
0.0044794222993801485
0.0020032585770735968
0.01713941519455126
0.014114316905703325
0.14671380951987673
0.00461518810905422
0.004434401838299047
0.0
0.0
0.0
0.0019004579306995913
0.02263928677909305
0.24358334242306534
0.03248493054919043
0.012036233561097412
0.0014165177279385616
0.0032082866174836557
0.0020032585770735968
0.012139033905401764
0.0074011680605980705
0.06451083605370264
0.025497566497939904
0.008946789603048913
0.0014165177279385616
0.0014165177279385616
0.0
0.0012669719537997275
0.004249553032780858
0.1709590508173509
0.14694578934714142
0.003672059787366842
0.0
0.0
0.0
0.0015737399088715037
0.018747244302077408
0.20170761000027937
0.026900270096145134
0.0
0.0
0.0
0.0
0.0
0.03433850405286497
0.18558996727635604
0.002824949554522754
0.007408698517947015
0.0011729964889358447
0.0011729964889358447
0.0
0.001049159939247669
0.003518989341737923
0.14156855393006065
0.12168354237186021
0.021194718512161363
0.0030588004607717233
0.0029674723795790445
0.0054806333994904186
0.01200943718746641
0.037024759163123616
0.12110843027717176
0.04422579510066536
0.0
0.0
0.0
0.0
0.0
0.04325459137265068
0.2337789143360374
0.0035584555005982684
0.0
0.0
0.0
0.0
0.0006607886060913981
0.008990392925765086
0.1398216833076667
0.022838982611938334
0.02669798565163195
0.0038530264398666404
0.0037379847704113863
0.006903694983138922
0.015127720688112922
0.046638340033863496
0.15255456834570974
0.055709144820775956
0.0
0.0
0.0
0.0
0.002089597072476861
0.013755407915821541
0.09521438901441337
0.1248134857936136
0.0
0.0
0.0
0.0
0.0009591779002566865
0.013050143615559203
0.2029603225132683
0.033152277723577955
0.06522409721745469
0.0
0.0
0.0
0.0009591779002566865
0.0
0.05690003538082003
0.04893031583779751
0.0
0.0
0.0
0.0
0.0030331868828919356
0.019966874671030536
0.1382099159809608
0.18117494176447257
0.0
0.0
0.0
0.0
0.0030331868828919356
0.018629351612226095
0.19561664598621453
0.018199120382608285
0.09172507955750492
0.0
0.0
0.0
0.001348898228786837
0.0
0.08001889630959672
0.06881102697416476
0.029675761033310415
0.0
0.0057228902494898745
0.0
0.008093389372721022
0.012064912714325256
0.07268894986713699
0.026889601100571023
0.0
0.0
0.0
0.0
0.0042655907864614885
0.026198580457758844
0.2750969838039563
0.025593543432359336
0.028326862804523577
0.0
0.0
0.0
0.008093389372721022
0.006032456357162628
0.16401370390393044
0.06533775708378577
0.039595092895348426
0.0
0.0076358065696810066
0.0
0.010798661698731388
0.01609769465260749
0.09698574264781207
0.03587763940749064
0.1475817098826623
0.008048847326303746
0.005090537856154092
0.0
0.0
0.0
0.04131035082452095
0.005691394510621051
0.03779531594555986
0.0
0.0
0.0
0.010798661698731388
0.008048847326303746
0.21883643809157122
0.08717736196899188
0.10166369759732412
0.05231751405747829
0.034567647796374584
0.0
0.007199107799154259
0.0
0.021188231221460792
0.005691394510621051
0.1532008817711923
0.008355307094705906
0.005284360025862936
0.0
0.0
0.0
0.04288324195203951
0.005908094290465333
0.2350538449836899
0.008355307094705906
0.002642180012931468
0.0
0.0
0.0
0.015175140432271202
0.02954046877969716
0.10553454170176695
0.05430950279716215
0.035883810584462814
0.0
0.0074732137449362085
0.0
0.021994972878959997
0.005908094290465333
0.11083626891958243
0.07937542853566237
0.021137438321698742
0.0
0.0
0.0
0.03342122837882362
0.017724281980519497
0.18976475691666636
0.006745445154921772
0.0021330969843050447
0.0
0.0
0.0
0.012251264536881067
0.023848747837213975
0.17904856922145537
0.023609056963386395
0.0
0.0
0.0
0.0
0.020716185428895383
0.04914674002129638
0.0894808490817679
0.06408173796208852
0.017064774435987286
0.0
0.0
0.0
0.026981780619687087
0.014309249277709614
0.11881429045990037
0.006745445154921772
0.0063992907731085
0.0
0.0
0.0
0.04556486816524426
0.10329192034553154
0.14488647203943927
0.0191044976593609
0.0
0.0
0.0
0.0
0.016763580038414636
0.03976964353799415
0.16130956019676723
0.0
0.0
0.0
0.0
0.0
0.0
0.13307702972304933
0.09614476925147834
0.005458428152102943
0.005178319311356573
0.0
0.0
0.0
0.036871185433708084
0.08358403529342204
0.16434484175065558
0.0
0.0
0.0
0.0
0.0
0.0027292140760514713
0.09077686124292343
0.12311917496776695
0.0
0.0
0.0
0.0
0.0
0.0
0.10157075679009377
0.0251525457491467
0.0
0.0
0.0
0.0
0.0
0.07368477760013652
0.2245535131078032
0.1254358470872233
0.0
0.0
0.0
0.0
0.0
0.002083066775112363
0.06928524415266601
0.0940891526171784
0.0
0.0
0.0
0.0
0.0
0.04502018366999353
0.11600454506589564
0.021509044876071932
0.0
0.0
0.0
0.0
0.0
0.06301108459919941
0.19202555632680643
0.012746100667301885
0.0
0.001126606757660889
0.0
0.0
0.0
0.1798442183310739
0.06466889357175644
0.08045976046234314
0.0
0.0
0.0
0.0
0.0
0.03849873331091118
0.09920057359344253
0.1009574023185362
0.0035626434948252705
0.0
0.0
0.0
0.0
0.02710345424870079
0.11528490775331668
0.014899886264115515
0.0
0.001316976304493957
0.0
0.0
0.0
0.21023358188798882
0.07559638702032388
0.041428045753745917
0.013769255496505576
0.04053621684799184
0.0
0.0
0.0
0.030896156290013733
0.04160152768202486
0.11801678421744054
0.004164644879093383
0.0
0.0
0.0
0.0
0.031683288576739715
0.1347652947618748
0.08054546213450617
0.0
0.0
0.0
0.0
0.0
0.008329289758186765
0.15221601013405348
0.06267357869119954
0.020830538882019183
0.061324393421005846
0.0
0.0
0.0
0.04674062334506061
0.06293602730748524
0.008452871514397317
0.003150199264795872
0.04512520065394352
0.013365162867429604
0.1014344581727678
0.0
0.0
0.0
0.1218515686043327
0.0
0.0
0.0
0.0
0.0
0.012600797059183488
0.23027690337853862
0.10042770022895633
0.018901194917001363
0.02622400439339442
0.0
0.014088119190662194
0.0
0.012600797059183488
0.036994057769386524
0.006395712348875373
0.0
0.0
0.0
0.005482039156178891
0.003294295515465764
0.12837088839220442
0.13497481773834727
0.04886636831896843
0.01838731749358045
0.013672196712008061
0.017335729294633957
0.007457653888805849
0.009423401491883691
0.041546192020390546
0.03576259372761005
0.05794636512237249
0.018055029445756734
0.02476013433768431
0.0
0.007309385541571855
0.0
0.011997912823158458
0.07590185018328727
0.08071544097927295
0.01146643667213189
0.0
0.0
0.0028892883609967688
0.005337331131387292
0.08732047867836411
0.1453299711233765
0.055500859395117515
0.02088372756091354
0.015528444069804083
0.019689367292715768
0.008470164944494128
0.010702798247885389
0.04718683710389808
0.040618011003497
0.019716695423911433
0.0023204143108859054
0.0052555319526193045
0.0032815613803939088
0.019885093874127062
0.012123940241874841
0.10567595747924066
0.04176786285667363
0.09167401824429466
0.013023212311359372
0.0
0.0
0.0032815613803939088
0.0060619701209374205
0.09917580896964331
0.16506113653803198
0.01258039940258685
0.003741555562639594
0.002935117641733399
0.0
0.012789446641849006
0.015865495309690593
0.097524720356563
0.047676962099585614
0.014625599372184654
0.0017212544677919772
0.0038984882189490463
0.0024342214064263954
0.014750515247527725
0.008993388038794988
0.07838911055495631
0.030982881037621323
0.010871520541471601
0.0017212544677919772
0.0017212544677919772
0.0
0.0015395367760194373
0.005163763219848847
0.20773762602821727
0.17855836990128812
0.009331983765452164
0.0027754393680784317
0.002177233751157069
0.0
0.009487052406802763
0.01176882703981925
0.07234262426601246
0.035366177341549586
0.02393904249737081
0.005163763219848847
0.0038984882189490463
0.005608057700746639
0.03335237427633094
0.015615184757241132
0.07570299638867578
0.13036098595174683
0.00702661468069475
0.0011125023281206418
0.0011125023281206418
0.0
0.0009950523177122493
0.0033375068657424452
0.13426753389410964
0.11540803869368214
0.020101657516496462
0.0029010509971365756
0.002814432917791921
0.005197984370814529
0.011390082542016653
0.03511530610330235
0.11486258646913909
0.04194496784650452
0.015472575966915458
0.0033375068657424452
0.0025197187870166023
0.0036246687314740165
0.021556716177107093
0.010092597998452493
0.04892929041232778
0.08425651353774606
0.01595181100197712
0.0011125023281206418
0.002110824629034201
0.0
0.0025683681942917217
0.0017938560604033248
0.13754249436879445
0.15154209823572867
0.021436402299840743
0.003093680021955353
0.003001310524875435
0.005543129168807238
0.012146381033439124
0.03744695321242539
0.122489432064598
0.0447301027029073
0.0
0.0
0.0
0.0
0.0016777836378620349
0.011044520801289004
0.07644973573209407
0.10021550422676968
0.017011007065899204
0.001186372190727683
0.002250982830408685
0.0
0.0027389071683153786
0.0019129676320102402
0.14667527989636844
0.16160445378582158
0.009019550008853423
0.001186372190727683
0.0
0.0
0.002208345403088707
0.012728489323925483
0.09544380806770462
0.106757849890226
0.0
0.0
0.0
0.0
0.0024500858390618446
0.016128434801607788
0.1116403871692939
0.14634579943414697
0.0
0.0
0.0
0.0
0.0024500858390618446
0.015048037703664717
0.15801122473490323
0.014700514295478358
0.013171347754685333
0.001732472315716846
0.0
0.0
0.003224871001102158
0.018587552495707513
0.139377639223377
0.15589965852691284
0.02336928484470396
0.0
0.0
0.0
0.0
0.001732472315716846
0.060742625883437894
0.11538651409641357
0.0
0.0
0.0
0.0
0.003403205250326611
0.02090194559870353
0.2194799141544637
0.02041923047562683
0.022599947591692544
0.0
0.0
0.0
0.006457127883340727
0.0048128590328497855
0.1308546286303288
0.052128253525360047
0.032460280212193465
0.0
0.0
0.0
0.0
0.0024064295164248927
0.0843724003581423
0.1602735644315881
0.005380939902783939
0.0
0.0
0.0
0.03023740750119387
0.08506589756121975
0.08018985593944455
0.038554734913701504
0.030296333771283972
0.0
0.0
0.0
0.008656095363223993
0.006451872645357582
0.17541702202703877
0.06988047035555725
0.0814925669431598
0.04193717735425917
0.027709068415663965
0.0
0.005770730242149328
0.0
0.016984266675615093
0.004562162887226384
0.007213412802686661
0.0
0.0
0.0
0.040534721875693
0.11403499121457722
0.10749841922224763
0.05168450557992634
0.002885365121074664
0.006451872645357582
0.1107180496836006
0.013686487973754501
0.06441449073440156
0.009677808624074045
0.002040261208393455
0.0
0.10550081558791219
0.05429214688273644
0.03587234304538225
0.0
0.007470825498836321
0.0
0.021987943853698823
0.005906206216120272
0.11080084851063819
0.07935006219875602
0.02113068334233426
0.0
0.0
0.0
0.033410547817414114
0.017718617757769013
0.0037354127494181604
0.008352636954353529
0.14333631863713547
0.017718617757769013
0.08339142529280445
0.012528954986234393
0.0026413356404397324
0.0
0.026754063429913186
0.08352638201182049
0.12457142116435414
0.0
0.0
0.0
0.0
0.0
0.10282707836723984
0.07363964422504804
0.019610016179496304
0.0
0.0
0.0
0.031006161639491464
0.016443499496868498
0.13653565518923427
0.007751540409872866
0.007353756480561347
0.0
0.0
0.0
0.052360950054676815
0.11869809570500356
0.02482871037477349
0.07751541566973517
0.11560665336561603
0.0
0.0
0.0
0.0
0.0
0.05970803337048353
0.011627310201559066
0.031866274225430334
0.0
0.006933188412930424
0.0
0.06398683288993277
0.041698965121754104
0.10478742719594435
0.005949097876523172
0.00564380945589285
0.0
0.0
0.0
0.040185614769712934
0.09109758212788088
0.17911814937047155
0.0
0.0
0.0
0.0
0.0
0.002974548938261586
0.09893698651133764
0.0458243027519151
0.008923646497626368
0.024456504682057373
0.0
0.005321034824557656
0.0
0.049108165802258325
0.032002829339969834
0.14542994034309117
0.0
0.0
0.0
0.0
0.0
0.03454180404518652
0.1256968527361689
0.14357560322626958
0.0
0.0
0.0
0.0
0.0
0.002384307004275982
0.07930484749691337
0.10769574374274646
0.0
0.0
0.0
0.0
0.0
0.05153072409422238
0.13278040465771634
0.11657217029823727
0.0
0.0
0.0
0.0
0.0
0.027687648458525366
0.10075473378140068
0.10714855517345095
0.0
0.0
0.0
0.0
0.0
0.04583807398443516
0.08472582322485611
0.08644273436651234
0.0
0.0
0.0
0.0
0.0
0.041361492476724916
0.10657711112820141
0.10846457733414178
0.003827561050345134
0.0
0.0
0.0
0.0
0.029118862429771804
0.12385747360075618
0.08600352967280607
0.0
0.0
0.0
0.0
0.0
0.03679224745198849
0.06800576862633535
0.07856165401416776
0.0
0.0
0.0
0.0
0.0
0.07934425223820794
0.15164164009815978
0.1047307763454754
0.0036958005107734643
0.0
0.0
0.0
0.0
0.0281164703124432
0.11959378522662877
0.07147787356169386
0.0
0.0
0.0
0.0
0.0
0.0073916010215469286
0.13507994663011927
0.07585723577331013
0.0
0.0
0.0
0.0
0.0
0.076612893717911
0.1464215053810232
0.07705456374717429
0.0
0.0
0.0
0.0
0.0
0.032952836260352905
0.12101365371173298
0.10169855187744668
0.0
0.0
0.0
0.0
0.0
0.010516752702475951
0.19219143317279694
0.08381797459523242
0.015775128493044657
0.021886819363777833
0.0
0.011758086800010772
0.0
0.010516752702475951
0.030875614867410413
0.10963305367320896
0.0
0.0
0.0
0.0
0.0
0.046885218613001635
0.17217794439925138
0.06185921912149268
0.002629188175618988
0.0
0.0
0.032082390432507955
0.013737252685581243
0.06110644661876173
0.020850666670793487
0.06004897299683163
0.018710163672141244
0.02565856607401735
0.0
0.007574609625338121
0.0
0.012433262062507165
0.07865598027487054
0.08364423420789148
0.01188250107906918
0.0
0.0
0.0029941273866472226
0.005530998403557881
0.09048893843736604
0.15060332935790283
0.09417180284136359
0.039537495805750084
0.01015125394164149
0.0
0.005680957219003591
0.0
0.0
0.0
0.15545084373620338
0.004234335568489449
0.0021171677842447244
0.0
0.0
0.0
0.016937342273957795
0.1234919053136652
0.08775811218672494
0.012466918642163273
0.0
0.0
0.0031413876830489566
0.005803029736605975
0.09493945979954709
0.15801045940161387
0.012043020730082742
0.003581732961066373
0.0028097424790311915
0.0
0.012243138401663425
0.015187791960591153
0.09335889834372867
0.045640414468447944
0.16309638928866793
0.004442593077392035
0.0022212965386960177
0.0
0.0
0.0
0.01777037230956814
0.12956561301922445
0.022338283591121708
0.0022212965386960177
0.029825769538043802
0.0
0.01291412196303635
0.011106482456636502
0.05341653506114271
0.004095868279142434
0.0133961386864763
0.0039841658135249996
0.0031254367791931016
0.0
0.013618740983872753
0.016894247050260703
0.10384842622625287
0.05076843556370657
0.034364690442717546
0.007412624151073931
0.005596311584035954
0.008050412496331993
0.04787760486500861
0.022415724874851127
0.10867226777214369
0.1871342568747786
0.02484814663292938
0.002470874804842852
0.03317690421012584
0.0
0.014365114260640808
0.012354373760759634
0.059418257916191014
0.0045560678453265505
0.014365114260640808
0.0
0.03806922709753371
0.021735286914099913
0.034456142919935505
0.013572144291181336
0.08682829634068537
0.01262315016962831
0.015537502846931107
0.003351511896855998
0.0025302921705118663
0.003639878767109201
0.021647173663162107
0.010134949117018194
0.04913461021005538
0.08461007538528195
0.016018748874582964
0.0011171706719910785
0.002119682188222563
0.0
0.002579145723123595
0.0018013835385329
0.13811965779963045
0.15217800757949337
0.006494980773746402
0.0
0.01721245606429566
0.009827298833656704
0.015578851775346497
0.006136450753563479
0.039258171227713544
0.005707376646525342
0.009095904701400275
0.0
0.002234341343982157
0.0
0.004996139056728002
0.009049675777999398
0.31626661062950234
0.05362131247723821
