0.16109784609625633
0.07096223234272324
0.05494511894141105
0.08075436683600822
0.11643788924790385
0.12589233570059122
0.19129617775268667
0.1986127494152171
0.2599815950285339
0.24042696044292808
0.15651375656219382
0.012107997683838507
0.01962858809843144
0.05633710356921747
0.0781111193002202
0.17689099987728807
0.48790994061979154
0.3143050876780107
0.11260463015153822
0.0
0.010948499849115405
0.0
0.02448485579125941
0.049745234150308966
0.1001058501128775
0.0949994141428437
0.08448871368809607
0.06315588461697869
0.1812443714738591
0.2864063626343165
0.13136530795719145
0.05822989732021648
0.06807145624554302
0.05629481063370694
0.24014073370280756
0.1531996066640005
0.20529397112643039
0.17791884141127398
0.09907772520002384
0.0
0.07740128524534784
0.04507056045685337
0.288302767143489
0.18080033682386054
0.11968155363370603
0.17577495639299073
0.0521562624095029
0.060809494165934445
0.0839389503873819
0.015251196220857438
0.03802782577451515
0.03724616763419876
0.17343965142233378
0.2613607812414346
0.32718425353332553
0.06354899121244971
0.04588334205918601
0.0
0.07034971551498584
0.13293153920092432
0.25906945654104996
0.21108019838296418
0.20784267107254517
0.07284014799925574
0.042981628192231995
0.0958175302721644
0.2098519072864506
0.2216493935979726
0.2648517101940481
0.06373368800865287
0.08755051060684857
0.013560227835912451
0.1178784928965782
0.08599592530057985
0.08581661907764379
0.12575925641804814
0.31154845861994457
0.0652817375614195
0.13232774779331016
0.07538802965358832
0.1194676877426256
0.08518468395034386
0.19311620856375297
0.09689796826401419
0.20026925057630163
0.1933428667140549
0.10036504235956545
0.01135169698552096
0.07241114355442844
0.04955289203329353
0.05787615542731623
0.08803073725399042
0.2910614676178376
0.2979582730988129
0.12493827972358185
0.018166490980991146
0.1927356035551775
0.023760800704555753
0.2783481059863986
0.019983342420153424
0.1929984594561378
0.1461639758857139
0.11540481022456171
0.030600151925923434
0.06527189239793685
0.048742428415207956
0.04478924774678553
0.03757380733045456
0.21175551215674085
0.23948646910472343
0.2635818632264403
0.08879709796706972
0.11107480896736083
0.02801502461448312
0.014177226652606402
0.06217123110006102
0.11048366548913555
0.1846043368221517
0.395227284497002
0.09424447207899377
0.10096729019460275
0.14986605447008672
0.13552662147597871
0.17430713206453252
0.1572720098113619
0.10672794811243859
0.11799154799753186
0.05733983127923159
0.28662016028439047
0.1537612344511485
0.1263954016612933
0.008124460016447985
0.06675312600972343
0.03486459657933551
0.1695229865386009
0.15395610335586674
0.43784540238828384
0.11107356679662114
0.15291152749582088
0.02463783509334252
0.0283976184292093
0.02229481213388704
0.04043302928908162
0.1824044407752451
0.48964378693916244
0.15998604175349138
0.020587582622950663
0.0
0.024646056209043282
0.027866477422756164
0.07637834896464987
0.20088937686882147
0.07821367735340702
0.2010375956657828
0.08458674062652907
0.15188092327301658
0.24968811539596386
0.10033586060370102
0.13425247784201474
0.0
0.12288011784376285
0.03128897390303386
0.10046569216583806
0.22500276113658269
0.2086143206613902
0.12894341971186088
0.1564142604547777
0.026385818285987815
0.08684060426700407
0.11372919173801453
0.2701856196266037
0.11083954264684767
0.18241610265496888
0.08511947628638569
0.06586829868430791
0.08499732174648618
0.17764575134347252
0.279016916479332
0.27473301638772357
0.08131252622816097
0.05875736391511762
0.05071336107521837
0.050343077315397236
0.027473014108804955
0.20283173491968762
0.11626004818100635
0.08140100068684317
0.04746832744420151
0.05608317408129724
0.09395702479910566
0.186249657048134
0.21574458044309494
0.1756564273476436
0.046204684023653055
0.0991860071057005
0.06525699481493971
0.2793256487867932
0.1465903611563389
0.11693329441154134
0.07083926070381083
0.21551066335016933
0.096762061789753
0.22887165998456488
0.13216850300362534
0.16737574939232353
0.07240113147089966
0.08690396331435059
0.0
0.16783833302059342
0.06572412893474386
0.16571743624869656
0.10266507532074537
0.22077818150442946
0.09229926241528318
0.110849564473877
0.07412219501153938
0.13860807245577766
0.11982468261338854
0.14158393944784942
0.05334177920078263
0.17408270933321654
0.14058881469919107
0.19297791799435646
0.038986686446561135
0.18552700405364334
0.07792615542864
0.13079932487948637
0.11965595786443393
0.23868515507693225
0.009474415951435106
0.18131773337104704
0.056608829902304245
0.22193421302744099
0.2702695126443908
0.11035865752166417
0.0
0.09045887807208396
0.013533916325221485
0.17246532321565392
0.12097469454323476
0.35573870625099846
0.025045163830642186
0.056096382689071356
0.05918281847701695
0.11441342826277535
0.07531383290101376
0.0730160177291585
0.24119119182554527
0.0971348347149021
0.06493540320396207
0.05358808469636415
0.04399051782548365
0.1009336539719962
0.0580518274776633
0.2895800614078022
0.29178399318855164
0.28271301725307063
0.048578292916702515
0.13313180280380635
0.058486045711621894
0.02889777574652038
0.07619560245757875
0.19006096796351002
0.18193440610570433
0.3700279756530536
0.20009217653320535
0.04619703791588121
0.027369525181743473
0.041784234590609794
0.03819052241785224
0.09809543686247725
0.17824170712518322
0.39098962394465203
0.0574584810161016
0.11519287648979769
0.0
0.02205197456730667
0.012476977410296308
0.1668856342586438
0.23494169839136597
0.12862783043434922
0.06671494906118289
0.25276999598461014
0.05064586918011079
0.16184151875940192
0.06291750438183667
0.17335333110906676
0.10312322564194039
0.06536800890956214
0.0374154797712889
0.16906669494102505
0.17890971487585003
0.2822584056332008
0.027790649105704765
0.16884151049100196
0.07034513253281871
0.1654717910186607
0.09547562964652137
0.17254450686826986
0.10750183070102841
0.1545391749765376
0.10615426772985409
0.15907389392718915
0.03923361158193709
0.11639333047988165
0.06587028042049672
0.13766193196034693
0.1437473786233957
0.2693270886648502
0.09870815193879472
0.0710654823310109
0.09722113663945257
0.07991276844854357
0.14089490232648752
0.12648166501603528
0.03238546729786043
0.2676659303221802
0.0512664054590468
0.1744115695165803
0.12697627383010088
0.1112497164044664
0.1733247138012909
0.184422994339468
0.12498458174430596
0.12745018756104814
0.12071447360792166
0.10368599245310252
0.054160032608173564
0.20528507412328653
0.030260304441664516
0.2291643324504258
0.16041827123648297
0.1466900216212579
0.04034707402287521
0.14612532815046148
0.04170381995041697
0.13339778234457092
0.057707708700470664
0.21774373663800795
0.05469307526221983
0.19698720102873166
0.07517385826858321
0.190073948962607
0.07421703594739794
0.08878504772407392
0.04289703585234823
0.09676135436833604
0.07190014524802196
0.2033376575689467
0.15223407780875947
0.2111754049384002
0.13290394719518894
0.22848905909556302
0.08558229444562514
0.20578948135393033
0.15179662601554508
0.10486997575526671
0.0483596650769008
0.09154988535629846
0.08355747636331143
0.2336332481525218
0.1041278069047486
0.19052464477213754
0.07812221364223017
0.16292274414489852
0.08434062312979645
0.07767200750500768
0.06865209445146894
0.20529602285033613
0.1584204974641892
0.04732781853893292
0.013591947901663709
0.0337338340489516
0.044726509419808345
0.08794952717125745
0.40895235621955967
0.051515271949680114
0.042585010109236626
0.027758522116036452
0.02313714681013418
0.21751572947489076
0.2134296629353748
0.19899846584065642
0.22505912775815837
0.12858017227845278
0.0018119868799491914
0.01787565109929599
0.0
0.07560801850973643
0.09961562513390103
0.3172896218952027
0.35921840558256224
0.38665819177755717
0.0580446325702022
0.034611911754506675
0.0038609725836426865
0.026090796401637483
0.034457495603254194
0.15891297090335332
0.2973614655940448
0.39224854230907336
0.07238195077559625
0.015526793648667844
0.0
0.04371490916078003
0.058173003340530584
0.23706730365161782
0.18088497912406437
0.1128024431653671
0.020178714771933434
0.21525999210674088
0.0692500560253412
0.20599308619649936
0.1988027566344765
0.12911039647369515
0.04859677914085624
0.14233377546784312
0.05012743133198442
0.19788022051209542
0.08507034345372053
0.193882717544854
0.09161712072891894
0.17097184104626384
0.06811164361010764
0.056165122023134256
0.056911765723275345
0.17119253535792192
0.23212969424979832
0.26511523528392766
0.16056930664819904
0.03886225277197169
0.01905023244585146
0.1522117536416331
0.1326717071467397
0.15646430531211022
0.055387987215010016
0.12854715904410854
0.09762594246878643
0.179255339436507
0.09783201215887016
0.2133864195330803
0.04066479886557488
0.06722032229624765
0.09914175954451689
0.3171520942193835
0.057261228529062014
0.05964343593013083
0.14552515490301984
0.13436042805574253
0.1140862531984064
0.18379364195902687
0.12935528365720772
0.2163121735752465
0.058464774853614884
0.13187430048907436
0.031747566346567585
0.16921501300308953
0.09909358340632089
0.13439519112391488
0.2372375522787839
0.1294454191077867
0.053166430025041386
0.11362430135457545
0.06381790713524588
0.13269969839072157
0.09978340085195445
0.1714664518382231
0.2883931352449721
0.1398537705644719
0.08336305347437875
0.02786364302930115
0.056571802747816397
0.1498771366474362
0.055529185045849964
0.16662051954658819
0.10755716248204798
0.17346311055045796
0.05542977152794722
0.18673152824392747
0.10478648871140629
0.06099977587146241
0.13759862728393357
0.15341035974231404
0.16369573417316127
0.2761468608842956
0.12804983875120032
0.050694595072174914
0.02939825843235314
0.19586758679920535
0.08449563212402404
0.09337856571189238
0.026307165033962736
0.20972105983065212
0.12530416144746317
0.16641969206426732
0.09850081279273888
0.04691997487023167
0.0024719687838098887
0.003126820565248364
0.008053976813686192
0.021539727351273793
0.031903244254422744
0.15944273760207134
0.7265401347217757
0.23336516112245434
0.1067652754829669
0.1303994072326347
0.07126067286433112
0.06983824495680405
0.06022375995665233
0.1575241917150678
0.17062198227671432
0.27348663224040326
0.040957187734293216
0.046335216917461286
0.02222364656838479
0.037268793949641735
0.004764756927234458
0.1511879094232384
0.42377543335748263
0.6019345893792771
0.08280835886943831
0.016108181378233184
0.0
0.0
0.007120253581304216
0.044288753598615
0.247738599319182
0.3382633351778443
0.16726503412074117
0.10090348553362163
0.012211303134869223
0.09960931397932643
0.08070674272041103
0.06381567672053247
0.13722204322568501
0.02740860092532453
0.02292110200738342
0.22823182072875312
0.33861987237987895
0.2766970557324537
0.0039835451021425815
0.08221542888649487
0.019920293923326643
0.07757720971008397
0.03434721705045204
0.15896204867289557
0.391686555873652
0.26319138784335705
0.03360134488647799
0.02319362033611739
0.017438661642508114
0.004749334737637817
0.12717985373865065
0.22068156376852002
0.384999175465346
0.25567157627895043
0.0
0.006716573615380303
0.0
0.01207616266321602
0.0
0.1272628522048979
0.4024858725005181
0.44161800500752135
0.011154039613855252
0.005400623966538883
0.0
0.018377197731394332
0.046865001082348576
0.12391978624757972
0.2351908560187358
0.3202340841269062
0.12431430084064587
0.11468552780356553
0.01640992501355064
0.07894531471269521
0.024868956630825553
0.22290491739355833
0.28358724965411153
0.3047387826618478
0.036317869030393496
0.04863382033178475
0.0
0.007066390620990496
0.04769370220780379
0.3553685065456145
0.4072459621564238
0.15962951437510103
0.022993730364136905
0.0
0.0
0.007384610123247439
0.017181085523099843
0.21137028115675335
0.6486027154693472
0.09271941636138473
0.009984596768036223
0.009837089572388078
0.0029190234881233887
0.01466072751417059
0.003109412018205049
0.03169380653134061
0.4321645103060355
0.41381670414658467
0.07435767607283597
0.027468924740632852
0.0027271348036525863
0.0
0.00919933320875641
0.06385659714593038
0.32566906061544226
0.4805833040988057
0.10033438178792047
0.010394917971574016
0.00996085901910593
0.14383498589745664
0.06722791457643891
0.16399302688050207
0.16174092466383835
0.243355171422252
0.17035325099068685
0.017164276390280696
0.03232904267591488
0.17856111163514934
0.07864567628711477
0.035860041192438616
0.0
0.008246107586666714
0.04858234790433583
0.21790015852215178
0.43220251222861017
0.24028128427390102
0.10976652439238808
0.028201929763104615
0.011360110343936747
0.013301879120846566
0.030249665057276148
0.21897579748740745
0.3478618487054989
0.24920427996141842
0.12353343442860545
0.056738529845307285
0.003696573120537972
0.02138046153246965
0.0717661271969345
0.1757538350785064
0.29792624562066616
0.39806062449838786
0.139383208696687
0.05374128102716549
0.0
0.0
0.080272332413825
0.12834098090583562
0.20020084206476876
0.386528617102761
0.07686824289720434
0.10407177795130891
0.02505384167124981
0.065913347839792
0.008789346804523826
0.14138253967305614
0.1913905290484757
0.07787805728196914
0.10555243031928079
0.2019344129395395
0.34588889192111955
0.16788946915635344
0.024962515437230427
0.013571650396063492
0.06232105586411303
0.015146791092294994
0.01503010026094993
0.2324915047120905
0.46853750867951294
0.1605750873137755
0.0518968808790978
0.029959128800918226
0.026361807417514253
0.007775403924779028
0.0
0.04707083563471637
0.3113567924196547
0.4812085881432661
0.11990141454184904
0.023424936069768174
0.009261202754409613
0.01152417659412922
0.006241210815856055
0.0011589637187738007
0.04418207013013758
0.5515079241441906
0.32060821551451046
0.05284100427780838
0.011935385830361989
0.11382602237938662
0.03046500800264046
0.03893849360112612
0.024017050112188378
0.14048069737662186
0.2763965415214017
0.23853456227361328
0.1373400511914181
0.028570702675376154
0.12782598872453768
0.06247204854304114
0.12826688646068377
0.2228446083593886
0.16193042313624276
0.21748112457206256
0.05060560535013704
0.12165207789096315
0.2695261419873416
0.24058746498260075
0.05490316214857182
0.0544791671225995
0.05588650502476105
0.06635587598554446
0.13660830552502712
0.02391013242161576
0.08432922437049713
0.5098408092811053
0.0779066996539698
0.028997875258367622
0.17734725066360454
0.08754899022752949
0.010117882255192515
0.007068152822047876
0.006897859794576906
0.09891205336747322
0.576641297197952
0.2194527474853884
0.07264067317858447
0.014858498278650826
0.0035276227403415413
0.019232046988739863
0.05137234118474539
0.14588633390303554
0.3423946824612715
0.2736038126601655
0.07379418227045174
0.0643965460891771
0.029318460107489744
0.2442955853908822
0.17361005163150725
0.35297405721145214
0.1559869997185612
0.02146712334311918
0.0
0.009883225031160786
0.041780788125581204
0.22710041741979317
0.0423103473015453
0.05513156228862692
0.018511561505558282
0.022663784744630502
0.06781632529170185
0.08922416219549122
0.47723992597511217
0.2974222773135659
0.20543410235476695
0.01966177562905653
0.0072262446225633235
0.019601556805609523
0.04665170471079944
0.15362383557691503
0.250377595989499
0.3617625162754665
0.06709733666994978
0.023103712409791692
0.01667574925607797
0.004331488952937182
0.07787516280402208
0.2640287475506575
0.18512460682141163
0.1454469157865336
0.042243084495226256
0.03251237678447214
0.0
0.15523629545943257
0.2978861470651119
0.04771750531720671
0.27895713921516885
0.1399348491943198
0.008867433981889853
0.025219801321209972
0.08321878961519677
0.08517695598679875
0.19584663456794127
0.29777534997015526
0.16395791529938908
0.01946050111821631
0.003607248148458805
0.009125695897479039
0.03133034900486451
0.37627433277756606
0.38936305777995506
0.13140163068380478
0.03943615213500546
0.011771015793713339
0.009160613555483983
0.005955108842443819
0.03583323865070132
0.329099582423446
0.38562871679278005
0.21965716278988437
0.002893662826632894
0.01668579711932866
0.07885828980872998
0.13301470079224284
0.38653140235607925
0.33177074264711637
0.031539897319175426
0.0
0.021598060797338368
0.07822502259310386
0.050816123952740294
0.21104273071256488
0.29819287505254227
0.26634915879748616
0.05169501078959261
0.008365831222414511
0.035312165181566865
0.42891948512159833
0.23214401085072814
0.06541392383303384
0.07803421796447566
0.013800424586269726
0.0
0.06639305780855886
0.11529377580136857
0.08344131355892058
0.030332352539407942
0.08308543694368628
0.1567274888967304
0.18844527559946722
0.17305017697518296
0.20402354698372083
0.08089239082252188
0.05684352957035525
0.01461987067048046
0.0066567315561672025
0.021720804509038457
0.08097547868772777
0.19647458273717566
0.3322714030524993
0.290436137942849
0.0271079544224515
0.031157488060864356
0.031087285074927952
0.1595540303977124
0.24611877298757226
0.4147116898068743
0.05422016722482893
0.036040993819562744
0.017813958659450665
0.07669559020122992
0.2662737417291912
0.3306671592708684
0.22565619180709304
0.07805342794014135
0.0
0.004838780262171072
0.1670824399134581
0.1888942555787014
0.1723536193831462
0.23329488338940946
0.0846737180124126
0.036526227544547665
0.033017277582574535
0.08415609004460707
0.27252436568587196
0.09333935208908126
0.24323866929350638
0.11063367502700137
0.09443578918368643
0.021561054676931823
0.14544220530573412
0.018820164337696947
0.2532911527384737
0.11720948548693896
0.15589993158128798
0.0533495533161584
0.08432501220776355
0.06102447198144806
0.07476228606435978
0.2001347721071624
0.16101407497974748
0.0368133539585162
0.17137288995734237
0.15645759239157583
0.0831401471745243
0.05207622915113375
0.14458735258040378
0.19453740493776622
0.04927649328397525
0.08482002301254506
0.12972641292364823
0.06368821961086034
0.1033553776593194
0.2618217510446805
0.11207876861993096
0.195231969469397
0.20217880045339595
0.16304906343134065
0.16743368400676814
0.025311752036526306
0.05034116769095447
0.1871125006025118
0.15132636069103772
0.053245892504899965
0.23791394773860727
0.03478470686114968
0.06394573527454177
0.02555716962079604
0.06305702337510298
0.08453974554997255
0.21382026268154902
0.2763787641946992
0.2535846724278461
0.06904306521406393
0.14567434981794045
0.02088556212975989
0.16541104284623145
0.18211818111431102
0.08621923613779131
0.0770609914661422
0.057136593374216296
0.01006655740785805
0.003110737447932627
0.005735916216394623
0.14155541131846935
0.3048969026618971
0.36078405724078344
0.11671204364245392
0.0
0.0
0.02041954521556749
0.14343052943841253
0.34537163566500473
0.2977706529522584
0.18193204608292096
0.011074053174196168
0.010983504301608637
0.0
0.21721266185864294
0.5305629969966448
0.15339578431377218
0.046878566650375195
0.03396409065407156
0.007000637864196511
0.21558840715149283
0.2421157448047809
0.1914173859599587
0.16356506195019765
0.12994702653239065
0.0
0.0
0.05736488794459771
0.322527062365013
0.1504120308644576
0.027614902573700056
0.0
0.006952420136779126
0.04008943995436252
0.13768885059148753
0.3147130687397565
0.26945024570537146
0.00900410498119574
0.03434820330759177
0.026904526806965395
0.10471157078940581
0.13763139815646833
0.0884620817296467
0.32948529139816835
0.05094723196917062
0.046129753153380415
0.10017970065867161
0.07475006881779084
0.31336739567706734
0.36065380926333246
0.03485668214986699
0.01911321386237949
0.20709957057448253
0.1985111871083033
0.10343094481198489
0.09781831236785585
0.2769977535418912
0.01591229392191317
0.03014037470246286
0.07008673847426111
0.1735284763719303
0.1748263062494656
0.19958048320152422
0.1226275239536865
0.15873511726864273
0.05961521034257617
0.02296156231619398
0.08812220487737343
0.18568082269903619
0.11767788230059562
0.0735224776179043
0.14447712089087386
0.1783709798142181
0.09723409727508352
0.12913257361263933
0.07389864640985269
0.272549516505543
0.1206692537082391
0.19313677321753647
0.07755289306967764
0.06830281267891329
0.032479024971483764
0.09882132699291545
0.13648541747705184
0.060350386721460446
0.06024342486712473
0.05671267937257238
0.09063598953860007
0.20086029472706174
0.15367313003000982
0.10797392790359402
0.26954890942295356
0.16763168690818744
0.09951810435089845
0.24753931053234826
0.141712288414923
0.0849003552897924
0.09535179727351768
0.10972645003789229
0.05361938217649068
0.02197479053446035
0.1706692820743657
0.17518232143744158
0.10230818113785224
0.1805582501872581
0.285340240833468
0.04650144434612736
0.01746501815955014
0.06398190947422981
0.003066878014422835
0.009544846924669798
0.04465812764915506
0.04426734288337511
0.11951957131377752
0.5767658275799142
0.13819440739383054
0.0704010786949071
0.0
0.09813761447513737
0.0685954904137532
0.35930460671202347
0.12482398262379285
0.18085994992884305
0.09787308706635875
0.15852690447987242
0.09077755454531014
0.20445622977601438
0.13801096676356178
0.21811689682735963
0.027569234359840367
0.022732213480176833
0.13980627424896563
0.23393527232712982
0.21291875191846557
0.10496108252583884
0.05094557853434304
0.15927825091166348
0.09937583017911607
0.01745472183033164
0.12112787873786289
0.07290016542079157
0.07431718270177527
0.15056596524004134
0.3429764192090709
0.20432290756703142
0.08171569517923163
0.06525343836215622
0.007946337554642847
0.2516999364585008
0.13305472243994845
0.2037267881739638
0.11903928144117008
0.10205119737500494
0.01290864475622241
0.07190469393072332
0.10561190691660795
0.2867411635847979
0.135813481208236
0.02850722924232468
0.030700065640611555
0.04440105002681056
0.05319396809917623
0.17379659638282924
0.2468440321697088
0.2093098460915055
0.03045451881586019
0.03925837207142301
0.08439522712174498
0.06102306604107679
0.06953724594184597
0.16840900540574968
0.3376095261879806
0.07290636218170043
0.06917320952380676
0.0651194670075299
0.057172931476279464
0.24249909447347973
0.20023626738306483
0.12981000620234323
0.16308097870233895
0.11762817713053693
0.08959063639775525
0.13099814037388594
0.04870517947481146
0.2189649006397415
0.08888131344603883
0.15938481875618088
0.1458442912727437
0.07392606334976466
0.0073189051184046625
0.12375922258502281
0.10129652004042591
0.3248145444413869
0.09173803478940831
0.2127116944703882
0.06443082561950239
0.1841776094217314
0.0579555075278884
0.05337686278326763
0.10287929232370402
0.21628883256854142
0.08786650888460226
0.14978988835699786
0.14766151555776805
0.38211665726303723
0.18704707152505548
0.058354207883202794
0.005326183141932477
0.02543601581805769
0.01383148897873066
0.012268802298692937
0.31561863731149553
0.014700206843897555
0.07923960582026977
0.21004482872041763
0.10992307184361669
0.38344126596533823
0.19715447757351448
0.005495670715752627
0.0
0.2383252425978603
0.4937399997378333
0.07930939853766433
0.012391940841795991
0.09141531964754815
0.010389696679758179
0.0029557485097812136
0.07147211840012584
0.2097237673765177
0.6826728007695537
0.03667832683398592
0.025706266939091664
0.021201264267874758
0.012146743695276338
0.01186890533014344
0.0
0.25473302265457276
0.003243332585618983
0.013270190441824663
0.003435103268110711
0.026757168400855673
0.014786845727835991
0.2142307649510658
0.469543057348113
0.008580407289071924
0.0
0.18228778986949135
0.1795801843906134
0.48913389083826064
0.09951930791734068
0.04089627589371841
0.0
0.06633163786915329
0.03285934237005987
0.2938525811022795
0.3989643763765581
0.20799028014430823
0.0
0.0
0.0
0.03223652780631745
0.21195023326092746
0.19169815829347828
0.19784567762997496
0.2352637555654359
0.0
0.10255184803379754
0.028452546731840302
0.23435102339453062
0.11881911990499888
0.20502880378953875
0.0
0.029023214508856775
0.0077077545167293995
0.058041338368106515
0.3470279290074108
0.23667377161761693
0.06827590803892823
0.07815998554973384
0.04563110492608373
0.11708495859017769
0.0986466806846897
0.23004996646399678
0.12547565546662143
0.17194642172412866
0.22468494925596455
0.17273875199697908
0.07565252177907193
0.10141463139727844
0.09205088195793738
0.08539914295817813
0.07611040087598339
0.19795573591721324
0.18233347521028154
0.15376482954812018
0.0
0.10106238400410038
0.09893511523882215
0.159623153155241
0.10632299090550994
0.12085153154338547
0.04198051902762364
0.03901049979555686
0.031243219768749015
0.03707016912396576
0.08818789956004906
0.2016645326698241
0.4399902815083205
0.054057821447112145
0.024228480404636505
0.018390484911236883
0.0
0.030472575694012006
0.21388947788373847
0.5632731517071979
0.09568563007090586
0.04247670169453291
0.0
0.017654838655540826
0.10888498249165904
0.24416484670583932
0.29706268526791885
0.2679011675036099
0.02185093859645538
0.0846869340625589
0.11938070453154984
0.2027819649424946
0.173470488350267
0.31131149928553115
0.057896730426348526
0.040035126458979345
0.010432329232347456
0.51223059305313
0.35019403419563416
0.011235694815365406
0.004787628910407798
0.006812385164031659
0.01156795015921409
0.030634210218196435
0.07253678652511128
0.05370307732645619
0.006186341013018587
0.02808345460851617
0.08160082654137324
0.24981788455474102
0.1815239118925412
0.2379835622098783
0.16109935815017604
0.2028036771342098
0.3763390662306323
0.38100542395346226
0.0
0.02693894882648935
0.0025757415923362424
0.004299924194160131
0.006036836441699412
0.25889758410893865
0.16604846474342966
0.1437756980773898
0.0549616400546714
0.0721687073165596
0.010758275851829466
0.25833169214302387
0.03505177930779983
0.18129395361730366
0.01613378336798079
0.0254982031702071
0.005071018498333851
0.005866863393075571
0.004693680941689603
0.4845634501890763
0.27687849250477997
0.041478844295927644
0.05667806101194675
0.13727761318054435
0.2491940865196444
0.23972348669585664
0.07410618042442187
0.11477269561207408
0.08676682005455523
0.031171912776624254
0.0
0.17002393076428274
0.2719827054444799
0.4084102699926428
0.04787155342902387
0.03771289917570357
0.0328243982296971
0.08188118741886642
0.07047476347511598
0.34546560274131005
0.11999184732916328
0.2292552041324645
0.09697646262739709
0.04472752537878356
0.011223922479465834
0.1966187579465801
0.1550671653266728
0.10078031656155435
0.14732197749802076
0.03865685217105361
0.005402459407484783
0.310264504665545
0.04588487387491491
0.03166406930634728
0.008082691758084364
0.005829044823062197
0.025447311734859288
0.4010453801691826
0.3885081114777795
0.1327879320889455
0.006634428827095279
0.013837271915072728
0.08282701489371656
0.19072215572274803
0.36022552433790006
0.2875091450421542
0.059286520888223795
0.005591102078180985
0.0
0.021283752265760916
0.09106194157646343
0.38482384144666726
0.33645972699222093
0.1376148379349619
0.009732156776249619
0.019022015510292874
0.0
0.07335325095901112
0.05482500313109907
0.20046394803048043
0.09159229017714209
0.20354142720075674
0.19277198257898967
0.17050873578923217
0.012940286356159751
0.007462707470118555
0.0
0.03550501562599129
0.039783355779208544
0.4719330299157365
0.28500594073788876
0.12391947824786279
0.03638856177008131
0.0810161816859088
0.09472329830053215
0.1693817539600768
0.2028556179080877
0.2015700720665723
0.11443972101993229
0.11734780128745666
0.01866291572450633
0.0971758311599437
0.13093512098663926
0.1573876006140635
0.17564479854040288
0.2873759871390381
0.051264418593023574
0.05813882265609619
0.04207270610648979
0.522395097330114
0.39134069582983333
0.015535391820303326
0.0033283593713363644
0.0021050392714703162
0.0
0.011734841719995493
0.05355990104438034
0.27154213593870874
0.404152255034717
0.0313659438336287
0.06954784626844861
0.027858056465579865
0.03250406394934817
0.03926582552002901
0.12376321961025102
0.339858556828987
0.4320535124398848
0.10405163774047693
0.016881709036730464
0.0249219715239499
0.007226239736875134
0.020350735955109146
0.054653568467517996
0.3256274456442372
0.29457603400363425
0.18667278124039072
0.04914755274003413
0.05604760151172759
0.03415116571924704
0.025710779144420673
0.028061560311292873
0.2670117292393017
0.09458570924037929
0.0850592653175368
0.024921856891015857
0.00255850116934787
0.0
0.37523119629273743
0.15063065022251548
0.09080683186591172
0.014714860569839141
0.0
0.02612111981373427
0.0789306187579839
0.23254635402193496
0.19831313087048333
0.3585655259297189
0.019277339414007756
0.027651967888379172
0.06616874867861867
0.0987376367280407
0.5429453890621133
0.14307692645029496
0.05270297628128537
0.04943599244452859
0.07100623260618746
0.04332618993371711
0.11062883031782174
0.03571420511849817
0.26075885404263505
0.2259328557957925
0.15848879241395467
0.09414243394811807
0.024762139929713996
0.0038413351560696624
0.03647684351595757
0.16181672408524203
0.42112507611215516
0.26411908271539514
0.07851144299348484
0.00934637211018166
0.0384374946619825
0.005747001228290514
0.023049714010756568
0.20588588344312947
0.38528979346776115
0.19547397532624555
0.10663431891735341
0.03948055967687825
0.1657879638874409
0.05233892899927458
0.1092708960658453
0.14884518143170863
0.08904398413439035
0.2139505046757456
0.08700983471092863
0.1337512448814934
0.05954338495938783
0.04018608296291328
0.09907742114865917
0.4783888763283703
0.12456466796728352
0.05426088912110658
0.03204380041737592
0.11193332860636357
0.012348661037085856
0.06731007895388524
0.2727048639973897
0.4659376167992927
0.12798957045019743
0.01749108537025579
0.011440332612499183
0.02477670398880436
0.01841186233708906
0.13248847533267422
0.11912206253086226
0.2789032690424685
0.15837747563100088
0.14014811625408202
0.09325360007949313
0.05929337809792744
0.11740287094417376
0.11740060372506178
0.22685716422615287
0.11319781333765722
0.1639788651142484
0.15385407402765616
0.04126074884371762
0.06604376971415359
0.005898191963560006
0.7674376097845239
0.14295166326373288
0.01508955835663386
0.025557243730027365
0.01431948806579059
0.003127988509206804
0.025617312615810427
0.15309037646687354
0.6157172341983773
0.05543647607599294
0.037819405511499024
0.03239538103497037
0.017280837942112708
0.03016013820460801
0.05809903244157812
0.10006635056348907
0.857663305296963
0.008967147730931272
0.0187560861895272
0.0015308500993996286
0.0028037533088300136
0.0008491628610553347
0.009363100905215114
0.35718978598945383
0.1802584291683406
0.11379683375388666
0.053399270380324555
0.05622234026386921
0.04828563825015574
0.13245387908306605
0.058387280874945345
0.47818274740503375
0.2579178804002255
0.112504561302242
0.0
0.032595484227033414
0.01670051424086185
0.01631970185773789
0.08577615638527106
0.49578733882824605
0.05776682413074932
0.059381170473563345
0.030449870083423185
0.02520354009563394
0.0059450688269240696
0.018056469442405864
0.3074076075712945
0.08017790431843386
0.02042823484976091
0.04131695413023935
0.014118725105067427
0.008120631628535317
0.0783461604427149
0.07179359985283246
0.685696330420065
0.022683359013819706
0.0
0.03237123314400823
0.09071980158886858
0.39033554957450806
0.24417869916495608
0.20624081049280665
0.01346817902529767
0.07129837572242873
0.12008015584088688
0.15187530063104995
0.15018501199339454
0.1465243010887457
0.09039986165336779
0.1709828030255765
0.0986504756191897
0.032205764213927505
0.055436101352194116
0.04625531479234105
0.06553670803951914
0.4357421425186944
0.2715185042818554
0.051288926839978335
0.04201467789188704
0.027777722221306336
0.0
0.03411520518490262
0.059390160351744437
0.38311580024077097
0.3916329022958318
0.08297810909029878
0.02098926957753278
0.003201232529776487
0.04278431938109655
0.07942550206416026
0.3025577497213436
0.2016058810212072
0.2613456176907626
0.05321723638069547
0.05586143681654843
0.06238538536534315
0.10431851181689668
0.4636310474796639
0.23039769421931452
0.09288157730968225
0.012676674582505052
0.022210350002730705
0.011497569433933624
0.04141614690119893
0.23203905021746932
0.48308462835996585
0.04482573814043445
0.06164799336122813
0.051192173421408
0.06677068739430211
0.01902173224539035
0.22314332510604556
0.11352204801266683
0.1731378844059948
0.09649366191912524
0.14213742700703508
0.046244054875625086
0.11564017025085577
0.08967701648228192
0.1223403685796953
0.6792606643908078
0.09824272520403929
0.026597657259313824
0.02713124599967908
0.023175176407839154
0.01272205103955808
0.010528794164031572
0.044118265213992966
0.6620442630116341
0.21270611153343008
0.03223848921998042
0.015825130313319738
0.004583236707243742
0.006485137882178896
0.02199849158560795
0.11427149175288717
0.7509916999564777
0.0982338411569814
0.003860341134434796
0.004868374205869204
0.005548663131534392
0.0
0.02222528923349362
0.2077989390190949
0.5816494079297837
0.16835844386382443
0.0214862679106442
0.006701170726724229
0.004878732138830631
0.0007713952581008282
0.008354944965698169
0.1649613671787234
0.08158373748777449
0.05941349675129002
0.03158769651990754
0.250428949196997
0.08164631148019291
0.18904232989056705
0.14132860341382672
0.4482675456872117
0.0926239504715344
0.04461499737545605
0.03728808003327465
0.04922873519130809
0.02955654676878364
0.018612588365839827
0.2798056153364607
0.2272539152576627
0.00860907776658707
0.04287743676902453
0.0
0.05392888364364848
0.08352705310688331
0.1478826069115191
0.4359179702520862
0.06582456252553649
0.006478535983218139
0.04573576870092374
0.013521695257769669
0.052725670903639735
0.022514320629756772
0.2231340217534199
0.5700640020891995
0.10107959233423863
0.0114709586526343
0.0385761577238759
0.05800246662107797
0.1139154041058608
0.29202676514064607
0.30820110537762113
0.07672426686414918
0.05939134749230155
0.01706732785095639
0.008381717452290844
0.0
0.025073199788006883
0.21528517200135258
0.4833022698048712
0.1914972900846831
0.0645321380548769
0.016181239808019898
0.06977994119536785
0.06255127022073241
0.28234721342088454
0.13253814163487565
0.2971258283605173
0.07494182048786717
0.1313686291746395
0.16167844498762055
0.08950932851149852
0.08647299079642598
0.16706456567643413
0.1871649368749303
0.17673850533723473
0.0
0.05593709718849435
0.03643138477732525
0.2307233245441984
0.17628954788669873
0.22554159126701107
0.1834659350394884
0.07540392329028929
0.016203916564399304
0.16274631721385174
0.12515894629686214
0.16730552783350033
0.10747756244084994
0.175864941048829
0.04699926229111738
0.14857324883454007
0.0658711480520233
0.18474314949237022
0.21708301192505344
0.15504859163237056
0.07825631726770209
0.105162575060686
0.04854012942274563
0.18024737617141412
0.03091584060544278
0.16195598702578917
0.5841584266837869
0.14269722755006525
0.015747526569804816
0.015413608284379437
0.019536810102850372
0.03740278801958594
0.02308612682717331
0.05443266482735212
0.30314428338999955
0.32825242567765367
0.0034964923978143066
0.014465991698831034
0.1355097880941937
0.13564454269852427
0.025053269471381423
0.08465585826390752
0.8303072598039655
0.032880408109441366
0.019467960823831287
0.011893897519205164
0.007451352135746826
0.006690590583509273
0.006651945318394655
0.12282603320948403
0.7783548767453966
0.07812780751495806
0.00642127054351397
0.0
0.0
0.0008408882391594102
0.01342882522532752
0.25441598385991154
0.20500661968804168
0.22557810929657846
0.058100754539220284
0.14765546286167885
0.0
0.09527747265761585
0.013959946507968484
0.16599683564348217
0.11646322210865472
0.20085144490534113
0.04020296489129327
0.12287024116503675
0.061511008215221236
0.17210821679371807
0.11999004578686093
0.06390304620224174
0.018574483809435546
0.0365326330213533
0.022075782983192703
0.036977121104809045
0.007801271355505946
0.6663070187072909
0.14782693342250883
0.13794675731466874
0.05293905967971353
0.06770576926738008
0.03687375720093017
0.011825487399294603
0.10322084618547032
0.5276394763759357
0.06184632380596164
0.18491540045390914
0.032057288815066934
0.00573175211292017
0.0
0.0
0.047237374339535135
0.4905495019022702
0.23950664755770615
0.037993954057079254
0.04377374926889717
0.1391242933095947
0.06629896349193058
0.25317478471488175
0.2853760720132334
0.08979459964829375
0.08445879792882599
0.02724659824531969
0.02950602163475193
0.0691660457842832
0.0699638549467312
0.11251546940735388
0.4908380082109122
0.1551300063168006
0.04563087103352859
0.015309396125651445
0.0
0.0
0.0
0.04576927978338066
0.5316700906071447
0.3914416703143423
0.015808265335115878
0.04490604605243594
0.044172896411827346
0.05987695230224318
0.1663017729265522
0.261475137068273
0.2858265094469716
0.12095501829618586
0.016484088521200188
0.05825852290168451
0.06739911517568875
0.09952186526350157
0.10082493090747793
0.31506572020396845
0.18856849067024858
0.07885537670237786
0.0915040999155398
0.11203691760208803
0.06306901498025168
0.19472915294913618
0.17495114694243852
0.2490732570074078
0.0434635134614545
0.07862871287254336
0.08404535466568358
0.10193818265601678
0.30315851311080405
0.18861824683735992
0.10643294481850345
0.12482236473863688
0.04235399571325305
0.06486645513753779
0.06780594643313219
0.07493754107956586
0.6612288393087657
0.1969947236082165
0.006851102634081335
0.022323700976109875
0.004919694692562443
0.010153792471439741
0.022590041989740652
0.07100530783922532
0.08203136348055974
0.055471307298486844
0.05408854411507901
0.09876255335027719
0.26602103004991845
0.3323896744495991
0.040229357118998124
0.30533090483608594
0.3850385316627828
0.12478386124135787
0.017856370453754586
0.04368012571643266
0.010884349722832103
0.04688875183144614
0.06553675522985022
0.17422018375525275
0.534797555892338
0.15666161496642905
0.02615747608254933
0.010675229888448509
0.02077508437639068
0.03425106401753061
0.0424591440704212
0.2782264284326739
0.01607175682019106
0.17545541918763113
0.0
0.2392389735168536
0.0580584422157961
0.13511823644117424
0.0978215433753784
0.016308487765908337
0.003920072555534804
0.016518850195426135
0.14583972686902222
0.11454286389746811
0.23584992459799772
0.34884430003739086
0.11817438242362914
0.21100992300543167
0.09432097675829694
0.10172232700529237
0.012465285087038553
0.1822919027226111
0.0779933928277865
0.14655026257955134
0.17364088442140524
0.030254593571799687
0.006494738835586639
0.008067067413082668
0.01706357631201126
0.028247968482252882
0.19930939727733188
0.6753043800207638
0.03525685497741188
0.24485994373644202
0.07397540791024858
0.02277930904832906
0.026565010416489315
0.04924156828158824
0.043819629974483805
0.322102412231565
0.21665259490545477
0.02125420852301616
0.02189518227299835
0.12422442324029069
0.18763785584748183
0.4016677176053604
0.14494883093843236
0.0820168359077332
0.016351059180842786
0.02363563158957396
0.031643517523648475
0.05177022503373186
0.05449944216278965
0.5309210201561638
0.20155861019543386
0.08756540242927748
0.018402426520160272
0.027263935972430025
0.0
0.09601805282819711
0.08432965847586876
0.21259742162730133
0.2583513990403599
0.26620704524032623
0.05522899703171209
0.007584108803895177
0.02075509562295334
0.0015057406220246232
0.08214595632159541
0.4646499506491436
0.4158290819024792
0.007528703237047562
0.0
0.008421939532443905
0.0
0.10372275066277684
0.2531729363450871
0.5144602360705216
0.10571082458249202
0.01450977279487845
0.0
0.03629153967106391
0.017317228226010083
0.08433305012386988
0.4668199182406882
0.2682993709959968
0.07390332301845644
0.045135715836372374
0.007897871295555012
0.14180737925415077
0.46884154249819465
0.3357947825702877
0.05058013360743785
0.0029754186661726085
0.0
0.0
0.0
0.25366760550609885
0.4401644195960217
0.13321838608188044
0.005893403361171729
0.053016703045891435
0.004167265491600969
0.05995519605266324
0.04991463538274332
0.2794192940806367
0.14919919492538672
0.16108538581638362
0.041107625096684766
0.08444201437214839
0.08179487822839515
0.11895196505633586
0.08399410852999072
0.16466394527072195
0.08035294693338961
0.30708464067661245
0.06846451903786561
0.11308638020525029
0.10749749748642631
0.061815195718085074
0.09703042763962488
0.35611140290690496
0.16492868358039992
0.07991587387289333
0.013484198420731614
0.07080122100704601
0.021938500098043226
0.09991712372786604
0.19289881027594383
0.22958032546484572
0.14083918148703786
0.24620178099318663
0.08030498414863027
0.09422563955291091
0.036829890604954264
0.058617588473663815
0.1133935817214295
