0.043411134752411824
0.04056820198851302
0.06276447317366643
0.03450707958976267
0.028946370281905866
0.019248832991356563
0.02704695143126446
0.0034201375421328397
0.056856669413510016
0.13549384920752736
0.037985989574661205
0.017237721641773198
0.004752219050512288
0.006339087726270774
0.012284244029245264
0.0073401490762183075
0.006548929238516632
0.03716405622510385
0.02354411205460088
0.02407118028751684
0.026448859663387916
0.020281657170741194
0.030126578885777182
0.0074562341313267905
0.09486173098845845
0.1372162153136506
0.019166922958395286
0.008730842122832618
0.0036495231100523193
0.0
0.004228098671116346
0.01830148624965956
0.05681700851981227
0.13539933422440312
0.037959492097583064
0.01722569731019209
0.004748904096320723
0.006334665837211044
0.0122756750416203
0.0073350288875888925
0.13004996987255632
0.0283404795010172
0.014953498851525276
0.013593117740072266
0.026231280447433038
0.0216907988910852
0.017954992044824432
0.027093407479742253
0.094795559313833
0.13712049887817704
0.019153552894657696
0.008724751843452954
0.0036469773515756393
0.0
0.0042251493219253285
0.01828871987927336
0.07576067662665964
0.03093430102068162
0.009122742996630025
0.010524216845477235
0.00546240270628804
0.003412456986007762
0.007443593918053742
0.013380587438082348
0.17036496454150146
0.037125920059892424
0.019589026465042507
0.017806932397333476
0.034362877343873596
0.028414863821789916
0.02352097110100874
0.035492260468172374
0.0025414894214784434
0.006826831891210243
0.03778917186925515
0.08865992024958708
0.16738563873887863
0.023123833399376986
0.004004566791597977
0.004032280447491381
0.09924619744079392
0.04052381635819724
0.011950758532779002
0.013786683929752746
0.007155726712433041
0.004470305637058767
0.009751079643872852
0.017528518512286144
0.012423682450146935
0.0031658881030295887
0.02420646224719656
0.005391273067445669
0.017731250600081544
0.014221186345715947
0.015459147590599973
0.0019458697344077872
0.0024567574608390006
0.006599228799019672
0.03652930015924023
0.08570404374292272
0.16180508694378987
0.022352896591664735
0.0038710565779035543
0.003897846274649032
0.02934029341277055
0.034077472307154376
0.1997848132627874
0.1440847982811469
0.0247147911163472
0.0
0.0
0.0
0.012009483215845022
0.0030603390089166036
0.023399431146057265
0.005211530774014616
0.01714009975159199
0.013747059248625607
0.014943747497215337
0.0018809954302490036
0.020809119161221336
0.006974874514134993
0.008280767268814994
0.008775895684026517
0.015700520862955408
0.027538362067554764
0.03973019360171021
0.025578611890062004
0.022017286573520665
0.025572118960516678
0.14992077361876455
0.10812285514715203
0.018546257563207363
0.0
0.0
0.0
0.03995358599161093
0.013651140538454981
0.030045921956110788
0.0907477618856647
0.1619021947904017
0.02582465611545264
0.013084645331103806
0.0027600650141971672
0.015615397346903589
0.005234024378407016
0.0062139810069784035
0.00658553094531884
0.011781847656737085
0.02066509700079617
0.029813984674385362
0.019194478399157187
0.019468003291025215
0.054766357481054566
0.04081786912141074
0.021562472611079995
0.02277352941482629
0.0059933237686697356
0.012462527593019593
0.004901873623840946
0.03951433855702531
0.013501060681744668
0.02971559881210683
0.08975008619239816
0.1601222513397588
0.025540741326173143
0.012940793490236335
0.0027297210176149785
0.011195274664349117
0.0
0.0012207683371597397
0.01563634766870887
0.1331076662191967
0.09630028262651764
0.04193208527720358
0.020943540713656523
0.01925397317858718
0.054164259285658455
0.0403691198076296
0.02132541602297478
0.022523158537628356
0.005927433510644287
0.01232551527891002
0.00484798270615493
0.014624262179616803
0.03356167659385227
0.04118375613623016
0.014646602656931596
0.0068737194034594225
0.0015141768028821916
0.0017147378664511231
0.010993219725855388
0.01615456601762974
0.0
0.0017615452310142724
0.022562948946054658
0.19207180224333095
0.13895945564966877
0.06050719255907139
0.030221126434627852
0.0014656942412215705
0.0
0.01389714953235354
0.0608330353362851
0.12621908021889416
0.02257551605455044
0.014310496137386558
0.005602824843988323
0.02110252905112451
0.048428853820286936
0.0594273680015491
0.021134765930206755
0.009918644894301361
0.0021849280038138334
0.002474333761075681
0.015863004627583683
0.015722885933985863
0.0132446299602705
0.014653449788558417
0.010208718098653532
0.017905462613721987
0.01582555304146136
0.009169472460496327
0.01559234120395661
0.0022134439763976488
0.0
0.020987025162798083
0.09186807987924017
0.19061196732554325
0.03409281323461182
0.02161124781943636
0.008461204631193127
0.0007378146587992163
0.012751196897893492
0.07344984557063224
0.07676093745968257
0.14274313408426823
0.010640914943676904
0.0031302823494477237
0.0
0.02374419314983671
0.02000161123696794
0.022129165316838315
0.015416875461947315
0.02704024976854972
0.023899237690658822
0.013847440355305001
0.023547048726254283
0.017991731648892405
0.024231488456809985
0.01703348788071881
0.016889686018174945
0.027011350076332655
0.006599215024374477
0.02302632794744912
0.007530038844505443
0.0007629655162469855
0.013185863696177625
0.07595362693831899
0.07937758836595167
0.14760900679929953
0.011003645788978644
0.0032369883957471543
0.0
0.0045777930974819124
0.0
0.025149889389144867
0.046906421073814306
0.165844576496623
0.06675293990702183
0.03363437071553546
0.008749632827865016
0.01860503943905784
0.025057499033661834
0.017614130756835544
0.01746542693130893
0.027932121447759837
0.0068241711354598035
0.0238112566349523
0.007786725169852442
0.01471408236789191
0.0358000898252406
0.03494041770800965
0.007807690102694339
0.0394337747985952
0.007226912785154521
0.02426317161357452
0.00797120464588301
0.004024498798617402
0.0
0.022110151655313857
0.04123708329300558
0.14579979580881616
0.058684855505540985
0.029569157376593207
0.007692109724979824
0.0
0.0057947366939950385
0.011592157472081104
0.03783960854293604
0.18944223551669287
0.07138693420276417
0.0018971668951176899
0.0027655722059734805
0.012935666936304225
0.031473117160172204
0.0307173491887224
0.0068640147706882015
0.03466761732617222
0.0063534330194096374
0.021330606895097734
0.007007766152326934
0.017630915534691195
0.02765590692634641
0.04715901461255545
0.04650328954279781
0.0264061753686802
0.013835899529088064
0.025582274135861595
0.014040030648914632
0.0
0.0057114084907264
0.01142546246846573
0.0372954756929415
0.18671805977887915
0.07036039144886523
0.0018698856713073447
0.0027258033303363413
0.03635845629814508
0.01139352369794594
0.05650293705666478
0.04087028522138989
0.07236909031905145
0.01538274284047377
0.023201173294729226
0.02578709776021348
0.01737738330517516
0.027258215511596667
0.04648086888081652
0.045834573125070284
0.026026455069922037
0.01363693955743671
0.02521440152113586
0.013838135275648917
0.02377408137452094
0.011600132702977264
0.02117562552203263
0.048163005202571454
0.04353625269192983
0.01453525767129849
0.01519947792556179
0.00837655507849922
0.02586341769192535
0.008104729748877137
0.04019309978217209
0.029072886076377733
0.05147941363511049
0.010942442112179132
0.016504046017348086
0.018343531281028003
0.024261900054190825
0.0
0.008993491740564333
0.0
0.00047027354192106776
0.07839174920858423
0.20108220978766975
0.12291532159760417
0.016911581498096427
0.00825170009745904
0.015063182090931226
0.034260528297402705
0.030969309557018685
0.01033958750420694
0.010812077472828767
0.005958623244015357
0.040479174003348176
0.005901850070564216
0.004871321534222453
0.004461406377214659
0.010009952560126923
0.0030112199591718776
0.06708407298482218
0.09499529852288435
0.01738932086936965
0.0
0.006445938416339536
0.0
0.0003370608855272999
0.05618600676181417
0.14412239186995165
0.08809755057305574
0.019410876137833277
0.0060011981602396906
0.00863891971592362
0.06566717624077643
0.053558453195795275
0.06855971471500055
0.1007974982432033
0.02628882039327184
0.029012787279604685
0.004230054710089601
0.0034914402016025226
0.0031976402033128053
0.007174470118433625
0.0021582427576295757
0.04808141438847383
0.0680863297353603
0.02569028993638102
0.006597770366212473
0.007328730916621844
0.01767177445582337
0.02794232992353392
0.017490759038395146
0.04468515668926583
0.025659451663223948
0.014187632050852307
0.004386344581107432
0.00631428552611738
0.04799689244869927
0.039146487863765116
0.05011108200273176
0.07367404781557849
0.01921480041097807
0.017799846665660087
0.013488135918872593
0.03415703630364894
0.03247064527530773
0.013268682466505697
0.07128443436736386
0.13195028086723673
0.05365707207050154
0.018777327633690888
0.004822386050333554
0.005356653502212428
0.012916502680484325
0.020423369495719792
0.012784196435275872
0.03266089365262172
0.018754787586063495
0.06599549263806377
0.029958305853962426
0.013468721630018079
0.020535317897711743
0.050485676843621416
0.013477463604794179
0.027128462269398784
0.029346420248165517
0.017580023429430255
0.013321561130668683
0.03373520625076576
0.03206964169022295
0.0131048178683954
0.0704040911065605
0.13032073100051625
0.0529944219111656
0.017045180525966472
0.0012165958440116013
0.002937122186099901
0.01043794346943466
0.010504110348200691
0.01851604445584579
0.04913009278108938
0.10152147031980752
0.06518046636054706
0.029588328973347712
0.013302386602969715
0.020281712340199154
0.049862192547634264
0.01331102061674916
0.026793433182799798
0.028983999987368673
0.016773547880887196
0.011427124662608982
0.03425812563874785
0.02488937603608777
0.013996735067811992
0.011314669000013561
0.02483587522397776
0.04036164011153177
0.0067887334976007106
0.038524904486405075
0.024406234417114744
0.024952602477907575
0.02741734610814818
0.021024317168076657
0.03122973356424768
0.007729261466987123
0.09833531365924526
0.1422407058294566
0.01986876437270269
0.00905054219137698
0.0037831588776017864
0.0
0.004382920327028922
0.01897163768822223
0.07679014828325652
0.006029536050931842
0.02662265951463761
0.013314717007776582
0.02496867481025647
0.01438333465156567
0.020798178282927137
0.05166357000700499
0.12467645502472544
0.02341261671412244
0.001671305336890845
0.0
0.0019055812501550008
0.012318034242290919
0.04262507707525307
0.0801134572605902
0.11713875660884193
0.16943963262032152
0.023668021866869116
0.010781165173352637
0.004506565449230261
0.0
0.005221011845275354
0.02259934876836445
0.09361737537210199
0.03822547790587804
0.011272962354169292
0.01300476187370453
0.006749884337862469
0.004216768920564562
0.009198039893148421
0.016534375518623433
0.14851678788153705
0.027889521157731592
0.0019908883369764794
0.0
0.0022699619287713836
0.014673459221446604
0.050775742133220544
0.09543256051086829
0.017577077856774124
0.0071919875819199475
0.01697680736675653
0.009194458363455978
0.01961353156418757
0.010402198065333866
0.021691387686917165
0.009628912010311175
0.17487831659805683
0.0714056252994275
0.021058021245892247
0.024293042345959286
0.012608860326891201
0.007876972061866709
0.01718204260824547
0.03088640057685977
0.02189134424144178
0.005578502716196368
0.042653375925153086
0.009499777146804896
0.031243627827356887
0.025058664133199675
0.027240033133741015
0.0034287502417948514
0.03283418034406514
0.013434714189766652
0.03171286827586707
0.017175352270250296
0.03663829891464902
0.019431423700511565
0.04051975766556592
0.017986916598986696
0.03135215468992344
0.02586743844189494
0.034885287607324934
0.043929850540539356
0.08466711873952254
0.028335932068852637
0.007739759066580456
0.006704526016359867
0.023174039760353822
0.00590536799945101
0.045152596327621225
0.01005640452621461
0.03307430852776082
0.02652694473940973
0.02883612828670655
0.0036296535084975445
0.04015421364541643
0.013459032034016603
0.0159789415151993
0.01693436360742173
0.030296432260827486
0.053139263864954725
0.07666517115389497
0.049357641648799924
0.033189194384035586
0.027383108151767744
0.03692934673847523
0.0465038643522702
0.08962808105451772
0.029996240028384295
0.008193260421393
0.007097369205099912
0.011729875813237289
0.014221904208753937
0.03447396757251793
0.06006777661838306
0.06959056520554752
0.03842442441233383
0.012090795249852961
0.00813859636689472
0.030931001447042455
0.010367562990926078
0.012308662485418983
0.013044629135844015
0.02333750072595053
0.040933453759448894
0.05905558357683261
0.03802045032541442
0.03856224882328292
0.10848127939771225
0.08085209366189432
0.042710976654550474
0.045109839707276764
0.0118715843114986
0.02468579251939003
0.009709638300194043
0.009035584881744685
0.010955207429666129
0.02655547809470216
0.046270523485046844
0.053605977496685435
0.02959853572516263
0.009313603017395547
0.006269203481962604
0.013161194438816613
0.028186688725422106
0.05278573274697726
0.032145640798626154
0.051079279726022546
0.013180190639617279
0.025729604457822713
0.0021443890440056906
0.03932044312977262
0.11061419153094872
0.0824417726602106
0.043550741458530016
0.0459967699220953
0.012104998282640141
0.025171153926219776
0.009900545021195141
0.029865652352108547
0.0685396195168702
0.08410542208638769
0.02991127605063562
0.0140375023059824
0.0030922502235727605
0.0035018358099326327
0.022450341393656686
0.013419964168140326
0.028740883243702095
0.05382358306053264
0.03277767452528126
0.05208357849618353
0.013439333864049071
0.02623548884484463
0.0021865510966265003
0.03356751288043756
0.016395645077053444
0.03767035921677845
0.0021865510966265003
0.02449356406007997
0.008078353440461388
0.01381773070552422
0.016477825499274568
0.0435711038682574
0.09999268878684159
0.12270169217820236
0.04363766444038021
0.020479360832768825
0.004511294583137363
0.005108840416585971
0.03275288097538553
0.032463573180199254
0.0273466344388152
0.030255472281013194
0.021078284766748827
0.036970012905164426
0.032675553421658995
0.01893251922674744
0.03219403307068072
0.04897176104071786
0.023919663505657295
0.05495741780014865
0.003189966983515067
0.035733745614641314
0.011785537871031548
0.020158735282120827
0.024039556808851156
0.03690353314312513
0.005892769416528176
0.020158735282120827
0.013729108885877077
0.03250009164175013
0.015447844121810172
0.03447654851248752
0.013462083509195581
0.04017434155193461
0.033842024294200516
0.037441771134851205
0.02608481225550385
0.045751153681918566
0.040436671474010456
0.023429383131424356
0.03984078010564415
0.03044137856410278
0.04099882811062544
0.028820063736107304
0.02857675603113771
0.04570225641686738
0.011165640234260896
0.03895973882161753
0.012740561472419505
0.04566888360488075
0.007292423724040112
0.024946850797463144
0.01699005548536912
0.04021953390149984
0.019117025798293164
0.04266544005443382
0.01665960607284482
0.0469017109001911
0.018458063958301008
0.04550431011608994
0.03096437405354709
0.058185816759535956
0.02681897602239239
0.023356220574781004
0.011842949263377122
0.027386136915328034
0.03688399057359448
0.025927544960668826
0.025708656775075646
0.04111536042745733
0.010045003433693111
0.035049553991369505
0.011461858080017533
0.021658748729366198
0.052696806408099185
0.05143139128324048
0.011492717918993391
0.058045496719314055
0.010637828726870944
0.03571476115307292
0.011733407097969892
0.04219443194962365
0.016605524802020804
0.04093728095961857
0.027856642088077036
0.052346011234389915
0.02412729593475903
0.02101207910603068
0.010654334504764846
0.047318345504298566
0.029083591927926235
0.06429830223379807
0.039007299154217995
0.04897681899121859
0.034890226269644976
0.03014966960819982
0.0035514450134280706
0.017470156261483932
0.04250575386113733
0.04148505777923705
0.009270137459129496
0.04682005921177442
0.00858057556618491
0.028807871866567355
0.009464279679426209
0.023811284794263636
0.03735045266203851
0.06369021083147434
0.06280462684963202
0.035662638210349
0.018685957823556913
0.034549925324941125
0.01896164539179456
0.03816743526250661
0.02345910661668092
0.05186363263218136
0.03146366487176935
0.03950517602186712
0.02814279405267685
0.024319015187299665
0.0028646299060911583
0.03395181264650097
0.026990168515905275
0.025746231126351493
0.014999397271311813
0.06073969486062889
0.018713419801079628
0.0595584462510222
0.019593581882489948
0.022756765338942504
0.035696330285296396
0.06086959165801947
0.06002322712805647
0.0340832632985865
0.01785842137449483
0.03301982861870124
0.018121899693764664
0.031133639713625653
0.015191095988751662
0.027730799997184107
0.06307245389970628
0.05701343342942189
0.019034824873103616
0.019904662649838454
0.010969620392350115
0.03244820428229466
0.02579486729430657
0.02460601958974122
0.014335125839620756
0.05804974383554885
0.017884667156006725
0.056920808641667694
0.01872584990275692
0.02185607960420945
0.021427718858617575
0.02690587100829358
0.02527417899517921
0.04139790348936772
0.016729875887700422
0.0319674180257276
0.03919470107963061
0.026125503508683354
0.012747466573308632
0.023270042285096534
0.052926661669335275
0.047842291129570814
0.01597289583176491
0.01670281209266793
0.00920505468314527
0.06253340662268125
0.009117349831747201
0.007525359343156555
0.006892110473210534
0.01546366617224924
0.004651820269891218
0.10363342921766458
0.1467515031132594
0.018340325436988266
0.017980870510905692
0.022577810814831206
0.021208591674190428
0.03473866476299827
0.014038719379561254
0.026825160806019845
0.03288986800118776
0.07744185677172556
0.03202708915826115
0.020331816137991603
0.0
0.03191231377921571
0.009746916272986073
0.03026328686946632
0.04831440689614488
0.04312774301479758
0.006288010549180305
0.005190054106662804
0.004753318032259699
0.010664907875041152
0.0032082453201602444
0.07147341148403942
0.10121087999399554
0.038188823833922164
0.009807639027660343
0.010894217799572115
0.026269235699459458
0.041536499494621446
0.026000154816973937
0.06642484693724603
0.03814298249138169
0.05340973213873083
0.02208829080852452
0.014022350432854422
0.0
0.02200913306997742
0.00672220694363425
0.02087184001928406
0.03332125078523281
0.05066171720220798
0.004310141253052317
0.008590223972354519
0.004280919404079433
0.027085010524747107
0.03430310491072171
0.06391743406383525
0.13122503265781085
0.02606793779304681
0.0066947577433009945
0.007436463430719443
0.017931549949336663
0.02835308282013426
0.01774787360108265
0.04534202952683465
0.026036646196560584
0.09161934170141381
0.04159011700818144
0.018698177102327233
0.0285084970535165
0.070087581634251
0.018710313294393398
0.03766153952551024
0.04074065662598331
0.0345820153629081
0.002942130256549279
0.005863742363826515
0.0029221832337099347
0.018488403113791612
0.023415520960002625
0.0436304533052204
0.08957505481422474
0.06936910132020019
0.01803988066312271
0.01025545739322393
0.011247947273995864
0.02401638380310473
0.005835794026012565
0.0298878844840804
0.08670104483935237
0.08303019260759838
0.03769111807216325
0.01694525650791986
0.025835876544724166
0.06351699645974244
0.016956254953729048
0.034130837688102926
0.036921293078481306
0.021366998259248853
0.014556452487454987
0.043639742533082795
0.03170535286949373
0.017829752891448968
0.014413200745844797
0.03163720081440433
0.05141470964447582
0.06286587238754793
0.01634867418016009
0.009294026641377425
0.010193472374464529
0.02176489086123853
0.005288698794379333
0.027085948875667946
0.07857297726229312
0.0024796186439078223
0.028384061074729044
0.05233791223333815
0.06135329404233058
0.04445245933714682
0.025638744005917168
0.008570834490386769
0.0037768818982160733
0.06858925553792172
0.005385604771161111
0.023779461784770545
0.011892756397510779
0.022302116290838902
0.012847249783456789
0.01857701276612832
0.04614609926446021
0.1113614887382328
0.020912239219708667
0.0014928163494495226
0.0
0.00170207249545906
0.011002515521298741
0.03807288264444743
0.07155764788738031
0.07777650745809975
0.004276110912085972
0.03339499585726877
0.009102826829552532
0.020438420413855973
0.01139709181475018
0.02142834124239535
0.06257489770253742
0.09745380195500755
0.004033367606915305
0.0038531663696604974
0.0
0.009720683745897366
0.012806609201981345
0.02826672392199191
0.13785480824681054
0.1567152961089176
0.02942909437319696
0.0021007904877253696
0.0
0.0023952696587211933
0.01548347186626033
0.053578693540724774
0.10070068301519032
0.018547377709589523
0.007589003772497817
0.01791397074644144
0.009702016085477468
0.0206962488932564
0.010976426121555406
0.02288880801192676
0.010160452689740813
0.13714347395461357
0.0056760232464173055
0.005422432076116392
0.0
0.013679592908463324
0.018022312524550974
0.0397788145583863
0.1939984579877466
0.019440365910500898
0.008887363326677541
0.010458796666061443
0.008480074578394685
0.011346556829631857
0.022142138554117893
0.01842885940223943
0.008216533113545347
0.03873537769506297
0.015849298594106567
0.037412535278394096
0.020262231316950045
0.04322320008271713
0.02292378028946786
0.04780226278959993
0.021219655880865707
0.03698699162708768
0.030516522341989965
0.04115512485192525
0.05182524232200099
0.09988410821776299
0.03342867157111928
0.009130804776339483
0.00790951212391136
0.04060034404131108
0.018560865075504234
0.021842734074817162
0.01771026054570437
0.023696781896399587
0.046242876664269635
0.03848785745414979
0.017159865857081017
0.04141739024697136
0.018067493715186327
0.023948671418391493
0.03796818433158665
0.042760086227770985
0.01499913286362703
0.029885375479939375
0.00838550459856815
0.03470803238913008
0.02863624207473284
0.038619345437470115
0.04863202196118045
0.0937297333650291
0.031368958776476635
0.008568208820852614
0.007422166305028261
0.012266670439043365
0.014872741597788574
0.03605160068797316
0.06281665991316442
0.07277524013339191
0.04018284239157244
0.01264410664165119
0.008511043173741876
0.038865451309436784
0.016954262281710947
0.022473070306627006
0.03562876875263546
0.040125416868685426
0.014074958960933023
0.028043983424686083
0.007868830429375993
0.036235360956477676
0.03362145313834387
0.03722203201862564
0.04289558728872607
0.04133092089363051
0.004117077156854271
0.02298999658806752
0.025746037140731946
0.01118553442569773
0.013561916737981962
0.032874154612755724
0.057280246947014536
0.06636111713407682
0.036641284945808976
0.011529704888151573
0.007760913353918537
0.016292801783768858
0.03489349955879744
0.06534570130815776
0.03979445453670703
0.0632332106103736
0.01631631798784355
0.03185177054824927
0.0026546303075826124
0.033041718975036986
0.030658190695653596
0.03394142873632381
0.039114939193392574
0.037688176331045826
0.0037542141936633454
0.020963748847772686
0.023476882842334543
0.020555906745689627
0.0425985269027125
0.06761363880626789
0.03347348717758224
0.05423954587975063
0.014476406786585017
0.027247795110025532
0.009577058570491247
0.017128216202604258
0.0366826659061157
0.06869630618301302
0.041834917653540256
0.06647549739408613
0.017152938201496874
0.03348497205248367
0.002790746640737865
0.04284300694071911
0.020926147800575785
0.048079566309614054
0.002790746640737865
0.03126171244103431
0.010310592677867705
0.01763589499854673
0.021031036608160417
0.021609912135032345
0.04478276900348651
0.07108053231656375
0.0351898423022553
0.057020681948328406
0.015218685439633372
0.028644927489004397
0.010068122840836087
0.07767174343658544
0.013514565922584975
0.03402286363239315
0.01822232498385333
0.021180277560418674
0.024655787969591617
0.04799086875329571
0.0
0.057404280106735525
0.028038425303838793
0.06442061584674393
0.0037392520579499424
0.041886791467845345
0.013814906852026843
0.023629897355952487
0.028178963210036205
0.04325800641955227
0.006907453989852051
0.023629897355952487
0.016093144198867607
0.0380963298940056
0.0181078309656103
0.04041311576030018
0.015780139332534818
0.1040704384447533
0.0181078309656103
0.04558638931878809
0.024415640317134193
0.028378927452477987
0.03303567746346799
0.06430177219567326
0.0
0.03808199937138626
0.00793215119857663
0.02918936429029788
0.03797293042680477
0.048090207224707464
0.012195554413010717
0.03288666167963034
0.012353891577079036
0.04652718559994309
0.007429477694645924
0.02541570245574403
0.017309366958920307
0.04097542069932043
0.019476311598320462
0.04346729526586753
0.016972707072925915
0.047783182678344416
0.018804965215127548
0.0463595191134126
0.03154631917521798
0.059279362269453004
0.027323012443004356
0.02379517789394587
0.012065525910271383
0.04096000716224739
0.008531615337136141
0.031395320364675676
0.04084269544476983
0.051724574992719846
0.013117220848436584
0.03537203718752729
0.013287524180229642
0.033556162902642524
0.030375688446067126
0.036848078639220384
0.036875225773841794
0.06578919712081518
0.010273349271541254
0.04299732065577441
0.023521821700658148
0.03561452436061746
0.014016016812087511
0.03455341670992164
0.02351260610488371
0.044183040419032434
0.020364823724850895
0.017735401772499174
0.00899287034410471
0.039939401736204354
0.024548222249988722
0.05427146060375795
0.03292440120128649
0.041339248627658434
0.02944935518770054
0.025448053051354756
0.002997623598704606
0.02501061491005767
0.022640092925900236
0.0274641980876928
0.02748443182335255
0.04903505443111933
0.007657096647567106
0.03204744929287359
0.017531659571597528
0.0164638169852094
0.04007845058569491
0.11006258305694516
0.09062175092424049
0.051376313345698255
0.00553745644205727
0.015086535292388287
0.012010815820244906
0.03496383899230596
0.021490058763647294
0.04751044151737966
0.02882275178089001
0.036189296039708684
0.025780619349553776
0.0222777906247072
0.0026241862498815956
0.03110205605130923
0.024724739817462447
0.023585212723075975
0.013740417913041026
0.055641488534468285
0.017142702736516233
0.05455938841660301
0.017948988123257785
0.014412790909380288
0.03508556544223537
0.09635122875643873
0.0793322926929029
0.04497596533122147
0.004847612308911805
0.013207087937840877
0.010514534826509735
0.01605131635903876
0.015282682505219488
0.050181443288864244
0.03370751743792557
0.06469684364739056
0.037186118316192306
0.015550279363511003
0.010511681046710724
0.029016291787153065
0.023066650761653824
0.022003542566634907
0.012818958810455883
0.051910062284120324
0.015993079808054804
0.0509005299010813
0.01674529413133989
0.019544452370975348
0.01916139757151335
0.024060148203336535
0.02260103351250824
0.037019418288097294
0.014960426040748617
0.028586356306396277
0.03504923949388977
0.014974883920002659
0.01425779614474077
0.0468161782734896
0.03144702587461986
0.060358147701990335
0.03469234502420661
0.014507447438169816
0.009806747307048391
0.007093341819223815
0.0045225220157256675
0.05399260527646461
0.052702704328600095
0.1744426547953446
0.032124397673942956
0.013542790445849854
0.011280539159642137
0.01753575509282872
0.017192069067607896
0.021587346546349778
0.020278193576235806
0.03321471691594206
0.013422855864948086
0.02564836986324262
0.031447024878910906
0.07404456583655374
0.030622095215540684
0.01943988123946786
0.0
0.0305123549088846
0.009319329543012622
0.02893566903544145
0.04619490584814827
0.006364317739408808
0.0040577160702371575
0.048443470555251264
0.04728614024553377
0.15651416648423444
0.0288227860992141
0.012150918942328611
0.010121172405542144
0.04553743382475738
0.009661244195663131
0.014095736312417327
0.022255098360146854
0.037582569254664855
0.031680310804252
0.05752353430000124
0.0485073618572938
0.04639633080729931
0.01918780728310324
0.012181031121607313
0.0
0.019119043998276245
0.005839492628456954
0.01813109250532076
0.028945731656713394
0.04400916642820937
0.003744162934263966
0.007462214416183812
0.0037187782989651927
0.023528391884857933
0.029798655402752176
0.05552423306442577
0.11399345740165934
0.02853375963487558
0.006053736376840234
0.008832389487798426
0.013945046392001588
0.02354924086632775
0.01985088525465444
0.03604425114030899
0.03039471677487148
0.054341873162509574
0.0019464976120001235
0.01310873691155791
0.003077682911025925
0.024269384975739723
0.01138954105709071
0.046732790232398465
0.24634932025778727
0.03524980423594322
0.0029989436558762275
0.005976972950992003
0.0029786114501676227
0.018845419607770163
0.023867681546634652
0.04447297017235345
0.09130477542994711
0.07070863903967507
0.01838823605685248
0.010453493287407998
0.011465148439261568
0.024480147227704214
0.005948484922566731
0.03046502831122806
0.0883752674783932
0.043525941213125995
0.001559076559213236
0.010499640129896008
0.002465116450022837
0.01943892917665459
0.00912262433451459
0.03743133171537489
0.19731719588259433
0.036609173186183584
0.021187381173198048
0.012320268048887036
0.014510882599636302
0.01051482802657135
0.03619168123932634
0.01109978048139269
0.050226079736891395
0.06122029774983446
0.015920731918812558
0.009050746560429828
0.00992664843688764
0.021195173922084913
0.005150262019830408
0.026376948128276245
0.07651625405649097
0.0024147122424431
0.02764108099275478
0.05096791707235294
0.05974731259672459
0.0432888734853789
0.024967625237074277
0.008346484659138521
0.0036780183841137143
0.031696614632560655
0.01834426177025712
0.010667020162662466
0.012563677726340644
0.009103850835168901
0.03133514562902889
0.009610308941844739
0.04348627831139696
0.01978370477557102
0.025347418010474052
0.011542183400288411
0.07613670768793923
0.1702373420517852
0.04477904710377655
0.03379833514676312
0.0051586299975554155
0.07486774548613799
0.004116188729726895
0.032146057107277005
0.008762390399780728
0.019674044357257923
0.010970852216892672
0.020626943157482907
0.060234660415145795
0.09380912925865986
0.0038825237763375686
0.0037090618813772147
0.0
0.00935714009826359
0.012327655092907121
0.027209577306601312
0.1326991791631001
0.061427534269792715
0.0067106741644283865
0.005054506452959133
0.002590564297715611
0.019260157868335286
0.014369323338124495
0.049113325526599604
0.03219339021945168
0.14692947190298747
0.015834666570886908
0.0025095891110986568
0.0017303608877883396
0.0
0.0
0.03839117929840533
0.08949169635493613
0.12668500159248614
0.005243173395544389
0.005008920923392171
0.0
0.012636396026884659
0.016647942662066543
0.03674530796371775
0.17920426142370416
0.017957856216660826
0.008209618764402545
0.009661215616675795
0.007833389591865388
0.010481275766040854
0.020453593431050097
0.0170234865385796
0.007589945628172493
0.19842163048640396
0.021384003620992062
0.003389087000897305
0.002336774400928632
0.0
0.0
0.0518455575591746
0.12085450301941467
0.01763502385365393
0.0070102712676101565
0.010988134113433396
0.0
0.018179453472802715
0.013522735392320035
0.042473889444508924
0.010576995398624917
0.038434720452331074
0.017570827966496297
0.020677641973328803
0.016765594708249044
0.022432794827582123
0.04377628021315243
0.0364349139641341
0.016244558089097205
0.039208185388471456
0.017103773049579572
0.022671248554791416
0.03594296022177218
0.040479261924719345
0.014199078659390118
0.028291288640699092
0.007938221527624667
0.03774377096061926
0.015003896523886166
0.023517610222912492
0.0
0.03890899914629429
0.028942349703883954
0.090905732155732
0.022637661002908496
0.048171376383121634
0.020799264658035797
0.08954759121491444
0.038886725538500616
0.0668352213358569
0.022245697584956425
0.022334248195740418
0.015347316443510112
0.031713433356597695
0.013834339982326834
0.018337577294884062
0.02907236492426849
0.032741540131344914
0.011484885881050262
0.022883331324557846
0.006420808739091929
0.029567332068172747
0.02743443540551265
0.030372435982319642
0.035001943961546836
0.03372520737997206
0.003359452872380931
0.01875937883389661
0.021008252974045388
0.03896328584160648
0.016823428247531334
0.0724303238750003
0.03145342143745722
0.054059485709618715
0.01799337155855673
0.018064995477541
0.012413634867605605
0.03704694160278528
0.011107109790809038
0.07056976688756583
0.16646630401317944
0.0381417821719795
0.011107109790809038
0.0202750394784913
0.01736631660598975
0.021755164043400235
0.02018581322484128
0.02234754646342599
0.02575386345192194
0.024814461354082083
0.002471831011543678
0.013802847106486747
0.015457532274532781
0.013534317740889108
0.028047509921498303
0.044517835313376684
0.022039446712900344
0.03571213165831326
0.009531483656739653
0.01794035754881305
0.0063056792054825605
0.027258539594190407
0.00817243148586996
0.05192409148054687
0.12248321029287447
0.028064105552230597
0.00817243148586996
0.014918045660122127
0.012777854482164005
0.006323265808955826
0.001235915505771839
0.10337570402582014
0.23956335045241875
0.046888625848158644
0.0
0.002344984655803395
0.0022789155016478884
0.012433911882056625
0.025767110950958735
0.04089831878219754
0.020247532502475678
0.03280856166235546
0.008756527677425296
0.016481719224058708
0.005792996817313998
0.04469077003097068
0.007776011339410072
0.019576076280967823
0.010484761887028935
0.01218670872783504
0.01418644800964227
0.027612987479688815
0.0
0.005809153544389395
0.001135429564063491
0.09497075650288188
0.2200856849027947
0.043076352515751384
0.0
0.0021543259980476024
0.0020936285874637115
0.0032422559515670993
0.0034062885711263987
0.037831682492723506
0.14863429595492839
0.11998271043702584
0.016045516648400763
0.0018308251166513734
0.0
0.054636532383009896
0.009506533341491022
0.023932658240530643
0.012818106109423017
0.014898814802010394
0.017343588520438637
0.033758153721230394
0.0
0.01999288580848104
0.004164345248319762
0.015324290654669906
0.019935625081884113
0.025247151867561386
0.006402613591072191
0.01726535587511787
0.006485739920905471
0.003963807787805861
0.004164345248319762
0.04625098077712718
0.18171229805482358
0.1466844102182832
0.019616385874643465
0.0022382683427524283
0.0
0.004966271600670131
0.006402613591072191
0.047158049415372896
0.10037500360796335
0.10268415015666361
0.041963483228811514
0.0067637184883668966
0.003343023837722095
0.020203786192702716
0.00420827397483356
0.015485943095340755
0.020145921435784413
0.0255134783038937
0.006470153298912028
0.01744748416928547
0.0065541565094051945
0.016551792533800274
0.014983003113000867
0.01817555108058866
0.01818894157882424
0.032450943359297824
0.005067395407012651
0.021208704137850597
0.01160228938975843
0.00501865966504282
0.006470153298912028
0.047655508903518815
0.10143383658635166
0.10376734179437756
0.04240614642516118
0.006835067409259482
0.0033782886323391243
0.008986258548845553
0.03131326671874879
0.23378715322973084
0.11217206133100671
0.03850074916369136
0.004016887727176316
0.0
0.0
0.011496602836276602
0.010406947509347356
0.012624438813939718
0.01263373963375606
0.022539891477161775
0.0035197294969610596
0.014731217035680295
0.008058759365984706
0.007567905296561973
0.018422818884464176
0.050592350851460424
0.04165600415865876
0.023616095479926293
0.0025453967312060364
0.006934811681191821
0.005520998972699991
0.0062417073745457624
0.021749679996091537
0.1623847111071087
0.07791286870081102
0.026741987076637268
0.002790064142174026
0.0
0.0
0.0
0.018408121744116383
0.1881584355513779
0.21989614718430792
0.022848011157000123
0.0
0.0
0.0
0.005763407861565035
0.014030067109738463
0.03852906996138383
0.03172351297240282
0.017985054650500293
0.001938470284254129
0.00528126959781211
0.004204567530384799
0.006418623809490146
0.006111261382350246
0.020066628772605687
0.013479011262776577
0.025871068250434177
0.014870039258333028
0.0062182684045504815
0.004203426356754223
0.0
0.014018874367374009
0.14329378661348174
0.16746393271935472
0.017400112972238462
0.0
0.0
0.0
0.0024158159985169137
0.0
0.06108890931168196
0.20843145591207732
0.1515254068310458
0.013443926661173632
0.004223606395273625
0.0
0.006025816331258659
0.0057372638957137526
0.01883858954196557
0.01265412160101501
0.024287808445804037
0.013960021348632074
0.005837722293194561
0.0039461847180267545
0.002854324294319557
0.0018198396172163264
0.02172634688723952
0.021207297374811203
0.07019482780296019
0.01292669253194844
0.005449549277000426
0.0045392309854754695
0.002267972688422053
0.0
0.05735038511601955
0.19567585019175332
0.14225234227516695
0.012621184109803552
0.00396512977685632
0.0
0.0028037700701842067
0.009350275895754274
0.012031251728245545
0.098821438868665
0.14125240966926497
0.0639259328816324
0.018157804540869536
0.007518216482370817
0.003290010032685681
0.0020976210062871974
0.025042669249209275
0.02444439171405034
0.0809094075869319
0.014899830479735983
0.006281371682477486
0.005232101871750404
0.023540404530482943
0.0049943437196947075
0.007286737681053104
0.01150468909336561
0.019428167317340376
0.01637701709001594
0.029736573928523403
0.025075697616636573
0.003231739182057058
0.01077750750558781
0.01386770906531872
0.11390560139553058
0.16281326052465764
0.07368362485927674
0.02092942250111341
0.00866580146626241
0.018652625306867617
0.015371301110191247
0.05265149142274523
0.041518854998674214
0.10890837872049246
0.030869573499841114
0.007947769388281834
0.016063844827732893
0.02209605631137011
0.004687910096269188
0.006839651626132386
0.010798805845610372
0.01823613007647266
0.015372186631910824
0.027912052708398954
0.023537149748918264
0.042081418811579584
0.0015073345186567355
0.01015118206206136
0.00238330510177324
0.018793797379957598
0.008819866143770982
0.036189074898507534
0.19076870774612703
0.01750817232565963
0.01442817749669503
0.049420999450034996
0.038971418560218546
0.10222618162197973
0.028975535805988724
0.007460124983232654
0.015078229408975054
0.029814913614822504
0.0066815654668184715
0.0031152341963077003
0.001065846456935121
0.0021521213066828552
0.004522003395252128
0.12727497618770386
0.1111294385908691
0.03723957897456068
0.0013339023358488302
0.008983198683910724
0.0021090847472456328
0.016631404584919504
0.007805062449929422
0.03202520140144192
0.1688190787909444
0.03132178553899079
0.018127331252873392
0.010540877054162952
0.012415105647313926
0.008996193023882132
0.030964591096023866
0.009496661997798618
0.04297203026089873
0.026384443812368947
0.0059127921990789955
0.0027567989187125526
0.0009432113847090425
0.0019045006947578864
0.0040017068653204505
0.11263086324273623
0.09834301270432665
0.02176263909033277
0.0
0.02734801727262948
0.02466114208005482
0.04099262152841087
0.04605823976555121
0.08505077175736579
0.06146776905777824
0.029867164074923323
0.017285476145543512
0.01005134602171289
0.01183853318049951
0.008578398979186217
0.029526558172317183
0.009055625570874765
0.04097635739307173
0.018641838044585156
0.023884427449763115
0.010875996991967108
0.07174228437330278
0.16041166180303695
0.042194510753628976
0.03184757845560717
0.00486088657495098
0.020751955906382596
0.0
0.026077942395354894
0.023515848924483943
0.03908887478736408
0.04391923960935848
0.08110091142837023
0.05861313179233622
0.0002844176246218401
0.0
0.0033191675343671877
0.06177304649442793
0.08485343951943496
0.031074741175849168
0.002815590888355908
0.0011726838797617007
0.05837495011899148
0.006377193456810289
0.004803327458525475
0.0024618286157312708
0.018303042246656787
0.013655253186992492
0.04667268451963402
0.030593569651807897
0.1396279485299874
0.015047777551457697
0.002384877415657378
0.0016443722137512225
0.0
0.0
0.036483365370172986
0.08504448978594753
0.07675016151643914
0.02748933751565291
0.0048650757809149915
0.01894363853888269
0.01661679991026229
0.03118799688386712
0.019147806984939193
0.0329880054875025
0.19813714256476475
0.01788077636015805
0.007065500456975873
0.0009656086364826416
0.0
0.0017804942665435287
0.012158580527074591
0.07254800359652526
0.1685847120413908
0.01816846320585005
0.002879465584114542
0.001985390597388728
0.0
0.0
0.044049473690509273
0.10268145433786
0.014983222398301067
0.005956127666550314
0.009335834106616127
0.0
0.01544578542807766
0.011489304097228483
0.03608703548966677
0.008986518854669315
0.23922784425075935
0.021588983906802552
0.008530780352414738
0.0011658615315911843
0.0
0.0021497423429674106
0.014680089613640025
0.08759338244428407
0.01701720022114078
0.025973731236945966
0.04902674752570634
0.012535318873926673
0.009778290622694936
0.02114363232840451
0.029311880840023775
0.019643254502912134
0.01847376411165501
0.007343687132564295
0.0115107413136126
0.0
0.01904408737534988
0.014165890891624039
0.044493992240322
0.011080048409674898
0.023577576420862674
0.010180241645418565
0.04382924744316798
0.019033185513510874
0.0327126326247878
0.010888201131584969
0.010931542404964176
0.0075117746984038536
0.020981584225954253
0.032024658729304635
0.0604481829659194
0.015455588776921327
0.012056273982782048
0.02606932378863961
0.03614047485332257
0.024219412915685676
0.02862967294710763
0.05267948535366529
0.0630377037518278
0.27216995574985076
0.05441485991706138
0.00675761235185334
0.006923746096661071
0.0032142683912096148
0.01538781709091453
0.006644096644403113
0.028604994459529163
0.01242193735740348
0.021349777365035048
0.007106143755880903
0.007134430275892199
0.004902531669239686
0.014630992968070154
0.004386544157607128
0.02787020246261569
0.06574273659487036
0.015063379663867853
0.004386544157607128
0.008007245597160133
0.006858500193290266
0.018685048998207297
0.03438106913942314
0.04114132164602231
0.177630703935081
0.035513654859392896
0.004410330433691763
0.004518757001041067
0.002097780246882218
0.007352042787850907
0.014421356180762053
0.20010999103291302
0.20750981573924185
0.0
0.0
0.0017298738473162328
0.0
