0.3522271809451825
0.10100580258092527
0.18359166318701145
0.09368897027162247
0.10624889919577439
0.051575671188003616
0.04110578497451757
0.07055509740761455
0.11592281734826308
0.050011228697889924
0.11057334635450003
0.18760316195995969
0.2695649923687408
0.1778750943694921
0.08844858993401808
0.0
0.1343459707219325
0.013694816511619431
0.041500835598837583
0.08581097973266254
0.34073245795973334
0.23618049889548803
0.14773358927852598
0.0
0.10903386086916718
0.03702414968479584
0.040248286260297764
0.04659370787551205
0.2194350672162048
0.3986351152731667
0.07283537070698384
0.0761934353973631
0.1259971520484336
0.12658875005733847
0.08983184022485284
0.06606748500108642
0.2612904351751268
0.18256079653898735
0.13559934493074127
0.012063104195877326
0.18217812148654913
0.05584378515078672
0.03819898667290632
0.025455372745086587
0.16317378217886758
0.13279633387621328
0.21601460719920068
0.18633767725708025
0.19573173387798304
0.03153293505080518
0.058604707232019326
0.03198381485059195
0.2825741637692928
0.07558151577527135
0.209329287918544
0.11466057448651293
0.18482647237891603
0.05136529693552929
0.3545285439156782
0.10187075375698272
0.056359307036344015
0.08483738529949106
0.11856458671883445
0.04764654006296616
0.055123955398928295
0.11225320629573145
0.4597151252914358
0.301338209351246
0.03697797846372977
0.009092918642102942
0.017252600965135496
0.008245138076613067
0.12828457789735123
0.03138499333139731
0.2050459398948383
0.22189157740770055
0.21909543813329885
0.05570955824735224
0.10839847444754346
0.03018819731460831
0.29590077777492946
0.10449174307889
0.11905834076531174
0.12794222296112542
0.15016641804364764
0.05785463229311196
0.10572769671162442
0.03885664091279007
0.2947193930132889
0.049489831875734865
0.049170761154371724
0.06207466168842893
0.06638678684440684
0.06653633285221114
0.2397731782258589
0.1718481400329277
0.11475564026572711
0.03850499350577023
0.12050495684641273
0.07653440230243613
0.13783850962633973
0.12533282539723678
0.3475569008558006
0.03897034528620145
0.2132845955439767
0.04307254962653363
0.04226412554262334
0.08417342391694965
0.1998017815679904
0.055715295548646286
0.23195172765228642
0.1297349748136128
0.21142942029113265
0.09990129864907427
0.15209412321961469
0.1659954232771215
0.027512335478751267
0.08064505014688868
0.0054072336615261386
0.2570144231499822
0.08207853640824006
0.13567336203488373
0.1756912142192296
0.3315819766614423
0.18777489834468572
0.08719893255298819
0.0
0.0
0.19496025095749486
0.1490440956432063
0.11791126471193122
0.024283147338733983
0.13650878947122425
0.07837212326367625
0.12917055525294607
0.1697487067583986
0.2785986724408413
0.1535788932952811
0.08600107378847668
0.09655594089790663
0.12023874252451643
0.12982487716766292
0.08125556449742873
0.05394534149213159
0.04037687735394288
0.09207249292145071
0.13547608958884308
0.0813830617597135
0.31735640158861633
0.17414590349256728
0.10190611729593327
0.05728205088480458
0.004868322886068084
0.04293185338788798
0.11399052181257165
0.1197120330255061
0.20922695205165512
0.3320194627068019
0.12332454403750015
0.05392532481274389
0.03342823503003092
0.0
0.14618859233727313
0.42229966571381444
0.35229270538012564
0.015054717630844053
0.0067525639401682476
0.02398277881241403
0.011937653136065351
0.0
0.05233886015913972
0.11001116730666696
0.43767577833010496
0.36063127388859334
0.027404650137959882
0.0
0.0
0.019001313071426808
0.15161382786591607
0.43290228224595423
0.3451414858143501
0.05134032313218206
0.0
0.0
0.019080853363263386
0.04374791920364674
0.48779838033564354
0.3953813272919393
0.021813436494984247
0.003484023395843114
0.01883875647813957
0.009854306250871735
0.0347162460422849
0.17785349602709022
0.39582252354089836
0.11152983490048723
0.1602285252242153
0.059797840391426216
0.02436479654345305
0.035685061898466534
0.054586103409104685
0.0793316831190643
0.3758635539225483
0.3840563397298646
0.08165839616336246
0.0
0.0075717758428967726
0.016931005614911246
0.06279325307040562
0.14612693200626148
0.4599332864164378
0.28863725743016455
0.020514590353728067
0.0
0.018841714350849987
0.003152328385751788
0.07151242463842869
0.18370170912882805
0.4101528773116021
0.12744931563413872
0.1583494044726195
0.0163825891124746
0.017674687122578307
0.0147756945769824
0.11726234050766245
0.08128233016376828
0.005021459912986796
0.02245665208011498
0.03278150599550402
0.12842124735645816
0.3035741648405938
0.30919916291621824
0.027218980143931246
0.01678550293454323
0.02698937730101791
0.07295472014638794
0.16263143687511808
0.207905073644076
0.2547412672911286
0.23077275294746855
0.05150944900300514
0.06442606207724344
0.04599153775477692
0.27308444954290356
0.2101713630799154
0.1565995711922164
0.10085509757565866
0.0973619436321074
0.05751331779816444
0.023966060587693672
0.016593648937971987
0.19866379830531808
0.5673350452134662
0.08892885565399285
0.03880982807171076
0.008188832283047166
0.08293322073891192
0.2457073413765688
0.2829185337240444
0.044030617970822104
0.18192510302274803
0.05939787231422024
0.10308606709693867
0.0
0.41863760657684923
0.0678805717151119
0.0510446969695616
0.0074758617179337015
0.01688858007477808
0.02871610873476757
0.12963014602975226
0.27972553971232555
0.1925402591248886
0.10052879803598633
0.049429537690155345
0.17826061366335674
0.14677336107176178
0.05601100690076734
0.1605953230455647
0.11586006033765178
0.006748990417387516
0.05219489636241917
0.14157628530126434
0.39505372130679367
0.31511858757069194
0.05202189395269857
0.029271574540280187
0.00801320743605061
0.12886976887386412
0.10803960171000082
0.4308718163217454
0.19022890214872504
0.09051241273794691
0.0213039270523221
0.03017274751124329
0.0
0.04171545929359134
0.05028938631049209
0.29749602359189564
0.3102409873725813
0.15186346041100143
0.09529945822919565
0.036997893726454484
0.01609671650501701
0.014022916037311315
0.021969657470706207
0.022666635320866244
0.2373016833414906
0.4149821143724713
0.16508754758560462
0.1186414340794687
0.0053269336965149055
0.05966954824109679
0.018288928611081348
0.30296987290444166
0.3403211891580419
0.13934826827520091
0.05354326323759212
0.08585779468866736
0.0
0.015130731675556458
0.12696002600214099
0.5597547207294877
0.24222784666534292
0.02128328400917219
0.001778104866370027
0.013168426405916984
0.019696350722711097
0.01113704064120663
0.03287018148953725
0.7424107110329411
0.19207082902691588
0.0025806058080465885
0.0072130124644905255
0.011717206639932705
0.0
0.00777498570781752
0.09815047475148055
0.6662653223204491
0.2097676066918199
0.013328546927687177
0.0
0.00471235274490966
0.0
0.04986749754378078
0.14468392855945866
0.15336675999696497
0.12826110310482397
0.300839649651925
0.09547841343479307
0.0883255653655505
0.03917524014823097
0.04223967062380171
0.08662115656618417
0.05541969296972228
0.043138072762397
0.0913449723306896
0.11100833089758957
0.3313107337090466
0.2389156991943598
0.0502728933642226
0.030906073487818903
0.016483922159666233
0.032498223391748425
0.05482624268340018
0.12033795201050165
0.42726387733926985
0.2674100013802243
0.0433112819032167
0.016641830088974106
0.0033897947618643986
0.0783119568474499
0.026541877328828206
0.13168269554504988
0.5580426574034185
0.14207742101326837
0.001586359514332264
0.010641622910426403
0.018811707391996182
0.20569386762569872
0.5545920704825361
0.15187119413354538
0.0568021626713758
0.0
0.15165547633704093
0.046144949021384704
0.14557173232211446
0.10215263134867301
0.25118814486834284
0.10882115822829289
0.08501143439778573
0.1094531509679832
0.4268089712346136
0.08401795698276782
0.009711991220417616
0.021098246508590483
0.0167742981489556
0.047347387583529785
0.10525040226062526
0.2889896800811005
0.08361786439253473
0.052567803567681703
0.23169551938090188
0.34219814749113225
0.11679526055755872
0.06561233966883098
0.04660727072654491
0.06090524918201269
0.006902621932749853
0.0
0.06150630739715243
0.7455007117070773
0.17592961815748942
0.005492630071921487
0.0032253834554050852
0.001442435349818571
0.007088384331790764
0.0065226358872549905
0.05100553160753032
0.5717795429420746
0.350531561987975
0.0080694290513838
0.0050026333856109705
0.0
0.0271541313002201
0.03496532517956465
0.0694334986981339
0.3695524329311674
0.48054425249794597
0.013665402036640465
0.004684622152057867
0.0
0.0006765432597095708
0.004331990608186494
0.04515043106158612
0.4588654246050929
0.46027400881378505
0.018357015638517524
0.012344153025436174
0.0
0.002923632722663148
0.03685757238243776
0.22802698009585637
0.594162014183003
0.1282010116083257
0.00982832122647846
0.0
0.0
0.008372253890050396
0.014684023041322236
0.812856125071921
0.1311615247899834
0.024656243307227762
0.007231042801766116
0.001038317208991804
0.0
0.033119149203298684
0.07419790943458414
0.7372466350641961
0.1016891807019111
0.024469173131399184
0.008355872473748034
0.014629172669543408
0.006292245280538586
0.029014207958364294
0.0646619287422847
0.5893195175610314
0.26001633294305965
0.0414321163548349
0.012521158317890121
0.0030340515950168885
0.0
0.014272699878650224
0.16541247783577076
0.3101580266242438
0.2748478090832809
0.22829838404023983
0.0
0.004106371649638114
0.002903643232111458
0.0973982190278274
0.11053714756962173
0.11450349111518023
0.17152521303402765
0.2408642600692141
0.13509657731216443
0.08510389756721903
0.04497047184630106
0.28166870395682253
0.055443357332025496
0.022442108443116525
0.01710017481446055
0.02209908778029224
0.0
0.22898253025544696
0.3722633015307004
0.3164438605175969
0.1265302328315355
0.1432869938121176
0.08168488218039384
0.1229979988697544
0.10373975079495383
0.031952815810521944
0.07336261475760311
0.010100598443243652
0.0
0.06549793291751077
0.3464774364617807
0.4665186163850973
0.038137661774996154
0.0604901022612734
0.012776358879497348
0.16219572358371526
0.05979234640399308
0.057326641481413906
0.09583364278952558
0.17764310498313707
0.12556689518421985
0.13175161291652288
0.18988872204033305
0.4389286716565907
0.038279319890072265
0.0
0.0
0.009127997145473892
0.00974128343808617
0.13065265357969527
0.3732691006370529
0.07797789673587528
0.07749216528006891
0.1679987659138531
0.2418607151744987
0.1931658676324185
0.08517517823362179
0.04128538441996446
0.11504285395859963
0.02888918952495451
0.10229866934664025
0.24610493106649278
0.39900200808746966
0.17758173614575032
0.03309082427287524
0.006855452977683363
0.006176629533445334
0.0027508703550614432
0.0
0.0
0.1489940995559164
0.7813095052439317
0.06694517273368499
0.0
0.0
0.012704375613238134
0.01138509178564084
0.03632253663535647
0.28051651353110096
0.6108510262817127
0.03141325117377657
0.01680672868791461
0.0
0.057372814551227475
0.025251588528126583
0.11870985203066868
0.336273705811991
0.4029779314233099
0.008044924084693799
0.019279881403714793
0.03208862610209434
0.044885517651639915
0.036809291237439465
0.17301719623633233
0.551588471937762
0.148368525559703
0.009526321212282531
0.02856264890481351
0.0072411183959313575
0.07540089825648273
0.09093559347934194
0.31546621545721776
0.18511120950400037
0.15593289292045556
0.05596885982821734
0.02987695715397749
0.09130609005127939
0.025469830422982627
0.18817066546582725
0.5813188504433477
0.14807223176914888
0.013784715746855143
0.014255454011883856
0.013202162598557266
0.015725471743785302
0.06458060853520574
0.18514396982175893
0.44303498403407204
0.1618822839700362
0.09966233427104376
0.013914783897455877
0.008051697688970733
0.023728822472804657
0.02444779411165254
0.05384370752866039
0.1285868487148351
0.13605079169370557
0.3792805388855229
0.16984198447508578
0.06454559554973585
0.0434022566753891
0.26257290122083043
0.0708595212565867
0.039780879782906065
0.006662278479747627
0.1025749285625851
0.09904745974026634
0.22023849213548555
0.19826250468404708
0.05693560073577309
0.09501726440356868
0.040246033206033795
0.06407929964182235
0.07107301658946263
0.05368028560757907
0.23661608703597992
0.38235172191170286
0.5595622293349974
0.19064809587623363
0.03270747440920444
0.033689327861837814
0.03196880828190628
0.0473469342174716
0.03298111977453356
0.07109514509336082
0.1281863283157521
0.0742788807718435
0.28170528265012795
0.04020981983640153
0.20551081125307902
0.09951422267502201
0.17059058555014356
0.0
0.1422595786707417
0.07106139188471727
0.02089462017412967
0.03965183334066759
0.1414698780157024
0.22587374164626184
0.17751023534960098
0.18127772730937827
0.40356844556184124
0.022490511341771317
0.0
0.0
0.0
0.015640858727927313
0.18029135493871187
0.3780079373648177
0.27335887862581143
0.10564330630022421
0.10889841727538543
0.10524059504239684
0.06181415844894039
0.054271018839037205
0.09900704141750402
0.1917651982131606
0.0782439791577775
0.12277322572320398
0.48932255211783016
0.14043386001557526
0.04588574367279621
0.06554135922853803
0.043049565351910846
0.014749098895675486
0.0009210245052314879
0.025615254474806972
0.06182338343640084
0.22220262878365002
0.4642819658906657
0.18735273727110197
0.03780241618245965
0.0
0.0
0.014716184455649931
0.028907021903500998
0.519948125411476
0.3907533018135477
0.036827357242954405
0.005790614123929883
0.0030569205451631432
0.0
0.0
0.04978474400726069
0.31486038729814125
0.48008845533516853
0.12073803615117454
0.03452775692404932
0.0
0.023363058826949584
0.05607644538881377
0.10758500228552727
0.06467873030368475
0.3111207961097376
0.23860585375782253
0.1403847867895473
0.05818418505117671
0.06786037795960846
0.30127100271530616
0.32300701929095554
0.055871308813752546
0.08729373013838024
0.014121051225994729
0.07687371279098099
0.0737002499815803
0.1862875612202824
0.36270283744976334
0.08076865948319302
0.03736988049565279
0.01178388625743693
0.07862792304011096
0.10549783950058034
0.13696073037983095
0.12679561778668172
0.1808306309483945
0.10512992536521329
0.07042627753705727
0.17290238637310687
0.1223183198244841
0.13665663600145594
0.08493983172640913
0.025459408464448705
0.3467688453130263
0.19718145587901614
0.11119048172520106
0.07812709796259866
0.07270644565337171
0.03855999510272243
0.1300058464187163
0.19304146398953959
0.09143510651832522
0.40273562348446135
0.1607726709654979
0.02500343250777571
0.007279411242539271
0.06574267337426788
0.053988325792511144
0.22205286887300915
0.16652020645940216
0.08451031732883305
0.08622731490663184
0.0810081158042627
0.02225815443832918
0.11025651336962838
0.22716512763344032
0.045101412337640846
0.13218080383901762
0.09431870816160084
0.017757655290570284
0.21122754265968055
0.10257158600932477
0.3297402311925409
0.0671014026684071
0.07682584395788107
0.10243516369105848
0.2627672523208591
0.10385151836781208
0.18821533766935844
0.013051526658159467
0.23439197580754423
0.01845764596247726
0.20842265843195096
0.13855667348330278
0.09589654317755812
0.0
0.2057522110596229
0.08209837874580551
0.09679187882543099
0.17248116392195606
0.09635160496592216
0.012777726800096463
0.015041643656713044
0.0
0.014721250567126972
0.008711646018008987
0.08358172431011357
0.7688136898183665
0.18083692607020513
0.07075583507390153
0.01970130707230827
0.05115974135039281
0.05394570027513034
0.07134311331657624
0.23031946099734585
0.3219365545523385
0.12235020851073933
0.12693762160143274
0.2001453758381528
0.1060549856330209
0.11464106431079553
0.0
0.08803758384928298
0.24183200695764323
0.08018818550607963
0.21835833641508356
0.42364310984425085
0.11382376028681955
0.03135549514038662
0.010416258226861113
0.053151745495917446
0.06906264348267542
0.03786487732061331
0.05263621739012778
0.1692164071848014
0.1917957106428872
0.12072708286919472
0.2087753105855274
0.12491119252500675
0.09407277140151142
0.13901948745187753
0.18228754279900303
0.11574307823446045
0.09679470726985406
0.15806324603525823
0.14232422164938602
0.11011429360853546
0.05565285849808267
0.18211908162231244
0.10360898382667336
0.051651418669611454
0.008713877878197293
0.02817417127015914
0.12614345721112327
0.1671115427627769
0.33247654992544734
0.11430628412941146
0.19776751638072687
0.14211312580988839
0.14491041645733363
0.11377453454537335
0.1462015184003749
0.09405643814650705
0.04686924595569696
0.029717159910678387
0.020657644225517344
0.012726376485505848
0.13141742503070902
0.12685227598262214
0.28582024674522444
0.2999965877576431
0.09281156394951846
0.11550160500990758
0.1437662866346107
0.12775393512340147
0.060754181142561155
0.2566917404026296
0.11500933107811195
0.09520729045295301
0.08531448539574296
0.19299753975546277
0.25427937231569697
0.06477923995543113
0.007878098172702517
0.10514085719541504
0.16069475873743805
0.19098400419942826
0.023244906807938507
0.30154608570143493
0.27680410262751
0.14995252291210145
0.0439123504902266
0.04183213039691232
0.06280758275746266
0.06917258414084354
0.053970581545550615
0.4348989769159307
0.01955594303392056
0.02989453887747052
0.015072025918544186
0.034662650590624955
0.012054944802169358
0.01791753304963736
0.4359427264498528
0.08672766249008852
0.20438909531714744
0.01097172098165561
0.06683008442511729
0.07265754535563546
0.1813683786563531
0.23905928980810806
0.1379959524218132
0.14579609976045924
0.009629950874734311
0.015480853086098034
0.0038537287671891914
0.031036413462722554
0.13705536459620976
0.1982252077492043
0.4589217835167984
0.0933193127976371
0.03383572184072925
0.009570240895524988
0.059480329235631256
0.08543865822212537
0.2390191143325961
0.2716266063290808
0.20770954662476623
0.1472467727503548
0.06352203900972579
0.06094338014022375
0.06565381265116181
0.14095223288185124
0.18539198193857384
0.13790124741274767
0.19838810311118377
0.1814573595467882
0.0
0.03498865422930144
0.057635941811799186
0.031084722101778223
0.11689449312293304
0.1934284881153263
0.3845091309838801
0.052397113360581886
0.0
0.025883802263335125
0.041662859457102484
0.4597194513197637
0.321103659646834
0.065653425327329
0.03357898779254905
0.04492098334499968
0.007284183715892281
0.007293341786003261
0.32132313436441723
0.43875265852524103
0.12858386251286547
0.021768331847228612
0.030072859647698028
0.027866855501722083
0.05751442463203669
0.10869016743179968
0.23540487325450266
0.4020674202109551
0.12027415101872474
0.03074538247644628
0.017435889297271297
0.029278003901370697
0.013374430989879452
0.12138804167775646
0.35270945137114856
0.3001950630507353
0.11358263864439173
0.02745061266530636
0.04202069600725513
0.3143336868450438
0.3182847021631468
0.127120421523201
0.17665015468260267
0.043573784059911184
0.020036355308645563
0.0
0.0
0.4881661915815469
0.0741805176168222
0.043814011605219326
0.013615421727416817
0.043567517498178075
0.08020802688203856
0.1218097590633313
0.1346374992431691
0.05146441456450143
0.02600782415640416
0.008164312696895465
0.08200592786695779
0.09850856937693918
0.17983190583849437
0.37569384965818325
0.17832215080959918
0.0796336007400289
0.06210742410802971
0.052574522284081
0.19171151231726216
0.38048162316861517
0.13426849201468227
0.03996756162409253
0.059253965739911624
0.11647467808188337
0.1665706940862114
0.3206790588717031
0.12274637566850753
0.06231129638521219
0.06638091091488296
0.09195970512377856
0.05287615125016841
0.05373834380367538
0.10547837245255134
0.27826672972815375
0.18900533372165415
0.23799453808839108
0.04354162406655355
0.047578438193797215
0.04439449455875344
0.4633324119904432
0.06428616760163511
0.07664001036276366
0.05317623903523672
0.05966791312196777
0.013757044590404185
0.021193680874762037
0.24794554804882185
0.20170624791878095
0.014662920895733284
0.16920011641013585
0.07868033540056084
0.02374987911291029
0.03901971650706818
0.041212392701739875
0.4317680958250778
0.649446581182134
0.1402036265134882
0.027211128506502216
0.01233973378495984
0.046793812425034526
0.0012768928578895064
0.0020844708520716118
0.12064338840986395
0.10333136530152476
0.047641444739333905
0.035680895829294075
0.03259919592771674
0.05642747315046644
0.1047958512654175
0.49090297349935585
0.1286203912859162
0.12619504433479228
0.13573418823396408
0.05884636628415955
0.10831340802813204
0.13211459766739642
0.10197083316648899
0.19845405903424482
0.1383709382381982
0.15632943006483999
0.05076569248134065
0.11197350155133363
0.010217255016059476
0.09778740504762808
0.05678983205201427
0.23361548604061882
0.2825201153342867
0.08846424991744556
0.07901508128343035
0.09110563855419332
0.010681090409196209
0.19333513331545985
0.1164350286903909
0.22573396288243622
0.19522815699864698
0.054580875660894326
0.03585088173566732
0.1364021379064963
0.16061799697921114
0.3051184608458451
0.21423951800644445
0.0383640453174303
0.05482477189452652
0.044612793188603284
0.007284758042220052
0.011833969168160057
0.17491722698327541
0.37832775529407875
0.24005040692574386
0.0900499236214861
0.05292223432740308
0.04880357908883064
0.0414564756479112
0.10192207220241906
0.40656366463124766
0.17657579629216288
0.08124826886958945
0.05773173667635006
0.08569712003909707
0.21525996928169766
0.17891632213820866
0.17746691849157956
0.13394775873739345
0.1834888831410074
0.010245283062480792
0.060725778579102316
0.03994777517229823
0.17449638108341128
0.12273194980978577
0.14836596612429578
0.06648579522697215
0.02773652769679417
0.013558299425031645
0.2574787419449747
0.18914498352035394
0.1209833766020211
0.04314212116152855
0.023372170970109383
0.03763679415790746
0.10193811604666728
0.10123536995486786
0.39687301217964044
0.17481773296208608
0.02742486157975782
0.04533562044891786
0.03155665902432386
0.07654235591517211
0.1764107631101481
0.12757345383366206
0.36383562811218356
0.15132016149027766
0.01691697657977322
0.0
0.04410828934199389
0.07321587584417316
0.2019752919280742
0.3420902406804299
0.29824871351689014
0.02344371725388711
0.007608826614430837
0.0
0.1469535763923261
0.14218798693134685
0.33547010902750213
0.3142390250005936
0.032972745004501224
0.020566191111082967
0.2804415096672642
0.08668538466233126
0.08650079047042086
0.12753900434911522
0.08376823620070974
0.024190200353470255
0.04546508214046526
0.2654086113659876
0.14695635358663475
0.3139930328273746
0.14985074647460908
0.031162283820699955
0.11147608397120866
0.03984916500026762
0.04039776150623968
0.16631444510345753
0.432641775015749
0.0772224039804631
0.24272489612424114
0.09787024957724447
0.12403426723408835
0.017624145919216173
0.007881757716503941
0.0
0.06434418314706095
0.025263505206819047
0.07409109368899089
0.19762304532684516
0.21122447132673738
0.1712685626868732
0.16160514970958134
0.0945797005225651
0.30080618930731395
0.14638175798103661
0.08035763025135617
0.13411169967665576
0.06516172117648382
0.10520619112430102
0.10924100843003896
0.05873359294825223
0.08324244131186072
0.004245959743723436
0.0
0.12398361126092584
0.09882123391994517
0.07495329097658131
0.33885266143826925
0.2759005133033554
0.07783018031470829
0.0
0.014998156204399852
0.028456937640456103
0.13979778443329857
0.2156227785852434
0.47593401573467586
0.047358650595132834
0.008564776124894289
0.014363565920886542
0.08056913952655412
0.3310738283828165
0.3659770945877099
0.139314148434813
0.04921808648090882
0.01091799017723691
0.1384431055413377
0.10660957676832553
0.25403398751994927
0.25404493815086654
0.19158790297297626
0.008540089764281309
0.01363135514319053
0.03310810678652068
0.12625937790819663
0.4351606523476337
0.2980468843329307
0.058614049582042964
0.04697958554135992
0.018908444285013
0.0
0.016030295545909908
0.260701300377015
0.04757869027684863
0.13234280476378155
0.027488919311402262
0.031439958400784715
0.04683379182827563
0.20735840989272386
0.24625563288441624
0.10818370225993243
0.08182114374546756
0.2415408578474842
0.10573401844836251
0.08698757153965422
0.13958919678145038
0.1586426498853797
0.07749927961703117
0.045433674937947234
0.05200234053115587
0.2047844157208287
0.30167296522739434
0.2145450936710823
0.05841502612445568
0.07499505382163606
0.048150380304375115
0.19404993472351673
0.34621019467377684
0.053791696076311346
0.0031971595268664803
0.05866340541070972
0.08323933153006573
0.10504665194731959
0.155800979051848
0.007073791239130408
0.0
0.0
0.1605168288532738
0.35662379940340855
0.33792719147694905
0.12619108848291163
0.011666395099048
0.12013182947034891
0.22589703831204364
0.04694601581643724
0.018666838595962337
0.20151397680468514
0.18238914161721972
0.07227990655671616
0.13217411332193882
0.4607710407233174
0.3014290330317396
0.05252138780981677
0.0
0.03518347080194119
0.009697390371213546
0.04763118338373742
0.09276577267746419
0.29823338782155606
0.33538052289082215
0.02054125601926031
0.003598959572534692
0.06287302968775435
0.13154981838125382
0.02361010916102326
0.12421266670404153
0.013354603638052447
0.025701192587948028
0.10011881282063134
0.05040271519058269
0.3206430424237407
0.41756633227662976
0.05275615940911444
0.019456803241693032
0.04451593297434818
0.18656642520529584
0.33255576549427973
0.07470411364981608
0.09456580051971153
0.10266087843170871
0.14344376766970854
0.020986904534398373
0.1961624955859085
0.22389700570583787
0.03147642093797496
0.12972461655978168
0.016633597215242955
0.14775105907090325
0.16902909548039524
0.08532550427842767
0.1356798372254174
0.0
0.007832849315674384
0.00499949563773973
0.006176128194385277
0.009769054913058604
0.45777421465001145
0.3777679808723749
0.0294330025224925
0.044825945248994574
0.04516862957574763
0.04942007128112305
0.11416389714504023
0.04851197180407743
0.5308830756051156
0.13759281265549067
0.009068341783604553
0.027312231874260847
0.11991643349563082
0.46105821691450527
0.34625316122069805
0.013518285979372569
0.0
0.022872361442137626
0.025864915646803762
0.0550076625831838
0.3131605950134843
0.3662626198883568
0.20408872366498043
0.0
0.0
0.035614524282002506
0.12970227021084968
0.2422882584573171
0.3647997527720477
0.09605241701016325
0.044577447229457695
0.0
0.09139357815678696
0.03118499217812015
0.06736361114353996
0.1405319529901004
0.12180356146842236
0.02611480646259736
0.23898910161630238
0.17240154293040524
0.15253614059295614
0.08025835572920018
0.0008708460472813424
0.012946057287949717
0.11317628763619997
0.09395218441131765
0.6401952642172277
0.0940923734036092
0.03098606266057735
0.01378036699436683
0.1296381928704923
0.04208179314672172
0.14129419381005534
0.3623483308965397
0.18225747894084146
0.05121158964178544
0.03664377895169369
0.05452389554432142
0.0316913530087977
0.17609347723496638
0.44261036251256447
0.1806817332505156
0.09068036949480615
0.01250541496737385
0.04625959672030199
0.019476499724443
0.09607955674809637
0.2808586341562732
0.1548395228111296
0.20784922094868144
0.15062259306650164
0.029618039386692552
0.03932560017672647
0.040806172853287775
0.10536387524667716
0.11435207076291357
0.22016578046690888
0.2134386505057029
0.09649030547755355
0.039842646036631145
0.10986579435917827
0.10047904317445704
0.3332792172755493
0.35664235783136977
0.09451627370074606
0.02723427396538881
0.040596469292602334
0.013917504110169347
0.0
0.13381373688451
0.3163872870673224
0.17292911513016943
0.05753545134644147
0.04140634804510979
0.09051768710403828
0.04977450360092641
0.06060790358697152
0.21084042055575267
0.20382700094720105
0.06768725764462045
0.016113447308692515
0.05781799387632066
0.16061307443151335
0.10045445087477077
0.2571652220542041
0.13632013157775147
0.0463097878125822
0.49755314233457354
0.2685301397562676
0.02832280577726789
0.14552379221585157
0.007799188352471283
0.0020815425493338614
0.003879412801926855
0.27521930654356375
0.3047975923555619
0.16538286010460787
0.061044349571379976
0.024804391673723687
0.01190499536267979
0.00389763405678309
0.15294798839777382
0.2895340048989454
0.07322323420580797
0.06230638783674479
0.01721015545156428
0.016877627943833812
0.011589780483818837
0.09198342054852955
0.4372742302182174
0.08304008068279269
0.018404653953884458
0.009876010422226345
0.0
0.017423387210408835
0.11752875757174489
0.3792633935656543
0.3744632803957439
0.07497280276690821
0.0
0.0395457963227358
0.04659434140640167
0.2670591253861894
0.3986743436092049
0.14998010872630954
0.02317210483764269
0.040678865803557174
0.05841195777522858
0.01681234213352296
0.13807209986814253
0.2568313265816682
0.08344165923862124
0.34966672010009586
0.0560835415176558
0.060606543793319465
0.04774819580979769
0.2785109970279652
0.27060686180709387
0.09975524317878431
0.14019049511295473
0.04349609028508395
0.05908451621863728
0.021323268636534633
0.030692433890821554
0.042279087043595995
0.2688638881172883
0.5224822003982471
0.08132052159199564
0.02769518389823767
0.005342781460320428
0.011739075169084838
0.01794203607832307
0.09815692173874321
0.2927902868180219
0.5369238838127832
0.008826977189250873
0.01657288259526936
0.01704741432377077
0.08527127089116973
0.15047246624181881
0.2563267446458023
0.19195038898467373
0.08109922305145595
0.08491849965489723
0.10100418633054103
0.04895657622435896
0.039398956792660596
0.29269380141197704
0.39636573864135033
0.16250714298256091
0.03548722589099925
0.004617755296826284
0.030089031338342523
0.038839686805949
0.21631158592101102
0.11324819988491189
0.17261267156199958
0.13191534323548534
0.13409688583694163
0.07098446977566628
0.09339619588802006
0.06743263005463197
0.15596747842245748
0.475605708898651
0.23063930672719543
0.006217009532346245
0.020587754362940646
0.011843457833093795
0.019160763636399614
0.07997810212109706
0.5409254396625826
0.3625590382726163
0.0016017466295170117
0.005710139584406319
0.004583048726520071
0.0020167801738202747
0.0016017466295170117
0.08100190022451291
0.2638794210325326
0.12869216495218735
0.10293599458176173
0.03876395271612482
0.22034757084131834
0.05160522066570549
0.05637238214992407
0.1374009184685582
0.3914056975900267
0.11446177331658693
0.14641171531091843
0.0
0.09923998398021086
0.05817596132047515
0.05529880172446152
0.13500363543886473
0.009530770214954175
0.05577099302436247
0.5141748533083893
0.1823075141396618
0.22403405004898663
0.006653449235100026
0.007527518387043489
0.0
0.13607224964620815
0.07319565266342404
0.22255698626712359
0.1578336687534227
0.08230467415513423
0.08731563010246632
0.17452964040570906
0.06618994215934873
0.32793555395657603
0.023714269631636243
0.036726691379759896
0.005975470844926415
0.013227268412923694
0.0
0.14244507956427876
0.4499744568596441
0.06597639830200715
0.01818002425650526
0.007950400944739235
0.015707024838351288
0.015068965243266064
0.03599046565511782
0.3847223373949941
0.4564037837082004
0.0058996155452355915
0.0063709893562743
0.003128743477364955
0.006300791973536115
0.08536687588374411
0.46896389289592116
0.40709390738579393
0.016874711512886227
0.014569142243116954
0.01901669631461793
0.03064208335561203
0.11136054679240798
0.28413130863057134
0.5309504873186196
0.009328802919950651
0.0
0.11429120336479663
0.037870580156223015
0.07003484993442544
0.13313536941792115
0.14580386869958972
0.124813130645365
0.26451610180119217
0.10953315783515896
0.07860576872831282
0.12523019949227515
0.158861968530834
0.09589330235546435
0.15647525455213807
0.251893954170749
0.1019246695358921
0.031112976723895982
0.07259354030809254
0.04423447172626629
0.09696736819718425
0.11043579796566462
0.4291500977879768
0.14212180224285342
0.05378633391401747
0.05070971726429685
0.11454688835610158
0.11586458230490854
0.19387307359215936
0.10048636783822934
0.2115500148936717
0.1021196018745425
0.09177816343248517
0.06977961062378162
0.1327900924169654
0.16141360424670773
0.12127966676524328
0.09357959074011206
0.1777483412790378
0.11614765919613153
0.11314360058352294
0.08389602386852855
0.23451729239293112
0.2101849900362177
0.06783295099479959
0.06882590784646937
0.08361355104949271
0.012624915378747839
0.08058709248370823
0.2418114930868442
0.36384539842953645
0.2585254141493224
0.13059717044292193
0.0
0.012281594035893724
0.001546057719940099
0.03522163225026629
0.19798251171835207
0.3955586503679116
0.45053073939671795
0.012771967800517913
0.007927249162006602
0.0008922275870400861
0.002856522086319939
0.00485160365163438
0.1246107544350236
0.19967025835453506
0.05145259246737774
0.12521915694155275
0.018191238475170245
0.22891597263515012
0.1683588913060112
0.07794610364893242
0.13024210452350443
0.1649106104099004
0.11058663515748289
0.13097194792759323
0.0524335007165937
0.11076672457378002
0.09323730806083952
0.10320377662894592
0.23388678687145278
0.09596453833429115
0.0074664819644406685
0.013477816049684007
0.0022454571196935985
0.18361832238209624
0.20567078590796356
0.3584108209357967
0.13314558004907273
0.46980427911644046
0.009431202174764043
0.02589455360978306
0.037552813176131586
0.0693388720122195
0.02468348540678258
0.12484182825781302
0.2384512921693476
0.38215209334451095
0.10383167871203995
0.06497864893489409
0.0
0.07948406279041896
0.049271126449294385
0.10593805845435712
0.2143428371202469
0.08786124556086641
0.00763439797305098
0.012163473318375365
0.0
0.017625909417813373
0.041945498822817
0.3148263435493961
0.5179422949432055
0.020499463993230785
0.03727961394589154
0.024710353764531314
0.004185813807983698
0.06317858187879183
0.17558838236411806
0.5604203631386202
0.11413657995769126
0.04272273766263714
0.0080095762554251
0.0
0.0
0.04071978751400362
0.5713496099317443
0.2803305980452259
0.05686666536520322
0.010489094180346638
0.003708454821190152
0.036144897328148545
0.013676105105410438
0.09270611117612608
0.5015297856008332
0.31707970744790925
0.0246647829183462
0.03145907578635315
0.011039700566159735
0.028852980404748707
0.041025910807690205
0.22706092607376055
0.45384859649733655
0.18878304621000982
0.017928554159147524
0.05471628320937717
0.060086059165457346
0.11860511950567262
0.30610850543433865
0.1831667601791228
0.17390036890545277
0.05976930946911978
0.04364643388123546
0.03810016583342636
0.06803432477008745
0.2045078117686113
0.19119910278847235
0.3475989878937466
0.06815004654643811
0.07334061788136007
0.009067535029647196
0.11873905462664278
0.2000293480126459
0.2848389234914639
0.11451392704614609
0.07519474244948421
0.017649047863190315
0.13897400505830299
0.050059468294690705
0.1536050488050444
0.4540549274821543
0.32465509266178466
0.011094194696829873
0.02908172910459019
0.0012159007680953076
0.004392382567406487
0.02190037590299314
0.10375831029238107
0.05759688347212222
0.1024043084211432
0.015454391812842645
0.2989782554030639
0.012396238899353455
0.13212763007335487
0.27728330256802575
0.22742456483827037
0.3803678633663641
0.050491332177504344
0.06182529448232223
0.035021918916747385
0.022528532262716505
0.11327381073536157
0.10906544912281756
0.1973969356795374
0.0
0.1275542388066072
0.07003395603748594
0.1932754982202347
0.09347283761364031
0.24822828748358897
0.07003395603748594
0.38244754810246334
0.19076070110479074
0.05484526952183555
0.017198681202560913
0.10877400938334635
0.01216130413687289
0.10419992959099145
0.1296090761888385
0.004242812651106966
0.008985136532737633
0.031735590094058325
0.057136461396024275
0.08274451020052483
0.46811615547718327
0.31275206146845164
0.03428705787189708
0.1545524706388782
0.05188685669105011
0.03912119693132898
0.022839758257026607
0.11015874008157976
0.0922880379162945
0.18812027411386067
0.34103164933918145
0.09616469102894078
0.16928467591315907
0.12566751013132982
0.27545408413568856
0.1961035319540544
0.05128861042651684
0.011808071149760126
0.07422863600147343
0.06103705366528404
0.009657583470907954
0.012281442479295421
0.24866448062066182
0.11141324140161972
0.03673610765639275
0.25366565129727836
0.26654382185897757
0.15164889014682387
0.0
0.0
0.009806855876868928
0.0108542003079425
0.07894479224216944
0.44234495741662994
0.3063993116255372
0.06082373207985851
0.030048058645954976
0.023220468436316546
0.03024239278784287
0.08730114997801522
0.1308017436717281
0.40973182735818375
0.22782859143195786
0.1812604778971401
0.08358289561130514
0.1356243590745386
0.09657257239670826
0.23674968771325647
0.12224959714405223
0.0803659953707363
0.06359142443972532
0.0196185788936122
0.03642124706999913
0.06454468932997515
0.03352584284726281
0.17888146287671264
0.44623296288781683
0.19799956883717404
0.022774252158503733
0.025408480595631562
0.018478622683567092
0.0333815630579522
0.10952138295871454
0.392528318623362
0.2995796819313027
0.09264354306060295
0.028457397000706142
0.02060091569232479
0.10911555778270603
0.23114097906402517
0.2058727238116986
0.33651602215034493
0.05927742445600026
0.03747546693463917
0.0
0.39413460767275627
0.12595553788997513
0.2803060455162587
0.1051759469238092
0.021863422052864134
0.03684858528162327
0.0190087229609715
0.016706757257102314
0.3523579288331143
0.3262709095494617
0.1005510399226896
0.08850046454334383
0.007708367806363934
0.0064210171846933554
0.018178060457900422
0.10001150693737632
0.31793848147035425
0.09471259509801543
0.06494302377318187
0.0
0.17469082557534354
0.045399212768783545
0.1440996509872879
0.1582131428565525
0.4220491292537686
0.09325486660060331
0.04712143707318412
0.04260347273076601
0.04774767661427782
0.04919187720322034
0.1694839869724222
0.1285457559921675
0.18825656903641785
0.03222851767409359
0.1307419119369421
0.13688851074151534
0.13692379502297736
0.12891407069637437
0.22325300938503367
0.02278900333670806
0.17240325134279685
0.12379589116243885
0.023696148438159884
0.04438772080808234
0.0943368106237814
0.044318955005718336
0.17652204223676296
0.32053618590112337
0.1990755711201753
0.06400761932579052
0.19812796379454703
0.10023158622809884
0.24077215244971756
0.07087443983563045
0.12690559588402384
0.0
0.10220397780128763
0.052677732601033166
0.058000539559785264
0.06001990439002768
0.08680234755912308
0.3553739711404239
0.18886519732524343
0.09605374673278494
0.10050499447171181
0.21795992380103182
0.053761524400075186
0.022222639045030836
0.20447552259990281
0.10467789706178333
0.13984157175986783
0.15655572652565944
0.08723205887791091
0.027658125011040337
0.0719656513315763
0.03869647838622425
0.20654242251632832
0.27095158946196846
0.2250129187374507
0.07193980537462435
0.1268094904850339
0.004744998880639938
0.0
0.0
0.10175110559394449
0.5487076198923176
0.08795199017356319
0.13003411592554767
0.34717841698460633
0.04027148442775226
0.10402354561832274
0.009149135034738754
0.21068376416433782
0.09812262966660303
0.09784491262650456
0.09272425982241592
0.12479541670576641
0.06257535912471571
0.1322659302169037
0.10270521446839183
0.11921271297756669
0.1875938696180632
0.14670727448863768
0.12414194042662083
0.2525367234805749
0.10949628126378814
0.23187946990375602
0.09982710592903303
0.074298030427502
0.036968619816098454
0.14353456165650874
0.05145732224379541
0.08493171192297262
0.11004900628195378
0.40010705133599156
0.2165023063257751
0.10143910514861451
0.04072387353127137
0.03901832452677376
0.007227158252675406
0.1915136131442945
0.09088231552885417
0.16032141078430223
0.12672955053411675
0.2037563025463737
0.08536854745065331
0.08428140348799755
0.05714522259203895
0.35238688920417927
0.46874673052927457
0.02079243677759001
0.0239038822759676
0.029639208802336753
0.009069256874281704
0.005193123784647069
0.09026813994057067
0.4888812996720708
0.09383324486632315
0.005510431313275668
0.0
0.010257266442029756
0.035602736145656656
0.06866532050004436
0.2972481238831506
0.5437805346758514
0.09660910311500878
0.06455118927798045
0.014203592547915948
0.07672843371771339
0.06489048065105524
0.04652586443434518
0.09270792697514633
0.2918401068599921
0.03818262868288961
0.07823896407412814
0.04243278481342282
0.035593103778724516
0.06972437660839309
0.19885737813085105
0.2451287932524379
0.2938234819948036
0.10459162308514533
0.04726462500383935
0.05348452208324004
0.19619707328108596
0.028953087053310417
0.2552085199307396
0.02047292413936462
0.3360677030290888
0.07925788224115772
0.14020050601512685
0.020877759254731988
0.07089040717614221
0.018257071121324908
0.23350512598574288
0.10094030447235658
