13.0
1.501843413616234
6.040899720608514
4.432935800337417
13.656012044441741
13.656012044441741
4.78581108870312
7.102238516118087
15.458287088470435
13.776529648941821
30.311543508439627
16.64810850664271
8.473959906944492
5.5
1.4115118240741138
5.7137923750255135
2.0
0.0
2.1226700853433615
0.7057569909963604
2.0
6.423630008351757
16.49070102681926
14.064025207008855
18.246866569805842
4.417254542327237
2.8568946820573276
7.596804472929534
7.4794342475742726
5.6514269458650235
8.026922777255276
8.16357409826942
28.246866569805842
5.556031008413038
7.446339544143257
8.302561463925896
11.479434247574272
10.711815004175879
3.5394086606896957
2.529785628571517
9.0
1.501843413616234
6.04089981007237
53.35972827938558
67.77742262592061
40.24522467314837
14.99042077154045
11.505569125995862
6.0
1.501843413616234
139.80746925847163
838.5267130687827
718.0980416405437
171.68127650865682
3.227496487574717
6.38500517099801
11.246866569805842
32.73831452506225
4.8231538573933905
64.51692189362446
1195.5447733957078
563.0297350431324
26.86590261256388
6.492565769129941
14.196863422433125
2.874204864462627
2.3786983314843377
6.223627107968787
312.5618757540431
1098.644875802893
521.9630415207542
12.46048670174386
342.59252677968135
128.04679871110642
17.518138730884765
77.72926389150558
229.76837976070092
403.00912918569225
287.812639341919
166.70462114132587
97.39262959649372
10.265394598059808
6.4480139608286215
5.116031185750853
2.267618816902268
5.174504699360478
3.743302704995767
3.1840067464539974
21.0
1.501843413616234
2.8568946820573276
2.5580155928754267
1.383809408451134
1.0
2.8230236481482276
10.693359726840935
7.0
2.640619879702035
8.507674586814938
5.468909681249034
6.767618816902267
6.767617963910016
4.057396012768913
3.998235674991702
86.956072022498
16.135311795010853
2.2026737901418985
1.8522586018790663
1.383809408451134
1.0
0.7057559120370569
2.122671164302665
22.709204499017847
8.714370425451149
3.184005128015042
4.7631526902526735
0.767618816902268
0.3838089819550078
2.2051369843937207
1.7955606053614246
37.47601011404106
15.596143110699016
18.156687831636237
7.696708384209204
8.039821452892875
4.0
0.0
0.0
17.927888743283233
20.250528432088572
17.81258314023703
12.441020253854592
19.07242212233955
9.883808981955008
2.9108928964307776
6.385005170998011
4.740599709417529
29.813906225480018
22.18119091952025
8.820548389508986
16.454368317513218
9.93124952156486
5.116029880824499
4.9795673518154215
3.0
0.0
3.184005128015042
4.7631526902526735
0.767618816902268
3.7470509319959096
18.9488166853016
15.645583459335285
11.246866569805842
7.420941369559705
12.021352442172113
11.390800549429468
5.674505125856603
2.3838089819550077
4.67528267652342
10.95745805854458
13.66734973740249
21.112461220073147
508.3288202000296
300.02835695895834
46.496123002806776
6.328006022220871
3.804417368425674
8.402974635417014
4.0
28.284869112639893
1204.7566694550299
1360.4071506695107
274.9766709395577
25.89849486340645
4.520802380967143
0.0
0.0
3.7926954784159537
82.0930736481865
174.6184489303775
392.97081329219435
187.52665132549208
25.417447326476033
14.49355908863272
5.190375031560279
2.8718827351633536
23.39893537550579
175.3683670459835
222.0919862679509
207.4248818323604
119.96876420982552
51.27054403614383
7.180744395959437
2.8691308634399775
21.067813002582987
57.3510456189817
222.90016930918466
223.30152442971863
151.51128989326608
71.21687009904417
0.0
0.7840709686279296
4.879928186700454
63.89002037321092
214.25860025720618
375.8260032529854
369.10045210315747
187.84287469431035
2.0
0.0
0.0
0.0
1.0
26.253919739185225
599.9990742105409
341.49056910626587
12.0
3.4243078018584585
13.782095903954952
2.1172709729890813
3.5
4.267617963910015
4.4102739687874415
2.122671164302665
10.0
0.0
4.245340170686723
5.116031185750853
5.267618816902268
5.267617963910016
6.174663748880085
8.163574098269418
38.615035901408625
21.83677577700808
6.696318115532541
6.558203166869953
2.883809408451134
2.5
0.7057559120370569
2.856896187512757
32.354780370108145
26.064526282852942
18.06426723296454
5.11603115600542
1.267618816902268
0.8838089819550078
1.8522590283751923
2.9369000928403692
19.897631996935978
36.39625404080552
17.892586845035567
5.8605748401822435
10.674505125856603
9.211815004175879
3.8922866167082244
2.122671164302665
12.722876683846902
12.867247532475517
12.425904311543949
18.967661824798093
13.393006949200162
10.035235927820032
9.52630384961194
6.368013492907995
3.2468665698058428
4.417254542327237
8.163569895415732
2.4701494684872616
2.0
4.211815004175878
3.5394086606896957
5.73078405311553
3.0
4.505530240848702
4.3253438754852604
0.7057569909963604
3.0
6.363241950040901
16.625151261556127
17.725372375077317
28.489285771970753
154.1912453975533
722.7203166926195
106.3456291952012
14.300219486348942
9.151426945865024
13.188339422089847
9.086527254135582
23.636971234725387
97.33261451675172
1322.3317335995475
881.9070831479969
33.19847692602735
27.043451363351778
14.207523177855183
11.674691314200755
34.74059970941752
40.75702023249141
218.88010278457625
261.50313682510466
3.706341090042224
4.79069571740547
0.8324098085649894
0.0
5.704117332157352
20.01298944186699
14.25873431837713
10.040315477674175
33.42436871446194
20.531738312191557
32.99465312784487
25.88544841692983
15.430942718812322
21.20225841213192
19.03109465304101
11.204289416738675
7.0326006694466745
5.057276031552828
30.31797045160165
18.492650646738912
0.7405997466423283
8.746233825745367
7.946072751030716
22.07891151395884
12.57242212233955
15.84784621799481
17.611040832014805
36.322523919046404
3.2468665698058428
2.915411128711003
0.0
7.409034407516265
1.535237633804536
0.4874320482598702
26.47526957065493
35.562800853133375
0.0
0.0
0.0
0.0
4.802506780665135
60.321968542386266
408.5111261572231
131.94112727540943
11.328366071757412
87.34373399538126
8.069202748045427
5.384421023622053
60.80439060266944
102.0076123388695
204.2079030379762
198.20733955908983
8.0
9.806443918642936
3.0962976636639272
6.262532796633559
4.151428225353402
6.7470509319959096
14.477224304630361
13.14314136062094
39.1360963770886
15.972274841856006
2.8568946820573276
0.7057569909963604
3.0
5.211815004175879
8.245350528282323
9.234687717866654
43.3097129748794
24.501157255437377
10.743069606683594
3.0986641537868764
1.8280060222208705
0.0
0.7057559120370569
2.122671164302665
40.722876683846906
19.650330705495822
18.500792612499296
2.4701494684872616
5.5
5.883808981955008
3.2637708524493068
4.9795673518154215
2.0
5.28123975940407
15.159342356271603
10.205512245366299
3.883809408451134
5.328006022220871
4.981579675833018
3.5208953428411407
4.246866569805843
8.922784943308535
14.853921967534008
17.10905288772301
6.770129964979742
2.7118150041758784
11.539780571800836
16.644399625789994
7.2291435442352165
7.031376919637682
10.554873120488764
8.469546846685626
4.79069571740547
3.7118150041758784
5.656676396800867
8.163574098269418
403.5127744814731
1160.145790757078
659.1635941934888
91.02459115975545
18.795148517091
1.0
0.0
9.203322165506687
0.00740629971414819
30.655270304954094
150.0163419312115
29.95125361415994
0.5
3.7906957174054696
1.8910436468751866
3.1840066569900958
12.906952832853381
11.576469446504529
2.7772640740437513
9.193725467258583
20.38766510822461
1.9846732303787569
4.000185925810182
7.282787628019468
23.64641387103766
10.152487648047327
18.794179175630553
6.023815219362223
14.500000476837158
17.790696194242628
1.1852877645835178
1.0613355821513324
9.18385406772629
32.2268047002093
4.644246646645707
17.869072937276634
10.722825504038065
4.088292198494855
5.306630984552067
22.51046447609224
16.0
6.772986462188646
7.1249849294892105
5.038788880054108
5.595624839123138
5.588292198494855
7.144749155951467
22.565967795961114
4.425526506805817
29.087371879798685
9.609592928617348
15.198782479873033
8.396226239654833
28.919084930920143
17.748808844712766
9.471524966904507
11.47310016473589
37.85578235946923
7.665900644544672
20.954375625885724
3.4854161372899393
12.162957327074945
0.3340376748908967
7.328862289517566
23.817700370316174
16.416687602847993
21.09177783408518
4.163980829713546
18.87411910906667
68.86623754041065
152.32093925826194
253.56099068094193
49.004597035355644
52.51894669447499
33.39607073454317
8.567772585444027
24.456421745076888
16.695445940551142
55.21302422314057
87.0716174247269
4.462337929212003
9.578355642527981
13.761118514765396
7.26396012812088
4.383809408451134
5.828006022220871
8.510359146782138
18.3501780199862
34.328464673806955
36.17636370723371
8.582059084544563
2.910894088373607
0.883809408451134
0.5
0.0
0.7342250232100923
18.216609823458587
23.979309549301593
16.705232973113652
6.638072927460098
9.539821452892875
5.883808981955008
3.2637708227039184
6.712115640475349
4.0
7.50921706808117
12.161803324943278
9.714075445918615
7.9794342475742726
5.0
0.35287795601852845
3.5281089834852537
9.0
0.0
6.368010166566228
7.674046748880847
9.651428225353403
11.095623986130887
10.440128437785459
10.550715925613986
8.0
0.0
4.245340170686723
3.263772583871787
6.383809408451134
8.979432968085893
8.655438541514194
12.178801451351136
339.7354081519148
1152.8298919602275
189.04257803899725
85.45952612221645
35.763422038881984
16.898098317374387
8.044796927632888
1.0613355821513324
16.92467585842401
32.677387376488426
33.49216432491407
8.493805140140648
12.102719806288952
2.651426986788283
14.723952426248797
6.971430083578525
48.996002934230866
70.42730589689704
28.09746904453914
44.767904826900256
34.177924838344055
17.05398775739086
10.284174071427879
6.60483148418989
10.140999990829597
48.24847365344081
52.96462324522545
27.723010576389424
91.23954892820056
40.97878438246317
40.009618205636066
21.081524714253828
10.395376724324386
30.559926905814066
8.674943644345467
21.213412664467523
48.36437880393614
29.373627097891582
16.108034694384695
9.54122433309276
49.58276321022345
21.633294379521292
17.91993446042616
11.659194437765109
27.32417561961629
96.89016706360344
68.66266854758452
53.922661321909075
8.91657431909132
11.575848261627675
9.799868229310368
25.329670966740245
83.85735104493506
58.43203096722973
53.04970229585707
39.420774657269796
9.0
0.7840709686279296
6.61850343776614
11.593891065803382
9.312024088883483
6.032597946890383
41.749129602524405
72.16816655560906
10.874626001735624
17.580657902388612
14.941510290608631
30.688771134938357
29.445458283420884
19.16749589323663
34.850129776474574
34.82489302600406
303.60061523896644
141.2592436712429
11.001806371665953
24.344374926028102
4.605713065106829
0.0
40.18238643539225
168.35293587575433
5.0
4.505530240848702
4.32534387548526
2.5580155928754267
1.883809408451134
1.5
1.4115117943287256
7.446340663685442
31.846268529821963
26.25715396259134
14.456153798215611
7.321168283128101
5.151428225353402
4.0
0.35287795601852845
1.7955606053614246
19.229143544235217
13.819508448073814
22.34879671691501
7.804608659286896
16.82800602222087
15.383808981955008
1.8522590283751923
0.7342250232100923
8.246866569805842
6.694807474498839
12.957041662914664
12.246998476807493
13.592987874765276
9.211815004175879
3.5394086606896957
6.729107408029266
7.0
3.003686827232468
9.959129445337522
4.675286536119074
4.383809408451134
5.535235927820032
9.526303849611939
7.58847774064925
496.10943900683657
433.8115360841854
247.46631219279308
24.529874265459153
3.095624839123139
4.558313681315486
5.948439689389488
4.979567351815422
47.532489707855035
223.80470131660343
70.72144993314784
19.142554488553106
14.353015216682433
0.0
6.588860087037029
7.35715066493867
85.92811606310507
68.22679976181172
85.03661951152691
61.20444347007833
18.50831890370646
18.996277260306123
24.80732111413709
12.420290958974146
1.0
4.987385193168667
36.01371525335544
7.870780426131205
27.097185532479124
19.050060963792568
0.0
14.977346386341377
0.0
0.0
0.0
0.0
0.0
0.0
0.0
0.0
15.509386249949923
20.18625717503787
1.0613350426716808
3.0189959594124516
20.87108727851737
0.0
5.5510462574573465
13.639630817165015
0.0
0.0
0.0
0.0
0.0
0.0
0.0
0.0
0.0
0.0
19.806748556122738
37.494447479861584
184.24447500613456
227.54063828510408
72.77945294906092
11.489239530928899
0.0
0.0
10.613351321355367
12.790078261831468
21.640829900536165
2.4818208862263407
1.3423857300615052
36.48433853884781
3.205011808190488
2.8777504331730372
0.0
11.473278672877495
12.386596647310762
16.81008899331882
11.245678034775484
34.87365394396438
97.85938276924635
84.07055135355978
47.62448730205961
3.996666794851625
36.98730773644493
20.062660417026198
68.70697687155226
121.48116081475638
139.00492273356295
78.57431283098475
2.687060822171042
2.1666814848609643
6.11870173962634
1.0
0.35287795601852845
1.0613355821513324
43.240331588046644
25.23585983053945
13.848338291056326
3.263772583871787
0.383809408451134
0.0
1.0586338680555853
3.1840067464539974
31.969743253652744
13.142038781484485
4.174257970869984
8.743187088327932
11.61870173962634
8.32800602222087
2.0400275883330323
2.856896187512757
13.722876683846902
11.365404118859283
14.478348955501726
10.174854246239919
10.767618816902267
10.0
0.35287795601852845
1.7955606053614246
5.2291435442352165
7.452380940735178
13.341993423568011
8.461941457996726
5.883809408451134
6.267617963910016
8.057581938579096
18.447560115855957
287.3250056007893
77.68045704569504
283.4104491751059
112.3974684783403
31.935897768611902
3.8838089819550077
27.1753381409002
105.3284370690948
153.17798225303926
109.16296645200069
80.36800074109333
30.474067012114798
34.30986009605517
28.209466909594447
32.10514183357518
9.503773132569767
3.205011808190488
3.3829772581819046
13.707442547549727
31.645495435615338
119.71869396641178
155.8795440462709
121.7065353814949
90.50608526250582
66.14037837914202
142.8982426256598
275.5082711536575
438.2670454194486
620.6534743506782
324.45847588010076
205.05721580525278
228.1825775588004
1.488453195613691
60.915767514999246
222.26234889195513
205.41162003677456
478.6447180186719
1024.5854342165846
293.4011392453125
276.9083288025111
118.53041206568206
248.22007111238574
146.8547881512599
101.10534876188358
130.262964557542
216.54431645492622
45.79901524290763
88.3418371501415
26.000001907348633
90.14281212905954
479.24679966977124
478.09456205944116
221.8348171534046
145.0650455944962
115.03366449762453
20.309419808004165
1.5105756394565135
86.2589073403138
224.79787044058173
618.1291869315562
625.5015986802674
730.0650645156468
303.47581681414414
270.8012982633256
9.102487151984315
52.065880945715975
95.2305645802553
345.72474960665056
664.8815386214161
448.4473852586809
208.8778923152335
243.01591205340662
32.86908817144467
39.63174759113854
29.999192149716965
67.34695670572947
120.99505267708538
152.43664358116695
125.16545237641294
88.03536542258809
3.205011808190488
56.12925998534408
74.37259917615265
49.7182081074714
70.66314238240939
12.46495469087968
18.38313245555273
62.57824702251582
506.62656846563857
210.41567224126175
18.63347387366739
2.0506939010301726
9.543907415003195
39.005276390223656
21.461197178125804
79.27368568266392
75.89977315867877
29.39184138184023
9.16709472996031
5.146689184877232
2.383809408451134
2.0
0.35287795601852845
5.994882384819174
16.445753367693804
27.23633847856727
17.09535287842841
12.084320973380773
7.41904704225567
7.711815004175879
3.1865307046711675
0.7342250232100923
28.47601011404106
7.311216524062479
6.704898965400753
6.872626049851851
10.61870173962634
5.5
0.7057559120370569
6.792119635266863
8.493733139611685
10.336352498270708
5.3866789181569406
1.0586354864945404
4.5
4.883808981955008
2.2051369843937207
4.996559029905438
173.4774628959645
14.816119563244799
30.30473784834875
16.50294524493652
10.271163103129812
2.8838089819550077
33.9979925661035
120.92632525889238
358.08399133614466
172.7606184367151
164.74793578357082
95.37729863794303
20.16595282939961
3.354462157565286
54.61413069338159
48.23205226708815
22.330472027926728
62.550796756861516
26.043219270993994
46.106203613531214
235.6610131442256
94.91381255204868
28.69150958146129
19.226640615376162
2.9520202280821195
16.173852085235694
26.06667169439397
99.48477336338539
187.36205106116594
187.04219239183112
94.05444209328981
48.554861194205294
39.80193813457752
36.73255427663637
36.96586346076829
83.21473205936107
211.21999672616093
213.75436360429887
92.0388119157935
52.23923136682133
67.23679308666897
357.0458554440822
229.08977070371967
105.20694671316272
66.24007709381722
46.00895870659587
10.495908912315645
12.476177247684973
98.59067590169927
85.66705246799555
77.45509967777434
37.46883830722654
35.59021724187551
32.11350317644301
134.73138057738163
62.04369596679972
11.893280440843501
33.42221949252126
43.99250615944083
81.20124699769711
60.79623308186274
120.44091280269514
170.07533623801208
37.64683088305828
23.24747441866732
51.58152416654914
67.69331396721569
53.51748577758508
51.39696576490987
1.3228763603188776
3.6313763814086997
5.2385213523531995
4.0
7.575515591720795
11.368756449600005
5.844942342186914
5.859757174109473
24.88892763607182
22.182504234695443
68.7940855627574
79.92714146629045
224.3998229168467
114.81229958932971
62.7383612923717
44.24762053132181
16.599750118500015
158.7754000913119
165.4247699356696
375.2932971704824
562.7960545350292
252.653977727368
30.925838085736178
0.16363155765484394
26.912995887619942
10.586632537787956
0.0
91.04629548872086
17.444950657054097
5.316453476771358
7.186717852169568
3.211815430672005
1.3838089819550077
2.5580149404122494
4.589444565636586
25.722876683846902
10.226627652773482
22.624924337084394
15.555897713864486
8.651428225353401
7.5
0.35287795601852845
1.0613355821513324
3.9697432536527453
20.767129996699783
31.44209174306698
5.215935097030524
9.82800602222087
8.383808981955008
2.5580149404122494
3.591121210722849
13.0
0.0
2.1226700853433615
2.5580155928754267
1.883809408451134
1.8838089819550077
4.322404720504892
8.897799121479512
49.11928043912569
17.23663606096586
5.306675213358403
6.2851944319619175
8.039821452892875
4.383808981955008
7.2639568080048775
13.761120056265645
377.7382147470681
170.08933775615122
55.84291808602502
94.54975069523863
51.31083021402592
52.5643065653574
184.8837972504516
135.7518252255046
17.679985596112623
8.682886050768479
0.6639991553283835
6.120375735159177
2.206341090042224
1.8280060222208705
1.3342716762959752
1.4684500464201846
15.0
5.634985644910284
8.90598498079353
1.4115139819927207
0.0
3.2906957174054696
0.8324098085649894
0.0
43.91062003996463
197.65093098249588
110.02116467540691
29.046825699227337
0.0
0.0
3.6313763814086997
2.771747951019279
59.30746711546421
47.15486438121184
13.27754954198972
0.0
5.0
52.7032683739555
42.69622007514117
24.062370036104404
14.163484144909877
13.89793528219686
26.411257803728223
6.166522174882266
57.096533626509334
86.71837103045982
159.22305674586676
95.46090584962076
0.4937331396116858
10.743059744815037
21.505362112689635
8.485845650660941
13.247136705929552
5.663631557654844
0.0
4.933546802667842
0.0
0.0
0.0
0.0
1.5
12.468036684612162
11.289701428791158
1.7159290313720703
0.2468665698058429
6.688872150018233
10.148198124155623
9.248341095649357
26.611355855155487
10.500000715255737
0.0
0.0
60.25942449363933
138.82799988053256
179.58188252567686
255.5866030835328
116.39342561748708
79.46459427829323
25.063863585900616
7.791236286494313
150.13405507662856
355.9332111364948
268.63501854891655
35.87662415824816
1.0
1.0
15.399470091303556
7.633905256608886
86.23257325485724
40.606701461120934
11.867804279552912
1.4115139819927207
1.5
1.5
0.0
0.0
31.945611517608015
22.167214498702812
14.707704626704892
7.1948465164782185
11.502511148077474
8.595623986130885
5.7445456450834165
3.591121210722849
15.722876683846902
13.651318501103447
11.335158129557614
6.0974243665486485
5.595624839123138
6.363241950040901
9.801941657852328
3.1840067464539974
6.0
6.007373654464936
3.998233429527545
0.3528784954981802
5.5
7.711815004175879
3.8922866167082244
6.05789461205677
11.0
3.787757795860397
7.807048310143364
0.7057569909963604
2.0
2.3838089819550077
6.086794441106757
13.47025183009828
166.53165594437303
22.99929937026323
1.0613350426716808
0.3528784954981802
36.29759019051344
86.57803589725083
266.5615099943967
54.51441107554674
5.246866569805842
4.0541875947968045
7.35569297033926
7.509449864768067
5.2063410900422245
3.0
0.0
7.596130693376108
11.95202022808212
11.61874622089249
68.49707904059542
44.337697320040206
3.747053187246456
0.0
0.0
0.0
5.0
36.033141822780365
167.65848596713815
181.66115062633705
55.401437336217526
64.05380683801594
281.24224478279837
230.92257025141882
0.9874662792233716
13.584108903086236
44.01057097190132
39.57565070553028
38.14193360908539
435.81737678549837
559.0777510912783
359.8115922837737
22.177084281868247
26.683431947465486
270.14638644529913
772.6124999403019
528.6042426616315
203.39349639743014
7.659622242019397
7.122484751140291
80.03555010618678
115.73149178883973
186.73416006230983
51.58079491676781
50.022946039179445
63.33759558068269
83.9973680878098
107.97285256271098
16.185103989354957
2.870281600244653
2.1226700853433615
7.908910392331564
7.70928928283838
0.0
37.7517622475505
37.10882936426315
75.32590476795423
40.329705000711876
6.6353747359919915
87.28208313571503
81.18974457217664
44.81336319720376
74.5163860083334
35.190992240018744
289.4186569608188
231.62725527269032
298.58281738183615
184.38901540889827
221.50008983390566
88.14696635952642
67.48202056415266
0.6639991553283835
34.32274510678108
8.73495783373264
4.652454321442974
1.0586354864945404
1.0
1.0
1.764389750347254
6.7751278677129445
69.7097526975428
25.74070786132795
9.569009540022762
2.1172709432436476
0.5
0.5
0.0
0.0
31.432081182864746
23.446528319073334
9.304908553422093
5.82178814700178
4.767618816902268
6.211815004175878
3.1865307046711675
0.0
9.705153658276275
8.703335092181486
3.184005128015042
3.7271788390864913
9.156012044441741
12.465200416765947
7.164386645042214
3.5208953428411407
5.246866569805842
2.915411128711003
1.0613350426716808
3.539408773673222
2.7118154306720044
0.8838089819550078
2.2051369843937207
4.262334006695346
9.0
0.0
2.1226700853433615
4.410274194754493
5.767618816902267
5.767617963910016
6.8804196609171395
10.286245262572084
11.0
2.640619879702035
11.573874032273444
12.812859532814356
5.883809408451134
5.5
1.7643897800926422
5.306677910756662
259.8263793862996
95.75971139173593
11.379038553271359
0.3528784954981802
0.0
14.391932382098094
92.06639865540639
116.26768034556481
41.23686386192205
77.98330880380796
65.64672910811923
56.40269159876343
12.544387206763533
8.603623543142021
11.069073647305412
17.40979492266597
6.0
0.0
20.353996990028826
274.09021290185956
391.6762396842529
226.96152253274488
3.8513002528692577
0.0
13.165095835542523
2.866123646879351
0.0
254.17448928401282
672.0423801644698
347.6703345795803
210.89119086623614
186.5584606414206
11.609893607355776
28.191074351169366
29.298101311862048
113.96086139245854
246.2936179242406
602.2823102569582
239.276246239421
1.9532405949896197
13.03197411711153
26.019272525954875
9.403686144710807
111.2616965106412
260.5463161386666
380.61119805704567
123.76927849493842
1.0613355821513324
23.442277687512977
213.70687990250772
88.92211103443806
51.12881018575335
11.706652318480518
0.0
0.0
13.27427683714195
51.76938190175206
190.2891695158318
104.39791157057734
53.19559957673573
10.596533626509336
0.0
0.0
3.1953812785533953
477.34504504700914
441.26551717050495
60.47104962655671
1.411513952247287
1.5
2.2676179639100154
3.7045180567503846
1.4684500464201846
2.0
0.0
0.0
1.8522586018790663
1.883809408451134
1.5
3.647307999537043
4.9893453892613255
82.17930974845527
18.765274582366786
4.582228880057392
4.000187573994526
0.0
0.3838089819550078
1.8522590283751923
2.202675069630277
29.93834804325306
22.896945821055397
14.645572347127338
9.173426885007165
7.035237633804536
5.5
0.0
0.0
12.740599709417527
15.147000772211506
10.772480745998248
3.1759064594836217
5.0
10.502510721581348
4.371818469254685
8.478261130718783
3.0
0.0
2.1226700853433615
7.596804472929534
7.4794342475742726
6.328006022220871
3.451539412407146
10.039138608958455
21.21547135940616
8.527854874963646
7.853453694899509
6.0974243665486485
5.595624839123138
3.7676179639100154
4.76315192480597
3.1840067464539974
8.920727289449495
108.05276693018963
193.7103736491982
19.762615121488306
7.241578723846761
5.328006022220871
2.7457835003700892
4.24534232860533
159.78040289386018
33.606366296026586
8.688738361974174
14.806611943004373
0.767618816902268
0.0
2.9415520874999856
10.531092760664068
17.0
7.1997692499034205
49.260605943694195
114.02443842035409
19.98479898446749
24.181313817447155
3.5029689622464497
13.819876658737483
15.837314141690877
50.35766951567748
38.02244477567065
102.5571798892286
209.20436759247104
132.3576364213246
97.20870877326107
127.23801861981248
0.0
0.0
6.374759493695819
121.37348530620729
712.9237085491881
445.17318764755703
134.36699919261883
54.6698144469643
3.4436832829233026
43.362563953792964
69.60461486115508
279.88722311768237
431.9115633673676
337.2336512764043
59.936640682917634
40.89245595118773
0.0
25.79556332838456
88.03366918912907
133.52496993989558
260.03420984819576
169.9545790528571
71.60437582046598
24.083879536135647
37.606413597039044
121.29128022772082
102.74693345021024
33.864931565459116
45.653758360770006
11.535399295761453
9.022811079485836
0.7342250232100923
114.85232425645881
147.4027257382088
312.62631899779115
56.419155480731575
87.96429645656025
36.36189067722881
0.9658260404539737
57.50509989098828
232.99315257270106
237.17356300440693
125.60712333147758
0.7057569909963604
2.5
2.8838089819550077
112.18777454028715
197.0488001538528
0.0
0.0
1.0613350426716808
0.3528784954981802
1.0
1.3838089819550077
1.8522590283751923
5.4036735724603195
111.15889037418067
34.29714917944105
5.323669458799896
0.7057569909963604
0.0
0.0
0.0
0.0
34.3966351317235
25.321429104419714
15.981993243931678
3.969529574868148
3.883809408451134
3.5
0.35287795601852845
1.0613355821513324
4.0
1.501843413616234
12.408909976638599
12.106982578963697
12.807440269795144
10.211815004175879
3.8922866167082244
3.591121210722849
14.229143544235217
4.395805395351476
8.163569895415732
3.8044211447832366
5.491637579875714
11.247136705929552
4.157295324444203
12.425908104964764
24.44461490364138
40.52347634626158
67.77055650109254
14.455109856313264
8.770129964979741
4.328006022220871
3.451539412407146
7.102238516118086
7.698665729105982
128.9376300816652
103.89256549944677
18.37010424540026
2.267618816902268
1.5
2.1172677361111707
6.368013492907994
8.246866569805842
2.915411128711003
4.245340170686723
1.4115139819927207
6.5
6.883808981955008
2.5580149404122494
2.122671164302665
52.01265429909972
14.409991746585094
0.943529449579
19.711503373285087
17.730039885265796
13.304802878941155
57.117018134462526
36.849136438919956
0.0
6.05721710678572
10.607366099391037
15.365234861384716
13.019193433236751
7.184028639591997
21.24687655820744
30.49170331362948
6.410023616380976
5.7555008663460745
0.0
0.0
7.39797547453054
11.187373820157882
12.773439369692278
28.91686079063147
0.0
1.138776466085801
2.466774776742568
10.664274632066007
63.70425495300769
20.4030129640596
0.0
0.0
0.4937331396116858
5.830822257422006
35.65346829428254
58.42365770282904
59.992433925878146
32.41442165955013
24.93458122890588
30.336703470877545
1.246866569805843
4.417254542327237
208.6928310194158
278.0516999940255
93.10562038916795
32.49688152450017
15.826845772009436
28.315609090227735
35.104700959508094
170.57117696508115
1357.9154611689464
595.7000293807882
41.61268831316761
10.653937667446371
14.977056243610058
8.083942345352263
80.13483625410443
21.874217182695634
15.8988166792602
4.69558495062065
6.919130683708682
2.6988674854748753
8.114792025537826
3.591121210722849
2.2468665698058428
2.915411128711003
2.1226700853433615
0.7057569909963604
0.0
0.0
6.803526952493121
15.759683485549614
96.94188392821796
38.73650101641397
2.466774776742568
0.0
0.5
0.5
0.7057559120370569
2.122671164302665
49.462337929212005
14.867956852004612
18.454387227743155
3.9695295748681474
5.383809408451134
5.383808981955008
1.8522590283751923
0.0
7.47601011404106
7.311216524062479
2.8568946820573276
5.744545871050468
9.595624839123138
7.0
3.9898268806649866
8.788752342908264
8.0
0.0
5.306675213358403
8.137453033840984
4.923630861344009
0.8838089819550078
2.5580149404122494
2.122671164302665
22.9558489875435
104.09150041025681
168.43301280862892
12.76134235374743
5.090150498493358
7.61870173962634
5.803630409507423
2.7772646135234025
2.2291435442352165
4.395805395351476
2.8568946820573276
2.5580155928754267
4.883809408451134
4.5
1.0586338680555853
5.650780147787918
5.0
17.69466692082847
4.6421071899656
7.2868859975158555
5.484018066662611
0.0
1.4115118240741138
4.24534232860533
1040.4068110666003
443.4647180394352
127.54493348758191
106.89833517090665
34.64825662697403
67.45371891154156
83.83243606396864
515.23711468607
21.431971035997957
10.291223129936952
7.5093490817862865
27.209639543029425
21.808240822440027
68.1140038327041
89.2217313176374
32.47166677014684
12.359930815333586
40.47123728684863
43.47566238804234
22.451764033637932
59.99039036647046
22.36198210715138
30.61302926122935
33.164843167283834
31.738434122948775
81.85126527575436
149.6877580825638
137.96897855593508
67.51697579141019
19.41149495019017
6.440188285077056
0.6639991553283835
5.190375031560279
9.81915352998908
430.3448979636483
465.35006022547395
44.07739151662845
35.86038399236641
28.935998489582744
9.88787336319765
3.0
0.0
535.3613640909086
1040.6645363209577
108.92973143623117
30.139502050232473
5.579436249022728
3.9182317696640894
2.0
4.913124456457808
76.05619946506125
47.02209490568067
13.174505125856603
15.032599816454422
5.097189599696867
5.386681816084274
23.721840357727977
39.733699105977756
58.15769539190837
17.033733268215613
13.209467532717827
1.8838089819550077
2.2051369843937207
1.7955606053614246
20.89649328163771
16.846863115636665
11.305718865859264
8.05758327325084
3.267618816902268
4.328006022220871
2.3929055443515606
3.1840067464539974
37.812454221695454
11.524478437453718
1.0613350426716808
0.3528784954981802
3.5
6.8559101624048715
9.084877492099984
6.7457127525949545
5.2050120594363305
5.155303590935955
5.59754870881352
2.9415520874999856
0.5
0.5
1.4115117943287256
4.245342239141428
5.0
3.003686827232468
1.4684491934279322
1.8522586018790663
2.883809408451134
4.711815004175878
4.245164572726753
3.1840067464539974
1.0
0.0
1.0613350426716808
0.3528784954981802
0.5
0.5
0.0
1.4684500464201846
0.0
0.0
0.27990432105070795
10.578528848954193
5.588292198494855
7.136221013195246
25.64776041423574
8.120936495524074
0.0
0.0
1.0613350426716808
27.19266598916797
42.993159595010184
17.059226678409868
6.256802169494404
19.019986478210193
13.361413029850429
43.609923708238874
111.75967346007603
67.27247861221475
49.542018739096065
18.0227542268507
19.060727215333465
2.762486014349269
2036.3461511802082
943.9455691712741
0.7342245967139661
0.0
3.161329278985249
9.88408180644965
133.49391947577186
577.8255637104131
0.0
0.0
0.0
21.258622545070832
129.91759770390053
294.20964702202855
1153.0021909075529
1631.7507531569918
10.676817311550984
58.841298213399384
312.0331727157825
445.32362839444335
168.90940693253813
198.14007022144432
47.938770785287126
37.711432829272596
1.721516138514289
35.734756167297476
422.0002058896084
999.6403592425269
661.1100551664825
172.92762506524815
5.883104174999971
1.327998310656767
3.0
8.492376966291749
465.12778722311384
878.0768552704819
346.65016867741576
132.4913005607021
0.0
0.0
0.0
0.0
109.38852604626155
245.429543907137
183.715170432612
115.40995992286479
35.10042083983681
25.982331932201124
2.4582870884704335
5.787923963470484
7.30817847725284
61.68359168527513
107.47396621867247
160.06715863600317
88.83850929852179
58.0531104032414
19.906952832853378
35.34807795307877
37.74028869558569
15.627829949611396
4.035237633804536
2.5
0.7057559120370569
2.856896187512757
4.0
4.505530240848702
5.3866789181569406
2.910894088373607
6.383809408451134
8.211815004175879
6.83383870420821
3.5208953428411407
12.0
1.138776466085801
6.305373893458
3.9898279596242903
5.5
14.304802878941153
9.207903967432138
7.112016553563989
52.072966086666334
49.774123241986715
105.18766896995167
49.500623495371116
15.919130683708682
13.137590611607083
6.883341704409577
0.0
4.0
2.640619879702035
3.200999373456534
0.0
1.5
1.5
0.35287795601852845
1.0613355821513324
15.0
0.0
0.0
0.0
0.5
0.5
0.7057559120370569
2.122671164302665
8.0
4.13741493790244
29.9536241153276
25.9107342764431
19.826643825403607
12.633203856616275
7.589097616446633
2.122671164302665
25.70411780899451
25.249701612927197
27.87125148583327
26.536505335533953
13.365185813061771
15.543633483387566
17.582295174617865
14.455513798586253
3.0
2.2859143822441634
8.13415875610108
1.0586354864945404
0.0
0.3838089819550078
6.205322910203903
4.909341394469812
1559.6029299222291
81.76939688982456
1.795559639385647
1.6871501717941553
2.8280060222208707
1.3838089819550077
2.2051369843937207
1.0613355821513324
135.33019739313096
49.17282161312251
21.048543925428387
18.989228590986023
27.615520447010567
14.67450367325073
32.99808031283483
74.04195984099042
86.84568683848028
81.86837157152641
30.006972868627052
73.20898867483265
163.05616976365232
209.01681792368254
103.77794001298498
132.77203535934822
454.50106135674287
20.53038120779429
3.591119278771294
12.951419011912774
305.66637978090904
140.67616843478353
57.87295253607627
21.413434299916116
13.0
0.0
1.0613350426716808
3.5394087736732214
7.711815430672004
8.79069571740547
1.5381657206020463
3.5911212107228496
0.0
1.501843413616234
7.6488024417798455
38.71708598338273
44.629326315137085
36.922038413407606
13.919475224763664
1.0141304564265736
36.53279453476905
36.81814360562869
10.911107467842978
10.5249786133053
3.13481990248456
5.919130683708682
4.974732297923038
20.305339837922293
13.740599709417529
9.176046380028675
11.929065549401821
6.542269218737828
1.883809408451134
2.2676179639100154
5.821785792861555
8.322702763859342
19.215471836243317
14.172161421765551
16.902553987523792
27.358881126031843
18.237779005258925
5.0
3.2944300435185143
5.941261861503153
148.22914354423523
10.808111046066573
9.875183519429948
11.575509940889061
128.18989921135054
98.48490251452313
8.49032908596273
6.3680133139801915
23.0
11.869227612018904
163.1619998339936
107.04620412983667
28.44004236161786
44.77216162459517
3.7045180567503846
0.0
