0.05923954226502366
0.04613606604541761
0.05884252233961878
0.05474016105768782
0.018064039024202845
0.03635589954291412
0.03255117992378328
0.034055575405680424
0.04329984169208908
0.08097070206409183
0.0724934532825326
0.030242282649835226
0.04529285393975381
0.028693714024466292
0.023138938970848223
0.0186596435596747
0.02569505021979342
0.02001441744753409
0.0329426148690964
0.03773127723440484
0.005137525126914847
0.01733531335531669
0.002515803368629263
0.03283745709084383
0.01780003391626884
0.018783497109680358
0.018881804295706166
0.020605011561416944
0.025361249826022572
0.013645089221128896
0.017326041247825354
0.010611018814233977
0.04946813742390633
0.09250541481190852
0.08282053626928254
0.03455045874701184
0.0517450650038291
0.03278128817787103
0.026435205490888167
0.021317810315683906
0.04796440097410869
0.053325864722787907
0.03157399980761788
0.036072755505297587
0.009648228910921536
0.0
0.0450979264636963
0.013156917359190654
0.020335744647331008
0.02145930747116284
0.02157161904547907
0.023540306470163783
0.0289740965003324
0.015588905695135364
0.019794229169578802
0.012122615612381859
0.036149976415619685
0.07195185013653749
0.05147709570450447
0.024221879658695964
0.01651442470377949
0.001978713790161843
0.005854791424673749
0.0
0.048600932830846114
0.054033548150387634
0.03199301591777464
0.0365514742544761
0.009776269810800839
0.0
0.0456964175588408
0.013331521792176426
0.040562736385236386
0.04904609617913753
0.023585089475094252
0.021156740195243943
0.009318101953865687
0.007714273218175076
0.022395213266950095
0.015385593915779665
0.036629719957528395
0.0729067175764087
0.0521602442614087
0.024543326350819624
0.016733586357134057
0.002004973147877653
0.005932489908980258
0.0
0.01510753637596633
0.05283511966935539
0.14520285628758164
0.05151095758912102
0.05258537025754469
0.031141716494652912
0.011557921536495158
0.0
0.03597491323289565
0.043498767876491845
0.020917512551382366
0.01876382021139576
0.008264183809049006
0.006841755128229173
0.019862216554107068
0.013645415854098944
0.020225487078831653
0.045002752439019605
0.04742216850527315
0.04393090234188344
0.019311767187282832
0.016822735882479983
0.014990631549779292
0.009589904079465318
0.013398807839946873
0.046859236213820384
0.12877977724440753
0.0456848426647683
0.046637734554402586
0.027619451956558256
0.010250669986341608
0.0
0.02147864497928404
0.03736701827708763
0.06315464807310192
0.051005165004844755
0.03361853419421275
0.009827270084583114
0.01509163640865961
0.06416123860148241
0.020704612433412803
0.04606883107709799
0.04854556114405298
0.0449715897220976
0.019769247260080666
0.01722125282614134
0.015345747430484117
0.00981708111478537
0.014444216516421637
0.021252474713786412
0.04825571555131015
0.07304714228368321
0.01742003489431295
0.00546097818344064
0.011784100556190894
0.02978286615812386
0.021987456626267454
0.03825221257732221
0.064650730369342
0.05221343591931847
0.03441492995237271
0.010060070127691523
0.015449145012399329
0.06568116620942989
0.01883728655284656
0.027890479888493816
0.03667048621655809
0.06177881120908286
0.04163067207294805
0.02639826816287154
0.021800753042740435
0.018392245329926726
0.016646256057544415
0.02449244204695842
0.05561236197158156
0.08418327386214706
0.020075741806585043
0.00629351139003399
0.013580601969181885
0.0343233027303391
0.01981562896504364
0.035930560161411634
0.07461684541163452
0.027264493969208277
0.024561779716673317
0.018322511415531654
0.011481589438676316
0.008031182793775828
0.021709055318543845
0.03214241971960402
0.04226094939946969
0.07119707110094313
0.04797732202269957
0.03042271838111063
0.025124306118242245
0.02119616698400083
0.008477459620589418
0.013676551911625307
0.02861044808900807
0.07504773243757133
0.05416964417053464
0.019633345993291473
0.025665119119072623
0.007457146234919497
0.023209117005152432
0.04208378024830638
0.08739521207068497
0.03193362328967256
0.028768060822327537
0.021460298435214402
0.013447847310698481
0.009406547805236405
0.00846476086444538
0.010194003298694312
0.050455136286157005
0.05710389186456998
0.05982068499962441
0.008174308645735328
0.010164304950637313
0.005724603686458055
0.009929250925509628
0.016018703928293593
0.03351007623522918
0.0878998898388553
0.06344636407450228
0.022995617508017815
0.0300603505261696
0.008734205701776843
0.013799019967331766
0.006420475902277492
0.06507197036137277
0.07967778769566469
0.05560306067836969
0.03371394531013472
0.0030474568191569897
0.002265104550940601
0.008183221968296177
0.009854949605150454
0.048776992791905685
0.05520461001374975
0.05783104230429153
0.00790243022297093
0.009826239027482163
0.005534202725511044
0.02307545243038487
0.033532567971928245
0.07901950136321823
0.05781019459972284
0.034009242050347686
0.004189539741347229
0.004069822883679494
0.004379533838835567
0.013340063014884187
0.006206930153351223
0.06290766932568193
0.0770276955365736
0.05375369664120489
0.032592615706209534
0.0029460980634086037
0.0021897669194177833
0.0
0.004546256143190135
0.08977333061910063
0.0862022863526821
0.06957562149175688
0.02240326131905173
0.030861213841780137
0.0024734308471070173
0.021778395213259267
0.0316477226182799
0.07457786300981936
0.05456071854480177
0.03209760313520815
0.003954048247763616
0.0038410606022193697
0.0041333628920060435
0.013899764940004973
0.029603177438437888
0.058899651433021345
0.04219983484038536
0.02766646011278993
0.006528476330081249
0.0021709485390929485
0.001213597162753364
0.0
0.004290713836523951
0.08472722603085074
0.0813569080016493
0.06566481791101958
0.02114398755752132
0.02912652368723179
0.0023344007959745492
0.01215920972032678
0.008279625628382128
0.06802572879118113
0.09229875173020947
0.06500037088552292
0.037240435761324374
0.016038919714401127
0.003539203658369135
0.01404680528720534
0.029916338237024775
0.05952272853066102
0.042646250905226106
0.027959133112538392
0.006597538607782196
0.0021939141811969827
0.001226435347351655
0.0023269974321234424
0.01881324541870426
0.14683571810679533
0.04037340781448592
0.014073150122660803
0.0026016621665793053
0.004247097571310617
0.002742392772729514
0.012287837393289303
0.008367212651064968
0.06874534720366414
0.09327514525622586
0.06568798518291669
0.037634388222238156
0.01620858936951427
0.0035766435529994123
0.03853224601643211
0.04353280558587596
0.06389268384476338
0.09085730274765455
0.016441844799827025
0.008683965394289374
0.011811221785869784
0.0043414689528805265
0.002333135578206861
0.018862870934869026
0.14722304087542454
0.04047990465527728
0.014110272231226236
0.00260852482238533
0.004258300551152089
0.0027496266472601632
0.009462577287915417
0.0056455867716819355
0.066725769332569
0.046267432652503986
0.04770479810664084
0.0298536966462089
0.03564878981845955
0.02202417808988786
0.03863388624675899
0.043647636275595855
0.06406121975360748
0.09109696583851648
0.016485215043330104
0.008706871929310711
0.01184237738739495
0.004352920865238284
0.008744137833141877
0.007348581837953507
0.021650771434279723
0.027566349660676354
0.03176679887341007
0.05824339842219668
0.035319621636329644
0.034574244225000265
0.007639676360410978
0.004558003014183988
0.053871505308736335
0.037354327551295474
0.03851479436145981
0.0241025857543264
0.02878129378146849
0.017781370507343505
0.028936707241650688
0.01709334049633547
0.041678098397108156
0.01621062389884675
0.011174684075366315
0.021917094299874623
0.037270138174522044
0.03593734050771613
0.007059639362876546
0.005932927704765574
0.017479898095243602
0.02225588055322363
0.02564714189537517
0.0470232052576532
0.028515537602881835
0.02791375206225648
0.01586511667502273
0.01904314648632338
0.07340403473324336
0.03627923335361898
0.019034027906637573
0.025466763119704354
0.038947393961421384
0.16731031564888113
0.018915411640772848
0.011173613124118324
0.027244232766442573
0.010596596960385347
0.007304692530354576
0.014326815321096484
0.024362827449311102
0.023491601283494687
0.05092700710094021
0.014950332254921697
0.020812595149845212
0.011759210155222485
0.008525684745500443
0.049399727005615596
0.1208217440039904
0.14687968614345995
0.010370745023987929
0.01244816667343094
0.04798291393273539
0.02371509056523229
0.01244220601982596
0.016647170790527757
0.02545921977104714
0.10936778209826799
0.04024694689870544
0.00796076368266016
0.003408241686393877
0.001494028451406846
0.004527629574060137
0.0
0.016964818671292514
0.10547223584259735
0.035160866142063624
0.01032196198281939
0.014369367331605078
0.008118757369437868
0.005886276794389523
0.0341064061600209
0.08341737340964916
0.10140821692589053
0.015073709188643812
0.011602341693714109
0.0026635936355948095
0.0013441680938539261
0.004268075510985991
0.0041934970727928655
0.07783789885650215
0.09498452233282788
0.02778717213299579
0.0054962457479549726
0.002353107644389412
0.0010315024852772252
0.003125951954703381
0.0
0.01171279744052906
0.0728198136367072
0.1112136777617592
0.0026058424569710215
0.0008015070117942093
0.001032249653328719
0.0017176957729009693
0.014306653589664684
0.03016101293074177
0.2090775559191538
0.02366549079896507
0.01821549740430833
0.0041818009015883225
0.0021103231632813857
0.006700812684552969
0.006583725687532338
0.1222042999600324
0.14912423420010734
0.01059071602460127
0.0009948159320454667
0.003050818824918109
0.0036216253073478024
0.016414291626665058
0.0014922238450325589
0.003238035274463335
0.0014068821795684453
0.17460375776473194
0.0040911324424024245
0.0012583536391435723
0.0016206160253834341
0.0026967558548651018
0.022461225346264744
0.04735232483705323
0.3282485361733322
0.0061992940850947404
0.005393767129377788
0.004130750066311433
0.003185704370952619
0.0067730090420828944
0.004830868048894999
0.008420205682220294
0.005137820943948136
0.042569192891265366
0.03315804365597521
0.05457629055828737
0.06250970536683009
0.008511378504444073
0.028719550720494282
0.004167951335357822
0.054402074835486314
0.029489456948755703
0.031118768198342025
0.031281634490827666
0.03413648559476381
0.04201618313926785
0.022605927215713834
0.028704189546691117
0.01757935877969277
0.07068165121039878
0.02927972202485526
0.021649069243873106
0.015594473269849831
0.013040044790510939
0.013794607645792706
0.02983745930082269
0.030712931907578442
0.05962628300427591
0.08671780975578923
0.019565520327515695
0.011370963690548274
0.023659010818133697
0.002869390629201537
0.01869429368560966
0.027359948179867918
0.02360518667689765
0.024909388251992348
0.02503975651357744
0.02732495604642281
0.03363235369768265
0.0180951834026161
0.02297661004189118
0.014071606892453025
0.041961922538604764
0.08351977681053568
0.059753231305883614
0.028116107913653897
0.01916950103154685
0.0022968378688336963
0.006796084772428636
0.0
0.0477285676576303
0.06941430257783954
0.01566145353453622
0.009102023176555738
0.0189381367016442
0.0022968378688336963
0.014964069803265225
0.02190059604618386
0.08390108886435883
0.14220091631268433
0.0751195485188229
0.02105579639215845
0.020045519233837104
0.003709300941658603
0.0
0.022692835328015314
0.034615654411080984
0.06889798073251598
0.04929224114855408
0.0231938246878062
0.015813499067646623
0.0018947307724684291
0.005606295126596498
0.0
0.014276856574378573
0.04993000889341009
0.13721895495189954
0.0486786551564228
0.049693991819333795
0.02942940588125379
0.010922415406986432
0.0
0.06921253653643031
0.11730582104502876
0.06196837927651502
0.017369560953516727
0.016536152881241505
0.0030599141253603006
0.0
0.018720003703344774
0.028956805050602847
0.06182787171207479
0.029401569150144455
0.013973949931429407
0.006994773036557294
0.0
0.004587005296475334
0.010620727502598145
0.01526745764457248
0.05339440737545172
0.14673990537386997
0.052056228338749976
0.053142014233930474
0.03147136804633282
0.011680268253297184
0.0
0.02447414026689472
0.04257836784169175
0.07196244069112552
0.05811854350535902
0.038307105603269095
0.011197819356049651
0.017196374663241094
0.07310941424586664
0.030965975761472166
0.06611780455315319
0.03144159986095104
0.014943533794991653
0.007480106038235832
0.0
0.004905275101316556
0.011357647704569812
0.012014073372698933
0.01664002397658435
0.03469754707064504
0.022782916214638835
0.009208122207427378
0.013211064570955127
0.011801217218794046
0.011736793139043009
0.026677100398570023
0.046410921132804914
0.0784399057253125
0.06334989516295035
0.041755195116673874
0.012205754643421005
0.018744250395722462
0.07969012037394399
0.02285503926846077
0.03383916315545014
0.044491832734069446
0.07495544287555833
0.050509962904177474
0.03202868172064916
0.02645057532442512
0.022315076434780805
0.013095481110435807
0.01813782161158938
0.03782073391316519
0.02483364631411604
0.010036961377643112
0.014400215578076279
0.012863465402171885
0.012793242398427454
0.02630327287496047
0.013261193842151384
0.02287720516175607
0.02167408420261455
0.04991353610260688
0.025725073190278815
0.01685375165817463
0.004690913957091333
0.025754372373420233
0.038131914737641076
0.05013595532913398
0.08446410284211109
0.05691753043701676
0.036091760157317375
0.029806029138462448
0.025145911205489035
0.010057169630167881
0.01622507315716936
0.03394178710417269
0.0890323055801981
0.06426374463710195
0.023291870430469902
0.03044761852148248
0.008846728618960818
0.02964004026876645
0.014943475717330306
0.02577935017648638
0.024423604302325645
0.0562454424234847
0.028988491618572927
0.018991776430363178
0.0052859915663903715
0.00988658630089299
0.013199621524468769
0.036121283663758885
0.03086004399669166
0.04296090140673206
0.021035252933353753
0.014225512991901043
0.004858205449260465
0.011488457391550222
0.018534147130400334
0.038772218156655235
0.1017029528925735
0.07340945009719257
0.026606656827910656
0.034780776393485945
0.01010575226738447
0.015965902577057198
0.007428693704102765
0.07529032799042491
0.09218972064074873
0.06433449997744367
0.039008101124874885
0.003526003933441464
0.0026207976126408506
0.011293597467521014
0.015078127847577857
0.04126189013004307
0.035251896268497084
0.04907488920474661
0.02402888843799708
0.016250019229085148
0.005549601762289683
0.008343965030744827
0.019772711865644946
0.07963665797948213
0.028024447914521775
0.02205442446259792
0.008540971066874507
0.014520661305742276
0.0055521683712679735
0.01543213241534549
0.007180338497085303
0.07277323067301263
0.089107644832189
0.062183676603013986
0.037703986913667616
0.0034081229880539056
0.0025331794176304935
0.0
0.005259227540192931
0.10385212753004212
0.09972105049397839
0.0804868914444233
0.025916676317454073
0.035701056132438284
0.0028613292388624477
0.008065010581268387
0.019111672907210466
0.0769742546732656
0.027087537894996107
0.021317103559188696
0.00825543033495925
0.014035208278835759
0.00536654893665856
0.012978811732044562
0.012928217718311477
0.025521093755742463
0.03916368208030315
0.038051830403155254
0.026869046045159103
0.014893372114468673
0.005259905835535762
0.0
0.005072061035524619
0.10015621599862116
0.09617215660791438
0.07762250688829932
0.024994348146275547
0.034430519378093834
0.002759499647301654
0.014373425074463693
0.009787361296615713
0.08041334415683984
0.1091065310143395
0.07683706278818145
0.04402199036512618
0.018959637681460074
0.004183699416072693
0.012516919028587632
0.012468125565341322
0.02461284366063451
0.037769916659641696
0.036697633795695156
0.02591282473820651
0.014363343630230977
0.005072715191548989
0.00544390720166299
0.012049200932306246
0.0174995579739238
0.022105429007795392
0.04434778775440621
0.019912350169237883
0.005580260660171236
0.004756243852044965
0.015624329269374418
0.01063914514351487
0.08741163363978997
0.11860195862682087
0.08352411223314064
0.047853178278290345
0.02060967517682795
0.004547802413284452
0.04899482960102202
0.055353181094734076
0.08124133631844839
0.11552760418459496
0.02090626598694613
0.011041905124682795
0.015018299180685878
0.005520299322126167
0.005917684768247553
0.013097830323941106
0.019022526254988258
0.024029241441707164
0.04820732947460175
0.02164530123888127
0.006065904926053629
0.005170174794441686
0.009036578059532566
0.008394215775316774
0.022406639776609828
0.011751246869987863
0.04067087312643528
0.005773788035422475
0.012320498923175043
0.004073979396665233
0.05574802823371485
0.06298278262469549
0.09243922976581002
0.13145134277029688
0.023787879578164993
0.012563865282470063
0.01708834531245698
0.006281189361704138
0.01261763933578858
0.010603876223152767
0.031241687918496363
0.03977776476765295
0.0458389401775021
0.08404421442175035
0.050965601845230135
0.04989003515990737
0.010282134112953036
0.009551231871872713
0.025495057275657235
0.013370979093593404
0.04627673984797475
0.006569617672626885
0.01401869396048044
0.00463551603869908
0.01602845117637884
0.010142496022940496
0.014563525883401665
0.005882805446225363
0.026895151897844832
0.014359919733545405
0.04125701197089997
0.013347526992282456
0.008498195567084046
0.007141891721211797
0.021041810334848653
0.02679100386537189
0.030873309012040568
0.05660521365610441
0.03432620319447705
0.03360179066420386
0.019097981818721847
0.022923604838004742
0.0883617151686847
0.04367192206505408
0.02291262814791041
0.030656174108540744
0.046883778858862815
0.20140345840490753
0.0107954355889673
0.006831144277269326
0.009808783387269232
0.00396216993010173
0.018114344098109574
0.009671651168310353
0.02778730211821537
0.008989787368197924
0.07180141031505433
0.005985625942485132
0.01468110098773453
0.0058753818568266685
0.013884046815686562
0.006114853978673496
0.0016033734403743348
0.08930242356468061
0.012696557713527526
0.015239875846070155
0.05874388335660117
0.029033595498351182
0.015232578416393604
0.02038057673002253
0.03116887479316137
0.13389533290031624
0.04927299657939079
0.009746097826806074
0.0041725967780384425
0.0018290892713168738
0.0055430260853548
0.0
0.020769462450516175
0.12912614536880956
0.047734402442674954
0.003979312890320693
0.009760164595306564
0.003906021355674576
0.0092302738250528
0.0040652251733695206
0.001065941082952207
0.05936927710525651
0.06659317276624359
0.0
0.0020267961595308898
0.004455333841100793
0.0035972772557550372
0.0035871874618333285
0.010145489775841137
0.2336331130611513
0.026556244370541902
0.005252770757119426
0.0022488686986752507
0.000985808557154895
0.0029874772287857942
0.0
0.011193939045132072
0.06959401110332514
0.10628708779188624
0.002490407758919908
0.000766001519263452
0.000986522626843828
0.0016416045677868365
0.013672891470689742
0.028824927776682656
0.19981575098070553
0.03589115118137079
0.0
0.001092364943038413
0.0024012530686251315
0.0019387936700480711
0.0019333556603544333
0.005468027610457192
0.12591923516373824
0.13305634201104805
0.0031639298603044577
0.002779943614767375
0.0012846235739506285
0.0034112160870987617
0.0036612167989028086
0.05178812998801458
0.1529059291884074
0.14110991375793358
0.003306339757575931
0.0010169665061607158
0.001309736918060611
0.002179443277612446
0.01815253928142625
0.038268835445097765
0.2652813617734338
0.005010097519702311
0.004359092978299081
0.0033383576222809227
0.0025745979055566306
0.005473758033878183
0.003904173555497342
0.006804976667473341
0.00415224437082916
0.176649575561693
0.004200527825147496
0.0036907362115315024
0.0017055046431088657
0.004528832409094643
0.004860740824453296
0.0687554688731556
0.20300248063151824
0.00802683736263702
0.0016079652829133902
0.002329432272111967
0.0005685015762775779
0.005271850550160861
0.001050182790540609
0.00694019612530418
0.0005685015762775779
0.07413442046848989
0.03071002426541752
0.022706617270432702
0.016356256801787743
0.013677045553874308
0.014468468490738762
0.03129500677529749
0.03221324585469703
0.0625390021245264
0.09095393868778753
0.020521287856266696
0.011926430536515495
0.024814743654461083
0.00300955916777275
0.019607502155333464
0.028696470266727652
0.04040205175126938
0.03826020468422032
0.031106288475550387
0.013414941826668659
0.025829280655957035
0.00974159048300179
0.007217213240271389
0.026286976333035957
0.12920982756480925
0.02203341423717499
0.01860127249310365
0.006516728350647996
0.010522074538779107
0.005583860040904877
0.027179293054990408
0.09046430289295292
0.04121595912204885
0.05994265484890125
0.013524433276558149
0.00786004344115045
0.016354009903290157
0.001983432153063769
0.012922208219928944
0.01891223884745497
0.07245270534272917
0.1227974657840901
0.06486941454493024
0.018182712911198096
0.017310289033783552
0.003203163293720531
0.0
0.01959637632438649
0.08515497194013612
0.014520991216174615
0.012259058517871381
0.004294811240751607
0.006934510934567536
0.003680009903754445
0.017912352187681377
0.05961996327693771
0.14269021865809295
0.06980196129218959
0.013643797036682757
0.0018284499539387951
0.0
0.0
0.007920129430430273
0.0686112327592209
0.0825755484329902
0.13995430585146773
0.0739327462961624
0.020723139095212117
0.019728823150724457
0.003650698265139933
0.0
0.02233431470406602
0.034547557098447514
0.0737651106368837
0.03507819275032283
0.01667193021824255
0.00834526877011638
0.0
0.0054726281823541025
0.012671293990544114
0.16262640581850604
0.07955445152993634
0.015550061487463103
0.0020839147001420213
0.0
0.0
0.009026702706052613
0.07819735849690765
0.01153386478526258
0.014211841489868345
0.016137029865595336
0.015697612162767296
0.015564886821437533
0.010017168019884863
0.015815301075553442
0.004531348272188832
0.05625993920722166
0.12012486521750473
0.05712406773100176
0.02714987279339405
0.013590087204625286
0.0
0.008912054996120279
0.020634924418921664
0.021827538805352625
0.030232108445105866
0.06303957297748002
0.04139270440150563
0.016729600242311345
0.024002269308412066
0.021440815184213854
0.02132376753042139
0.01878264589864003
0.023143672241838307
0.02627879929791943
0.025563217204018107
0.025347076895943885
0.016312738472977952
0.025754871017914266
0.007379201301951064
0.036233047180352466
0.035848470274244225
0.040541797526849756
0.037602098464505705
0.0638726426454992
0.019248960241602334
0.03473253424092516
0.01957323200408688
0.020921751012732137
0.02897755221597936
0.06042358973886553
0.039675011596797934
0.016035364038677138
0.023006235686452926
0.020551075446221475
0.02043888497476668
0.04202293304606661
0.021186498866083633
0.036549339900160606
0.034627196152016884
0.07974342948511991
0.04109918310999822
0.026926081817777246
0.007494351143327243
0.03472946713323523
0.03436084919849719
0.03885941521072226
0.03604170624301939
0.06122208911737919
0.018450176953987475
0.03329122169521165
0.01876099225642083
0.010970499974091323
0.015473256135676437
0.03396679773687646
0.06636459709892151
0.048156620455496034
0.017372096570345972
0.00862681187753738
0.0036741509573903993
0.04266588196035324
0.021510651309906408
0.03710854309478152
0.03515699063700258
0.08096350023441162
0.04172799869337678
0.027338049612879858
0.007609014366039538
0.014231422099289235
0.01900042944535987
0.051995422782146965
0.0444220379768381
0.06184083191889291
0.03027956812887275
0.020477167123740245
0.006993230048196503
0.011138348111673515
0.01570999623237569
0.034486488156933004
0.06737997233712885
0.048893414500871986
0.01763788883707191
0.008758801696628238
0.0037303652955564125
0.01708854908809774
0.013291101143390827
0.03181589232902533
0.04108988098081835
0.09902854375725204
0.017403481185011956
0.017303580388434
0.011922171544271908
0.014476531630691914
0.019327676176242405
0.0528909463372984
0.04518712419496093
0.06290592416529243
0.030801076851146834
0.020829847889101354
0.007113675308560903
0.010695588720985196
0.025345359578359154
0.1020810774882013
0.035922725936884704
0.028270139275610787
0.01094811800774882
0.018613095897536343
0.0071169652784898564
0.017382867268678194
0.013520015411434695
0.03236386135176376
0.04179757704958321
0.10073412453382405
0.017703223479792647
0.017601602079520617
0.012127508569632486
0.022364875276335777
0.007617660031143891
0.04732804386699175
0.059356583239958585
0.05769362183219576
0.03709149459585489
0.014899367132971263
0.007890903039971957
0.01130725542018976
0.026794827470017175
0.10791896050215306
0.03797709954580378
0.029886871484361366
0.011574226525848694
0.019677554453921015
0.0075239751938679785
0.018196472010295017
0.01812553850930975
0.0357809233839103
0.05490801927843867
0.053349187981666775
0.037670770976430935
0.02088071191838959
0.0073744601038323535
0.023643893177571793
0.00805330402311698
0.05003467265827395
0.0627511084310041
0.0609930444401366
0.03921270855236169
0.015751442409256012
0.008342173441453729
0.047309915494163496
0.012524422219655195
0.020178187229060663
0.01776021022373347
0.04524609905634649
0.033610353222124224
0.028186150543252946
0.02745461595146397
0.019122646941493588
0.01904810302468939
0.037602122253370555
0.057702760530956514
0.05606458690517595
0.03958816044058385
0.021943510900161996
0.007749809791146977
0.008316896127704856
0.018408093463684147
0.02673484329516376
0.03377143476288988
0.06775206310170512
0.03042097190147692
0.008525209294894769
0.0072663226264049795
0.04971792390936764
0.013161897763322572
0.021205228688416837
0.018664180041219638
0.04754906210637104
0.03532107311142192
0.029620786115762843
0.02885201743816667
0.03811685203080541
0.008377823452648057
0.07291453669029226
0.0747697667616054
0.03644023653411394
0.029484291035328358
0.007140809521300353
0.028645092302766868
0.008937435633199615
0.019781556476767152
0.028729581017400894
0.03629118601453806
0.07280717393726441
0.032690738719596595
0.009161291443675102
0.007808476836355303
0.013647877153715536
0.012677722136473234
0.03384058269447907
0.017747821423995367
0.061424919533384886
0.008720109459566222
0.01860755859886583
0.006152901016973156
0.040960823164630344
0.009002908862229009
0.07835482954070444
0.08034848187115784
0.03915911218336788
0.031684170304949015
0.0076735989587467515
0.030782357352067906
0.00905829748515767
0.018912889616877784
0.052962697700895386
0.05750940465327913
0.08802577785587685
0.03506104874397654
0.014973202366380417
0.016502513916985085
0.014634582778750056
0.013594288105216385
0.03628716782438684
0.01903094223713933
0.06586577967143087
0.009350550440076388
0.019952836148690638
0.006597739578703265
0.022813327756576143
0.014435835596024566
0.02072829655300998
0.008373009175751837
0.038279925399944514
0.020438503498221836
0.058721190587409273
0.01899756281277077
0.009713188570501876
0.020280241796300783
0.05679176145563832
0.06166718336308592
0.09438981009181965
0.037595870359503236
0.016055725518756947
0.01769560227246363
0.010382221118216338
0.030071444660556862
0.04987063309338095
0.07163616559295284
0.06785913741552782
0.017857963095042548
0.04165748200693383
0.008373009175751837
0.01925800722448854
0.012186097055464975
0.017497915649510545
0.007068125830562212
0.03231422823408614
0.01725328510712473
0.04956984463772138
0.016036906399617797
0.12808673324760741
0.010677774573660499
0.026189656411287378
0.010481109846186457
0.024767789282619083
0.010908304822672903
0.002860262288057964
0.15930683889499922
0.008764214122300197
0.02538499006822343
0.04209859353488231
0.06047209811931405
0.05728369716772642
0.015074906474345652
0.03516541286758484
0.007068125830562212
0.03891835790753171
0.009961016625683572
0.01530275888277166
0.02114264378282117
0.03223123253525858
0.021981199436163387
0.028227479595818065
0.03645953060533964
0.056269042550786644
0.004690791439512596
0.011505226604135749
0.00460439579464059
0.010880594373021402
0.0047920643509377515
0.0012565252958869593
0.06998416673712356
0.07849965392309338
0.0
0.0023891758041671143
0.005251922233318556
0.00424045000278659
0.004228556211004214
0.011959445738970998
0.2754053870455024
0.017096998897397922
0.004375916647637291
0.006722566567878264
0.00928805265375844
0.014159316495993479
0.009656433691690773
0.012400450930449643
0.016016825685199416
0.04889138705847945
0.0037983557003814948
0.003824297215462095
0.0015101555334564208
0.008430501510429983
0.0036165117409529195
0.010239702303262366
0.28401475017037325
0.03374224781163608
0.0
0.0010269620058293743
0.0022574833470946428
0.0018227126831292363
0.0018176002622498513
0.005140641539764289
0.11838009919703726
0.12508988754244565
0.0029744965511287543
0.0026135006335640636
0.001207709576041974
0.0032069770615122937
0.003442009533113707
0.048687430139154136
0.14375102454840424
0.02101544676360048
0.0016326831127762302
0.00164383379926609
0.0006491244189932607
0.003623762104989559
0.0015545194058623195
0.004401427972823402
0.12208074307942125
0.12595512428726796
0.005356347093658957
0.008590346292185025
0.0019791510623496903
0.0038802315364464646
0.0
0.0062096860173893615
0.19626662767203626
0.17360951133974678
0.004128238524061342
0.003627220207750334
0.0016761536320498683
0.0044508931254575255
0.004777089537856159
0.0675722164349893
0.19950889409799907
0.007888698898369882
0.0015802928828457805
0.0022893437313646877
0.0005587179054328216
0.005181124239667155
0.0010321095904331388
0.006820758295540142
0.0005587179054328216
0.1748103544407594
0.007433956651217432
0.011922353207963319
0.0027468203509694567
0.005385288244814861
0.0
0.008618287027290008
0.27239414785531957
0.008340432459639373
0.002064219349363471
0.006868031194094063
0.0011174358108656432
0.002848664435506418
0.00349140203413516
0.006139682530527601
0.0005587179054328216
0.0302813533310454
0.02867603813028117
0.023314175179629887
0.010054504060081806
0.019359055788675313
0.007301325814792518
0.005409304100188192
0.01970209887473055
0.0968428154694027
0.016514052447453225
0.013941660889858896
0.004884290405925058
0.007886298914865282
0.0041851052488796866
0.020370890601127317
0.06780302982167613
0.04175732354556955
0.0206037005605808
0.018178434786716713
0.03515242728060675
0.05360272409600119
0.009381596782937736
0.022518462755258345
0.011912933733283136
0.15794862753054048
0.22379586043573577
0.003560007738514659
0.0031899929914550496
0.002813156431797568
0.00611626704421762
0.0005460802525069246
0.012395910700232644
0.07562130416175823
0.012895269277529925
0.010886575050115189
0.0038139784413590686
0.006158146126389666
0.0032680082197165563
0.01590694474057769
0.0529451102426252
0.1267150957860346
0.0619871655841157
0.01211628284438412
0.0016237427711039822
0.0
0.0
0.007033418049624963
0.060929747062164794
0.12333678184101365
0.17475467591604865
0.0027798905546843303
0.002490958457903529
0.0021966994366327927
0.0047759876480610065
0.0004264157405110042
0.009679550608691818
0.10490296956418134
0.067144527957029
0.022808744478532796
0.005575156008080015
0.009573267466204698
0.006035661081961337
0.001507607334401672
0.010109931601085118
0.14890006389303756
0.07283972646485867
0.014237571920564683
0.0019080236720295097
0.0
0.0
0.008264811627053373
0.07159717770219165
0.01056035884711057
0.013012303231006488
0.01477499773752962
0.014372668708012437
0.01425114593497469
0.009171677567865286
0.014480424189326564
0.004148883718204531
0.12326912412275885
0.07890002718974652
0.026802043506388623
0.006551240644749269
0.011249331648614188
0.007092369817233813
0.001771555527978076
0.011879953623660693
0.008254406414473921
0.02021936691479527
0.04693476001156271
0.0994188441880422
0.08216413771293644
0.0348992411274656
0.01977881763440821
0.008294491183204855
0.010163215680511616
0.012522949849674975
0.014219354745380695
0.01383215609420675
0.013715203425234291
0.008826758505448838
0.01393585921767139
0.00399285674586832
0.019605559048671534
0.01939746600024725
0.021937006882019754
0.02034634730361799
0.034561235237760335
0.010415536533921577
0.01879363741009651
0.010590998706770646
0.007943983146732803
0.019458977659143697
0.04516968559653428
0.09568000205473247
0.07907419291990356
0.03358678618782551
0.01903499610517473
0.007982560448509568
0.0017469100078215285
0.03972462188481729
0.20343172667768158
0.16232764577949962
0.024245557429919896
0.0
0.006187717907467585
0.007548058344367104
0.01615939110849857
0.01598787562413519
0.018081028603996987
0.01676996727776486
0.028486232706413685
0.008584745175521984
0.015490185029007774
0.008729365477793204
0.0051045010007500485
0.007199603629365516
0.015804526088112187
0.030879007620970133
0.022406956646310955
0.008083121511132626
0.004013998447305897
0.0017095581134131015
0.0014398468300576802
0.032742024855316784
0.16767350663660813
0.13379449723217626
0.0199837935853294
0.0
0.005100071540301441
0.006221298081508113
0.0
0.015549903140213844
0.032690826875342735
0.2233810944017087
0.09881659996205681
0.03792372058224876
0.0011923924731328476
0.0
0.005054354853221979
0.00712887538664625
0.015649263879972893
0.03057565509513969
0.022186832768682985
0.008003713670145818
0.003974565296389389
0.0016927635720171013
0.007754434513267484
0.006031230205344001
0.014437402044766574
0.01864574865783296
0.044937130329262887
0.007897344265819166
0.007852011324977126
0.005410037915997753
0.0
0.015397142324455012
0.032369675204089336
0.2211866191115278
0.09784583478849894
0.037551161445351484
0.0011806785193378942
0.0
0.0
0.0049234282923951165
0.026619511779774285
0.11082116854511675
0.2180176381571817
0.02685542184336891
0.0
0.0
0.008302552375085637
0.006457544335488513
0.015457901724717062
0.019963712961850746
0.04811348622603098
0.008455563623480447
0.00840702634909716
0.0057924434169789344
0.01068210125947509
0.003638411339545246
0.022605221390839585
0.028350394301397675
0.027556116581140603
0.017715953978845986
0.00711636199397442
0.003768919981005609
0.0
0.005271438064587453
0.028501097065510995
0.11865450079432331
0.2334280928410017
0.028753682299863415
0.0
0.0
0.0
0.0
0.006398964415674847
0.03184209782765597
0.18862541181166909
0.08505545433891969
0.031085167313957832
0.0
0.01417169485700681
0.004826995552262942
0.029989820536657563
0.037611807579417705
0.0365580578339528
0.02350334337696759
0.009441111652180851
0.0050001383261472675
0.02835665349435991
0.00750689781180519
0.01209441736308704
0.010645128448042327
0.027119641612350504
0.020145399335164706
0.016894236566402057
0.016455768800779917
0.0
0.0
0.008489356999808571
0.04224416929396101
0.2502449390377318
0.11284108955118415
0.04123996721727947
0.0
0.004824926667925162
0.0066549276224678235
0.018601948285986984
0.01457368873460984
0.0946409692701492
0.054128999022858545
0.045134385634507446
0.00605901353652771
0.03227252631808013
0.008543552476910138
0.01376457919231214
0.01211515273010336
0.030864690992029868
0.022927350378691518
0.01922722278640973
0.01872820542145569
0.024742125446930788
0.005438149999116731
0.04732973783454196
0.04853399088041917
0.023653813355683513
0.019138622122318438
0.004635188782795133
0.01859388772769527
0.005491218239288794
0.007573930643251993
0.02117075859274034
0.01658622211301315
0.1077102829551801
0.06160386823797763
0.0513671561607132
0.006895724626253474
0.017620672235862
0.061880178333883935
0.13466471688949339
0.10326448502091302
0.04320682339425019
0.0028806596176267755
0.007573930643251993
0.0
0.01857496422105586
0.004082650129593404
0.03553244399937465
0.0364365278982396
0.017757922120140948
0.014368176328459773
0.0034798330476066433
0.013959221086849397
0.00410776783010978
0.008576640331135643
0.024017588974975072
0.02607943520850196
0.03991803747770897
0.01589952729598512
0.006790066134957646
0.007483580208665484
0.013228586890569273
0.04645607755121271
0.10109852136293528
0.07752503392173848
0.03243719705387046
0.0021626334990996255
0.0056860713527994875
0.0
0.0
0.040259468908834084
0.09598230141872711
0.14584763759548158
0.14243470445015308
0.019339305565534103
0.0004776458200315211
0.0
0.003657376632106573
0.007636265053529077
0.021384209699667162
0.02321998731548647
0.03554127290261813
0.014156243000793572
0.006045577607970265
0.006663052176183216
0.003909292260879667
0.011323016967797209
0.018778147544464687
0.026973679770724894
0.025551488232420535
0.006724187062442204
0.01568559079633802
0.0031527492622565653
0.0
0.035845268500546146
0.08545843894378044
0.12985635110137342
0.12681762485176137
0.017218870973694424
0.00042527492615374523
0.0
0.0003007147892984359
0.01816152070967036
0.021641468687390114
0.09628197803471303
0.19043913003625337
0.0343967066025296
0.010924953933070901
0.0018291767091560996
0.004205916362729033
0.012182169856392502
0.020202970959564984
0.029020352928326904
0.02749025022361301
0.007234396024822324
0.016875761285380323
0.0033919693962003684
0.01867678676600751
0.004780257788177241
0.007343741615826055
0.010146282392993427
0.01546765818580774
0.010548702381167483
0.013546270852576115
0.017496803958752652
0.00032353202790223333
0.019539556530280108
0.023283551392829435
0.10358753447637972
0.20488901818333893
0.037006614361192715
0.011753903121795323
0.0019679685574675683
0.009434930687777135
0.0
0.013935301874362623
0.03322162138144489
0.11380006068892133
0.1451444967771558
0.050397972583267045
0.013103232256551776
0.0129756084085792
0.0033210612686514116
0.0051020294151548715
0.007049081235641689
0.010746081653728671
0.007328660600537327
0.00941120698017971
0.012155820988632762
0.0371056637969169
0.0028827267557551247
0.002902414827517377
0.001146118506281347
0.006398250765748349
0.002744717972858738
0.007771326892217356
0.21555035492410862
0.006554873035735428
0.0
0.009681484424620988
0.023080562794038882
0.0790620486742134
0.10083844595090675
0.035013750760221146
0.009103408031467539
0.05302107520561357
0.029430207949352947
0.0062274846206767055
0.0038415087983953776
0.022383239013203292
0.04543555778643131
0.03860333429691433
0.1931316059571148
0.018583773500853964
0.001443767220740465
0.0014536276740745098
0.0005740149763238939
0.0032044607444056137
0.001374647746783282
0.003892143785824485
0.10795492019391262
0.11138100119197619
0.0047365703094603894
0.007596367166667674
0.001750145760897437
0.003431254391845129
0.0
0.005491170364194196
0.17355684109228378
0.026554750719073178
0.01473964518212583
0.003118935273712132
0.0019239577494595077
0.011210284400609763
0.022755666612226437
0.01933385762556313
0.0967268512054329
0.17461080316181582
0.08738916529780469
0.00372292910506755
0.0
0.010258777600870348
0.008200271890427038
0.0012069409168535645
0.07182231304450855
0.1586086611971462
0.006744966084070226
0.010817371125892835
0.002492240804671457
0.004886171425047217
0.0
0.007819530894403825
0.247148238143473
0.007567428316592775
0.0018729043166074942
0.006231491471088195
0.0010138701365954236
0.0025846458223887027
0.003167813509141038
0.005570647284926694
0.0005069350682977118
0.24864910014877065
0.12444383119820102
0.005301521756559611
0.0
0.01460869415232492
0.011677342922707723
0.0017187067894662686
0.10227633792263376
0.004674915489560774
0.001075371637771537
0.0022670825177124837
0.002489822386245927
0.0033924599518058915
0.0036051789547638757
0.004758773257936437
0.0020277401203102337
0.015532258392023152
0.007663853278086057
0.006761739553582664
0.013075468858375097
0.019938331542414003
0.0034896246452036477
0.008376077593290388
0.004431193123536168
0.05875134436699479
0.08324420332063664
0.0013241978981691337
0.0011865654023048553
0.0010463954316463295
0.002275036617749971
0.00020312268279030365
0.004610843599454932
0.02146421451206339
0.009841276493674146
0.0031516135520608716
0.0009083922795448994
0.011191501828983841
0.035945103336965004
0.09802876836246914
0.034183981592025715
0.049793646594355305
0.03925485478376592
0.0546619382086758
0.030733953881425094
0.06842305590534939
0.12423454676523409
0.0778804629381984
0.10839224881328184
0.05555749796023582
0.07871887368735443
0.0012522117207552736
0.0011220612162752867
0.0009895111794573682
0.0021513608516014133
0.00019208050737200798
0.0043601884626080605
0.04725392077358896
0.030245494647511202
0.010274281166790099
0.0025113491200554608
0.004312312837966361
0.002718785290522591
0.0006791071581049213
0.0045540551319836016
0.04708675944192872
0.0371208784765036
0.05169040050489627
0.029063191633730393
0.06470343495714287
0.11748089601806277
0.0736467174913176
0.10249981863789158
0.03222371340596038
0.040784127726059466
0.026813410838391685
0.05077394987157012
0.01046686238629133
0.011589511407033527
0.021852208499543148
0.03531085314006115
0.06652661379685759
0.04258123576984782
0.01446468618970978
0.003535612501225231
0.006071106186451373
0.0038276523102875716
0.0009560836200321978
0.006411444003275243
0.004454787129915404
0.010912108149790916
0.025330030331260748
0.05365495292106742
0.044342830343605505
0.018834629943327862
0.010674349894888363
0.004476420316226061
0.04536627864448275
0.05741809081352973
0.037749363401378515
0.07148230027792475
0.01473581239901783
0.016316338133383557
0.03076471563963945
0.049712520172492516
0.05463230099856665
0.0469916937419289
0.06946943614487161
0.08396771130746289
0.05592793318792754
0.033375639721217
0.011271000577090524
0.0037640766739098887
0.004243681909357441
0.010395000837918597
0.02412968080077213
0.051112330717109467
0.042241494700205426
0.017942087024360297
0.010168509565562443
0.004264289933649286
0.000933200670310666
0.02122092357635436
0.10867338491855714
0.08671555327586036
0.012951995434425696
0.0
0.00330548366721132
0.004032178575295578
0.05204336383601575
0.04476483270851056
0.06617739093334678
0.07998861607836136
0.053277598092968094
0.031794021659762195
0.010736885928433719
0.0035857031145748726
0.004455878373461657
0.02541304216949834
0.036611958508590725
0.12147975425223466
0.03299682846252347
0.02329100248279745
0.001718449345603207
0.009334645287621277
