0.0505305914046873
0.039049528767957135
0.06647927769328157
0.07628541985438683
0.038373394216072707
0.00639074958321816
0.022432206811856762
0.04321824076233177
0.028890149770118376
0.12423826205579108
0.11433590987259032
0.020673856993238933
0.020230933369686094
0.01083347959686069
0.014699229855496102
0.00994832113857299
0.032819312358356424
0.01613479540653302
0.04159353218119786
0.028554581582075748
0.023822910331668938
0.004024250289730136
0.018554392214489474
0.012646447127385222
0.019458019937176482
0.03639738713097306
0.017518191282156315
0.010874733185019001
0.022475978125729736
0.006863633899673576
0.009440123024589612
0.012211616367273758
0.030075943852414713
0.12933761242651556
0.11902881892289634
0.0215224139400146
0.02106131054875902
0.01127813897380593
0.015302558668799428
0.010356649251399352
0.04478512431786523
0.03516360171128992
0.06406908076258307
0.017866883706826552
0.01071319009460366
0.0194110380544537
0.001876475009498748
0.006587208958996619
0.02025667294099625
0.03789131522114855
0.018237224160843644
0.011321085812470067
0.023398503002457056
0.007145351250606095
0.009827592183032186
0.012712841267068627
0.0450548064052005
0.07820453215875066
0.1282425519787923
0.03913744083010584
0.007301433301771899
0.0028320341555746207
0.0
0.0
0.03880941173528285
0.030471696075309616
0.05552029547061664
0.015482892071107705
0.009283721139833287
0.01682100875097998
0.0016260955476583357
0.005708272748370246
0.009298734465773766
0.08352843466453337
0.03751332827423152
0.022389054169397463
0.016626757352581754
0.03562176470972373
0.008888611953275711
0.009065382772724298
0.03904310994031049
0.06776964303085349
0.11113105249867491
0.033915302872899324
0.006327197603717145
0.0024541537232762693
0.0
0.0
0.013447417842043704
0.06349973236591511
0.18667789224394446
0.04084247792540991
0.03631969539265151
0.0
0.0019163720676541097
0.0
0.008087878249648135
0.07265158634618775
0.032628443465916375
0.01947361169558847
0.014461665686776143
0.030983194226084865
0.007731160788714804
0.007884912987043842
0.01324141339435221
0.047009462497814
0.11218937668217388
0.04277928303656157
0.003441850048464542
0.0125491826026627
0.02423523222732742
0.04578233418692612
0.011696331224309813
0.05523096784310924
0.16236919872561614
0.035524080195053674
0.03159024225084464
0.0
0.001666827246359396
0.0
0.009846518209721393
0.014879528463001414
0.05053406861407126
0.03544677172187811
0.041632637332765655
0.024961839296271864
0.02234853770959652
0.007141436337383013
0.013818743384594347
0.04905909056370665
0.11708087049905125
0.04464447388307633
0.0035919158454996588
0.013096331102129702
0.02529189634380963
0.04777845905382847
0.03019535497941691
0.046602315481311156
0.0666140832794689
0.050236046342412875
0.03218234840958879
0.020733808483019627
0.004522703806200827
0.006432704203780864
0.01027582965047455
0.01552828081039178
0.05273737066884293
0.0369922626572367
0.04344783404849783
0.026050183720552823
0.023322941322983487
0.007452805316523468
0.015161491415177884
0.025469058155197313
0.02479038025630973
0.04323527225690942
0.044679770346802
0.018070867069206204
0.020649263392718695
0.020254797938904445
0.0343667314927463
0.053040252852738674
0.0758165722927082
0.05717597018096728
0.03662822070984994
0.02359810737259698
0.005147498594895703
0.0073213584769675185
0.019114490353925373
0.026555142211125007
0.08626890639058733
0.06584729349756405
0.011355116612948489
0.016021083972351843
0.012935954982740229
0.019218651060549746
0.01725599532941998
0.028987514258052578
0.028215079519761547
0.049208065070996634
0.05085211522476905
0.020567290460133995
0.02350188269103974
0.02305292329501212
0.008821767181214014
0.005521393903041713
0.02092962876184778
0.06474124663280223
0.07096496327193715
0.01716627625501237
0.00939011964869081
0.010411880610374756
0.02215082660813745
0.030773425803229143
0.09997271974029433
0.07630713421454859
0.013158876567009774
0.018566032710000926
0.014990831067306268
0.022271533240074602
0.005757518086637125
0.0
0.03815898988233978
0.07545737941038654
0.08678953695812656
0.020318094925100772
0.007842297221481172
0.0
0.010223104649415858
0.006398467168986688
0.024254299701020776
0.0750253918364798
0.0822377456884017
0.019893138754498784
0.010881739890339255
0.012065807552000816
0.008002768828418431
0.029992056078556657
0.0698788177145425
0.05015127314646101
0.03340605881830382
0.01815282705231522
0.01312994138843646
0.0037907779564869105
0.005425763692816929
0.0
0.03596022778264471
0.07110944393040007
0.08178863035388936
0.019147344410030295
0.007390415608306785
0.0
0.01849823455393091
0.014663269368071238
0.06396524524949473
0.11635130246453203
0.04027791756625975
0.022072476661102017
0.02401687497731498
0.010120625369141493
0.007541640668401511
0.02826388150158811
0.06585232496837719
0.04726150276768776
0.031481165726103155
0.017106841604376977
0.012373380022815173
0.003572349247425603
0.0041285040192864655
0.022997576190177234
0.060237926461257814
0.06265051353202146
0.04913257194479254
0.030897336849897733
0.01769613544296746
0.008018023567427831
0.017163159262499655
0.013604975476952172
0.05934867396568033
0.10795386601764517
0.03737093461195446
0.02047943716725106
0.02228350219159727
0.009390188265817931
0.003209686389867266
0.019786221174802957
0.06890648540463547
0.06981192174377537
0.044829977565338595
0.01640945340799733
0.008404905859745652
0.0
0.003830537005696366
0.021337769377543385
0.05589036740144535
0.05812883053745121
0.04558652096264507
0.02866737966781837
0.016418950146454597
0.007439337795021966
0.008855150744972824
0.0008971346324468026
0.05352409546042917
0.07492875524156235
0.050098070154460196
0.014926736279977046
0.035239358376895964
0.005277104159796275
0.0032690175534371515
0.020151970155344544
0.07018022416287516
0.07110239752395876
0.04565866124613689
0.01671278271995624
0.008560270834320219
0.0
0.0012258815825389317
0.011749727795140606
0.15718579276109546
0.08722218415841614
0.023661222040516124
0.011414944334772437
0.0029832087116829263
0.0
0.009018838511772901
0.0009137181970560887
0.054513490210245895
0.07631381586535398
0.05102413470838467
0.01520265751470817
0.03589075913136154
0.005374651612117043
0.022099973231113432
0.060954188294287885
0.04078680015654576
0.04205034831745443
0.015883072048375937
0.010602940727295389
0.014171724324704956
0.014120078526221833
0.0012265226943870913
0.011755872670640335
0.1572679978252198
0.08726779963749895
0.023673596392173066
0.011420914125136647
0.0029847688709004516
0.0
0.009403340656967699
0.00854155091293881
0.03691616649881878
0.07495807406499104
0.023350426115439627
0.02685398038145824
0.06666859652936184
0.037419170063518234
0.022111531080488352
0.060986066130505535
0.04080813084721061
0.04207233981884376
0.015891378581258414
0.010608485855815489
0.014179135856538724
0.01412746304832335
0.020588948710152797
0.008305094632848337
0.012571764041212316
0.011036352366265519
0.032213600957491886
0.03480840189631773
0.048845828990932476
0.031136176429994503
0.007623836105026557
0.0069251329520571185
0.029930086899948964
0.060772877668372714
0.018931550837173416
0.021772086396139954
0.054052115288982766
0.030337901194613624
0.03538610906536928
0.01908795846826155
0.03981688518358997
0.016769893563202548
0.032365787236799
0.021600519129746303
0.05466660843175461
0.017411940598120727
0.01669266022226829
0.006733424069950604
0.010192661533563567
0.008947813836286433
0.026117443046229132
0.02822119933927792
0.03960215929910909
0.0252439122115157
0.01567274261807288
0.015129414662942183
0.06947826378597415
0.02517942717679132
0.021269303416075677
0.02315208738220391
0.05870054578575121
0.14221522831177608
0.02150868745401672
0.011602206167133594
0.024201839688682614
0.010193220131146008
0.019672849608684387
0.013129412277228962
0.033227925476565945
0.010583474651057271
0.07796165692239973
0.0130804047890748
0.011070090171451821
0.0035946424583320107
0.004510750999931319
0.06871501591769112
0.08640346960147918
0.19604409441738274
0.009526340460225432
0.009196090215691682
0.04223087251157353
0.015304774775218065
0.012928089909402642
0.014072499762321958
0.035679867779572876
0.08644247637707043
0.02639417388470541
0.008398868487990223
0.005047744379714251
0.0
0.0014351463498341326
0.003304862358335077
0.025403949625751068
0.09913424449898105
0.06030673996793207
0.010118263277487898
0.008563197291404567
0.0027806126315156818
0.0034892625214945775
0.0531540600909147
0.06683685005271356
0.1516486525683491
0.034599638675028015
0.0055881716109557646
0.0029368332572146773
0.0027637253854734378
0.005776216382468707
0.006250009920542428
0.03535356091464333
0.04613863988290277
0.020417044018416396
0.0064968908810422756
0.003904650308228054
0.0
0.0011101482594388895
0.0025564550926912935
0.019651062390368932
0.07668465936874841
0.1385249654379348
0.0014723577489936873
0.0023967267568882917
0.0009856928470514568
0.003167616800972819
0.0014723577489936873
0.08952636941275445
0.13532836900623155
0.06081471152244559
0.009822155880011358
0.005161980707502005
0.004857714371628211
0.010152676341229861
0.010985448544713828
0.06213985725426079
0.08109645597374038
0.01172877970209133
0.003812995542275711
0.0060868032769055965
0.004528273899207024
0.010329097501059942
0.003812995542275711
0.006129080632268338
0.001129465947370973
0.24348103432204207
0.0025879175387896135
0.00421265226747834
0.001732521738339335
0.00556762178282077
0.0025879175387896135
0.1573577221607835
0.23786247594131482
0.007211236199560874
0.0038198341650979967
0.006099056734706585
0.0008662608691696675
0.006378698594514252
0.010365348968275881
0.01102006252528691
0.006260795376300884
0.049584301555881206
0.024376883715428503
0.06284062931993885
0.04314103136920694
0.03599229493068351
0.0060799457869053965
0.0280324757783991
0.019106593128088916
0.02939770089362179
0.05499015334758522
0.02646695548533877
0.016429839958192662
0.033957313455588334
0.010369763063116993
0.014262392266627916
0.018449639097495096
0.043760685163965134
0.039858637549902355
0.020735248480781215
0.007319461504563457
0.015437061376759625
0.014840197613513557
0.03203181228014079
0.04102596218519972
0.07312473540992953
0.10229043708832243
0.029345277087586365
0.00467631980526264
0.01405074675937051
0.0
0.014671324887934331
0.07335335805213072
0.020147485825833453
0.037687074208284675
0.018138922238287065
0.011260063121134001
0.023272380857452892
0.00710683652056375
0.009774619691321072
0.012644316763191957
0.0448119528847862
0.07778299564661255
0.1275513015285103
0.038926482975795755
0.007262077261365057
0.0028167689814569165
0.0
0.0
0.050115469081088035
0.07010395604788341
0.020111557577809674
0.0032048794337530898
0.009629570087850377
0.0
0.010054878485071826
0.050272153832044614
0.13915653174182738
0.11694308103690612
0.045244363865368724
0.016802094387052283
0.0026758401768677454
0.0
0.0028167689814569165
0.02368501368151004
0.03716495802763985
0.06450961367166581
0.10578514129624808
0.03228382190079125
0.006022830500291368
0.002336097720145222
0.0
0.0
0.012800535624435326
0.0604451052119961
0.17769783299898922
0.038877768194266825
0.034572552158579996
0.0
0.001824185818409218
0.0
0.11540998167952575
0.09698717459454986
0.03752357966560681
0.013934878809605363
0.002219217897457999
0.0
0.002336097720145222
0.019643253254786063
0.03123736173998131
0.034177258083849214
0.023746250376266164
0.0031184246551636983
0.01804625840116624
0.005509873573281928
0.0133563519831852
0.008433127450401375
0.015846464187520108
0.07482821212764952
0.21998160307003792
0.04812885799912257
0.04279920198075903
0.0
0.0022582566926045264
0.0
0.013340294079378893
0.020159134552044256
0.06846474276294426
0.04802411866436243
0.0564048746460336
0.03381888601451996
0.030278323661226653
0.009675385639950747
0.038670392290483614
0.04230984641138718
0.029396746918704603
0.0038604638172483655
0.022340423546567786
0.006820965686006373
0.016534538833939932
0.010439817211748373
0.030217384223957502
0.00891807917538599
0.014514790174116872
0.029113934174886207
0.014790695759212847
0.010610663861699319
0.01855552282247439
0.018896800900312895
0.015502312331138333
0.023426260192742524
0.07956060186280545
0.055807232024472624
0.06554622998252749
0.03929980333032238
0.03518543350443781
0.01124344405170044
0.02287291472500284
0.03842310623391475
0.03739923982909262
0.06522555521514092
0.06740475254644482
0.02726205425061516
0.03115187205415412
0.030556773957272926
0.03511461780995545
0.010363403381366161
0.016867155203716004
0.033832335185545
0.017187775913320512
0.012330299785448485
0.021562756304316512
0.021959344214818516
0.012529194382722236
0.02013322228374846
0.02291642923741109
0.02182604172856927
0.057768204096070544
0.03423947036996652
0.012825276863557283
0.0026762153409524863
0.02414162887978621
0.040554357949570616
0.039473699753408274
0.06884348437502168
0.07114355735918974
0.028774225066275094
0.03287980316823739
0.0322516961877891
0.012341903511624615
0.007724587307872651
0.029281146668994385
0.09057484773185526
0.09928200454817526
0.024016109339682158
0.013137044799090227
0.014566517482058113
0.013224163364704047
0.021249971259552133
0.02418755705387661
0.023036687963072067
0.06097248912551557
0.03613866429574883
0.013536668939794246
0.002824659574017514
0.009507237696448559
0.003994671831660335
0.04344218646096823
0.036549984969239745
0.0346701397743163
0.01925481959461661
0.021021676494138126
0.007401098403214271
0.013863536580664538
0.008676951542552838
0.03289121873194516
0.10174181913154533
0.11152248116013262
0.026977055041981567
0.014756710823616072
0.01636242316877581
0.010852542569416056
0.04067218138065042
0.09476255783554988
0.06801006481652215
0.04530190527491557
0.024617021004145617
0.017805493436964
0.005140668189475682
0.010679384866495164
0.004487174852226934
0.04879817287328675
0.041056231979656244
0.03894462070338424
0.02162874596715473
0.02361343862305216
0.008313579696472005
0.034748995141198474
0.023529890431959844
0.02926625933654384
0.02450053255542373
0.04166271536539094
0.006411191396904483
0.008403639030223245
0.0
0.010779061220743517
0.04039679460172852
0.09412093118364996
0.0675495762946795
0.0449951711547088
0.02445034191561732
0.01768493443771019
0.005105861301668098
0.005900758141451836
0.03286980812030334
0.08609642459591861
0.08954466946458425
0.07022384441418318
0.04416072047272079
0.02529260351922142
0.011459942299397237
0.03451371359204458
0.0233705721826189
0.029068100776658532
0.02433464219711806
0.0413806217919424
0.006367781938942996
0.008346738932780807
0.0
0.030522478821030534
0.013914803210335929
0.017737011570857497
0.01023913391639671
0.02711644782243314
0.019975421776613794
0.027131451959216964
0.015348845273905157
0.0056463157490724124
0.031452452517057944
0.08238392194382545
0.08568347749954841
0.06719577199594491
0.04225649747341761
0.024201979163051564
0.010965786283290575
0.01305273308609138
0.0013224008531153185
0.07889597273271504
0.11044702352429409
0.0738459182330336
0.02200241533094476
0.05194377286912613
0.007778595085400173
0.029206340733957115
0.013314792883958503
0.016972186517946564
0.009797619509751282
0.025947178774053854
0.019114075830247126
0.02596153592813353
0.014686998640280354
0.01809067176302221
0.007421910948730266
0.01926036133338799
0.016536801985288358
0.030087216658210823
0.01249643171742398
0.023539743023152333
0.008490342426118014
0.013663706604529542
0.00138429991262144
0.08258894260601095
0.11561683785502344
0.07730250469561972
0.023032306390558123
0.054375161717843186
0.008142696272215744
0.03348186685056086
0.09234671893539394
0.06179275412783375
0.0637070528846872
0.024063146952273268
0.016063650663426948
0.021470423602803608
0.021392179266029102
0.018937461573635996
0.007769316432008889
0.02016190207988419
0.017310858117902676
0.031495541834281895
0.013081365830759402
0.024641593457320084
0.008887759147245763
0.023037090980269133
0.00276859982524288
0.03056045682982849
0.010383305936635327
0.04350697327406848
0.012226944616268526
0.02284809260190188
0.0019576957058185214
0.034899303249959254
0.09625616643927015
0.06440871635332118
0.06640405589411294
0.025081847030332192
0.016743696470286736
0.022379362165308125
0.022297805397614338
0.03249616510127305
0.013108183917989534
0.019842398252030578
0.01741901122096332
0.05084370795022565
0.054939161336412516
0.07709486024486344
0.04914317598899681
0.024012353543656904
0.002885806974568891
0.03185421694440576
0.010822877476847395
0.04534881703450041
0.012744565584952267
0.023815354022996102
0.0020405736756987053
0.0349668290634138
0.00880936046560306
0.01986023725648177
0.0159846132304455
0.02817999495861922
0.02716671882859583
0.023184982634161643
0.02496425532595274
0.021888821966920154
0.008829432740642941
0.013365476245638904
0.011733127101834969
0.034247390976511666
0.03700601340979543
0.05192968663241734
0.033101943775822214
0.02055142010514983
0.01983896273040249
0.09110575105058058
0.033017385567255204
0.027890101975107738
0.03035896688267803
0.0769730994914336
0.1864845849643951
0.02355301598608661
0.005933823953474934
0.013377492272492608
0.010766942872209593
0.01898152876672082
0.01829900451365002
0.015616979899127189
0.016815465414567052
0.06099904280258203
0.005078153346293733
0.014766357283357066
0.014505665709174631
0.012939758710821437
0.010151669902316128
0.006383677585836575
0.05350869900903074
0.013103596694287763
0.012649333482655942
0.05808907667640169
0.021051903087937758
0.017782744266552766
0.019356893881321946
0.04907809031611829
0.11890267332245058
0.03630550588739905
0.011552745339565787
0.006943233536928205
0.0
0.001974061187926583
0.0045458782052316855
0.03494344042475753
0.13636035410777486
0.038893023038458506
0.003237833349769664
0.009415037476479976
0.009248820386263927
0.008250397228049119
0.00647271027952744
0.004070236318618489
0.034117175740798394
0.06445580038211834
0.008803506780786455
0.0
0.0011426564667431347
0.0027713490706114943
0.0
0.002415168911957676
0.26406639941982596
0.0190829179700604
0.006072359722177814
0.0036495058474907667
0.0
0.0010376070184483454
0.0023894067517299202
0.018366988447578194
0.07167379680309632
0.1294732258926969
0.0013761483847164959
0.0022401156630261123
0.0009212839883673422
0.0029606328672762455
0.0013761483847164959
0.08367638146442258
0.12648550703219202
0.033879289692351135
0.004627303590470746
0.0
0.0006006036574850887
0.001456677869877522
0.0
0.0012694622786326411
0.1387987115344601
0.07145250339378692
0.0015023818715405608
0.001063456904834365
0.001174411247003449
0.0017480134438530262
0.004310944146212422
0.05190447584379262
0.21542955183293602
0.17258915078668088
0.001834420046593429
0.002986097374804246
0.0012280810962218775
0.003946554268894334
0.001834420046593429
0.11154148294579301
0.1686064906083422
0.005111614279403087
0.002707652103318386
0.004323256738964423
0.0006140405481109387
0.004521478137370255
0.007347376279321078
0.007811463583400807
0.004437903593820601
0.09524692690160055
0.0020026905916547145
0.0014175990660471218
0.0015655023530705523
0.0023301200210175065
0.005746533185944064
0.0691892037611867
0.2871698233271479
0.008639163261709085
0.00173676894640906
0.003907570271661852
0.0016597138957605685
0.007093583083418195
0.004276150689847462
0.005395789060357842
0.0011811305993981902
0.03814580428877977
0.03474442371044031
0.01807473368991989
0.006380310203238059
0.013456350600210701
0.012936069708480118
0.02792184897642652
0.035761970325916784
0.06374218856867708
0.08916567414712144
0.025580019882889198
0.004076306836031502
0.012247912343829248
0.0
0.012788864839188847
0.06394147691465966
0.05196249071503726
0.03808726213655089
0.025855896680396808
0.005845660039072635
0.013050520171029947
0.006525050914925851
0.01635270906785663
0.021921114024646908
0.1485576139102088
0.07236772200198786
0.027222636519261816
0.004782452337748396
0.0023069538997895897
0.016190693640219283
0.02808971050859044
0.06191684221316278
0.04189635879262517
0.05860666475279817
0.016813192565255746
0.0026792681203156705
0.00805028728288522
0.0
0.008405843631737802
0.04202734670242181
0.11633437916663229
0.09776401121796881
0.03782413168238511
0.014046492785860057
0.0022369931316093094
0.0
0.0023548091247456845
0.019800589506668884
0.09764369930681789
0.047565734940738055
0.017892848872978134
0.003143402251321447
0.001516310789980088
0.010641791960457307
0.018462757810408566
0.04069659820158361
0.178682547951518
0.067458826855121
0.01305886050010426
0.006284275090611585
0.0
0.0
0.0008223350166122529
0.02728917125581368
0.14085985600852916
0.11837450495398527
0.04579817058891042
0.017007757856403304
0.0027085933897426566
0.0
0.0028512472118335528
0.023974926472924873
0.03812573412409354
0.04171392788039408
0.028982704615893137
0.003806090612851493
0.02202576694743508
0.006724894908248473
0.016301655972660676
0.01029277624931682
0.2163521923268845
0.0816804173055847
0.01581191409501898
0.007609118566005407
0.0
0.0
0.0009956987165836663
0.03304224220924498
0.026287477451050825
0.010404858892775044
0.020848180238978973
0.011071490176371926
0.033998050229162406
0.00965919213400413
0.008145418646448507
0.0045445712474678854
0.0602026130803477
0.06586856667654005
0.045765270940972505
0.00601002461404249
0.03477988701852628
0.01061897575137929
0.025741203668281185
0.01625285493633614
0.04704285069233172
0.013883791661141036
0.022596830418237852
0.0453249840656185
0.023026364131303587
0.016518831414821505
0.02888750009551601
0.02941880662891191
0.04150936028386848
0.016429839541935484
0.032920413395094016
0.017482486688427452
0.053684775138245384
0.015252391070542154
0.012862060191509766
0.007176125803554924
0.05273297141055381
0.04570447493787302
0.03734914177388248
0.06134116080026517
0.05708407799750887
0.026875272021518338
0.023154661776245544
0.00650053135907052
0.045051711223410076
0.013296145182495783
0.021640395162803455
0.043406555157227356
0.022051748397502534
0.01581965403236166
0.027664805451119476
0.028173623861598267
0.016074833855441867
0.025830727283809533
0.029401554585134916
0.028002598075460818
0.07411604087267971
0.0439289056169908
0.01645470478261766
0.003433558108613921
0.050500991436045466
0.04376998366840636
0.035768299005600794
0.05874482991169539
0.05466793273685678
0.025737747103863343
0.022174615706041532
0.00622538934774428
0.02191615818841174
0.010295106933032667
0.10770816647035136
0.05556420752279108
0.03551916082639255
0.01610668991261795
0.0009522976594163121
0.0
0.014991102229066348
0.024089273758287174
0.02741936336281444
0.026114721570610625
0.06911929264885455
0.04096731081872907
0.015345363054052397
0.003202074813248892
0.010777541708528586
0.00452841757534746
0.049246688832410034
0.04143358986377539
0.03930257025106153
0.021827541068915657
0.023830475521128623
0.008389991843725826
0.020438616711403564
0.00960103238889868
0.10044670750458275
0.051818185042654785
0.03312453340591388
0.015020810617596905
0.0008880957460084505
0.0
0.012714186556466459
0.01521092729580167
0.03573403738073757
0.13108182815249553
0.13002662758695957
0.002808405426990491
0.012119364801251113
0.008380518649157098
0.010438548945835869
0.004385982423992069
0.04769770191570373
0.04013035323745981
0.038066361917969305
0.021140985762533947
0.023080920664217613
0.008126096180782269
0.03396535391640549
0.022999256608379592
0.028606261911628166
0.02394800931664237
0.04072315952602141
0.006266609550487407
0.008214124543384039
0.0
0.012314279291644041
0.01473248848233445
0.03461007234478923
0.12695882939582515
0.12593681871389897
0.0027200708939212883
0.011738166837265881
0.008116920952529536
0.012121445205081158
0.008986680154383779
0.06407083814767314
0.04324474751808463
0.09364824733150275
0.036900498877547906
0.023324729530073085
0.02278466137229531
0.04018472573248534
0.027210634140113616
0.03384433419947928
0.02833311228249734
0.04817994832443075
0.007414083971528353
0.009718207050653816
0.0
0.03553768379133278
0.01620117027214779
0.020651412760553187
0.011921544955493607
0.03157200153723515
0.02325762028890929
0.031589471031495814
0.017870842440565495
0.014340994421738232
0.01063222477051989
0.0758028037850394
0.05116326250160016
0.11079611134352778
0.04365732300142252
0.027595704177181195
0.02695674452286515
0.028414653974359872
0.010837986809496016
0.02235357533344438
0.0517344578668969
0.0699000362595001
0.03663515727890499
0.014481042723582657
0.021210207365271266
0.04048150520545183
0.018454994494219563
0.02352433203230197
0.01358000951909374
0.035964137451406634
0.026493101866743637
0.03598403721265732
0.02035694294347905
0.025074610674984097
0.010287154061587115
0.026695861172019907
0.02292086645659962
0.04170244498828378
0.01732070341254052
0.03262730646084706
0.011768055582511082
0.032367555790304446
0.012345712287311034
0.025463290785484007
0.05893149192662881
0.07962417298536337
0.041731653610194944
0.01649557156952509
0.02416086329394796
0.017947705365196655
0.05422629281517202
0.05455195597273587
0.03325803571007937
0.052104710600927064
0.04003579933349234
0.03973986699459152
0.013778208201839507
0.02324556708780477
0.009536767409105874
0.02474855701189485
0.021248925689564605
0.038660499868409345
0.016057261203495633
0.030247338674998875
0.01090964597943654
0.028277826033201038
0.0033984318714903273
0.03751269127118517
0.012745416475420246
0.0534044260418536
0.015008466697143119
0.028045832190375843
0.0024030542155906408
0.016638527096058172
0.05027080754699799
0.05057271551579167
0.03083205998003983
0.04830398212614603
0.037115426093098286
0.03684108025672472
0.012773169931014504
0.01411126681793722
0.019058443478142426
0.05497153097055053
0.04248518056709636
0.13056953217777947
0.06644911254533317
0.03355548448837421
0.0
0.026017908467957554
0.0031268347596173363
0.03451473839376906
0.011726823655189738
0.049136431736632624
0.013809014607848046
0.02580445519327269
0.002211006056525319
0.0378873214711159
0.00954513408436176
0.021518999966063726
0.01731967685588632
0.030533638784213966
0.02943573201069493
0.02512143405310433
0.027049314797921453
0.012983517474255305
0.0175353238743976
0.050578296204808165
0.039089834485208974
0.12013462891089684
0.061138608249149816
0.03087378509901886
0.0
0.018847087998212084
0.005640310747613817
0.04807255266370623
0.07692533292587221
0.10991776246538838
0.03432750069120562
0.00917609836377467
0.0
0.03913766566479483
0.009860139276517325
0.022229162511649254
0.017891254802077695
0.03154129930185803
0.03040715979120774
0.02595048287433424
0.027941986868348992
0.10136112268977535
0.008438285270099096
0.02453701703358627
0.024103830061777298
0.021501787733104273
0.016868865660810153
0.010607653780471465
0.08891453957364467
0.019469073035193015
0.005826450319375318
0.049659026311472905
0.07946399598348662
0.11354523019718765
0.03546036491876735
0.009478924767549857
0.0
0.03018189297781763
0.046208617938942424
0.0026364363564687168
0.009148891294066763
0.03095772046829469
0.010053297833812905
0.03327625960395129
0.023340640612334724
0.04658175280792135
0.003877917964439933
0.01127628849968892
0.011077212089474167
0.009881411477429235
0.00775229505662486
0.004874877992287452
0.04086177218188462
0.0771980146019413
0.010543864803205263
0.0
0.001368547284832275
0.003319214791404493
0.0
0.00289262166982862
0.31626946896076724
0.013870460790680043
0.02123573971270372
0.0012116068112891063
0.0042044857181692515
0.014227001872940941
0.004620116886751127
0.015292515099577113
0.010726478974684648
0.05580480008775176
0.003724598765579159
0.004740559089889621
0.0
0.0047954100057082715
0.01664843556304196
0.008414778137629923
0.27270732744238035
0.0317641444383006
0.004338412668691919
0.0
0.0005631068862354309
0.0013657348391608094
0.0
0.0011902074554581096
0.13013325725143468
0.06699159453720249
0.001408585457441654
0.000997063369268136
0.0011010906314309287
0.0016388818069929712
0.004041804116001081
0.04866398565813902
0.20197989576637027
0.022961623294043384
0.0015325354385680979
0.0019505657551686067
0.0
0.001973134890160232
0.006850219071345221
0.0034623717923078488
0.11220903779622429
0.2443074394376888
0.001592706773883374
0.003877792617798263
0.0005631068862354309
0.0037264598469536215
0.0028858536065780437
0.0019556112488857444
0.09397360184797149
0.09193502180846526
0.0019330534769861473
0.001368306624604726
0.001511067051217653
0.0022490976025913777
0.005546716003957069
0.06678337205846539
0.27718441769348895
0.008338764185984147
0.0016763784004216417
0.0037716971017288125
0.0016020026909655248
0.006846926580087416
0.004127461323067674
0.00520816787559306
0.0011400605872197806
0.33527205805201826
0.0021857299113867746
0.005321637010565717
0.0007727722294742851
0.005113957499665115
0.003960362730423668
0.002683757030374138
0.12896341988867768
0.008663172017464492
0.003640202886501623
0.004737676174065249
0.004279294972790954
0.003870155107730621
0.0024464038088573767
0.004725588552815665
0.002141061158599407
0.03142466763808947
0.02303352932886914
0.01563652835892872
0.003535202437860795
0.007892390323008874
0.003946068664176223
0.009889411388262355
0.013256941940272366
0.08984122158110797
0.043764869242113126
0.016463073518582505
0.002892220390914715
0.0013951459708666934
0.009791431462826003
0.016987442376913603
0.03744462901940156
0.018722956031865294
0.007578834425303155
0.036994533454568206
0.03312572109741527
0.03642754403215233
0.09541559225141802
0.011664526451679503
0.048563387911656736
0.13344429299570063
0.1966196609366722
0.002166641881241384
0.025902638464300746
0.0
0.0
0.007789922323999041
0.01838854098289485
0.08316951091230679
0.04051484058152004
0.015240507069661001
0.0026774408353944274
0.0012915408540332908
0.00906430869441622
0.015725935703839466
0.03466394854198276
0.152195586885706
0.05745908518509652
0.011123083707151982
0.005352727205492751
0.0
0.0
0.0007004363991044453
0.023243968045665076
0.12353456895587009
0.18201846266174676
0.0020057446060245776
0.02397907925227067
0.0
0.0
0.007211433886692598
0.017022987143575
0.06306841900581078
0.07458753597402304
0.02293156699292925
0.005387165192089369
0.0021927127310439375
0.010301107996810976
0.007302408962041207
0.006033485064515867
0.1836823600116817
0.06934642841409498
0.01342426746888183
0.006460118757201516
0.0
0.0
0.000845345213079053
0.028052764170291875
0.022317989224104915
0.008833693878756061
0.017700042264691705
0.009399661831804051
0.02886424230198219
0.008200625045201729
0.006915435911101243
0.0038583273088118567
0.07611624149057983
0.0900184750130326
0.027675732458592225
0.00650168139894137
0.0026463490664040876
0.012432238452553666
0.00881315772267086
0.007281714262699117
0.0034024487996623986
0.021009190000162513
0.06996811439090911
0.1741853915557474
0.05749680676669082
0.017192111305844193
0.010276979687505168
0.007081581922490703
0.01979843356777815
0.007836427361822721
0.015701822749599373
0.008338501218360368
0.025605657300113046
0.007274827877250028
0.00613472822767959
0.0034227472797482474
0.025151682034211666
0.021799348499218312
0.017814162809709926
0.02925747081547809
0.02722699936309929
0.012818513320735992
0.011043919487709492
0.0031005136525274835
0.003018334485757606
0.01863738925376816
0.06206916988448692
0.15452099508450226
0.05100579168217427
0.01525123388853393
0.009116775600945154
0.006282117436268898
0.00033537049841751183
0.033080897144406374
0.21394085266007917
0.17257205015362295
0.011577031977011407
0.0038242713309661123
0.0
0.0024415340797795614
0.022270494698946985
0.01930217925512813
0.015773506435083965
0.0259059552285376
0.024108079299005054
0.011350120940998127
0.009778811217161624
0.0027453421512208744
0.00966483371666905
0.00454005194467426
0.047498357600543245
0.024503328625827235
0.015663638681172855
0.007102909113592437
0.00041995492311687824
0.0
0.00029695297901075355
0.02929139862251777
0.18943339926823416
0.15280349532508444
0.010250854353314163
0.0033861915989462843
0.0
0.0021618503170908656
0.0012243684687126277
0.0033200352138919
0.028131038635541783
0.19153068405621204
0.14754178722995176
0.0
0.0
0.0
0.00983926352181749
0.004621990278978707
0.048355602484833816
0.02494556187711635
0.015946334227021745
0.007231101598739299
0.00042753422117392236
0.0
0.0061206799736513075
0.007322624822799055
0.017202563923584088
0.0631035195935933
0.06259554018484562
0.0013519819595640443
0.005834329479353502
0.004034428190659095
0.0012464657297404191
0.003379954826833229
0.02863874437903096
0.19498740777017018
0.15020460440324532
0.0
0.0
0.0
0.0
0.0
0.022084981525679837
0.15914182402392466
0.15199765579343463
0.004115748787996448
0.005269169462402267
0.0
0.0062501274577181545
0.007477492478706133
0.017566384386178645
0.06443810854160532
0.06391938577481521
0.0013805752962395
0.005957720879585265
0.004119753118800638
0.00615225428214153
0.004561200461382916
0.03251923196329623
0.021948924290540826
0.047531282030526596
0.018728893163447898
0.01183849489094187
0.01156438263946349
0.0
0.0
0.022552061213961038
0.1625075462669415
0.1552122845946822
0.004202793581704146
0.005380608180480339
0.0
0.004013178214660652
0.0
0.00243659263318606
0.01597519484471537
0.15472998796964152
0.0822688533080666
0.05225730189229466
0.012508990500574586
0.007847252339079182
0.0058178497422471664
0.04147855523946375
0.027996038456860405
0.060626551990248446
0.023888861536794592
0.01510010029881002
0.014750467805103138
0.015548221643990758
0.005930440724027452
0.012231658500351935
0.028308590992241194
0.038248618394804236
0.020046400911616535
0.007923885404535707
0.011606018694713746
0.005118842734370086
0.0
0.003107894499038288
0.02037649605549163
0.19735940751750136
0.10493461777564354
0.06665463027083032
0.015955323116291022
0.0
0.0
0.0
0.040924329577010185
0.06891945477880042
0.080868460083902
0.055066264586334
0.0033642623207681193
0.018420529213321806
0.007026003301608578
0.014491279317476827
0.03353819100990862
0.045314493750029286
0.023749681607935582
0.00938770786263375
0.013750061666953469
0.01021412407948113
0.030860439923339148
0.03104577636784771
0.01892730555078637
0.029653037442622036
0.02278456291167325
0.02261614641679778
0.007841243507340766
0.0
0.0
0.0
0.048484503615259494
0.08165132059393859
0.0958077306537238
0.06523895521344784
0.003985760801457211
0.0
0.06837580852613663
0.1611461982339662
0.11687515357807471
0.018813387736760025
0.0
0.0
0.0
0.007912651957940298
0.023906887999613283
0.02405046397040694
0.014662557470378021
0.02297154048192838
0.017650687903433385
0.01752021943667539
0.006074434803047587
0.00671078289390301
0.009063472339348164
0.0261423736400412
0.020204339317830854
0.062093913630048354
0.03160067579598378
0.01595771479673054
0.0
0.0
0.05296919941446121
0.12483633163729904
0.09054055008514296
0.014574307904660426
0.0
0.0
0.0
0.006143553864610482
0.01899544227150772
0.11580480366937645
0.11502440813461208
0.134066286372247
0.015018755408981123
0.0036604703955307994
0.0018427118307940862
0.005936795535693421
0.008018137819807805
0.02312724604153601
0.017874074211626085
0.0549323193822178
0.027956015558324675
0.014117233631737863
0.0
0.008617950267365764
0.0025790677859643695
0.021981478948920007
0.035174595328392906
0.05026059253910747
0.01569646694427478
0.004195829050884055
0.0
0.005434987799985101
0.016804605164393954
0.10244847021661728
0.10175808150935133
0.11860376695316394
0.01328656901487882
0.0032382904716630016
0.0016301828778527451
0.0006394103294100119
0.0039024987939328083
0.028255156191752003
0.08723936144295903
0.19001008330401728
0.02349740028706372
0.012782923374495167
0.0
0.009463258235782356
0.0028320405327227015
0.02413757392935476
0.038624762107553036
0.055190497917133464
0.01723608462276468
0.00460738488734054
0.0
0.01467039785497434
0.022460447063112166
0.0012814825861698384
0.004446966772909662
0.015047501370664683
0.004886568217738452
0.016174464864551874
0.011345096353783488
0.0007021281021714663
0.004285282776771443
0.03102661668255895
0.09579639938115192
0.2086475820726754
0.025802187282057677
0.014036760615705237
0.0
0.007642780393906831
0.006625634230636141
0.005848121048128421
0.013088760185640948
0.10201696552707173
0.17554490331964284
0.06653090170333957
0.0
0.010689131664827772
0.016365110086438085
0.0009337126521833763
0.003240144801432775
0.010963896478320322
0.003560446798029968
0.011785023572943046
0.008266253572300361
0.04300541017845489
0.0028703247285542183
0.003653264375382146
0.0
0.0036955346842038905
0.012829950095553508
0.006484764479048757
0.21015917012314242
0.005568675554912364
0.004827563461767033
0.004261052528585608
0.009536720294619196
0.07433150670793265
0.12790536447768386
0.04847568383059063
0.0
0.052648762498652114
0.02652314147152721
0.015573731258321559
0.02957681220094239
0.004092671407485603
0.026460085333561402
0.02598061201064292
0.19573515125824734
0.021353033179611746
0.001425172761072369
0.0018139177163460614
0.0
0.0018349057572236561
0.006370322918588654
0.00321981328647964
0.10434816721937286
0.22719233712418987
0.0014811287578673318
0.0036061315600879203
0.0005236580999293828
0.003465400496102279
0.002683683423582202
0.00181860974501363
0.08739022553287464
0.026141147540139756
0.013169262135134571
0.007732664306871278
0.01468546979678079
0.0020320919622589728
0.013137953520693392
0.012899885572253123
0.09718635776034454
0.15997549090660185
0.05552559661042873
0.0024818150007710014
0.0016978313700275725
0.0007776695952117544
0.0021231397017774955
0.001176378722212223
0.12073057535279369
0.3174552692035428
0.0020695774096327123
0.005038838367886192
0.000731706118207796
0.004842195213595114
0.003749903955716047
0.0025411387262762497
0.12211013770738312
0.008202799902084574
0.0034467578181256965
0.004485909962123193
0.004051887728078871
0.0036644900822408234
0.0023163987605578987
0.004474464692630376
0.002027282411882258
0.22353334260549299
0.07758577354664743
0.0034678337269468695
0.0023723754130831353
0.001086635728230607
0.0029666576527890356
0.0016437509674503842
0.16869652288831083
0.0068876550679493
0.004452410894134676
0.00384605159847784
0.0005611929951592081
0.006108973265631838
0.0007936467468909809
0.004226998692731449
0.0005611929951592081
0.009069472074781171
0.0036712166103842134
0.01792029461131718
0.016046226992077507
0.01764564274947735
0.046219680693056084
0.00565034157741992
0.023524292305762386
0.06464092992600214
0.09524332168398698
0.0010495296792091217
0.012547337921175674
0.0
0.0
0.00377346840221069
0.008907480135962209
0.020609944291328335
0.007174158637335669
0.009529599510631535
0.0014010027062430915
0.03470374317913638
0.029631555594616374
0.07350101948839613
0.0124154236432347
0.05828017243140322
0.018706106640704104
0.031260863934987594
0.029775281094368118
0.05434883257484858
0.16293835720392022
0.12810323372161397
0.0017112601808946827
0.05879125880916476
0.0866242917819689
0.0009545526506026137
0.011411868485406079
0.0
0.0
0.0034319889533850146
0.008101399076565494
0.03001485151723013
0.03549690720945609
0.010913347586638754
0.002563802389345692
0.0010435325330758682
0.004902393810739834
0.0034752848441240184
0.0028713920722538548
0.053006117096083175
0.017013300366879293
0.028431916810352845
0.027080771562824762
0.049430543241590776
0.1481932753641044
0.11651055108024998
0.0015563999512378255
0.04230754292283922
0.06964688877772665
0.03287268966797883
0.0380812966714446
0.03404791941335014
0.017385427563964457
0.025026307789450045
0.03881198918258837
0.04011323837690393
0.04743971162803719
0.01458510341060812
0.003426384312981277
0.0013946252317555896
0.0065517862527081725
0.004644531701246707
0.0038374614181166627
0.001793089583685758
0.01107183736451942
0.03687317708261213
0.09179565354806402
0.030300801387158485
0.009060237940137153
0.0054159654749967355
0.0037319917297492823
0.05654176078234877
0.09307932941620234
0.043932585706268026
0.05089360945884912
0.04550321719503769
0.023234690991470196
0.03344631738310259
0.05187014078911084
0.04479117253685144
0.01259433207224851
0.044092224378513484
0.07924647673591222
0.04031896104199995
0.011946272692743065
0.020017609372747863
0.036455447986127966
0.001835721112752375
0.011335075387159724
0.03774985381693607
0.09397813740610936
0.031021216868254056
0.00927564926180769
0.005544732543676323
0.0038207215485774886
0.00020396901252804167
0.020119473704231918
0.13011670574004497
0.10495661015464015
0.007041036082478736
0.0023258839125598146
0.0
0.0014849168237995331
0.04585610325269864
0.01289376810639748
0.04514053728061655
0.08113059814687351
0.041277562873853015
0.012230300817256259
0.020493537236911975
0.03732219301916895
0.0134046352268793
0.016157910332474323
0.023088491729434963
0.0898368033108924
0.08210998304772685
0.005960376284352719
0.006151190686779804
0.006136044191790878
