38.124267139907005
20.48371406986264
3.99823350781353
2.2051370973772464
5.383809408451134
7.211815004175879
5.303798411036951
22.695149162085183
369.3114523644828
20.111492181262996
6.36801034549394
11.41017737944926
20.22343463846373
10.852988315814219
4.520802380967143
3.927502741549688
19.246866569805842
4.0541875947968045
9.092043044665889
19.066549287359976
51.999120076040754
14.139081471261306
3.727177220647536
3.91823176966409
15.246866569805842
5.556031008413038
9.1567536737899
15.930546156111404
18.394575610905846
18.613665081613362
9.674017176107917
7.429349075059326
6.246866569805843
2.915411128711003
1.7159290313720703
12.317968247054113
14.57416856515597
13.153937667446371
16.398927172320143
13.807140515949325
3.0
1.501843413616234
4.833972079689056
19.066363539118903
18.701040238281983
24.60585174374483
30.281466582877144
21.51601817533411
14.000000476837158
3.779396345787836
13.348862648532531
41.44426209749695
54.31665374657264
38.13545941940883
15.020793061594485
9.241901269046865
21.41980489556813
16.58887836904023
91.90819244823174
94.49723402864284
28.593033755984106
5.5
0.0
0.0
39.458287565307586
10.293454364451781
10.366677990606151
76.86884453717848
36.58417152972434
47.11805838618893
18.432653593866235
14.054619858756816
1.0
0.0
2.1226700853433615
15.136312512735502
36.705136729132434
35.090880477848444
19.26865978197729
16.58673845442063
0.0
0.0
0.0
0.0
25.282524679416383
39.79479015084071
49.60530692788416
103.56947796544374
2.0
0.0
2.379928186700454
8.077881658006982
18.990409917386796
182.25062783038047
127.85007245983977
59.15745870351457
330.2681523157813
215.91665661364905
42.135295615433606
6.71531520341141
6.027546965232659
16.06831528143066
15.443503799774042
27.909657023869293
7.0
0.0
1.0613350426716808
2.2051370973772464
3.883809408451134
4.6514269458650235
12.364055011210255
23.12787326567832
12.0
3.003686827232468
5.713789364114656
1.4115139819927207
11.5
14.479432968085895
8.655438541514194
6.040902933966755
14.0
3.003686827232468
7.836459449458018
7.156059853043187
10.595624839123138
11.656012044441741
3.3742992646290073
2.122671164302665
18.0
6.007373654464936
2.9368983868558645
1.8522586018790663
5.383809408451134
6.1514269458650235
9.20408508466262
17.9342889786416
647.2188081329396
930.4408360878089
101.28169714318827
126.30710711569752
45.11313499166413
0.0
0.0
0.0
5.0
3.003686827232468
9.588024594226455
96.91430706086891
250.8866840378663
80.01889532590958
2.8920526153031463
2.122671164302665
24.32276343199901
41.83939235995349
35.05922543556758
49.73326711774521
210.04025081568898
211.36812582520415
98.42317655912484
9.95637421937281
16.96823047279613
11.63324142814381
2.1226700853433615
7.045481564348211
222.52572617039712
244.8046494587716
36.15169526104145
10.913450303037825
51.32954603941903
57.80376549670395
31.87216916576444
18.489904945777155
68.21377081750492
145.45496159609212
111.61262543778393
115.62936458649348
4.183226174880838
27.82474479794964
17.110261121096663
19.527579793263342
71.90567818404935
244.42114170378298
146.80931866369832
108.21106776784728
3.932722769148359
47.2841397866961
48.56216066882717
49.94974268786373
86.29380094743519
136.72299973880726
172.2890926206004
92.93368625630539
11.836788902597936
16.793670018166857
14.88144067414869
36.11611220002014
50.767381576648404
127.32849379721827
314.16106783858675
112.12540639793514
43.23366001894687
67.36842439466459
31.437813581023054
38.66683947928432
87.55696698275312
124.16049152580744
98.08616318393179
58.486158664507094
30.32683523149144
56.836785624647476
48.51737508502319
57.936513915780225
83.38269421020922
61.565145033863146
68.47586204808177
42.37044247898884
0.0
10.512903414915854
7.262242027483172
7.383109141748264
12.80253838077697
30.33774528273534
157.55920803182926
152.31854668728374
8.359589070059336
21.485082624314238
3.927505048180137
7.179948892334869
28.398817053589664
21.062763678126792
42.65088878341595
77.10289867023272
9.0
12.180540070096141
41.872010017286264
60.750951110627646
237.32778667481472
211.8552612488107
41.84680587456387
21.988794491245788
3.0
0.0
11.25058980590038
26.668124829955467
71.34598775229743
106.30699329585204
15.037448251408206
2.122671164302665
0.0
0.0
2.786669240671745
7.351826282254478
8.767618816902267
14.243566156064482
7.697201370562106
1.9538225688153035
21.58607780451184
73.5489539881144
140.08153570181426
302.70281101736066
232.5633845269287
47.99937852235562
18.41175145787547
9.136064900797102
284.3909918576932
318.1613631607084
87.72860018503467
305.27716236282726
284.7137293839864
133.98165298824824
65.35666315315466
4.673356308421353
0.0
1.138776466085801
2.466774776742568
11.335200314714166
287.2833670297925
260.25170080920253
24.682897282081832
0.0
4.0
0.0
0.0
0.0
104.30104307072833
101.93149462755683
70.26780345328517
60.45261227423033
20.346427654159672
102.75207403990476
21.45087415308221
2.9415520874999856
0.0
0.0
0.0
0.0
108.58331988792044
195.14512024335934
57.81900893626225
1.2672973123102556
16.37545705170487
11.796794326533202
16.102779577984254
7.258490457580775
2.0
8.6783203182501
7.482013226095023
33.18983715674949
17.260564778310616
51.17076703497096
205.1780325439293
317.5612493338104
56.682332804551834
172.18101442937225
151.0822121541087
29.062384156962025
51.090986378620485
76.16657663267543
138.2832200824818
98.84013824872163
10.0
6.769956256007754
49.33618176050432
50.338857241123975
111.52322975978768
169.06208730866473
330.74757950411527
119.35595682246914
60.89521217944828
49.4670643338248
43.58967623904036
81.63531467271532
78.7805398819346
73.08721110993574
154.89651928146031
175.65127647581048
30.40110295566683
38.20519627289495
24.966735406974387
29.980355151599724
59.495114329619895
166.0763134838242
249.6161326472909
118.32739039026929
36.64221803235305
53.12809299050041
25.46087034127286
66.68021033747955
113.35924404347517
149.66061339900006
122.66924651687513
189.33031456480458
17.35093042086228
33.910790317839925
26.345478524197826
13.167117508319278
191.53889036725596
517.0793523864297
411.7483275721344
415.8913494981054
0.0
0.0
0.0
1.1660889224294806
633.8166007747287
786.0046750883242
4.002815230081614
0.0
0.0
0.0
0.0
0.6680753497817934
857.2296899330763
683.7767370853954
4.998238568025772
0.0
0.0
0.0
0.0
16.3853989146126
703.7769737001806
831.0188819320945
22.1122778246332
0.0
5.47601011404106
7.311216524062479
1.795559639385647
1.1852883040631697
6.29069571740547
14.778761932893396
30.32212902968294
24.15791026261159
409.2980425076216
97.64890840485407
0.0
1.3342716762959752
1.8280060222208705
0.0
0.0
0.0
0.0
56.071814846463894
69.33608847169889
60.90306557250224
501.91698635158576
549.6135752618588
18.042924699900322
0.0
7.000000476837158
47.48304308859806
42.31348858864803
0.0
178.4132595488721
537.5282046691653
142.40649154962156
91.4420041107631
51.25959717864728
145.32252861928063
102.29082287403823
58.37883533821878
127.98386881825627
93.02860912515116
87.66159622736015
52.52284201659641
5.902438099319216
36.77906946606253
29.17205372852836
22.508322568297352
51.20473253786586
27.808135983102325
84.86087467103208
3.2146385917731095
10.173968731483184
2.867626727501192
24.0337526020121
20.826434686188804
5.346099737441
6.789900692965058
20.072823038390197
79.80143580036601
26.18711496660203
58.380675273476804
45.40600670245549
43.31408827086034
48.18872035612567
53.92020809705427
254.77154298767633
287.298939900667
13.165095835542523
19.892407170140178
43.696808964543195
27.176744450213665
75.55533792158148
50.91233583601188
73.74150819258594
95.04813150716599
11.593868543473967
26.699743731302423
26.281387352189448
25.79040201501648
62.282360061318656
69.03490429652939
82.0781076049716
168.26915208191494
28.418293847764765
66.04138082131864
8.862528853811638
41.619941549627676
35.93417958497302
48.38890068205237
69.53490870888163
110.29738796465172
76.8062245514368
20.919162555774484
48.15361656972527
43.088523456642
43.23549673360394
17.983553136535193
120.75390254767737
202.40372836032512
60.1436276248769
39.13273587680796
35.38929904941597
22.29825232011499
18.165075336078733
79.55001363037809
59.936548749491344
245.16197730000783
0.0
0.6559967206303541
163.56282884902885
290.8331020946925
218.85221086051146
266.01554117837657
107.6242462041795
133.26576347086228
21.196154245832076
306.39790203174607
250.53180116058547
214.93495877144463
307.2786525267126
94.90117025285326
68.48451402637546
64.34446187168797
0.0
0.0
0.6639991553283835
4.793810689379052
178.0168962086535
496.59881353851694
195.0969800393373
117.1163581173705
21.93834804325306
11.60833240718639
7.429345209237909
3.3025592473068173
12.29069571740547
16.019253994482646
19.412223053499837
9.898686873195038
168.53674861228276
25.82664231026365
0.0
1.8522586018790663
1.383809408451134
1.7676179639100154
8.76333785061615
18.13055861042449
389.07573744924485
175.64273745080249
101.06032990901531
67.75702899319404
52.98692578539394
81.79656375286832
17.659512216717484
17.069033306042183
1.7280660258657
49.20311806948903
100.9331703451151
42.822210005025774
12.778986226435517
42.06593383423169
35.540543655381775
147.97398715697673
73.6163230776212
152.02519747068948
167.44703166571927
181.31615198152213
114.38609568692227
45.49751207583868
1.4115118240741138
4.24534232860533
33.665546008641286
102.75339109965225
106.4491753555558
81.9443519650784
172.69634291657349
175.0866351313769
85.98452107683916
79.53584450933413
62.45609347331087
107.33835468498552
100.26888165218334
76.42581670521477
164.77533839759454
74.96130402628205
16.58801513722974
15.987440859314301
20.389440090889345
16.875347468749098
62.08201301347645
42.07354081905087
19.36525375670153
35.22757371531552
28.239954327310986
17.73258682089654
15.326573509357582
29.010134559490076
19.146827283617675
30.680163907453974
31.178543924937912
16.88288695556348
53.31215851069683
63.69186890734072
10.616029488326673
32.526805862138986
46.17325558120688
20.440251752760282
21.96414119827805
64.53192411033069
92.59028597111609
59.62612730906403
23.757806722442773
52.238525188805255
32.15195897113536
54.069164910999
51.49267336500416
65.33399520931361
56.530644840610144
70.26064547363859
0.0
0.0
3.1840050385511858
7.052872103420303
16.80927020452509
41.69671438525256
87.24546150720562
224.63594226018614
27.0
128.83973561948278
32.65470293045528
4.883776414169551
17.794945350452323
9.359757412528051
193.86981577260232
342.4222949008766
159.59119167885183
230.23504777684457
175.95601550649275
69.094539598242
61.65233153514054
26.589944207041846
5.812389608659032
2.7866703196310483
11.21547135940616
5.524168047731178
3.8649985287849176
24.55085731239947
57.84008272902533
40.79935857189921
6.91107885198635
7.76623767144647
2.0
0.0
0.0
3.7045172037581326
18.767618816902267
21.747050931995908
15.654386641783093
12.435686142410667
10.0
3.787757795860397
5.684378224800003
1.8522586018790663
2.383809408451134
2.0
0.7057559120370569
2.122671164302665
100.45911346149065
98.90845338724324
29.59800973086194
64.5816019991049
41.220208415723576
9.306925215658703
5.764575705902826
11.35735879270542
1.0
0.0
1.0613350426716808
0.3528784954981802
0.0
0.0
0.35287795601852845
1.0613355821513324
109.8513701819416
380.4143064398318
180.45968641085733
1.058635456749107
7.561607032185384
7.576540798777751
7.611561511288165
17.159731191226456
24.6372711558025
169.19312128648804
228.78966441720743
140.39713746060093
110.16745635654553
77.61557643450288
10.547459864717894
16.631400805379233
31.40359699930834
68.04559626286562
102.19066029681935
79.54594985990889
45.53737007742375
31.717198646822183
51.189817664109434
32.91457825939324
34.1620388155081
9.767122383737114
40.997666446317865
72.75408580526387
78.96892238111587
61.65335207576154
82.24966293839188
69.85195240139056
23.36420359520489
17.36015591712421
20.051389465570352
23.165265357894715
24.6098466114483
19.652034124770942
12.053158852547131
16.64508240744617
5.9186570708454385
14.22161662507974
3.200999373456534
1.3342716762959752
16.02596999535399
55.84245657783885
34.78422771536316
40.64687936671544
33.193452414172775
22.91483797927267
4.660644810106806
5.353211763036006
14.074566955527235
19.883774117396207
21.210695335775746
9.863344809509362
0.0
0.0
0.0
0.8324098085649894
3.2906957174054696
3.737919027426687
10.932780431277388
11.098777359378253
27.16509678921684
17.898704916340694
10.120539639383468
3.631375160109655
8.573532939284087
8.554589867264985
37.38133256830915
44.9579181529145
43.87816285328863
123.66995608091219
69.616968340944
33.26093979665493
7.067631361963504
21.920808137027052
7.3868325531559105
77.9419684688659
37.54754377636582
27.882363167287853
15.461209661700149
48.83744292143565
181.8554096566397
580.7902196202064
23.168559170760275
5.8738001856807385
0.0
0.0
0.0
0.0
266.07249530711493
656.3375064476459
0.0
0.0
0.0
0.0
0.0
0.0
208.9579663928147
424.5898692575371
0.8384043551413924
0.0
2.2154713594061604
20.652391010377077
176.16886683000064
406.0115001794926
343.27299526689774
209.10300486335527
104.83602550911546
258.6851055329637
13.443729992238968
17.441296514705662
33.27285073646381
66.52402784418264
16.787470311233847
16.998636950190487
12.310964520678134
13.480053551950732
280.446198071353
317.90067984449644
116.19421002353265
54.448232446708424
71.81247605021926
30.518613247950267
116.57106647006731
20.076589957864417
187.3314755770437
546.8340016270997
186.1984165722142
83.54698102719482
54.01435740037073
7.184028639591997
7.409036113500769
0.0
59.94866957010224
105.77660429511846
95.43452560133208
75.9890572618915
14.69908419333915
33.3448104871135
22.263632248615252
36.1392293452649
57.69266587383706
51.83694656079126
50.156498354471296
48.06000305502985
6.331729345110034
11.532696539921016
57.08210576339262
70.24282980856225
27.162405516452555
48.8710630435548
45.38488738795668
65.14259028559763
35.16242463193302
45.951073472554526
101.71158509959349
103.92496654719943
7.434155352425705
5.771712414908279
4.888918193596692
6.495707826230864
24.23310624972273
68.22765207272987
109.19991797876719
76.95496261432928
29.185103989354957
21.12239670285826
29.158176877559885
23.66284166504429
52.092269248179036
76.81073621602154
86.24462809413562
100.57309763296726
2.4686654747096313
60.35053373223345
20.984462453435665
42.18001449900312
41.85706274485565
112.36650044273631
156.36451510878723
77.62932068954942
10.458287088470433
7.936518344643219
149.97325918568933
152.99155737419423
209.07617016538646
107.1396158716394
3.498636197577071
12.553663034227064
50.0
9.068997555264467
12.646185613814486
38.43919765528372
62.86541423353046
38.56266251752714
51.826247173805314
149.30967098446635
70.47555524174632
53.762880789703836
3.6711232184277836
0.0
23.215087653978117
9.817828537210154
37.5038445684695
112.80081542953049
329.2986435633268
138.3217604559331
43.9695518854016
26.70545630808774
231.78622863221392
221.94784676490016
1.0586338383101972
3.1840066569900958
8.0
1.501843413616234
0.7342245967139661
1.8522586018790663
276.7674346325867
580.8466628068643
7.70733308563831
0.0
2.0
0.0
8.49068025190959
3.6554377428049976
439.7976861637797
781.2747566793704
4.763151895060582
6.379387935543491
39.691913280136944
81.43377620615274
21.736791954874477
30.082362796130425
45.41640783217868
41.00000047683716
29.90802310126601
459.8662846284788
10.679985596112624
64.91934314446878
73.26845872920121
5.674913774571632
0.0
4.764981852544406
4.250136104758349
347.6369580814577
128.71796414377596
57.13233212521963
16.547331950577064
6.088716117890726
3.960968197564941
55.721523104925296
40.886594402161435
248.37952658387948
99.70326039106732
138.16842529567566
84.43647201787408
63.650255052409925
57.436674204072915
148.36223039002925
157.88429784529308
266.39547497414316
72.87166489702649
122.82389770077008
16.20889830918586
3.178823647659192
2.206341090042224
0.0
2.1172677361111707
6.368013492907995
15.979928481789878
61.41843716628587
21.245206205561956
0.0
20.931654174735556
24.776521351967858
20.876254919592974
23.917643285067967
10.58293733401506
33.13140740821991
20.18432662419291
8.802337356788847
27.87333913120729
1.9916375798757144
25.084327975222916
60.1517789609803
1.0
19.536395305123822
9.550944572958452
32.57758542850824
69.23111802508465
185.6163810359598
185.04286350230325
48.09058861554658
40.06918713294072
53.36182826879213
78.58013302421406
108.4817932952962
45.363673344412106
28.281916619220283
4.681426384689985
83.22826852282304
16.7874536897325
23.29195648761643
67.18413236771548
19.70359078257315
106.28436805894017
129.15361649132828
118.48850986234757
32.002017324382905
0.0
0.0
0.0
41.12816706096055
132.7304953446932
214.74361244538443
72.15984955854947
34.9954623227779
9.616861815466267
9.84902835599844
38.17259263771993
28.338852643848806
11.0
33.442526948529846
72.64295523699184
121.9984542772756
60.02638976156461
78.10786136858067
16.066645256607806
7.334433503728359
4.032597946890383
1.2544220170530018
31.073016338178427
40.86912344830635
1.721516138514289
8.718790524998894
16.798753346519153
19.26601826208207
8.151428266276707
36.826498889777035
34.623230281702675
32.80641187206493
123.27465734544901
467.31388317656354
142.34810927733443
2.6685433525919504
5.656012044441741
7.497036807447694
4.36411141224271
1.0613355821513324
5.899895151688543
69.85131770103945
63.08981917547026
14.283185734623112
16.833135474525626
46.166756754193926
122.61100889793742
59.6351104712885
21.229143544235217
5.534581861437276
8.759417786446603
11.317239117255031
50.01859966195161
91.42224501361689
79.51432877527112
29.641970496681097
0.0
0.0
2.1226700853433615
0.7057569909963604
0.0
1.8280060222208705
1.3342716762959752
723.5937885607186
28.861263442850486
29.839265337863708
51.80647921896043
35.9642560537789
13.562057088743131
3.2906957174054696
1.1852877645835178
1.0613355821513324
76.13779467915401
45.15038147774695
25.95635564449003
26.959375688385627
20.380593808613774
52.926107224588854
53.600801389395556
301.8737384229986
90.93834087738593
126.88087405963327
116.67694722143312
67.54197032990415
42.503562575810065
16.98903071343957
17.064154177117963
31.992873652506752
68.25730081608546
118.38534063426707
103.67005718506364
26.477278942575506
69.31567458652626
98.78061852303654
62.54080547278282
94.06121454239911
5.901472239696886
36.42961535595114
8.33572339373186
98.73491038483662
565.9564773712365
728.9534484415202
434.1585064633909
12.648601104729458
14.658864100627397
115.5360932407104
140.36243447259147
403.04837632529285
430.45922352548166
449.6930006735609
237.7149933236302
99.13560289223534
89.82054509330092
249.46958553077957
216.28434320327796
142.5051708158495
184.82623190111298
77.01059062822678
51.160796676036256
100.80549680610127
26.309512493099465
128.99086997627307
200.58959143622195
386.1237198010923
302.25120844933406
291.3096418762856
126.06456082355434
166.89883359443192
18.712073840590346
36.03497970403223
192.4922942574276
334.16455186644674
663.4678971664623
632.1515623521434
187.5927910092858
139.11574363680268
17.698330942607843
57.996699746631656
43.84638768670338
82.32736854342366
165.04421069145047
72.0925024881404
78.83881628613527
273.1349418012025
69.37544571323656
55.67675129641525
62.3375725987757
92.62619642625164
43.98666358744486
44.917161264276004
24.968164980713482
19.959708432995832
15.88169638190843
67.67276676514153
3.352042989174424
11.018661844798045
14.385715493964199
18.102927305132468
0.8324098085649894
9.355502364780113
1424.2703695114114
837.4428121021181
93.33612759068583
54.13803813176364
28.29879910448744
8.426311131529655
0.3340376748908967
0.0
10.246866569805842
7.050163847254499
23.24745069601977
15.531139854258345
16.267619055320846
15.500000238418579
3.2840709686279297
1.7159290313720703
6.47601011404106
11.81674676491118
8.243573600214269
3.6166510793699675
8.883809408451134
8.5
0.0
0.0
3.0
13.203524477488966
20.352767815717787
66.20804349816552
2.5088675815830364
4.764981852544406
30.040908295813463
358.31127043504347
42.0
0.429812993895666
5.973311338532312
0.0
1.0
1.3838089819550077
1.8522590283751923
90.17658083436181
45.76861826526074
36.715856440591004
32.84675320164629
11.39993011061415
8.894069211962778
15.963859771801436
88.87114951889379
544.1777969858169
20.071212885340515
20.018787422596347
63.39975016690223
26.60825782043958
39.47301504747829
50.15689528212097
43.32573719590364
147.86002643204483
51.17187430550846
49.947398891027774
26.105066529569918
21.336271998747364
1.0
9.404635102262546
2.9971183233355982
0.0
18.930974778202607
17.669130514387554
18.518070910454206
29.40856779456726
64.3007604680055
119.89061111258671
79.76495780491311
41.72542282463564
19.57198993344641
26.311164202651938
57.23259873850475
122.21745029324966
51.33033642718846
31.25446260258177
24.332914361786244
21.665649582519833
72.22603364220478
119.0035496947089
39.56469055805265
3.7389580855899114
1.8280060222208705
0.3838089819550078
8.240753772620156
42.941492947440196
66.7067822603126
60.77484234295889
2.3786983314843377
6.243817295556076
63.606099896871086
5.092244967854095
0.9676843035065759
32.180719760950886
9.386885944091455
5.745859798706397
18.43886804803442
161.6084585233755
140.13921775979327
92.70557396396252
90.56952516260353
20.4912631508123
0.0
0.0753766735140747
16.67527203123518
2.1314045901229752
2.0474409661059783
7.80293966566369
1.8522590283751923
41.44221525982794
83.57360005302226
86.40370253170013
29.29830568533416
93.75300205458589
18.220861816623437
0.0
23.870756377177898
30.939681701258813
123.09184878502629
158.86247437506162
17.11821664627805
1.3342716762959752
2.3280060222208707
0.5
0.0
8.595220033336954
1494.2531035964446
582.21881378665
70.60334493309264
27.57231584664587
2.5882921984948553
0.0
0.0
0.0
9.21547135940616
2.8835481680291424
0.0
0.0
13.5
13.5
0.0
0.0
5.0
0.0
1.0613350426716808
0.3528784954981802
4.0
4.383808981955008
14.66474458261764
15.901926233848643
3.2491014849377273
77.40168274931048
115.10351808046481
81.17818734865695
44.95454572367217
32.89342414917519
31.859694810183285
70.45087604638574
63.619047393013346
34.3653735443234
5.951085706738651
1.4115139819927207
3.5
3.8838089819550077
10.74280344761028
618.910677417509
12.381967411788082
5.74448646470728
0.0
0.0
0.0
1.8280060222208705
5.665655563023398
118.359649953452
110.43769817748
107.21910495362351
2.420361448908805
58.15310962042713
9.30880451115081
164.87584548318992
213.78356473764873
156.40919444067222
108.95376724587955
100.74336553311927
23.90268724601656
4.234542243432497
4.320574081649283
23.866207460246187
25.71870387675081
17.85987242126248
30.6151491728383
49.796182048408355
24.445052342643063
10.227774645790578
20.860485978877385
5.313886428202568
2.8230236481482276
16.22555677629716
34.07772445180781
96.14493542318378
101.26737275742533
133.6844904408776
73.8402234335436
107.80593321265405
20.50661463017823
55.06573685000767
41.27006587874712
59.45479624267082
103.0739916380002
11.176367874493007
35.68108336088007
141.40231566768378
125.45087971619796
39.254014140064825
102.15778298541218
231.71144042928984
252.15561240067947
108.14836487714638
157.51546882546063
37.40036279066117
107.80734611598163
92.15714049498638
25.268995244119925
29.787171576190936
11.946622677064624
0.0
15.29397127366974
3.813647058239439
0.2037596655267411
35.91386186706514
5.190375031560279
2.8718827351633536
0.0
0.8324098085649894
5.446501764842106
10.684094584808918
25.548470319678742
64.35609432214878
66.78031123863245
92.28310134316392
39.5431193536142
9.516719630717308
34.92983525773124
21.023801152846865
50.55677825132552
290.44091669769546
151.08332491399742
165.18361380130645
172.86704222582944
27.78988260127039
0.4871713992695736
0.0
0.0
27.527951887471136
1317.826041650431
205.42921864234157
10.909623239643407
5.366761182880327
4.764981852544406
0.10362306630486237
7.95863470041877
1.219597545605211
0.0
0.0
0.0
0.0
2.5
2.5
1.0586338680555853
3.91823176966409
0.0
0.0
0.0
0.0
4.0
5.828006022220871
1.3342716762959752
6.154011050409098
44.158593300258055
85.01872708510922
39.24211422487401
6.558203315597121
6.383809408451134
6.383808981955008
2.2051369843937207
1.7955606053614246
123.49112665553159
9.030990568100401
5.973311338532312
1.8522586018790663
0.383809408451134
0.0
0.0
193.9609121530753
6.0
1.501843413616234
9.482162860516793
13.688399102146285
7.325042829668565
0.0
0.0
0.0
986.8475626068039
799.3182529739059
420.85760864936515
24.78387625718
0.383809408451134
0.0
22.249386695143762
422.30891683587834
140.9427984970779
54.41274489327918
23.397129059998317
3.7271788093410576
5.156012044441741
1.5
0.0
0.0
46.45618598178551
61.3002683709243
25.78256233025877
10.711593773804816
9.325933351210006
12.773441406603526
30.657355212164834
20.716083217373672
25.83903762842815
20.975066404909693
32.63404947141271
101.74955405997578
67.66617729567889
25.49363656898913
26.101561940944702
28.12046166474611
10.615035675817307
54.630476417716324
96.08412182529588
174.02274571329727
109.75243816238509
217.68277594978318
187.12341896279398
174.09477148280567
46.00000190734863
57.736254229338286
43.94012272961499
28.665891861175897
4.412682180084448
47.435667678235404
136.72613280523765
71.8679659281377
39.37723093310185
54.02664507967977
53.52554700493674
1.9761484430055134
0.0
13.981165223211793
29.424198559431897
142.64961735418473
100.11558144139909
428.3315327313548
355.6641126599178
119.03214027411839
14.568877403860549
0.0
2.1172676766203944
13.47977353365859
31.342837742785377
11.371642378443266
37.225535972154375
86.33275243260579
794.561073908511
736.9305179524009
98.90811773239787
58.18898580596869
0.0
0.0
4.821965230729982
193.92587172466088
1444.8148207842976
639.4309669475068
21.881853745202534
0.07264454581309061
416.478216672439
257.7936200335561
178.0440814184851
130.4341417879972
213.7899566606895
435.0012521630139
133.04012840693903
1.6794327824172781
0.0
0.0
25.765894886877504
2.1597217305097716
197.03026955147362
235.10664787811803
108.74175637271584
112.37975153360239
1.0
0.0
1.0613350426716808
0.3528784954981802
0.0
0.0
0.0
0.7342250232100923
2.0
0.0
2.1226700853433615
6.262532796633559
4.151428225353403
3.0
1.0586338680555853
8.844524867530163
21.920625017682436
20.309984290815393
31.378886279701188
20.421486506992824
6.767618816902267
6.383808981955008
1.8522590283751923
4.2159271240234375
16.394713894202162
36.70454383268232
29.921991288860312
18.60053522412263
24.549102635094915
19.512640956375797
5.369337673880363
2.466773401333921
440.1499258720457
126.05654285100569
21.100574904017687
4.275823763795961
4.328006022220871
4.328006022220871
4.275823763795961
215.08567242557854
7.64825702586595
8.666967144818864
3.184005128015042
1.0586354864945404
5.161329278985249
12.737745030131373
17.877155722406687
788.7056574248135
22.127485653508984
29.188865536008464
11.75429718157975
33.987612799164346
4.668739661532709
5.919130683708682
18.577827715181048
27.701820367249457
17.56707140114304
8.614768064951933
50.074814440077034
99.66264711273647
89.58236089832991
304.8944179991021
233.00220050117932
64.69717410435624
1.2291435442352168
9.01601021802014
102.156265235498
193.81376657842702
579.0156241629054
585.3061404767744
197.46141835326014
91.78114441953768
9.102487151984315
91.4189150199554
213.1658818537542
256.0997212863614
439.82707967592506
345.1940009711161
134.31470100028636
73.7380520210776
4.195976513896085
75.3133003690275
70.22770893671441
10.48947549060722
37.58139143481094
55.8933178102543
12.568974928927128
22.787700179350214
0.0
18.109307490033096
104.69135168965441
0.0
0.0
0.0
0.0
0.0
0.0
0.0
0.0
0.0
0.0
0.0
0.0
0.0
0.0
0.0
1.0613350426716808
0.6869161703890769
18.674721098873487
12.297550530599075
21.668394497156076
3.0665757528475295
1018.3212187209914
146.17583824006812
2.379928186700454
10.896513434797633
15.013981771751425
0.0
0.0
0.0
0.0
0.0
0.0
0.0
7.5
7.5
0.0
0.0
0.0
1.501843413616234
9.092553303441402
31.118095585292213
36.40099243790742
41.09342421935125
19.77051166991514
14.134251164354465
4.0
0.0
2.1226700853433615
5.744545871050468
5.595624839123139
8.958865936171788
34.35989560917951
42.71819892198365
26.920625017682436
21.373653260463403
14.972682793085054
12.712835658680387
7.747053064476539
5.828006022220871
1.6871496323145037
1.0613355821513324
13.0
4.505530240848702
7.509349003500303
5.468909681249033
6.767618816902267
9.674504699360478
4.449058617032825
5.306677910756662
377.2018723483869
123.55057838559749
16.400982023783172
0.7057569909963604
0.5
0.5
0.0
0.0
39.37161848427636
17.392150665503916
4.245340170686723
24.73506749399985
6.242210199922192
17.317317520765574
257.7472107700236
1227.6401995450578
23.35728022676424
5.738273171368087
1.0613350426716808
15.307657787605194
32.05886477760578
87.10529275737353
276.28994161497815
351.0316433948286
7.180744395959437
2.8691308634399775
17.41790803335034
3.1067833099571542
0.6613292789852491
38.18436452195946
48.36246850679454
16.98997762543877
10.410023616380975
31.69126839468568
13.955467601306554
13.05855767156354
33.55205304500578
16.409739007910503
3.2840709686279297
7.827023623479908
9.616668318001256
10.557205124043458
8.802531136554261
8.740437412998471
38.3262826337902
10.040846159753347
15.739456758137749
20.557087893991774
33.82952738483191
88.19238956506479
327.5397014191854
252.41587330245164
61.05407113364199
14.633596568310168
117.24861786845722
64.45009281267994
17.0
0.0
0.0
0.0
0.0
0.0
0.0
2.926208544016482
6.0
0.0
1.0613350426716808
2.2051370973772464
0.383809408451134
0.0
2.470145632638923
7.429348896131524
12.0
0.0
5.306675213358403
3.616651079369967
0.883809408451134
0.8838089819550078
2.2051369843937207
1.0613355821513324
250.99164251078096
34.39901109944853
0.0
0.0
0.0
0.0
0.0
0.0
0.0
0.0
0.0
0.0
17.000000715255737
17.000000715255737
0.0
0.0
4.246866569805843
4.417254542327237
8.827569050744115
7.263960157866311
19.883809408451135
23.923630008351758
7.784573233416448
5.7137923750255135
2.2154713594061604
10.41804366477761
13.888230662227716
11.134580530926177
8.088292198494855
15.060824402896834
28.438269657486853
37.40393512870851
8.493733139611686
6.969598723507808
13.499855970110731
25.407962674207926
13.656012044441741
23.19286987828618
30.51657309399998
28.20204636937251
26.246866569805842
7.420941369559705
8.570684046171984
7.15605985304319
9.595624839123138
9.595623986130885
5.03878973304636
0.0
193.68251874957318
13.41085089812275
13.050714064144723
2.117270972989081
1.5
4.79069571740547
1.8910436766205747
3.1840067464539974
87.43104485674583
20.43860399899006
4.652454321442975
4.763152690252673
3.767618816902268
5.302853891730047
11.113554170251154
15.17589259396991
9.0
0.0
1.0613350426716808
0.3528784954981802
26.30633913304191
109.8081886826556
538.2845694310162
812.6328068047671
1.721516138514289
8.718790524998894
0.0
0.0
0.0
4.416406928845391
122.2676059090634
598.6143120730616
37.95885484669088
61.05240613963725
0.0
35.78138018750724
167.50511106282627
157.8573776701416
50.794100376331706
111.33709568265476
0.0
49.64176718622893
872.693037447515
478.5704981378498
74.05691281795335
60.38953162505786
38.812636108853624
49.56157447576042
10.0
0.0
343.58683349737544
309.86985248337146
121.90786442353274
92.48542136696051
0.0
2.6870654314872806
8.0
0.0
3.184005128015042
1.0586354864945404
2.0
2.3838089819550077
2.2051369843937207
2.529785628571517
12.0
0.0
3.184005128015042
2.392907162790516
3.3280060222208707
1.5
1.7643897800926422
5.306677910756662
20.493733139611685
20.849256393584348
19.016931436528147
11.290697857996244
7.035237633804536
5.5
0.0
0.0
10.462337929212005
14.083885883376682
18.483798367057805
14.458387315564003
18.512034917020948
10.767617963910016
4.76315192480597
3.1840067464539974
5.0
0.0
0.0
3.7045172037581326
9.267618816902267
10.419044909775039
10.672806965950073
5.7137923750255135
14.0
1.501843413616234
3.9182297247290085
1.0586354864945404
7.5
7.5
0.7057559120370569
2.122671164302665
8.0
0.0
1.0613350426716808
4.057395699256313
10.767619055320846
12.686663112103636
41.425377857984685
89.73753184444485
31.246866569805842
2.915411128711003
1.0613350426716808
2.2051370973772464
9.883809408451134
23.84977073828486
39.65409843384933
39.73085865103913
4.0
0.0
4.245340170686723
9.154586064399883
13.800219486348942
22.276687555898025
34.28286276760518
21.003982754764003
262.38740069194563
9.559034094546542
9.913114320885825
3.2637725838717873
7.383809408451134
7.383808981955008
3.969526764486363
6.368013492907995
549.1373705502732
27.489226156005454
25.16088287863968
7.2333021289945005
2.267618816902268
1.5
0.0
0.0
25.66008626304754
14.668431972258462
8.243573600214269
6.275798017233819
23.870859314307747
16.579571596996537
90.32973718669528
47.92725660067336
32.0
7.1368290585265175
5.3948694068207725
0.1703638885246619
24.38718356533318
44.35990065732149
147.7499883002358
217.31705653623868
66.43094319564948
19.352399086354716
56.378575861407256
37.32393853030772
97.50977296542605
112.54533305218267
24.502796288100942
22.126132139574473
309.72172568981694
65.13982348681984
272.54688548709436
241.8715203784246
89.74584518596312
4.764981852544406
9.499215229596302
14.390904071038493
0.0
0.0
0.0
3.7045172037581326
5.767618816902267
6.919044909775041
20.695445574333284
11.961729385281066
4.0
0.0
3.184005128015042
2.910894088373607
1.383809408451134
7.721009985948149
25.832158389711182
16.36369602780669
23.493733139611685
11.475128964356509
14.221463950929596
12.217510368425652
18.579642905785747
10.883808981955008
2.910892896430778
4.652456792874182
52.74059970941752
17.031159972769547
14.238458196371088
7.156059853043188
3.095624839123139
0.5
0.7057559120370569
2.122671164302665
28.0
2.640619879702035
13.814349800173343
5.3810435568608685
6.383809408451134
6.383808981955008
2.9108928964307776
3.1840067464539974
13.493733139611685
7.3326656710382405
0.7342245967139661
1.3342716762959752
11.32800602222087
9.883808981955008
3.6166488084678345
6.775127957176846
