0.012581137791440983
0.0012909157710320922
0.002722619425877293
0.0
0.0024308455319531066
0.002773334608905236
0.005697341844705904
0.013875147879261047
0.046379481771527786
0.06337797411232443
0.06434706713337211
0.023125516504682097
0.07630262458682271
0.00702055537044929
0.021298248310553783
0.04224200393432792
0.01468405592316356
0.001976558520747069
0.0004941396301867672
0.0
0.001988873617052542
0.0
0.010849648949552608
0.0264168554446668
0.1923234016757762
0.0575466370229604
0.013448113827390034
0.025924861920485896
0.03397883332342441
0.0032851924561351437
0.08071094644981484
0.1509067837993823
0.02749407721283694
0.03757090090875391
0.03814538594673601
0.0137089659496107
0.045232723001663415
0.004161833726021201
0.012625748740211724
0.025041351766641694
0.07429578186755932
0.09044848706492045
0.03767095144919664
0.03841002854144341
0.013721104463692825
0.0015835402490295759
0.00222703403887431
0.03884211766519674
0.11401064120460655
0.03411404399562904
0.007972134784918318
0.015368437251740679
0.02014288714131041
0.0019474847841757965
0.04784600665750945
0.08945858399539496
0.04344512216241526
0.04475067257351015
0.023484813464782598
0.006054830249665257
0.01468716127488275
0.0031059389175660743
0.01603990147127097
0.01639113979566988
0.11500388298519502
0.14000696891708675
0.058311597018081064
0.059455628796161036
0.02123916395392535
0.0024511926912133657
0.003447269220038711
0.06012446793854848
0.016963989702195644
0.013603664001133364
0.023199143283747406
0.010428848645936498
0.025143722852227577
0.0034517221397777392
0.015830162547966497
0.006609604951479866
0.06724954795348251
0.069270434778208
0.036352598650183844
0.009372389280040258
0.02273454204509593
0.004807743143098929
0.024828474854526786
0.025372163475114895
0.02077347665615573
0.02462942589991083
0.011354819246461952
0.023914296195024824
0.027032877822548904
0.0216481580374722
0.0076247376020008644
0.027763025156864858
0.025737143516263886
0.020638980504620687
0.03519689003765999
0.015822266991539255
0.038147134898177136
0.00523682633916165
0.024016942507932945
0.0100278504177604
0.05192697595571633
0.014498715686837353
0.02322342715897017
0.02810580807500937
0.021888017838049854
0.018110979134123233
0.006875044609868515
0.014451607534520725
0.03151675752090548
0.03736686240897373
0.017227115653672083
0.03628189382726017
0.04101329158944949
0.03284379205919173
0.011567972474726912
0.042121044368200286
0.06107312113647626
0.043617590797475805
0.04617763134481043
0.025855902065073662
0.03868574749510037
0.03958955976411849
0.09034112746612764
0.05081558502867999
0.0458035773319272
0.012788979773095656
0.020484844769227708
0.024791479379385643
0.019306911277535196
0.015975273315245182
0.006064316892189369
0.012747426767978643
0.028255567286685653
0.010872180226963119
0.022977731078902917
0.01476983761411212
0.030680066087042473
0.0232261360615105
0.039653624913609346
0.010292163836927569
0.053871179197154895
0.03847406201409286
0.04073221421773187
0.02280688963544325
0.03412379778376398
0.03492102955772325
0.07968780661668297
0.0448232452533574
0.03950782293421969
0.02103746247001483
0.02368801831390434
0.040012815135420036
0.06589391907140821
0.04469947237085091
0.03069434566234352
0.04633545579742498
0.027101140494818644
0.010427979761523263
0.022038938801095767
0.01416639206724849
0.02942658248475707
0.022277194797337377
0.03803351208662369
0.009871660876959298
0.02686193925104029
0.022099245991102863
0.012347725877482311
0.0463815054236612
0.04354797898202381
0.04024656295295477
0.038570396800981045
0.031037498755297318
0.03789366708235355
0.020177942996848004
0.022720206105062462
0.03837802701236873
0.06320171668788023
0.0428732033045227
0.029440278644969096
0.044442345988544144
0.02987008230276375
0.021646815966850936
0.03171416294205777
0.04051134346883564
0.05577805629292917
0.04672309723097328
0.01898959606314368
0.02120286934065987
0.023688459405035757
0.019488432560648642
0.010888960787964017
0.04090197651423451
0.03840320397742955
0.03549181850920771
0.034013675271817034
0.027370716701707782
0.009329143775439705
0.01858483657903362
0.030132925405351885
0.02976864935314936
0.0334538767008013
0.03571323090637413
0.03906924841693071
0.01592868111085148
0.026341219278377067
0.019089452793664915
0.027967439520902443
0.03572531775299167
0.04918841524577127
0.04120321253390467
0.016746157872514173
0.0186979541928287
0.0218945416083315
0.03301019381390942
0.03603433614680967
0.07052635424006719
0.047405915333730356
0.04464223036064281
0.047742487254740534
0.021556642270668742
0.007268722197985028
0.014480215702493958
0.023477809867260294
0.023193987311774588
0.02606530052885882
0.027825656941243945
0.030440469142984223
0.012410694996456298
0.018221409699509777
0.016228208926943384
0.020979782786565388
0.019155671565717253
0.03474743760417089
0.04140754602536868
0.02915483131276038
0.02969341385855903
0.017058943932470916
0.025719608820547135
0.028075843329751302
0.05495000280275668
0.036935911525904606
0.03478261013022832
0.03719814864566106
0.016795672567437425
0.02890798234370901
0.04437915101665283
0.011441557369821675
0.06291145375488903
0.07994582276429299
0.0764867880707936
0.02777780604168486
0.041881309499754334
0.01658642384556877
0.014772070655102353
0.019097291330610017
0.017436855483472513
0.03162959052864821
0.037692095184059166
0.02653880228117113
0.027029058442892922
0.0034242274275443035
0.0026249541855519745
0.01423076912038801
0.017941509026243228
0.029090586546860732
0.07813062245627059
0.03360706187324499
0.011502751073939627
0.026314102782392074
0.04039706152310003
0.010414919763005986
0.057266482337399054
0.07277237727040177
0.0696237177281902
0.02528533588264477
0.03812334841409444
0.017760374273640155
0.018221306576962613
0.02840956757026091
0.051562416828053896
0.06267826312650568
0.020711890795103417
0.05118681807048258
0.027937139221477027
0.0038084256306163914
0.0029194739575517203
0.01582746094068215
0.019954545740112347
0.03235454938639451
0.08689687568791711
0.0373777730936422
0.012793359360481645
0.01835175094932453
0.015964260139613887
0.021065253235550675
0.029813392928332173
0.02021242007624386
0.04209467942506074
0.022713091530243958
0.0354987401191726
0.019753087674313365
0.020265736566682995
0.03159712010335214
0.05734771827504313
0.06971076215714182
0.02303576425096519
0.05692997734940955
0.031071685309604042
0.01976188005355644
0.029257432761997503
0.037787123616837066
0.04424527466746385
0.05584278895043511
0.036994243018650265
0.027530366358665296
0.021222754930588623
0.017700818451265532
0.015398011406125869
0.020318073418827676
0.028755918555012604
0.01949549006077133
0.040601590568917774
0.021907463258083442
0.034239607753681844
0.01940778967223364
0.006190148118252933
0.016057299873047208
0.025518757222292895
0.06593509815777701
0.049936851451871496
0.07417691747678563
0.016440520579377293
0.01906093059183343
0.028219678171323894
0.03644682280094804
0.04267590467949227
0.05386205772699693
0.03568206550008939
0.026553870426707094
0.02046998856400002
0.02500126057659772
0.028888401128487787
0.0165718399965212
0.0454832657579537
0.03426538638907414
0.05189737609702094
0.026770150885977357
0.036070421148573804
0.01908207283751501
0.006086260169879224
0.01578781360093146
0.02509048130995188
0.06482852333233263
0.04909877182171205
0.07293202193856317
0.016164602795091815
0.009003907718128805
0.024068862573756337
0.008095913015915458
0.026013367506493305
0.05246495301313175
0.04633591131908106
0.04354463940417937
0.018986310081686858
0.024581669701154777
0.028403573194211735
0.016293718306195335
0.04471992971580038
0.03369031764690679
0.05102639339584772
0.02632087309810049
0.03546505888930066
0.04829205958602414
0.02180263979324634
0.013508264128378399
0.026317129100670127
0.039528818328329704
0.04133485823643603
0.028672106104379716
0.022457958554114595
0.010823523031992242
0.028932980720847178
0.009732030106920872
0.03127045402512433
0.06306768628544254
0.05570001593426477
0.05234465104101261
0.02282328638796745
0.018364603003281806
0.004752385210624808
0.012736307406846782
0.017289288246666548
0.040760918652697056
0.04854527034225258
0.02582758022274213
0.007647955722091488
0.058051485594334776
0.026208773051427284
0.016238172634906015
0.03163560332626474
0.04751726572482328
0.04968829136769253
0.034466501713655145
0.026996526316298394
0.02142688534004975
0.007690182576342777
0.050308751331747475
0.01886865920677732
0.04452386284376861
0.04793629343697819
0.044963800053247724
0.02285974494212094
0.024147018647256345
0.0062487566041800795
0.01674655599118366
0.022733122279607207
0.053595205004436285
0.06383059562904757
0.03395984444317221
0.01005604800723065
0.012420397404765892
0.03433869509770349
0.02861568933414755
0.021252172112406556
0.02866056096489362
0.033024346207853196
0.03340322170939518
0.04213801646367634
0.028173514002254492
0.010111570723231569
0.06614933937372887
0.02480978574017397
0.05854297782229421
0.06302987172095212
0.059121436937311055
0.030057534447669534
0.035690200621476445
0.027251671269901214
0.02321407137170288
0.007589955794971702
0.014213924001907125
0.0028849750245557577
0.04395115666989155
0.04003742119063377
0.009150470047238396
0.02529832103699183
0.02108201530111442
0.015657096791340294
0.02111507354391711
0.024330001766983512
0.024609130430544794
0.03104430920647957
0.07919813461637346
0.06376082151975344
0.01583147669579805
0.02496104031427862
0.005955670649714989
0.05789332283711687
0.06295781939657792
0.052080832240653754
0.026294014685990238
0.020077103297575075
0.017102485358456643
0.005591742429682838
0.010471813549481639
0.00212544548205025
0.03238010262819808
0.02949673922937312
0.1630617359757561
0.022918296881253637
0.010620890649575583
0.02156358623056571
0.015540949795412365
0.013283615333372427
0.019783040381001087
0.05476264576766556
0.010693870893145406
0.0014394566286193913
0.00035986415715484783
0.0
0.0014484252712489547
0.0
0.00790140991764009
0.019238447674563883
0.14006223062709502
0.041909150297328605
0.00979377862485349
0.01888014644938572
0.02474556475143983
0.0023924877546690586
0.058778885446517826
0.10989999434044145
0.0072778744586954845
0.00035986415715484783
0.0019899847120399884
0.0
0.0008046807062494192
0.0010795924330943773
0.005691401924653599
0.061272108853999925
0.18413123941724885
0.17167018110253998
0.012464235978386504
0.0005089247703598647
0.004982848921227194
0.0049160713258748975
0.016085544725572075
0.07922152768053856
0.11229435194398299
0.03360049923588102
0.007852124151077186
0.015137084427749511
0.019839660876522183
0.0019181678082778163
0.04712574417567114
0.0881118956042092
0.042791109556170756
0.044077006519779596
0.023131278630564637
0.005963682265384126
0.014466064218513338
0.003059182846798918
0.015798440583535075
0.016144391449169473
0.1476265093767712
0.13763590404568832
0.009993153010651998
0.00040802846720296214
0.003994979859586346
0.003941441180665628
0.012896523299227238
0.0635155535583583
0.02044529983140616
0.022462057941518718
0.018073335336606274
0.012964656008137286
0.011245740146756698
0.01260076999023472
0.016194634289142182
0.014690564206449694
0.07814140346479741
0.08048959668740166
0.04224032970575176
0.01089035799418845
0.02641666861109726
0.005586413710317764
0.02884973847504777
0.029481483864473763
0.024137985609628987
0.028618451200334037
0.013193865817824913
0.027787497825929014
0.03141117043950298
0.025154331931657416
0.008859653565006715
0.03225957372511309
0.037335428776099015
0.04101825707402713
0.03300395346464372
0.02367492748895251
0.020535992807441995
0.023010430483966053
0.029573232970076434
0.026826630968164653
0.014232878868027331
0.024713888406938493
0.03315749902101244
0.03849578764953885
0.05265850374489343
0.03447781032045475
0.039488758964314814
0.03427719476563194
0.026257857302686653
0.031131811079649702
0.014352591451419242
0.03022788083943905
0.034169795460554826
0.027363462265980982
0.009637735427615127
0.03509270811652203
0.05088243290153082
0.03633954014106314
0.03847241118074467
0.021541574713280973
0.0322306264120069
0.03298362816266457
0.07526676663980797
0.04233647384413055
0.01548285380425456
0.026884337644357693
0.036069491957125215
0.041876605413704825
0.05728313453608257
0.03750575703145898
0.0429567825051456
0.037287522805271714
0.015069400088774937
0.003489549593312687
0.027549046815288532
0.04682459198099563
0.032468112918314
0.02469194977933871
0.006345804280896678
0.009927434821601222
0.050141608840988755
0.03581045369314049
0.03791227114331919
0.021227939614887652
0.031761363796782405
0.032503402199527895
0.07417091825940757
0.041720074889250815
0.03677264602797688
0.01958101214599317
0.02204806663256962
0.037242676975836185
0.061331999119351284
0.0416048709610604
0.02856933701411555
0.043127593171120165
0.014849996779477528
0.0034387434083139536
0.02714794577585393
0.04614284815731257
0.031995392612332724
0.024332446715999927
0.006253412383994327
0.009782896084832524
0.024052343652028598
0.019064292215292915
0.016028517818117743
0.025753074835671276
0.05074442242355471
0.04167016385013985
0.019812159996158513
0.023404785497373164
0.034806854014386455
0.018534250450755754
0.020869421145148344
0.03525175804908484
0.058053313273501946
0.039380757879845386
0.027042077471976705
0.04082207841004847
0.027436869381115385
0.01988346922447479
0.029130731457413454
0.03721129483145423
0.05123438326448801
0.042917039960373854
0.017442706099822455
0.019475686431259517
0.02276655352903017
0.018045153332736992
0.015171665355214322
0.02437636702957967
0.048031727224558424
0.03944256034183403
0.018753041599761548
0.02215361253648454
0.03738904850363396
0.016037122357154977
0.015638957779572374
0.08164887746148844
0.07059108509041191
0.023864372611952164
0.011053991050883376
0.015542866825745507
0.02542150529916552
0.01842293707910023
0.0269909454255345
0.034477954303260526
0.04747098247856697
0.039764586244233874
0.01616145921712286
0.018045107805117325
0.021130085120087575
0.031857629979020544
0.034776183198930236
0.06806389898270326
0.0457507192485005
0.04308352941776091
0.04607553962917795
0.020803983670029426
0.034642651151741845
0.014859122056629022
0.01449020449616117
0.07565139237375208
0.06540584564414316
0.0221114248272643
0.010242024633844585
0.014401171864267938
0.013506768263170788
0.0445764755055551
0.023734747610619233
0.04220922153628272
0.04486085600741818
0.023786215164511498
0.013400516402537156
0.0038240318179088174
0.018893698099992907
0.028485850368519618
0.031095506842326915
0.06086008416809823
0.040908509001553905
0.038523611867871364
0.041198950718866735
0.01860211090039799
0.03201714556563712
0.049152297150505994
0.01267214029162049
0.06967781938798895
0.08854429943866439
0.08471323243503934
0.030765414512722057
0.04638580329785443
0.012077225454634456
0.03985854603884323
0.021222685724453398
0.03774183985582256
0.04011282799356273
0.0212687060040528
0.011982219184382097
0.003419300124998114
0.01609456404706329
0.016676005110926536
0.01748998058924347
0.006896936730913569
0.02465752164180109
0.014437926164095876
0.014195461717880206
0.009371526033997607
0.03104938620918058
0.047666605824237776
0.012289108571681421
0.06757171778339786
0.08586793423718234
0.08215266615543086
0.02983549033541172
0.04498373280233749
0.020956394546381676
0.021500272679734672
0.03352193471384838
0.060841192542741174
0.07395736099494729
0.024439043266558158
0.06039800392331677
0.0329644917951648
0.015608085172402105
0.016171951433145315
0.016961323456933408
0.006688467957876101
0.02391221637319234
0.014001521297694278
0.013766385650854312
0.009088259620223013
0.016782548496593396
0.022089836705254433
0.03188997790100064
0.02196612398718329
0.023349057955071723
0.0181574602480925
0.009415684462331791
0.010155517028371143
0.021846336849257977
0.022413311520396082
0.03494549007353032
0.06342489800225573
0.07709806270357498
0.025476881068122622
0.06296288876463262
0.034364374569675796
0.02185606096337207
0.032357864350203755
0.04179145279507142
0.0489339788447507
0.061760490214380306
0.04091455005891059
0.03044777945460055
0.02347174582158109
0.017495242649403678
0.023027912198351586
0.03324422995562188
0.022898945848460733
0.02434060802159385
0.018928541931623903
0.009815534536495
0.01058678511654944
0.025167316607052632
0.008193725701628265
0.028386050322239308
0.00956090329949421
0.022877062390397846
0.02650023828210267
0.04576149769119862
0.029148983079938025
0.019840781641421164
0.029374246440428447
0.03793799307086316
0.044421929035232136
0.05606574773305312
0.03714194680534032
0.02764028452506998
0.02130748923007578
0.026024151836168737
0.03007032925274291
0.01724985342050503
0.04734414932652486
0.03566730626970671
0.05402068392950691
0.0278654137938123
0.03754619147658911
0.02284671671340375
0.007438207769833411
0.025768661015806816
0.008679322178772897
0.020767639706245688
0.024056733831497697
0.041541972489785195
0.02646124611968054
0.00892273467129565
0.02081777953703792
0.00988817847927569
0.027574990269165957
0.04144249444417169
0.059152845728655395
0.07574086530986103
0.029380881268810877
0.02395729985219582
0.02768212770573332
0.01587986088473055
0.04358405179938701
0.032834589830354505
0.049730332472207976
0.02565232780559105
0.03456425297451803
0.0470654502337625
0.021248856788262903
0.013165156726152703
0.025648678905000673
0.038524793677879456
0.04028496050745422
0.027943839929812826
0.021887530574208072
0.008214086336705145
0.019164420410911175
0.009102854083828337
0.025384969871780735
0.03815110948753776
0.05445489525089971
0.06972548549195115
0.02704743604747933
0.032360370640681556
0.014366194015227474
0.007461542083735753
0.025068238150835677
0.04747050118047383
0.05998673068448775
0.043749781851114014
0.02863705954498218
0.048084061679854365
0.021708734015260397
0.013450082914349085
0.02620377904278767
0.03935856442911441
0.0411568255735365
0.028548612965211256
0.022361230263870886
0.01774789509260492
0.006369780369002196
0.041670752734504955
0.01562891567418171
0.036879127989345964
0.03970564519975349
0.037243528102440075
0.018934733099921764
0.03306072820170893
0.014677113587610311
0.00762302810233836
0.025610776131179493
0.04849787891964313
0.06128499023975313
0.0446966341246231
0.029256835548187348
0.022005133730688565
0.03825544309881588
0.02647085796449338
0.0345442515801248
0.03545104268089726
0.0633180029536136
0.03834084762258346
0.021853947532068412
0.020565974314780282
0.0073811986591173495
0.04828739554430194
0.018110535173098748
0.04273493814465987
0.04601026065734177
0.043157199112909515
0.021941263037579508
0.02605297121303021
0.01989305172676633
0.01694570281625905
0.005540481599747011
0.010375815949407969
0.002105961018886336
0.032083266542666355
0.029226335620424326
0.02549919372056773
0.04432978987455297
0.03067400286892639
0.04002932105544025
0.04108009594395806
0.07337187962925193
0.044428755257941
0.025324001594326975
0.05003002425406321
0.022272539214173805
0.015952826516171536
0.0183276556354502
0.010154355284564019
0.007831303277102514
0.039212979072021266
0.12106867208696735
0.02469262025456601
0.01885433979782711
0.016060886152568184
0.005251186402168949
0.009834044684387498
0.001995998663072676
0.03040804485546969
0.027700288040340408
0.1531307247137492
0.02152249508218787
0.00997404248484636
0.020250290892309016
0.014594453387061414
0.012474598228982572
0.018578186307512814
0.051427415410883144
0.0474177160113871
0.02110958279666242
0.015119852700477407
0.017370680566993636
0.009624147546222298
0.007422393259434277
0.037165480795195875
0.11474709429966595
0.11273590268207999
0.0654250523555529
0.015612999486628075
0.003802528770281622
0.0015547375607197628
0.006162928774848596
0.02536475753637119
0.0626142891568185
0.005965011495529168
0.00029494790634824254
0.0016310094039975384
0.0
0.0006595235587326514
0.0008848436875961937
0.004664724309124831
0.050219172609214775
0.1509156232418434
0.14070242754637644
0.01021580013725469
0.0004171193282853457
0.004083987881941694
0.004029256362982292
0.013183857422168911
0.06493067804201967
0.0017147612527048937
0.0
0.0
0.0
0.0
0.00029494790634824254
0.05909969919183832
0.06256422668300701
0.1672744642705614
0.14588492051847726
0.02355532830565962
0.0
0.003858090295097736
0.006723881727779136
0.0
0.07623152807707945
0.13920108382957738
0.12978066810565786
0.00942281800084642
0.0003847412304724627
0.0037669760578871656
0.0037164929694227
0.012160485460670943
0.0598905571410214
0.019278433851530382
0.021180090376059245
0.01704184348659303
0.012224729660202332
0.010603916759279816
0.011881611555626757
0.015270364752165179
0.013852135827358128
0.1542901008079198
0.13456087987670518
0.02172689056092514
0.0
0.003558613343360427
0.006201953144034966
0.0
0.0703142000964956
0.017510675490333978
0.0310954605447076
0.022733383329662505
0.020191729785641023
0.008574608177075784
0.004436614232146888
0.012227447537652852
0.012920338276668338
0.039871180594478375
0.04380413963576168
0.03524551965941189
0.025282883856351794
0.021930758658826374
0.02457325546962048
0.03158179110741419
0.028648645084206188
0.015199549123425011
0.026392409037917217
0.03540949374001428
0.04111034885138461
0.056234969879112064
0.03681947808964347
0.04217076090273659
0.0366052371051788
0.03621514642648159
0.06431086324722864
0.047016621746404176
0.041760036681314366
0.017733792785659303
0.009175695942952299
0.025288504903346477
0.026721524411066237
0.017593571852073723
0.054254744902021666
0.03610378519216891
0.018611948915380774
0.021330360576706883
0.018694387098456472
0.012341785218323803
0.011966487223239135
0.018264689780618504
0.031714701516891236
0.04255017127142117
0.04940066066738355
0.06757531235459183
0.044244493026124716
0.05067491538377667
0.04398704821063932
0.01777694999134243
0.004116524098317436
0.03249884034264491
0.05523766209055789
0.03830172510265132
0.029128402844849216
0.007485967901295382
0.011711117318955144
0.0211414910667257
0.06519575526321421
0.043384473518676386
0.02236523402054361
0.02563184050254885
0.022464296685345615
0.014830629285200283
0.014379648706773433
0.03052925762601969
0.033254433655514684
0.041196997693240596
0.017590603665196086
0.037340912759505324
0.010984360187679726
0.03756733215048971
0.017473164278587625
0.018647908475888382
0.004318207828766897
0.03409107864832253
0.05794395931745473
0.04017826818046542
0.030555510960209233
0.007852733137280587
0.012284888241268842
0.030203771065694794
0.02394001706988125
0.02012783825579537
0.03233946711503587
0.06372239395526384
0.052327378462907664
0.02487915329575039
0.029390598821946026
0.03202499879473652
0.03488369127029936
0.0432153908763357
0.018452432354479062
0.039170382089419635
0.011522524592002608
0.03940789460322541
0.01832923917825898
0.021662586434007404
0.021488282173577684
0.034478609127348146
0.036111347037717796
0.04205820553566168
0.06729912928527734
0.034683513248571905
0.022408194572309786
0.02606711285632525
0.020661232181425696
0.017371163032142038
0.02791030752972857
0.05499508094847461
0.045160707810340435
0.02147174587304214
0.02536531132951174
0.04280949005707335
0.018362088835343526
0.0179062007288718
0.09348584539451614
0.08082496014848553
0.027324087211001505
0.012656532833077482
0.017796179080901108
0.018695714654536358
0.018545282815476353
0.029756476212750536
0.031165597056695298
0.03629798371362397
0.05808195256135621
0.02993331700660533
0.019339205543321362
0.02896017678339849
0.012258709967070925
0.00999213139976596
0.014592402157335994
0.032059690025649235
0.060970446872526646
0.02522361982068631
0.02395889716847833
0.04245868288517624
0.01821161863712667
0.017759466356919624
0.09271976514007868
0.08016263093945769
0.027100176911056748
0.012552817454004397
0.017650346293693824
0.016554148467955707
0.054633764296472646
0.02908975175556986
0.05173241343998782
0.054982306372379115
0.029152831354761495
0.016423924195083435
0.0046868051058860955
0.028722859363791767
0.012158254592131356
0.009910249757333336
0.014472823079772221
0.03179697329683976
0.06047081770132796
0.025016922036561667
0.023762563296099982
0.013094343374454488
0.017808038041858536
0.04033887858935202
0.031826227333531826
0.03414989226683814
0.04826744130021256
0.020501820498652186
0.021830098346484337
0.01895109532200672
0.0625444236522762
0.033301782902361236
0.05922297363929224
0.0629434326449175
0.033373996069922744
0.01880201531265326
0.00536542791610493
0.02525494109286465
0.02616731497102
0.027444572478326105
0.010822395086384393
0.038691588957536736
0.022655411709887413
0.02227494627519873
0.01470542086426023
0.014990330064317636
0.0203865409980136
0.04617971953129831
0.036434484631156644
0.03909460307413992
0.05525629317632019
0.023470367883719315
0.02499097283401946
0.007560336627426175
0.04678652545276158
0.02427155629572604
0.018970062156825646
0.06565948528802691
0.04309181875396055
0.025915030102204552
0.024419736397120036
0.02561327111549136
0.02653859022092724
0.027833970111089443
0.01097594876373884
0.03924056501317817
0.022976858279917824
0.022590994607026193
0.014914068897595554
0.027540595781229527
0.03624999288375474
0.05233227784338454
0.03604697711638865
0.03831640749577818
0.029796861496212287
0.015451381524881047
0.016665465884667968
0.007667606550757598
0.04745035660811715
0.024615933551830203
0.019239219102268137
0.06659109565141691
0.04370322752075809
0.026282725805344343
0.024766216108299828
0.03169549758290252
0.06751135234936718
0.10066718253836103
0.037113396701439004
0.03418277502037728
0.0024619535256348323
0.012108393686133645
0.010858437179051985
0.02396771787823946
0.03154723337968521
0.045543142248605555
0.03137055511623307
0.03334556929201885
0.025931275258937375
0.013446853370898902
0.014503432961511405
0.034478123926490856
0.011225046141043358
0.038887648455914935
0.01309801970372881
0.03134057573500572
0.03630416837192063
0.06269125203506332
0.039932832993393376
0.027583598775854572
0.05875301535019345
0.08760749585239928
0.032298626678567845
0.029748198422857707
0.0021425610397277435
0.010537555764341964
0.009449757767530967
0.028547744382788252
0.05327411390213993
0.038604656826864876
0.03558034337864583
0.04216485694689185
0.02978964924980603
0.02156664864113639
0.004737379013225158
0.025885192907595545
0.008427444758220097
0.029195738264363568
0.009833619934233333
0.02352961113735111
0.027256135039730397
0.047066805491103474
0.02998043303007494
0.010109404827271093
0.02358641926469352
0.011203246867004767
0.031242298466618048
0.04695409746250234
0.06701981916820317
0.08581394579045731
0.03328836213004477
0.021432832946499936
0.03999668654472708
0.028983276213794533
0.026712707861900067
0.03165617300751293
0.022365219729614236
0.016191625206649334
0.0035566891602100224
0.014794028681680988
0.016164357996908154
0.01735101037164804
0.0403700994564607
0.07795129116460199
0.04055095901049804
0.05836814548912378
0.03316205899404545
0.007764227401019586
0.01811484710285397
0.008604320213840484
0.02399471719353704
0.03606169664163245
0.05147257680228882
0.06590684621695299
0.02556613547495297
0.030588097828091833
0.01357940404436203
0.007052897562267429
0.02369533184430535
0.04487069540023972
0.056701451504940624
0.04135374783183779
0.02706870043600827
0.011362113282071753
0.012414553915273617
0.013325926942752569
0.03100505299146755
0.05986816841802481
0.03114395678740663
0.044827916410157626
0.025469132111637736
0.009209502692215456
0.001458337950189956
0.006473047226208332
0.0066342220916709395
0.028955402577582917
0.11611373549243591
0.08144652434915926
0.03789651079354423
0.03259132985679149
0.014468726985108508
0.007514795859156497
0.02524715268481495
0.04780930291617474
0.06041486200751005
0.044062028439186496
0.028841445115766955
0.021692703426980424
0.03771228985775268
0.02609502302095346
0.034053790074885355
0.0349477064972995
0.062419009876129965
0.037796481802600035
0.021543663779730028
0.009812638293033972
0.0015538453369816168
0.006896970792809364
0.007068701092432364
0.030851708460129034
0.12371809046794495
0.08678050383096478
0.04037837496908868
0.0038868712047723784
0.0148818584889251
0.008000421338820366
0.011629650803761542
0.03524422734844463
0.026286698695255725
0.04174630505373826
0.014052605893171536
0.022717294847814814
0.03949351960527299
0.027327545136223375
0.0356622212819532
0.036598359232930235
0.06536718930574023
0.03958168811047319
0.022561215748591504
0.044571872533606345
0.019842660355561967
0.014212412658820272
0.01632815380369866
0.009046540275618225
0.006976927487910986
0.03493494018682506
0.10786037985250495
0.004070456201621817
0.015584759562788467
0.00837829784897541
0.012178943356482919
0.036908885379505894
0.027528274050576326
0.04371806971431056
0.014716339645259003
0.03854587111024239
0.031670001566895284
0.01795074192832603
0.014036793374201394
0.010436352289129562
0.02613352144439623
0.10348209638216421
0.05157744980337083
0.040343509165387786
0.01796026292852543
0.012864135334028706
0.014779164194564735
0.008188329540098942
0.006315053015611066
0.03162079579575194
0.09762807743562532
0.09591693370533798
0.05566434702840535
0.013283709990095508
0.0032352328876124577
0.0013227876478826537
0.005243486916451824
0.021580611936279033
0.05327291908947542
0.03488917148929344
0.028665589436892958
0.01624782357898251
0.01270517638041287
0.009446295394304081
0.023654334044882718
0.09366514500147241
0.04668449406743511
0.06326549534017786
0.02656875338326308
0.0038474062822941926
0.005004249541134341
0.022632723026447133
0.011450275890674134
0.04669830588060938
0.07535520016437974
0.0015487905220557196
0.0
0.0
0.0
0.0
0.0002664000723901081
0.05337947415144672
0.056508672069383925
0.1510840674965843
0.13176480507327756
0.021275421966859047
0.0
0.0034846680101132863
0.006073081179657472
0.0
0.06885312341958086
0.0
0.0
0.0
0.0
0.010882946269051258
0.011664898530107505
0.11866191596656303
0.021811803540199445
0.06620363957320755
0.07970889484741867
0.045310077889717054
0.019929674237723866
0.0017711097322816508
0.00329518695999688
0.037755150264512254
0.08876604573157425
0.1514101935441511
0.13204922907508657
0.021321346526551783
0.0
0.003492189921748651
0.006086190371079784
0.0
0.06900174793952878
0.017183829365572615
0.03051504714019229
0.022309052569371938
0.019814840348319863
0.008414558528758597
0.0043538024542895005
0.011999215688709569
0.012679173251443234
0.06634654498783069
0.0798809523466854
0.04540788301809336
0.01997269390218048
0.0017749328026183638
0.0033022998628797857
0.037836647527162634
0.0889576537557177
0.04739274307052177
0.022462355212889966
0.017392580971135073
0.018668271462475843
0.01950457319987924
0.004285454995357353
0.00585933896797785
0.01032450436631816
0.03382516858828977
0.06006674019148226
0.04391381269857477
0.03900413005000945
0.01656347108529418
0.00857015621392867
0.023619618477532977
0.024958067475311558
0.016432503874440344
0.05067426406106155
0.033721156513329
0.017383674289358778
0.019922687431923113
0.01746067205730398
0.011527302990137957
0.011176772363943847
0.0932893064821516
0.04421557825104335
0.03423608155192598
0.03674718923450868
0.038393390826513774
0.008435619012017618
0.01153369974709256
0.02032306614269085
0.024849278677007536
0.06528696364928864
0.06200753507868378
0.05966131759078788
0.019932276739895984
0.02875242287757772
0.006928757344699443
0.01658701760591866
0.016462755058288977
0.05076755212538933
0.03378323499589427
0.017415676516828817
0.019959363819457662
0.017492816032717722
0.011548524014316506
0.011197348083761076
0.023772953800765332
0.025895032386551893
0.03207986040436622
0.01369769987147902
0.029077149689796262
0.008553456833818253
0.02925346114117207
0.01360625051013413
0.024895024602492048
0.06540715275469611
0.062121686966795216
0.05977115024324798
0.0199689707807304
0.028805354240759452
0.006941512741800131
0.016617553239619477
0.02002152524202344
0.029931858471884287
0.05317418214974107
0.05271516053416519
0.09251095571464027
0.07273907494195017
0.027813309743783012
0.012002090966858604
0.022187144206263006
0.024167666441508057
0.029939926475840206
0.012783974801348887
0.02713751596378554
0.007982886006696475
0.027302066302362506
0.012698625703179
0.015007992105559522
0.01488723288908905
0.023887022686338962
0.025018194983974076
0.029138220340221937
0.04662530968319029
0.024028981701394298
0.015524554663201122
0.01868596016704529
0.027935210148592137
0.049627120689075675
0.04919871878059066
0.08633987733715512
0.06788690874060692
0.025957982306721483
0.011201473964493449
0.014660781485794777
0.019838332263265267
0.014760959545489625
0.04432779471427726
0.10883252665194545
0.07586587919731565
0.023502157066478048
0.0030607207111226476
0.016203004285541764
0.016072629609953756
0.025789028154686252
0.027010270107464093
0.03145835270467545
0.05033785247871964
0.025942290663963617
0.016760698164666125
0.02509889978544336
0.010624249128848805
0.00865987478327393
0.012646788799501369
0.0277851531475258
0.05284122218495879
0.021860540107905918
0.020764443653054677
0.015828147001471782
0.021417960538546322
0.015936301744567068
0.047857397756625
0.11749832245011484
0.08190670391578479
0.02537351758910873
0.0033044307626464995
0.031775976829294485
0.025199311218730574
0.02042224112640578
0.036103781100172025
0.038683483406043224
0.07173252335684044
0.03427704417693712
0.022827255593827544
0.02829750315936887
0.011978203262275403
0.009763489082559564
0.01425849535513571
0.03132609260552775
0.05957530666706754
0.024646446978036345
0.02341066400909064
0.012900429526023738
0.017544319190828953
0.039741501006914225
0.0313549134198218
0.03364416724928002
0.04755264980370352
0.02019820948135704
0.021506816891207477
0.03582550679135711
0.02841071102405502
0.023024851198100122
0.04070484636700314
0.04361330589210786
0.08087411494813605
0.03864531012045597
0.02573636066950993
0.03595989100596392
0.018504672883867306
0.036030119675730644
0.0323835673205786
0.04490169404060975
0.044267901417216045
0.025880938183514793
0.01753665840085091
0.013516537776693423
0.01838221375736622
0.041639504993135325
0.03285238455580344
0.03525097026210818
0.0498237044089914
0.021162850502426545
0.02253395535241802
0.006817033060023989
0.04218665206230514
0.021885269114336598
0.017104997733125498
0.059204094205130536
0.03885519488598714
0.023367162821477206
0.022018880711256256
0.03767729006599241
0.01938843273207201
0.03775087276849034
0.03393016567004266
0.047046142340696116
0.046382080580627635
0.027116979163217765
0.018374187097716738
0.020086144883606535
0.038299533656262125
0.041211060118185164
0.04663059058180519
0.03053103994695142
0.02918038020073414
0.047892302794346815
0.01190103247263316
0.00547733275122545
0.03389602617015964
0.017584321541916772
0.013743480993615083
0.04756915821606081
0.031219275252204227
0.018774989808373378
0.017691675455167265
0.0226415878055279
0.0482265409492319
0.0719113131641419
0.026511848504006653
0.02441836731025073
0.0017586894409210724
0.008649596306586486
0.007756693460238784
0.01613876568415093
0.030772813950731774
0.03311215998375431
0.037466630828075775
0.024531003965795793
0.02344577923553877
0.03848038821542092
0.009562211942026553
0.007727127283038941
0.040565327687326895
0.13259975213411648
0.12966911004453668
0.04926028514108274
0.010309831644431248
0.005340902280792657
0.01318672462285692
0.018088572654903372
0.03852862693851672
0.0574506092086664
0.021180559508438345
0.019508058136176704
0.0014050331629898026
0.006910242010018148
0.006196893717104384
0.018720833079028738
0.034935712623111154
0.02531588229312629
0.023332619921024273
0.027650564546171364
0.019535240459301155
0.014142820668108512
0.003106644102927895
0.006173273026320651
0.032408013229665265
0.10593516104531087
0.10359384413687656
0.03935449467718798
0.008236619284915404
0.004266895934094787
0.010534995534302335
0.018185379057172345
0.050423326058190755
0.06358647686042143
0.1427234220748726
0.04397141603424581
0.014638871644543045
0.01591600712202058
0.004042660983290218
0.018140169531752574
0.03385211261809423
0.02453066029190992
0.022608912712408356
0.026792927771900135
0.018929316461469156
0.013704153201603833
0.0030102854111263293
0.012521265341506261
0.013681074973513428
0.014685425415975754
0.034168159196775724
0.06597586238247644
0.03432123382670747
0.049401218078341434
0.028067468900428428
0.017621323672066203
0.04885934718765586
0.061614216915754395
0.13829657375078677
0.042607555873460386
0.01418481817900775
0.015422340781696338
0.003917269882526554
0.020201836100531802
0.012278935302029692
0.022830973330209947
0.06161569579488979
0.05511006392060907
0.04890774590123081
0.018030927975043423
0.004109906191739245
0.012243558044470155
0.01337764442972897
0.014359719531876555
0.03341034863399003
0.0645125934625911
0.03356002824428408
0.048305555749602935
0.027444964647831437
0.009923953227148613
0.0015714722163330385
0.006975210286252957
0.007148888700788293
0.03120169138949079
0.1251215530921614
0.08776494509720781
0.04083642875799998
0.019753782557568527
0.012006602607193783
0.022324608540445552
0.06024913036659583
0.05388778594202912
0.04782302821911789
0.017631022683171405
0.004018753188552223
0.013578291832953126
0.012620588108533786
0.005690438407306843
0.017836977145384354
0.0308663128305367
0.04796656979500197
0.044631609244893004
0.03135572484283666
0.011583991703171774
0.0018343416881457125
0.008141995053220202
0.008344725685554654
0.036420983242041925
0.1460513768789712
0.1024459076504026
0.047667380235704236
0.004588519666453441
0.017568295102232193
0.009444637786818776
0.013729006858144899
0.04160642887233639
0.031031909104994503
0.049282245705916154
0.016589347860707728
0.015849613186998814
0.014731708684242714
0.006642311767181945
0.020820674033060184
0.03602950392372775
0.05599022222463279
0.052097403056845626
0.036600782784092185
0.016762213353148998
0.00751607488008213
0.016443102864762266
0.02751397186094518
0.0196437860877348
0.03741408851349262
0.06504265434840494
0.024570540664096696
0.003995752859168855
0.015298739133382498
0.008224534530471811
0.011955428415845045
0.036231512385549156
0.02702305940590828
0.042915730671343
0.014446256955329589
0.037838455217019194
0.0310887755678058
0.01762129963607825
0.013779182106462746
0.01024481837735231
0.025653904098019993
0.1015829337082833
0.05063087091769789
0.014596790860790151
0.0065451125580612375
0.014318904583940523
0.02395958603691399
0.017106108316113096
0.03258075850561502
0.05664013472158617
0.021396401289867976
0.0881777122972053
0.0736376280926353
0.011582927058637577
0.00544047320018505
0.02057893000942684
0.03429203608557472
0.023579058319731495
0.10703596230597046
0.029822212602893146
0.024502482176643463
0.013888150059837645
0.010860001971964345
0.008074408692826536
0.02021901205314726
0.08006214388243396
0.03990449895793007
0.054077439271984815
0.022710169894193562
0.0032886469704645816
0.004277481733248836
0.019345769735008705
0.009787350842603256
0.039916304879691236
0.06441135470142434
0.06949687739316643
0.05803717376822511
0.009129033183974298
0.004287885102753472
0.01621919347291819
0.027027117911254294
0.018583731448708004
0.08435992446668832
0.051740421012337
0.03486857947364409
0.015963425241512667
0.006618274512358412
0.012386205944163018
0.042357309431505064
0.059491894196855084
0.04428535022498959
0.0
0.0
0.0
0.0
0.012807443169998604
0.01372767275650403
0.13964561687736732
0.0256689160609659
0.07791082768571306
0.0938042985477962
0.05332253171652852
0.02345395850405916
0.0020843057278096947
0.0038778947062062105
0.044431620760878074
0.10446307994422754
0.007339062057532529
0.026442881384426874
0.028376373083513536
0.01916176088095713
0.008166374643795932
0.006584615251563451
0.06306458994944662
0.02076403359647246
0.0534995857536447
0.04595037043793216
0.02675733628589523
0.03160390815546796
0.013237324424675605
0.005963136540916771
0.02205250177817631
0.02583779985439253
0.08139725404172564
0.09800194075593156
0.05570865808006493
0.024503498106067164
0.0021775761837819685
0.004051426354003585
0.04641988835169315
0.10913769123980989
0.05814378349547912
0.027557938909621386
0.02133808673847952
0.022903167527860854
0.02392918425544549
0.005257610158983654
0.007188529599854146
0.012666617454070125
0.05589363509630707
0.04800660045527448
0.027954698516728566
0.03301814930293339
0.013829680559607814
0.0062299805344707805
0.023039327687992016
0.026994013811676047
0.05313096893816465
0.0410932521058517
0.006927463575399382
0.005623207978265222
0.0020977559526779784
0.009121132631076069
0.014435490345758438
0.032221603761024585
0.08418404272438627
0.03990003001342313
0.030894556522770667
0.03316057397329724
0.034646102276381194
0.007612282029883064
0.01040798253190197
0.0183394853382702
0.022423928494051077
0.05891479682345696
0.05595544847679311
0.053838227535939406
0.01798683793395688
0.025946116304538296
0.006252493735117219
0.014968084247404713
0.07692619038845772
0.05949726493515812
0.01002999554799174
0.008141616390120131
0.003037256369106245
0.013206120636594017
0.020900565167199393
0.046652362550112486
0.06631833252764242
0.06259950712003673
0.025092144722447095
0.01576947383542415
0.022410663663839047
0.004581463302287227
0.04171494615332858
0.007690836263787512
0.020131217972754085
0.05289111660288148
0.05023434365429648
0.04833359569801786
0.016147792978609868
0.023293283467776805
0.005613214218388034
0.013437688525406725
0.016190290840436643
0.02420422461309038
0.042998995521065335
0.04262781034069645
0.0748084504472752
0.05882003316623802
0.02249107241049973
0.009705421594902421
0.05953768573859581
0.056199087646696476
0.02252662529429144
0.014157140894414897
0.02011930939088179
0.004113036500138058
0.0374498462192806
0.0069044949577029896
0.01999686801908186
0.0293197594684504
0.023209705501613786
0.09946149844216513
0.06282666231832662
0.009712481329947476
0.009344612481905313
0.0031923900349130068
